1.133000 0.849000 1.463000 119.780540
2.011000 0.878000 2.339000 117.827440
2.937000 0.926000 3.280000 116.942590
3.914000 0.977000 4.252000 115.690950
4.891000 0.978000 5.213000 116.881460
5.810000 0.918000 6.161000 114.592650
6.681000 0.871000 7.013000 115.355240
7.531000 0.850000 7.871000 115.720990
8.372000 0.841000 8.706000 117.705180
9.227000 0.855000 9.538000 116.666980
10.086000 0.859000 10.421000 116.636930
10.961000 0.874000 11.292000 116.117830
11.813000 0.853000 12.158000 116.240090
12.655000 0.841000 12.981000 118.559990
13.533000 0.878000 13.858000 117.430610
14.479000 0.946000 14.801000 117.766310
15.442000 0.963000 15.768000 116.575800
16.378000 0.937000 16.720000 116.240090
17.228000 0.850000 17.586000 116.178960
18.044000 0.816000 18.379000 118.528900
18.831000 0.787000 19.167000 119.658280
19.628000 0.797000 19.961000 120.513090
20.439000 0.811000 20.800000 120.116250
21.343000 0.904000 21.683000 119.352620
22.308000 0.965000 22.648000 119.627200
23.265000 0.957000 23.608000 119.291490
24.180000 0.915000 24.499000 119.688330
25.036000 0.856000 25.386000 118.163150
25.828000 0.791000 26.181000 118.864610
26.584000 0.756000 26.920000 121.733650
27.325000 0.741000 27.665000 121.763690
28.100000 0.775000 28.480000 121.672510
28.987000 0.887000 29.348000 121.824820
29.922000 0.935000 30.276000 120.024030
30.935000 1.013000 31.264000 120.116250
31.893000 0.958000 32.255000 118.803480
32.815000 0.922000 33.141000 119.749460
33.675000 0.860000 34.024000 116.942590
34.486000 0.812000 34.824000 120.513090
35.273000 0.786000 35.622000 119.749460
36.054000 0.782000 36.363000 122.160530
36.882000 0.827000 37.217000 119.962900
37.755000 0.874000 38.066000 119.688330
38.697000 0.942000 39.058000 118.070930
39.639000 0.942000 39.967000 116.575800
40.558000 0.919000 40.887000 114.195810
41.420000 0.862000 41.753000 115.690950
42.227000 0.807000 42.570000 118.528900
43.026000 0.799000 43.346000 118.925740
43.837000 0.811000 44.165000 118.193200
44.675000 0.838000 44.985000 119.322580
45.522000 0.847000 45.865000 115.782130
46.386000 0.864000 46.710000 115.019540
47.240000 0.855000 47.584000 115.416370
48.084000 0.844000 48.411000 114.073550
48.891000 0.806000 49.250000 113.829020
49.669000 0.778000 50.003000 116.271180
50.438000 0.769000 50.764000 118.621120
51.211000 0.773000 51.546000 118.621120
52.008000 0.797000 52.365000 115.843260
52.821000 0.813000 53.163000 117.002680
53.633000 0.812000 53.964000 116.514670
54.429000 0.796000 54.748000 116.240090
55.206000 0.777000 55.547000 112.181580
55.971000 0.764000 56.309000 117.796360
56.724000 0.753000 57.071000 119.352620
57.474000 0.750000 57.804000 121.763690
58.242000 0.768000 58.591000 122.618500
59.054000 0.812000 59.405000 122.251710
59.852000 0.798000 60.185000 121.794780
60.621000 0.770000 60.970000 119.688330
61.376000 0.755000 61.712000 118.925740
62.144000 0.768000 62.488000 118.193200
62.906000 0.762000 63.288000 116.606880
63.666000 0.760000 63.998000 119.200310
64.457000 0.791000 64.782000 118.864610
65.277000 0.820000 65.628000 121.366860
66.132000 0.855000 66.462000 117.705180
66.984000 0.852000 67.292000 118.955790
67.814000 0.831000 68.149000 117.399520
68.627000 0.813000 68.969000 117.369470
69.409000 0.782000 69.750000 118.925740
70.166000 0.757000 70.495000 119.658280
70.912000 0.746000 71.252000 119.688330
71.692000 0.780000 72.011000 120.574220
72.538000 0.846000 72.889000 118.163150
73.418000 0.880000 73.757000 116.545750
74.295000 0.877000 74.629000 116.148920
75.160000 0.865000 75.497000 115.782130
75.984000 0.823000 76.317000 115.355240
76.772000 0.788000 77.099000 116.911510
77.535000 0.764000 77.887000 117.735230
78.300000 0.764000 78.631000 119.291490
79.087000 0.787000 79.410000 118.834560
79.924000 0.837000 80.270000 119.627200
80.781000 0.857000 81.107000 119.200310
81.641000 0.860000 81.976000 118.193200
82.454000 0.813000 82.780000 118.590030
83.245000 0.791000 83.586000 119.200310
84.020000 0.775000 84.377000 119.688330
84.803000 0.782000 85.155000 120.543130
85.624000 0.822000 85.974000 118.559990
86.499000 0.874000 86.823000 118.070930
87.380000 0.882000 87.703000 118.132060
88.260000 0.880000 88.608000 115.690950
89.127000 0.867000 89.458000 117.399520
89.921000 0.794000 90.264000 116.056700
90.692000 0.771000 91.036000 118.864610
91.449000 0.757000 91.784000 119.261440
92.225000 0.776000 92.583000 118.986870
93.037000 0.812000 93.357000 118.925740
93.880000 0.844000 94.217000 117.399520
94.734000 0.853000 95.077000 115.720990
95.564000 0.830000 95.883000 116.210050
96.376000 0.813000 96.705000 115.752080
97.142000 0.766000 97.458000 118.163150
97.881000 0.739000 98.202000 118.193200
98.614000 0.733000 98.946000 119.352620
99.379000 0.765000 99.702000 120.513090
100.242000 0.863000 100.584000 118.498850
101.123000 0.880000 101.460000 119.749460
102.012000 0.889000 102.365000 117.796360
102.885000 0.873000 103.220000 118.559990
103.708000 0.823000 104.064000 118.193200
104.484000 0.776000 104.823000 118.590030
105.227000 0.743000 105.595000 120.390820
105.969000 0.742000 106.301000 120.085170
106.723000 0.754000 107.061000 121.397940
107.519000 0.796000 107.885000 120.116250
108.415000 0.897000 108.763000 118.559990
109.348000 0.932000 109.684000 118.528900
110.266000 0.918000 110.623000 116.210050
111.177000 0.912000 111.490000 116.545750
112.022000 0.844000 112.363000 116.575800
112.796000 0.775000 113.150000 117.766310
113.554000 0.757000 113.883000 119.231400
114.336000 0.782000 114.664000 118.864610
115.223000 0.887000 115.547000 116.606880
116.173000 0.951000 116.485000 118.193200
117.175000 1.002000 117.503000 116.850370
118.152000 0.977000 118.479000 115.660900
119.067000 0.915000 119.408000 115.782130
119.933000 0.866000 120.272000 116.636930
120.766000 0.834000 121.116000 117.247210
121.593000 0.827000 121.929000 117.735230
122.442000 0.849000 122.751000 117.796360
123.313000 0.871000 123.661000 115.264060
124.201000 0.888000 124.515000 116.178960
125.111000 0.910000 125.471000 113.707800
125.982000 0.870000 126.333000 115.416370
126.813000 0.832000 127.171000 116.210050
127.659000 0.846000 127.989000 118.102020
128.540000 0.881000 128.871000 117.735230
129.444000 0.904000 129.790000 117.399520
130.370000 0.927000 130.710000 116.636930
131.286000 0.916000 131.630000 116.210050
132.211000 0.925000 132.577000 112.181580
133.094000 0.882000 133.430000 117.338390
133.925000 0.832000 134.275000 118.163150
134.746000 0.821000 135.078000 116.606880
135.591000 0.845000 135.906000 118.070930
136.490000 0.899000 136.819000 117.399520
137.417000 0.927000 137.788000 115.325190
138.287000 0.870000 138.648000 115.232980
139.123000 0.835000 139.464000 116.850370
139.959000 0.837000 140.293000 116.606880
140.839000 0.880000 141.161000 116.210050
141.768000 0.929000 142.097000 117.002680
142.712000 0.944000 143.038000 116.210050
143.635000 0.923000 143.977000 113.341010
144.509000 0.874000 144.854000 112.944170
145.350000 0.841000 145.674000 116.606880
146.160000 0.810000 146.483000 116.881460
146.969000 0.809000 147.295000 118.528900
147.804000 0.836000 148.155000 119.322580
148.701000 0.896000 149.056000 118.895690
149.609000 0.909000 149.976000 117.430610
150.463000 0.853000 150.803000 118.132060
151.284000 0.821000 151.623000 118.193200
152.089000 0.805000 152.402000 119.322580
152.909000 0.820000 153.263000 118.621120
153.748000 0.839000 154.077000 118.132060
154.611000 0.863000 154.943000 117.827440
155.485000 0.874000 155.813000 116.484620
156.293000 0.809000 156.659000 116.575800
157.086000 0.793000 157.421000 117.827440
157.876000 0.790000 158.203000 118.193200
158.673000 0.797000 159.018000 118.224280
159.464000 0.791000 159.799000 118.193200
160.253000 0.789000 160.606000 118.193200
161.033000 0.780000 161.385000 119.322580
161.799000 0.766000 162.146000 119.749460
162.599000 0.799000 162.914000 119.474890
163.406000 0.808000 163.751000 119.139180
164.230000 0.823000 164.593000 117.278290
165.041000 0.811000 165.368000 118.895690
165.820000 0.779000 166.168000 119.291490
166.636000 0.816000 166.961000 118.986870
167.463000 0.827000 167.785000 117.796360
168.282000 0.819000 168.641000 117.002680
169.058000 0.775000 169.387000 118.102020
169.804000 0.746000 170.121000 118.163150
170.518000 0.715000 170.869000 116.178960
171.224000 0.706000 171.589000 116.666980
171.921000 0.697000 172.267000 119.749460
172.628000 0.707000 172.991000 121.794780
173.367000 0.739000 173.702000 123.351040
174.203000 0.837000 174.570000 120.543130
175.012000 0.808000 175.350000 118.163150
175.820000 0.808000 176.161000 117.369470
176.667000 0.847000 176.984000 115.385290
177.476000 0.809000 177.829000 116.271180
178.298000 0.821000 178.661000 117.674100
179.197000 0.900000 179.547000 117.033770
180.120000 0.923000 180.461000 115.690950
181.035000 0.914000 181.357000 116.056700
181.890000 0.855000 182.217000 116.484620
182.708000 0.818000 183.034000 118.070930
183.509000 0.800000 183.849000 118.193200
184.329000 0.821000 184.679000 116.820330
185.267000 0.938000 185.607000 117.002680
186.173000 0.906000 186.494000 116.178960
187.086000 0.913000 187.407000 115.416370
187.958000 0.871000 188.290000 115.049580
188.786000 0.829000 189.159000 114.348120
189.569000 0.782000 189.911000 117.033770
190.358000 0.790000 190.675000 117.766310
191.150000 0.792000 191.476000 118.193200
191.963000 0.813000 192.289000 117.430610
192.804000 0.841000 193.154000 117.827440
193.620000 0.816000 193.954000 117.766310
194.430000 0.810000 194.752000 118.955790
195.263000 0.833000 195.598000 118.895690
196.126000 0.863000 196.467000 117.644050
196.986000 0.859000 197.315000 116.636930
197.821000 0.836000 198.154000 117.033770
198.613000 0.791000 198.976000 117.063820
199.406000 0.793000 199.759000 118.528900
200.212000 0.806000 200.598000 116.210050
201.008000 0.796000 201.376000 117.063820
201.812000 0.804000 202.153000 117.399520
202.595000 0.782000 202.954000 117.399520
203.386000 0.791000 203.701000 118.163150
204.173000 0.788000 204.542000 117.460650
204.970000 0.797000 205.317000 118.986870
205.755000 0.784000 206.094000 118.986870
206.531000 0.777000 206.875000 120.543130
207.349000 0.817000 207.720000 120.177380
208.195000 0.846000 208.583000 118.986870
209.017000 0.822000 209.359000 117.827440
209.849000 0.832000 210.175000 116.636930
210.649000 0.800000 210.996000 115.813210
211.416000 0.767000 211.762000 117.827440
212.190000 0.774000 212.518000 119.383710
212.993000 0.803000 213.341000 119.016920
213.812000 0.820000 214.141000 117.766310
214.637000 0.825000 214.994000 119.231400
215.452000 0.816000 215.780000 116.606880
216.239000 0.787000 216.595000 115.660900
216.995000 0.756000 217.318000 117.796360
217.756000 0.761000 218.092000 117.644050
218.570000 0.814000 218.900000 118.163150
219.401000 0.832000 219.759000 116.210050
220.242000 0.841000 220.602000 115.843260
221.040000 0.798000 221.379000 115.843260
221.827000 0.787000 222.171000 115.660900
222.570000 0.743000 222.907000 116.545750
223.304000 0.734000 223.679000 119.261440
224.078000 0.774000 224.424000 120.146300
224.863000 0.785000 225.200000 119.322580
225.691000 0.828000 226.039000 117.430610
226.463000 0.771000 226.806000 117.796360
227.204000 0.742000 227.587000 120.177380
227.991000 0.787000 228.347000 120.543130
228.852000 0.861000 229.200000 118.955790
229.735000 0.882000 230.085000 118.559990
230.652000 0.917000 231.001000 116.972640
231.526000 0.874000 231.901000 115.874340
232.428000 0.902000 232.767000 115.843260
233.372000 0.944000 233.700000 115.019540
234.256000 0.884000 234.601000 116.210050
235.107000 0.850000 235.447000 117.460650
235.989000 0.883000 236.306000 117.033770
236.894000 0.905000 237.221000 115.507550
237.818000 0.924000 238.166000 114.164730
238.733000 0.915000 239.065000 114.989490
239.589000 0.856000 239.960000 114.531520
240.430000 0.841000 240.766000 117.002680
241.336000 0.905000 241.665000 115.416370
242.310000 0.974000 242.647000 114.958400
243.247000 0.937000 243.607000 114.225860
244.176000 0.929000 244.509000 114.989490
245.160000 0.984000 245.477000 113.646670
246.143000 0.983000 246.482000 113.798980
247.029000 0.886000 247.368000 114.622700
247.941000 0.912000 248.265000 117.002680
248.920000 0.978000 249.267000 113.372090
249.865000 0.946000 250.224000 113.402140
250.723000 0.858000 251.068000 114.134680
251.582000 0.859000 251.916000 115.660900
252.469000 0.887000 252.804000 114.592650
253.405000 0.936000 253.755000 113.646670
254.347000 0.942000 254.684000 115.385290
255.260000 0.913000 255.612000 112.852990
256.132000 0.872000 256.471000 113.707800
257.002000 0.870000 257.355000 114.500440
257.887000 0.886000 258.212000 115.629820
258.777000 0.889000 259.110000 116.178960
259.652000 0.875000 259.984000 114.653780
260.512000 0.861000 260.866000 113.767890
261.356000 0.843000 261.705000 115.019540
262.224000 0.869000 262.583000 114.134680
263.105000 0.881000 263.424000 116.210050
263.995000 0.889000 264.364000 113.737850
264.836000 0.841000 265.165000 115.416370
265.700000 0.864000 266.024000 115.385290
266.538000 0.838000 266.870000 115.355240
267.339000 0.801000 267.689000 113.341010
268.134000 0.796000 268.484000 115.843260
268.952000 0.818000 269.284000 118.163150
269.784000 0.831000 270.091000 115.385290
270.631000 0.847000 270.991000 114.195810
271.457000 0.826000 271.784000 115.416370
272.251000 0.794000 272.605000 116.911510
273.036000 0.785000 273.368000 116.210050
273.800000 0.764000 274.144000 118.224280
274.543000 0.743000 274.892000 119.688330
275.272000 0.729000 275.670000 120.146300
275.999000 0.727000 276.346000 122.557370
276.748000 0.748000 277.112000 121.794780
277.467000 0.719000 277.829000 122.251710
278.229000 0.762000 278.608000 121.366860
279.025000 0.796000 279.381000 120.024030
279.847000 0.822000 280.199000 119.597150
280.685000 0.839000 281.038000 116.850370
281.480000 0.795000 281.831000 117.063820
282.293000 0.813000 282.656000 117.399520
283.144000 0.850000 283.490000 115.843260
283.957000 0.813000 284.309000 114.653780
284.733000 0.776000 285.069000 115.843260
285.498000 0.766000 285.871000 117.796360
286.278000 0.780000 286.649000 117.796360
287.075000 0.796000 287.431000 117.430610
287.824000 0.749000 288.171000 118.163150
288.567000 0.743000 288.911000 117.888570
289.307000 0.740000 289.676000 117.766310
290.068000 0.761000 290.416000 117.430610
290.820000 0.752000 291.157000 117.063820
291.574000 0.753000 291.931000 118.864610
292.353000 0.779000 292.696000 118.986870
293.131000 0.778000 293.466000 117.278290
293.906000 0.775000 294.238000 118.193200
294.664000 0.758000 295.014000 118.254330
295.439000 0.776000 295.777000 118.559990
296.208000 0.769000 296.566000 117.278290
296.989000 0.781000 297.358000 115.843260
297.762000 0.773000 298.115000 117.399520
298.546000 0.784000 298.875000 118.132060
299.337000 0.791000 299.683000 117.674100
300.123000 0.786000 300.462000 115.843260
300.896000 0.773000 301.247000 116.850370
301.664000 0.769000 302.020000 117.033770
302.461000 0.797000 302.799000 117.766310
303.274000 0.813000 303.622000 116.972640
304.034000 0.759000 304.363000 117.063820
304.783000 0.750000 305.123000 116.911510
305.529000 0.746000 305.864000 117.308340
306.272000 0.742000 306.603000 117.735230
307.006000 0.734000 307.382000 117.766310
307.709000 0.704000 308.085000 114.561570
308.416000 0.707000 308.776000 117.674100
309.135000 0.719000 309.466000 119.261440
309.900000 0.764000 310.244000 120.177380
310.717000 0.817000 311.044000 120.482000
311.524000 0.806000 311.868000 117.369470
312.313000 0.790000 312.643000 117.002680
313.059000 0.746000 313.401000 118.559990
313.823000 0.764000 314.161000 118.986870
314.583000 0.760000 314.929000 118.163150
315.356000 0.773000 315.702000 117.033770
316.084000 0.728000 316.448000 117.430610
316.796000 0.712000 317.142000 119.352620
317.573000 0.776000 317.925000 118.925740
318.361000 0.788000 318.702000 118.102020
319.165000 0.804000 319.511000 117.735230
319.961000 0.796000 320.291000 117.705180
320.786000 0.826000 321.144000 118.925740
321.683000 0.896000 322.008000 117.369470
322.606000 0.923000 322.972000 116.606880
323.411000 0.806000 323.765000 115.416370
324.170000 0.759000 324.518000 118.437720
324.937000 0.767000 325.290000 119.688330
325.716000 0.779000 326.047000 119.291490
326.522000 0.805000 326.869000 118.224280
327.295000 0.773000 327.661000 118.070930
328.075000 0.780000 328.417000 119.170260
328.914000 0.839000 329.270000 118.895690
329.746000 0.832000 330.109000 118.224280
330.517000 0.771000 330.870000 117.827440
331.261000 0.745000 331.622000 119.658280
332.043000 0.782000 332.396000 120.024030
332.844000 0.801000 333.195000 119.444840
333.611000 0.767000 333.950000 117.796360
334.349000 0.738000 334.690000 118.224280
335.131000 0.782000 335.470000 117.796360
335.947000 0.816000 336.310000 117.430610
336.741000 0.793000 337.094000 115.874340
337.500000 0.760000 337.855000 115.446420
338.253000 0.752000 338.611000 117.430610
339.021000 0.768000 339.351000 117.033770
339.785000 0.764000 340.131000 115.782130
340.517000 0.732000 340.895000 117.399520
341.301000 0.783000 341.658000 116.606880
342.072000 0.771000 342.399000 117.399520
342.858000 0.787000 343.197000 116.942590
343.604000 0.745000 343.957000 117.796360
344.370000 0.767000 344.719000 119.352620
345.204000 0.834000 345.552000 120.543130
346.142000 0.938000 346.480000 117.766310
346.981000 0.839000 347.315000 116.210050
347.835000 0.854000 348.178000 118.925740
348.710000 0.875000 349.083000 117.735230
349.574000 0.864000 349.919000 117.766310
350.384000 0.810000 350.760000 117.796360
351.232000 0.848000 351.598000 118.986870
352.120000 0.887000 352.456000 116.210050
352.964000 0.844000 353.297000 116.636930
353.843000 0.879000 354.184000 117.063820
354.685000 0.842000 355.064000 116.178960
355.504000 0.819000 355.840000 116.636930
356.276000 0.772000 356.638000 120.574220
357.096000 0.820000 357.485000 120.207430
357.998000 0.902000 358.379000 122.191610
358.846000 0.848000 359.202000 121.427990
359.765000 0.918000 360.103000 119.352620
360.762000 0.998000 361.098000 117.705180
361.669000 0.907000 362.004000 116.271180
362.562000 0.893000 362.914000 115.294110
363.484000 0.922000 363.804000 114.164730
364.364000 0.880000 364.699000 114.164730
365.213000 0.849000 365.575000 116.453540
366.075000 0.861000 366.429000 116.148920
366.920000 0.846000 367.260000 114.622700
367.755000 0.835000 368.083000 115.813210
368.647000 0.892000 368.973000 114.897270
369.560000 0.913000 369.902000 113.737850
370.394000 0.834000 370.750000 113.707800
371.262000 0.868000 371.604000 114.531520
372.144000 0.882000 372.462000 114.256950
373.036000 0.893000 373.363000 114.989490
373.871000 0.834000 374.228000 114.989490
374.731000 0.860000 375.064000 116.178960
375.620000 0.889000 375.984000 115.874340
376.476000 0.856000 376.811000 115.019540
377.274000 0.798000 377.624000 115.385290
378.104000 0.830000 378.465000 116.271180
378.964000 0.861000 379.289000 116.148920
379.753000 0.788000 380.110000 114.622700
380.519000 0.766000 380.873000 116.240090
381.310000 0.792000 381.666000 118.163150
382.088000 0.778000 382.457000 118.437720
382.876000 0.788000 383.227000 120.574220
383.747000 0.871000 384.113000 117.033770
384.728000 0.981000 385.095000 116.606880
385.618000 0.890000 385.975000 118.559990
386.504000 0.886000 386.888000 116.606880
387.401000 0.897000 387.752000 114.989490
388.233000 0.833000 388.587000 113.707800
389.061000 0.827000 389.410000 115.385290
389.942000 0.881000 390.290000 115.843260
390.810000 0.869000 391.156000 114.592650
391.620000 0.810000 391.969000 114.561570
392.432000 0.812000 392.775000 115.477500
393.263000 0.831000 393.609000 114.989490
394.113000 0.851000 394.468000 114.531520
394.962000 0.849000 395.328000 115.446420
395.845000 0.883000 396.188000 114.592650
396.707000 0.862000 397.069000 113.798980
397.546000 0.838000 397.889000 114.989490
398.428000 0.882000 398.755000 115.325190
399.286000 0.858000 399.650000 113.372090
400.101000 0.815000 400.469000 113.798980
400.933000 0.832000 401.249000 113.767890
401.757000 0.824000 402.109000 114.103600
402.548000 0.791000 402.891000 114.164730
403.381000 0.833000 403.713000 114.195810
404.228000 0.847000 404.613000 113.798980
405.048000 0.820000 405.398000 112.944170
405.842000 0.793000 406.182000 114.012420
406.661000 0.819000 407.003000 114.103600
407.479000 0.818000 407.851000 114.683830
408.262000 0.784000 408.634000 114.531520
409.052000 0.790000 409.395000 116.972640
409.846000 0.794000 410.190000 116.575800
410.608000 0.762000 410.978000 115.416370
411.354000 0.746000 411.719000 117.491740
412.110000 0.755000 412.452000 117.033770
412.860000 0.750000 413.212000 116.240090
413.584000 0.724000 413.956000 115.843260
414.310000 0.726000 414.653000 113.767890
415.034000 0.724000 415.393000 117.002680
415.764000 0.730000 416.113000 118.224280
416.515000 0.751000 416.857000 117.796360
417.297000 0.782000 417.633000 116.972640
418.048000 0.751000 418.395000 117.033770
418.854000 0.806000 419.193000 118.986870
419.693000 0.839000 420.054000 116.666980
420.534000 0.841000 420.893000 115.843260
421.401000 0.868000 421.774000 115.874340
422.271000 0.870000 422.621000 114.897270
423.077000 0.807000 423.414000 115.416370
423.859000 0.781000 424.220000 117.430610
424.649000 0.790000 424.982000 118.193200
425.524000 0.875000 425.875000 115.019540
426.472000 0.948000 426.819000 114.622700
427.334000 0.863000 427.695000 114.561570
428.212000 0.877000 428.562000 115.874340
429.146000 0.934000 429.480000 115.019540
430.090000 0.944000 430.431000 112.852990
430.983000 0.894000 431.320000 112.944170
431.862000 0.879000 432.198000 114.592650
432.771000 0.909000 433.133000 114.439300
433.671000 0.900000 434.031000 111.265640
434.507000 0.836000 434.845000 112.272760
435.330000 0.823000 435.683000 112.181580
436.193000 0.863000 436.523000 112.944170
437.058000 0.864000 437.402000 113.372090
437.879000 0.822000 438.221000 113.798980
438.688000 0.808000 439.060000 116.210050
439.500000 0.813000 439.864000 117.430610
440.287000 0.787000 440.661000 117.827440
441.075000 0.788000 441.439000 120.146300
441.868000 0.793000 442.206000 120.085170
442.678000 0.809000 443.039000 117.735230
443.452000 0.774000 443.807000 117.002680
444.246000 0.794000 444.622000 115.049580
445.046000 0.800000 445.422000 114.592650
445.828000 0.781000 446.187000 113.310960
446.598000 0.770000 446.967000 113.249830
447.408000 0.810000 447.764000 114.622700
448.258000 0.850000 448.619000 113.341010
449.094000 0.837000 449.461000 114.592650
449.889000 0.794000 450.247000 115.446420
450.702000 0.813000 451.043000 115.782130
451.529000 0.827000 451.864000 115.813210
452.341000 0.812000 452.667000 115.446420
453.130000 0.790000 453.488000 115.385290
453.894000 0.763000 454.265000 114.592650
454.615000 0.721000 454.954000 113.646670
455.315000 0.700000 455.666000 115.049580
456.057000 0.742000 456.391000 116.575800
456.893000 0.836000 457.225000 116.240090
457.776000 0.883000 458.108000 114.256950
458.651000 0.875000 458.989000 112.578420
459.491000 0.840000 459.824000 113.737850
460.356000 0.865000 460.689000 114.134680
461.207000 0.851000 461.546000 110.289610
462.000000 0.793000 462.372000 113.737850
462.786000 0.786000 463.170000 116.178960
463.594000 0.808000 463.969000 116.271180
464.432000 0.839000 464.768000 114.989490
465.238000 0.806000 465.607000 113.767890
466.091000 0.853000 466.451000 114.195810
467.012000 0.921000 467.388000 112.883040
467.932000 0.920000 468.289000 112.242710
468.786000 0.853000 469.133000 111.845880
469.644000 0.858000 469.987000 114.500440
470.490000 0.846000 470.813000 114.195810
471.327000 0.837000 471.670000 112.975260
472.136000 0.809000 472.494000 114.164730
472.967000 0.831000 473.314000 114.164730
473.837000 0.870000 474.194000 115.019540
474.726000 0.888000 475.072000 112.608470
475.581000 0.856000 475.932000 111.083290
476.448000 0.867000 476.795000 112.211630
477.341000 0.893000 477.676000 112.211630
478.184000 0.843000 478.573000 112.608470
479.031000 0.846000 479.372000 113.707800
479.892000 0.862000 480.233000 113.341010
480.765000 0.873000 481.118000 113.341010
481.598000 0.832000 481.935000 113.341010
482.471000 0.873000 482.833000 113.737850
483.370000 0.900000 483.702000 111.814790
484.212000 0.841000 484.598000 111.417950
485.036000 0.824000 485.380000 114.561570
485.866000 0.829000 486.220000 114.195810
486.710000 0.844000 487.078000 113.737850
487.519000 0.810000 487.881000 114.164730
488.353000 0.834000 488.732000 116.911510
489.245000 0.892000 489.623000 116.271180
490.123000 0.878000 490.456000 114.103600
490.953000 0.830000 491.308000 115.264060
491.793000 0.841000 492.163000 114.225860
492.611000 0.818000 492.960000 114.256950
493.393000 0.781000 493.777000 115.019540
494.185000 0.793000 494.542000 115.813210
494.968000 0.783000 495.317000 115.049580
495.723000 0.755000 496.085000 113.737850
496.465000 0.742000 496.858000 116.210050
497.229000 0.764000 497.622000 116.606880
498.023000 0.795000 498.379000 117.460650
498.813000 0.790000 499.162000 118.163150
499.623000 0.810000 499.982000 114.592650
500.461000 0.838000 500.806000 113.737850
501.293000 0.832000 501.666000 112.150500
502.085000 0.791000 502.460000 113.310960
502.875000 0.791000 503.226000 115.019540
503.665000 0.790000 504.020000 113.676710
504.436000 0.771000 504.785000 115.416370
505.195000 0.759000 505.581000 118.132060
505.980000 0.786000 506.342000 116.636930
506.803000 0.823000 507.186000 115.813210
507.604000 0.801000 507.966000 113.310960
508.388000 0.784000 508.762000 114.683830
509.213000 0.825000 509.587000 113.372090
510.053000 0.840000 510.398000 112.821910
510.883000 0.829000 511.227000 113.005300
511.731000 0.849000 512.083000 112.914120
512.564000 0.832000 512.911000 112.975260
513.342000 0.778000 513.684000 112.211630
514.107000 0.765000 514.487000 115.446420
514.869000 0.762000 515.225000 115.843260
515.651000 0.782000 516.005000 114.989490
516.410000 0.759000 516.772000 114.561570
517.204000 0.794000 517.606000 114.225860
518.036000 0.832000 518.388000 112.914120
518.851000 0.815000 519.208000 112.975260
519.637000 0.786000 519.987000 112.944170
520.444000 0.808000 520.794000 110.686450
521.260000 0.816000 521.615000 107.787360
522.048000 0.788000 522.414000 110.228480
522.842000 0.793000 523.189000 111.449040
523.637000 0.795000 523.986000 112.821910
524.413000 0.776000 524.750000 112.181580
525.179000 0.766000 525.514000 114.164730
525.976000 0.797000 526.332000 113.767890
526.791000 0.815000 527.131000 112.211630
527.606000 0.815000 527.953000 111.417950
528.417000 0.811000 528.771000 112.639550
529.229000 0.812000 529.585000 109.740460
529.996000 0.767000 530.362000 111.296730
530.741000 0.745000 531.095000 113.005300
531.464000 0.723000 531.839000 111.814790
532.188000 0.723000 532.572000 114.225860
532.957000 0.769000 533.317000 113.372090
533.850000 0.894000 534.218000 111.814790
534.733000 0.883000 535.100000 106.535720
535.645000 0.913000 536.000000 105.437420
536.500000 0.855000 536.874000 104.276960
537.354000 0.854000 537.698000 103.880120
538.205000 0.851000 538.582000 104.246910
539.030000 0.825000 539.395000 103.880120
539.857000 0.827000 540.199000 105.437420
540.674000 0.817000 541.051000 102.202630
541.468000 0.794000 541.820000 103.850080
542.268000 0.799000 542.619000 103.453240
543.028000 0.760000 543.379000 102.659560
543.783000 0.755000 544.161000 103.850080
544.549000 0.766000 544.897000 104.643750
545.303000 0.755000 545.656000 104.643750
546.030000 0.727000 546.378000 104.704880
546.793000 0.763000 547.146000 105.406340
547.544000 0.750000 547.905000 106.168930
548.334000 0.790000 548.683000 106.200010
549.149000 0.815000 549.506000 105.406340
549.945000 0.796000 550.306000 106.901470
550.757000 0.812000 551.082000 107.390530
551.596000 0.840000 551.941000 107.390530
552.409000 0.813000 552.761000 107.817410
553.210000 0.801000 553.599000 109.069050
554.034000 0.824000 554.361000 109.007920
554.844000 0.811000 555.218000 108.183160
555.644000 0.799000 555.987000 109.740460
556.461000 0.817000 556.843000 109.037970
557.280000 0.819000 557.622000 109.037970
558.075000 0.795000 558.422000 110.228480
558.905000 0.830000 559.263000 110.594230
559.812000 0.907000 560.160000 110.533100
560.713000 0.902000 561.061000 110.197400
561.585000 0.872000 561.959000 112.242710
562.483000 0.898000 562.821000 111.510170
563.346000 0.863000 563.684000 111.052200
564.217000 0.872000 564.580000 112.242710
565.120000 0.903000 565.446000 110.625320
565.975000 0.855000 566.325000 111.022150
566.824000 0.849000 567.165000 112.578420
567.715000 0.891000 568.062000 111.417950
568.626000 0.911000 568.980000 111.022150
569.487000 0.861000 569.866000 111.052200
570.284000 0.797000 570.647000 112.211630
571.092000 0.808000 571.483000 112.272760
571.909000 0.816000 572.254000 112.425070
572.747000 0.839000 573.101000 110.655360
573.554000 0.807000 573.919000 110.228480
574.376000 0.822000 574.725000 111.845880
575.235000 0.859000 575.601000 110.991070
576.093000 0.858000 576.430000 111.723610
576.904000 0.811000 577.253000 112.059320
577.734000 0.830000 578.089000 112.883040
578.564000 0.830000 578.903000 113.767890
