2.806000 1.162000 3.101000 121.801920
3.852000 1.046000 4.151000 119.746550
4.806000 0.954000 5.111000 118.105470
5.757000 0.951000 6.061000 117.352450
6.673000 0.915000 6.971000 116.961060
7.549000 0.876000 7.851000 115.770870
8.447000 0.898000 8.741000 118.094030
9.506000 1.059000 9.791000 119.476470
10.615000 1.109000 10.901000 117.116700
11.655000 1.040000 11.951000 114.276270
12.563000 0.907000 12.861000 112.152250
13.408000 0.845000 13.711000 111.309960
14.263000 0.855000 14.561000 112.152250
15.204000 0.941000 15.501000 111.177210
16.142000 0.938000 16.441000 111.074210
17.048000 0.906000 17.341000 112.758780
17.929000 0.881000 18.221000 113.882590
19.000000 1.071000 19.291000 113.770440
20.058000 1.058000 20.351000 111.861560
21.021000 0.963000 21.311000 110.300590
21.909000 0.888000 22.211000 109.806200
22.718000 0.809000 23.011000 110.502000
23.467000 0.748000 23.771000 109.694050
24.204000 0.737000 24.501000 112.804560
24.977000 0.773000 25.271000 116.938170
26.172000 1.195000 26.451000 120.014350
27.247000 1.075000 27.541000 118.700560
28.232000 0.985000 28.531000 117.691190
29.127000 0.895000 29.421000 115.848690
29.947000 0.820000 30.241000 117.073210
30.693000 0.746000 31.001000 116.107330
31.443000 0.750000 31.741000 118.576970
32.233000 0.790000 32.521000 121.936960
33.176000 0.943000 33.461000 123.305670
34.304000 1.129000 34.591000 123.294230
35.282000 0.978000 35.581000 118.812720
36.109000 0.827000 36.411000 117.398220
36.884000 0.775000 37.181000 116.837460
37.644000 0.760000 37.941000 118.194730
38.422000 0.778000 38.721000 118.094030
39.379000 0.957000 39.671000 119.140020
40.395000 1.017000 40.681000 117.363890
41.310000 0.914000 41.601000 114.770660
42.124000 0.814000 42.421000 113.221120
42.912000 0.788000 43.201000 113.411100
43.690000 0.778000 43.981000 113.376760
44.516000 0.826000 44.801000 114.051970
45.532000 1.017000 45.821000 114.489130
46.455000 0.922000 46.751000 111.209250
47.283000 0.828000 47.581000 110.243370
48.091000 0.808000 48.381000 111.580040
48.959000 0.868000 49.251000 111.660150
50.005000 1.045000 50.291000 110.884240
50.952000 0.947000 51.251000 107.437270
51.730000 0.779000 52.041000 106.874220
52.471000 0.740000 52.771000 110.266260
53.207000 0.737000 53.501000 112.019490
54.043000 0.836000 54.331000 114.365540
55.160000 1.117000 55.451000 115.173490
56.236000 1.075000 56.531000 113.298940
57.124000 0.888000 57.421000 111.289360
57.913000 0.790000 58.221000 109.369040
58.654000 0.741000 58.951000 110.794970
59.389000 0.735000 59.681000 113.221120
60.200000 0.810000 60.491000 114.837030
61.307000 1.107000 61.591000 114.713440
62.328000 1.021000 62.621000 112.962490
63.233000 0.906000 63.531000 111.525110
64.068000 0.834000 64.361000 111.985160
64.877000 0.809000 65.171000 112.108760
65.651000 0.774000 65.951000 112.040090
66.443000 0.792000 66.741000 115.342860
67.645000 1.203000 67.931000 115.443570
68.754000 1.108000 69.041000 111.602930
69.724000 0.970000 70.021000 109.412530
70.617000 0.894000 70.911000 107.673020
71.444000 0.827000 71.751000 105.773300
72.197000 0.753000 72.501000 105.784740
72.922000 0.725000 73.221000 108.032370
73.656000 0.734000 73.951000 110.703420
74.523000 0.867000 74.811000 113.051750
75.648000 1.125000 75.931000 112.410880
76.646000 0.998000 76.941000 109.300370
77.509000 0.863000 77.811000 107.785170
78.297000 0.788000 78.591000 107.975150
79.035000 0.739000 79.331000 107.851550
79.747000 0.712000 80.041000 107.055040
80.442000 0.695000 80.741000 107.345720
81.129000 0.688000 81.421000 109.199670
81.810000 0.680000 82.101000 111.873010
82.508000 0.698000 82.791000 113.108970
83.373000 0.865000 83.651000 113.646850
84.392000 1.019000 84.681000 111.344290
85.334000 0.941000 85.621000 107.650130
86.176000 0.843000 86.471000 105.267470
86.958000 0.782000 87.251000 104.683820
87.719000 0.760000 88.011000 105.088940
88.476000 0.757000 88.771000 105.278910
89.227000 0.751000 89.531000 106.212750
90.001000 0.773000 90.291000 108.323050
90.783000 0.782000 91.071000 110.579820
91.600000 0.817000 91.891000 111.580040
92.662000 1.062000 92.941000 110.714870
93.714000 1.052000 94.011000 107.627250
94.660000 0.947000 94.961000 105.617660
95.510000 0.850000 95.811000 105.537550
96.296000 0.786000 96.601000 105.583330
97.055000 0.759000 97.361000 106.716290
97.839000 0.784000 98.131000 109.176780
98.641000 0.802000 98.931000 110.918570
99.570000 0.929000 99.861000 113.411100
100.644000 1.074000 100.931000 113.040310
101.699000 1.056000 101.991000 110.355520
102.619000 0.919000 102.921000 107.615800
103.466000 0.847000 103.761000 107.380050
104.305000 0.838000 104.601000 107.682180
105.109000 0.804000 105.401000 106.784960
105.885000 0.776000 106.181000 107.840110
106.649000 0.764000 106.941000 109.648270
107.431000 0.782000 107.721000 112.030940
108.320000 0.889000 108.611000 112.962490
109.378000 1.058000 109.661000 110.671380
110.367000 0.989000 110.661000 109.323260
111.236000 0.869000 111.531000 107.851550
112.056000 0.820000 112.351000 108.682390
112.838000 0.782000 113.131000 108.751060
113.586000 0.748000 113.891000 108.739610
114.322000 0.736000 114.621000 110.602710
115.073000 0.751000 115.371000 114.095450
115.931000 0.858000 116.221000 117.352450
117.125000 1.194000 117.411000 116.308740
118.241000 1.116000 118.531000 111.962270
119.231000 0.990000 119.531000 108.368820
120.095000 0.864000 120.391000 105.942670
120.885000 0.790000 121.191000 105.874010
121.652000 0.767000 121.951000 107.762290
122.418000 0.766000 122.711000 110.131220
123.219000 0.801000 123.511000 112.635190
124.283000 1.063000 124.571000 113.344720
125.362000 1.079000 125.651000 111.557150
126.320000 0.959000 126.611000 108.581680
127.172000 0.852000 127.471000 107.313680
127.975000 0.803000 128.271000 107.334280
128.773000 0.798000 129.071000 107.727950
129.551000 0.779000 129.851000 108.547350
130.355000 0.803000 130.651000 110.243370
131.227000 0.872000 131.521000 110.895680
132.272000 1.045000 132.561000 110.895680
133.272000 1.001000 133.571000 108.121630
134.155000 0.883000 134.451000 106.402730
134.982000 0.827000 135.281000 107.043600
135.775000 0.793000 136.071000 107.673020
136.571000 0.795000 136.871000 108.380270
137.373000 0.802000 137.671000 109.098960
138.158000 0.786000 138.461000 109.975580
138.962000 0.803000 139.261000 111.861560
139.822000 0.860000 140.111000 112.580250
140.815000 0.993000 141.101000 112.275840
141.823000 1.008000 142.111000 110.041950
142.718000 0.895000 143.021000 107.368610
143.559000 0.841000 143.861000 107.178640
144.332000 0.773000 144.631000 107.020710
145.076000 0.744000 145.371000 106.526320
145.805000 0.729000 146.101000 108.728170
146.558000 0.753000 146.851000 111.165760
147.368000 0.810000 147.661000 113.591910
148.549000 1.182000 148.831000 115.130000
149.652000 1.102000 149.941000 110.312030
150.635000 0.984000 150.931000 107.368610
151.559000 0.923000 151.861000 105.391070
152.424000 0.866000 152.731000 105.896900
153.273000 0.848000 153.571000 106.279130
154.102000 0.829000 154.401000 108.895250
155.019000 0.918000 155.311000 109.613940
156.114000 1.095000 156.401000 110.458520
157.179000 1.065000 157.471000 108.256670
158.162000 0.983000 158.461000 106.897110
159.046000 0.883000 159.351000 104.953900
159.860000 0.814000 160.161000 105.617660
160.662000 0.803000 160.961000 108.311600
161.499000 0.837000 161.791000 109.941240
162.636000 1.137000 162.921000 110.973500
163.767000 1.131000 164.061000 108.851760
164.779000 1.012000 165.071000 107.446430
165.694000 0.915000 165.991000 105.235430
166.608000 0.915000 166.911000 105.942670
167.527000 0.918000 167.821000 106.931440
168.478000 0.952000 168.771000 106.391280
169.494000 1.016000 169.791000 107.682180
170.477000 0.983000 170.771000 107.862990
171.438000 0.961000 171.741000 105.784740
172.274000 0.837000 172.581000 105.258320
173.074000 0.800000 173.371000 107.469320
173.894000 0.820000 174.191000 109.357590
174.922000 1.028000 174.923000 24.998507
176.033000 1.111000 176.301000 174.994120
177.087000 1.055000 177.088000 174.994120
178.061000 0.974000 178.062000 174.994120
178.964000 0.903000 178.965000 24.998507
179.792000 0.828000 180.301000 174.994120
180.588000 0.796000 180.589000 174.994120
181.358000 0.770000 181.359000 174.994120
182.196000 0.838000 182.197000 174.994120
183.427000 1.231000 184.301000 174.994120
184.579000 1.152000 184.580000 174.994120
185.591000 1.012000 185.592000 174.994120
186.505000 0.913000 186.506000 24.998507
187.349000 0.844000 187.350000 24.998507
188.146000 0.798000 188.301000 174.994120
188.917000 0.771000 188.918000 174.994120
189.731000 0.814000 189.732000 174.994120
190.892000 1.161000 190.893000 24.998507
192.011000 1.119000 192.301000 174.994120
193.051000 1.041000 193.052000 174.994120
193.988000 0.936000 193.989000 174.994120
194.905000 0.917000 194.906000 24.998507
195.739000 0.835000 196.301000 174.994120
196.536000 0.797000 196.537000 174.994120
197.317000 0.781000 197.318000 174.994120
198.181000 0.864000 198.182000 174.994120
199.338000 1.156000 200.301000 174.994120
200.423000 1.085000 200.424000 174.994120
201.364000 0.942000 201.365000 174.994120
202.264000 0.900000 202.265000 174.994120
203.138000 0.874000 203.139000 24.998507
204.013000 0.875000 204.301000 174.994120
204.898000 0.885000 204.899000 174.994120
205.748000 0.850000 205.749000 174.994120
206.574000 0.826000 206.575000 24.998507
207.437000 0.863000 208.301000 174.994120
208.601000 1.165000 208.602000 174.994120
209.737000 1.136000 209.738000 174.994120
210.794000 1.057000 210.795000 24.998507
211.780000 0.986000 212.301000 174.994120
212.686000 0.906000 212.687000 174.994120
213.573000 0.887000 213.574000 174.994120
214.439000 0.866000 214.440000 24.998507
215.279000 0.840000 215.280000 24.998507
216.102000 0.824000 216.301000 174.994120
217.281000 1.179000 217.282000 174.994120
218.394000 1.113000 218.395000 24.998507
219.435000 1.041000 220.301000 174.994120
220.381000 0.946000 220.382000 174.994120
221.203000 0.822000 221.204000 174.994120
221.997000 0.794000 221.998000 174.994120
222.777000 0.781000 222.778000 24.998507
223.762000 0.984000 224.301000 174.994120
224.885000 1.124000 224.886000 174.994120
226.009000 1.124000 226.010000 174.994120
227.022000 1.013000 227.023000 24.998507
228.001000 0.979000 228.301000 174.994120
229.012000 1.010000 229.013000 174.994120
230.008000 0.996000 230.009000 174.994120
230.864000 0.856000 230.865000 24.998507
231.658000 0.794000 232.301000 174.994120
232.422000 0.763000 232.423000 174.994120
233.624000 1.202000 233.625000 174.994120
234.769000 1.145000 234.770000 24.998507
235.826000 1.057000 236.301000 174.994120
236.753000 0.927000 236.754000 174.994120
237.664000 0.911000 237.665000 174.994120
238.554000 0.891000 238.555000 24.998507
239.387000 0.833000 239.388000 24.998507
240.172000 0.785000 240.301000 174.994120
240.966000 0.794000 240.967000 174.994120
241.883000 0.917000 241.884000 174.994120
243.017000 1.133000 243.018000 24.998507
244.080000 1.064000 244.301000 174.994120
245.023000 0.942000 245.024000 174.994120
245.857000 0.834000 245.858000 174.994120
246.648000 0.791000 246.649000 24.998507
247.405000 0.757000 247.406000 24.998507
248.171000 0.766000 248.301000 174.994120
248.991000 0.820000 248.992000 174.994120
250.094000 1.103000 250.095000 174.994120
251.147000 1.054000 251.148000 24.998507
252.077000 0.930000 252.301000 174.994120
252.886000 0.809000 252.887000 174.994120
253.646000 0.760000 253.647000 174.994120
254.397000 0.752000 254.398000 24.998507
255.231000 0.833000 256.301000 174.994120
256.354000 1.124000 256.355000 174.994120
257.386000 1.032000 257.387000 174.994120
258.321000 0.935000 258.322000 24.998507
259.154000 0.833000 259.155000 24.998507
259.952000 0.798000 260.301000 174.994120
260.763000 0.811000 260.764000 174.994120
261.664000 0.901000 261.665000 174.994120
262.745000 1.082000 262.746000 24.998507
263.864000 1.119000 264.301000 174.994120
264.918000 1.054000 264.919000 174.994120
265.864000 0.946000 265.865000 174.994120
266.736000 0.871000 266.737000 24.998507
267.582000 0.846000 268.301000 174.994120
268.457000 0.875000 268.458000 174.994120
269.435000 0.978000 269.436000 174.994120
270.525000 1.090000 270.526000 24.998507
271.626000 1.101000 272.301000 174.994120
272.647000 1.020000 272.648000 174.994120
273.625000 0.978000 273.626000 174.994120
274.585000 0.960000 274.586000 24.998507
275.451000 0.866000 275.452000 24.998507
276.241000 0.790000 276.301000 174.994120
277.003000 0.762000 277.004000 174.994120
277.820000 0.817000 277.821000 174.994120
279.011000 1.191000 279.012000 24.998507
280.084000 1.074000 280.301000 174.994120
281.030000 0.946000 281.031000 174.994120
281.873000 0.843000 281.874000 174.994120
282.667000 0.794000 282.668000 24.998507
283.443000 0.776000 283.444000 24.998507
284.263000 0.820000 284.301000 174.994120
285.441000 1.178000 285.442000 174.994120
286.573000 1.132000 286.574000 24.998507
287.630000 1.057000 288.301000 174.994120
288.633000 1.003000 288.634000 174.994120
289.531000 0.897000 289.532000 174.994120
290.390000 0.859000 290.391000 24.998507
291.209000 0.819000 291.210000 24.998507
292.000000 0.791000 292.301000 174.994120
292.801000 0.801000 292.802000 174.994120
293.698000 0.897000 293.699000 174.994120
294.717000 1.019000 294.718000 24.998507
295.723000 1.005000 296.301000 174.994120
296.623000 0.901000 296.624000 174.994120
297.477000 0.854000 297.478000 174.994120
298.311000 0.834000 298.312000 24.998507
299.112000 0.801000 299.113000 24.998507
299.907000 0.795000 300.301000 174.994120
300.720000 0.813000 300.721000 174.994120
301.637000 0.917000 301.638000 174.994120
302.733000 1.096000 302.734000 24.998507
303.769000 1.036000 304.301000 174.994120
304.671000 0.901000 304.672000 174.994120
305.474000 0.804000 305.475000 174.994120
306.242000 0.768000 306.243000 174.994120
307.003000 0.761000 307.004000 24.998507
307.824000 0.821000 308.301000 174.994120
308.777000 0.953000 308.778000 174.994120
309.774000 0.997000 309.775000 174.994120
310.739000 0.965000 310.740000 24.998507
311.599000 0.860000 312.301000 174.994120
312.440000 0.841000 312.441000 174.994120
313.230000 0.789000 313.231000 174.994120
313.998000 0.768000 313.999000 174.994120
314.783000 0.785000 314.784000 24.998507
315.680000 0.898000 316.301000 174.994120
316.746000 1.066000 316.747000 174.994120
317.739000 0.993000 317.740000 174.994120
318.590000 0.851000 318.591000 24.998507
319.373000 0.783000 319.374000 24.998507
320.136000 0.763000 320.301000 174.994120
320.960000 0.824000 320.961000 174.994120
321.879000 0.919000 321.880000 174.994120
322.861000 0.981000 322.862000 24.998507
323.793000 0.933000 324.301000 174.994120
324.605000 0.812000 324.606000 174.994120
325.397000 0.792000 325.398000 174.994120
326.216000 0.818000 326.217000 174.994120
327.374000 1.159000 328.301000 174.994120
328.466000 1.091000 328.467000 174.994120
329.423000 0.958000 329.424000 174.994120
330.223000 0.799000 330.224000 174.994120
330.967000 0.744000 330.968000 24.998507
331.693000 0.726000 332.301000 174.994120
332.438000 0.745000 332.439000 174.994120
333.309000 0.872000 333.310000 174.994120
334.428000 1.119000 334.429000 24.998507
335.517000 1.089000 336.301000 174.994120
336.531000 1.013000 336.532000 174.994120
337.376000 0.845000 337.377000 174.994120
338.157000 0.781000 338.158000 174.994120
338.904000 0.748000 338.905000 24.998507
339.654000 0.750000 340.301000 174.994120
340.465000 0.811000 340.466000 174.994120
341.510000 1.045000 341.511000 174.994120
342.545000 1.035000 342.546000 24.998507
343.503000 0.958000 344.301000 174.994120
344.366000 0.864000 344.367000 174.994120
345.173000 0.807000 345.174000 174.994120
345.975000 0.802000 345.976000 174.994120
346.796000 0.821000 346.797000 24.998507
347.936000 1.140000 348.301000 174.994120
349.022000 1.086000 349.023000 174.994120
350.046000 1.025000 350.047000 174.994120
350.996000 0.950000 350.997000 24.998507
351.917000 0.921000 352.301000 174.994120
352.788000 0.870000 352.789000 174.994120
353.635000 0.847000 353.636000 174.994120
354.491000 0.856000 354.492000 24.998507
355.411000 0.921000 356.301000 174.994120
356.572000 1.161000 356.573000 174.994120
357.719000 1.147000 357.720000 174.994120
358.736000 1.017000 358.737000 24.998507
359.665000 0.929000 360.301000 174.994120
360.546000 0.880000 360.547000 174.994120
361.382000 0.837000 361.383000 174.994120
362.218000 0.836000 362.219000 174.994120
363.060000 0.842000 363.061000 24.998507
364.060000 1.000000 364.301000 174.994120
365.196000 1.136000 365.197000 174.994120
366.261000 1.065000 366.262000 174.994120
367.258000 0.997000 367.259000 24.998507
368.197000 0.940000 368.301000 174.994120
369.063000 0.866000 369.064000 174.994120
369.858000 0.795000 369.859000 174.994120
370.636000 0.778000 370.637000 24.998507
371.449000 0.813000 372.301000 174.994120
372.386000 0.937000 372.387000 174.994120
373.462000 1.076000 373.463000 174.994120
374.522000 1.060000 374.523000 24.998507
375.529000 1.007000 376.301000 174.994120
376.409000 0.880000 376.410000 174.994120
377.237000 0.828000 377.238000 174.994120
378.028000 0.791000 378.029000 174.994120
378.801000 0.773000 378.802000 24.998507
379.574000 0.773000 380.301000 174.994120
380.370000 0.796000 380.371000 174.994120
381.354000 0.983000 381.355000 174.994120
382.452000 1.099000 382.453000 24.998507
383.524000 1.072000 384.301000 174.994120
384.436000 0.912000 384.437000 174.994120
385.281000 0.845000 385.282000 174.994120
386.091000 0.809000 386.092000 174.994120
386.851000 0.760000 386.852000 24.998507
387.607000 0.756000 388.301000 174.994120
388.433000 0.827000 388.434000 174.994120
389.593000 1.160000 389.594000 174.994120
390.681000 1.088000 390.682000 24.998507
391.681000 1.000000 392.301000 174.994120
392.553000 0.872000 392.554000 174.994120
393.362000 0.809000 393.363000 174.994120
394.141000 0.779000 394.142000 174.994120
394.946000 0.805000 394.947000 24.998507
396.088000 1.142000 396.301000 174.994120
397.177000 1.089000 397.178000 174.994120
398.075000 0.898000 398.076000 174.994120
398.861000 0.786000 398.862000 24.998507
399.629000 0.768000 400.301000 174.994120
400.486000 0.857000 400.487000 174.994120
401.744000 1.258000 401.745000 174.994120
402.890000 1.145000 402.891000 24.998507
403.950000 1.061000 404.301000 174.994120
404.830000 0.880000 404.831000 174.994120
405.657000 0.827000 405.658000 174.994120
406.563000 0.906000 406.564000 24.998507
407.629000 1.066000 408.301000 174.994120
408.678000 1.049000 408.679000 174.994120
409.655000 0.977000 409.656000 174.994120
410.609000 0.954000 410.610000 24.998507
411.453000 0.844000 412.292000 39.997153
412.291000 0.839000 412.301000 174.994120
413.351000 1.060000 413.352000 174.994120
414.475000 1.124000 414.476000 24.998507
415.491000 1.016000 416.301000 174.994120
416.395000 0.904000 416.396000 174.994120
417.192000 0.797000 417.193000 174.994120
417.949000 0.757000 417.950000 174.994120
418.695000 0.747000 418.696000 24.998507
419.510000 0.814000 420.301000 174.994120
420.661000 1.151000 420.662000 174.994120
421.822000 1.161000 421.823000 174.994120
422.868000 1.046000 422.869000 24.998507
423.762000 0.894000 424.301000 174.994120
424.561000 0.799000 424.562000 174.994120
425.327000 0.766000 425.328000 174.994120
426.202000 0.875000 426.203000 174.994120
427.385000 1.183000 428.301000 174.994120
428.546000 1.161000 428.547000 174.994120
429.556000 1.010000 429.557000 174.994120
430.410000 0.854000 430.411000 24.998507
431.255000 0.846000 432.301000 174.994120
432.356000 1.101000 432.357000 174.994120
433.468000 1.112000 433.469000 174.994120
434.500000 1.032000 434.501000 24.998507
435.437000 0.936000 436.300000 159.993190
436.299000 0.863000 436.301000 174.994120
437.105000 0.805000 437.106000 174.994120
437.902000 0.797000 437.903000 174.994120
439.145000 1.244000 440.301000 174.994120
440.308000 1.162000 440.309000 174.994120
441.430000 1.122000 441.431000 174.994120
442.381000 0.951000 442.382000 24.998507
443.255000 0.874000 443.256000 24.998507
444.143000 0.888000 444.301000 174.994120
445.167000 1.024000 445.168000 174.994120
446.238000 1.071000 446.239000 174.994120
447.258000 1.020000 447.259000 24.998507
448.260000 1.002000 448.301000 174.994120
449.117000 0.857000 449.118000 174.994120
449.914000 0.796000 449.915000 174.994120
450.785000 0.872000 450.786000 24.998507
451.921000 1.136000 452.301000 174.994120
452.992000 1.070000 452.993000 174.994120
453.941000 0.949000 453.942000 174.994120
454.837000 0.896000 454.838000 24.998507
455.675000 0.838000 456.301000 174.994120
456.487000 0.812000 456.488000 174.994120
457.285000 0.798000 457.286000 174.994120
458.173000 0.888000 458.174000 174.994120
459.335000 1.161000 460.301000 174.994120
460.459000 1.125000 460.460000 174.994120
461.456000 0.996000 461.457000 174.994120
462.373000 0.917000 462.374000 24.998507
463.266000 0.893000 463.267000 24.998507
464.109000 0.844000 464.301000 174.994120
464.895000 0.786000 464.896000 174.994120
465.660000 0.765000 465.661000 174.994120
466.473000 0.813000 466.474000 24.998507
467.643000 1.170000 468.301000 174.994120
468.737000 1.094000 468.738000 174.994120
469.728000 0.991000 469.729000 174.994120
470.641000 0.913000 470.642000 24.998507
471.536000 0.895000 472.301000 174.994120
472.378000 0.842000 472.379000 174.994120
473.161000 0.783000 473.162000 174.994120
473.967000 0.806000 473.968000 174.994120
474.883000 0.916000 474.884000 24.998507
475.938000 1.055000 476.301000 174.994120
477.013000 1.075000 477.014000 174.994120
477.994000 0.981000 477.995000 174.994120
478.901000 0.906000 478.902000 24.998507
479.798000 0.898000 480.301000 174.994120
480.645000 0.846000 480.646000 174.994120
481.475000 0.830000 481.476000 174.994120
482.283000 0.808000 482.284000 174.994120
483.084000 0.802000 483.085000 24.998507
483.865000 0.780000 484.301000 174.994120
484.726000 0.861000 484.727000 174.994120
485.852000 1.126000 485.853000 174.994120
486.919000 1.067000 486.920000 24.998507
487.890000 0.971000 488.301000 174.994120
488.740000 0.849000 488.741000 174.994120
489.541000 0.801000 489.542000 174.994120
490.280000 0.739000 490.281000 174.994120
491.013000 0.733000 491.014000 24.998507
491.777000 0.764000 492.301000 174.994120
492.818000 1.041000 492.819000 174.994120
493.964000 1.147000 493.965000 174.994120
495.095000 1.131000 495.096000 24.998507
496.087000 0.992000 496.301000 174.994120
496.993000 0.906000 496.994000 174.994120
497.803000 0.810000 497.804000 174.994120
498.568000 0.765000 498.569000 24.998507
499.330000 0.762000 499.331000 24.998507
500.148000 0.818000 500.301000 174.994120
501.279000 1.131000 501.280000 174.994120
502.435000 1.156000 502.741000 111.715080
503.462000 1.026000 503.771000 106.997820
504.399000 0.938000 504.701000 106.178420
505.251000 0.852000 505.561000 104.212320
506.070000 0.818000 506.371000 104.425180
506.876000 0.806000 507.181000 106.244800
507.847000 0.971000 508.151000 107.920210
508.952000 1.105000 509.241000 106.089160
510.021000 1.069000 510.321000 104.763930
510.955000 0.934000 511.271000 102.740610
511.789000 0.834000 512.101000 102.516310
512.571000 0.783000 512.881000 104.100170
513.353000 0.782000 513.651000 105.606220
514.471000 1.118000 514.761000 108.165120
515.606000 1.135000 515.911000 107.480760
516.692000 1.086000 516.991000 107.469320
517.694000 1.002000 518.001000 104.448070
518.611000 0.918000 518.931000 103.415810
519.440000 0.828000 519.751000 103.257890
520.227000 0.787000 520.541000 106.009050
521.054000 0.827000 521.361000 107.222120
522.252000 1.198000 522.541000 108.087300
523.344000 1.092000 523.651000 106.201310
524.332000 0.989000 524.631000 105.672590
525.261000 0.929000 525.571000 103.898760
526.184000 0.923000 526.491000 104.358810
527.131000 0.947000 527.441000 102.944320
528.012000 0.880000 528.321000 102.999250
528.896000 0.885000 529.201000 105.178210
529.760000 0.864000 530.071000 107.020710
530.698000 0.938000 531.001000 107.144300
531.791000 1.093000 532.101000 106.942890
532.842000 1.051000 533.151000 104.358810
533.807000 0.964000 534.111000 102.360670
534.717000 0.910000 535.021000 102.628460
535.611000 0.894000 535.911000 102.944320
536.480000 0.870000 536.791000 103.370040
537.487000 1.007000 537.791000 105.301800
538.569000 1.082000 538.871000 105.088940
539.444000 0.875000 539.771000 103.079360
540.240000 0.796000 540.551000 104.683820
540.996000 0.757000 541.301000 105.896900
541.819000 0.823000 542.121000 108.380270
543.023000 1.204000 543.311000 109.087510
544.150000 1.127000 544.451000 108.975360
545.125000 0.976000 545.431000 105.649700
545.998000 0.872000 546.311000 103.830090
546.834000 0.837000 547.141000 105.111830
547.735000 0.901000 548.031000 104.763930
548.714000 0.979000 549.021000 103.933090
549.698000 0.985000 550.001000 105.134720
550.656000 0.958000 550.961000 104.898970
551.604000 0.947000 551.911000 104.459520
552.467000 0.863000 552.771000 104.269540
553.298000 0.832000 553.601000 105.695480
554.154000 0.856000 554.461000 108.222340
555.188000 1.034000 555.491000 112.220910
556.184000 0.996000 556.491000 114.164120
557.107000 0.923000 557.431000 114.276270
557.967000 0.860000 558.291000 116.613160
558.891000 0.925000 559.201000 118.936310
559.832000 0.941000 560.141000 118.723450
560.799000 0.967000 561.111000 118.082580
561.707000 0.908000 562.031000 117.926940
562.541000 0.834000 562.861000 119.611510
563.353000 0.812000 563.671000 122.497720
564.278000 0.925000 564.591000 125.731820
565.410000 1.132000 565.721000 125.585340
566.515000 1.106000 566.831000 122.586980
567.516000 1.000000 567.841000 120.497290
568.481000 0.965000 568.801000 117.622530
569.421000 0.940000 569.741000 116.095880
570.332000 0.911000 570.651000 114.523460
571.180000 0.848000 571.491000 113.704070
572.097000 0.918000 572.411000 114.601280
573.155000 1.058000 573.461000 113.097530
574.089000 0.934000 574.411000 110.165550
574.915000 0.826000 575.221000 110.614160
575.717000 0.802000 576.031000 111.165760
576.616000 0.900000 576.921000 112.770230
577.777000 1.160000 578.081000 111.490780
578.934000 1.158000 579.241000 109.771870
579.947000 1.013000 580.251000 106.471390
580.784000 0.837000 581.101000 105.313250
581.564000 0.781000 581.881000 107.480760
582.358000 0.793000 582.671000 108.817430
583.564000 1.207000 583.851000 109.748980
584.670000 1.106000 584.971000 109.481190
585.693000 1.022000 585.991000 108.403160
586.601000 0.909000 586.911000 105.324690
587.457000 0.856000 587.771000 105.784740
588.264000 0.806000 588.581000 106.549210
589.048000 0.784000 589.351000 107.862990
589.889000 0.841000 590.201000 111.445000
591.063000 1.175000 591.361000 113.488920
592.162000 1.098000 592.461000 113.086080
593.160000 0.998000 593.481000 112.905270
594.063000 0.903000 594.381000 111.907340
594.874000 0.811000 595.191000 112.490990
595.658000 0.784000 595.971000 112.209470
596.418000 0.760000 596.741000 114.690550
597.198000 0.780000 597.511000 119.913640
598.149000 0.952000 598.461000 123.014990
599.349000 1.199000 599.661000 123.216410
600.481000 1.132000 600.791000 119.700780
601.507000 1.026000 601.821000 116.118770
602.439000 0.933000 602.761000 112.479550
603.327000 0.888000 603.641000 110.007620
604.136000 0.809000 604.461000 108.144520
604.899000 0.763000 605.221000 109.829090
605.635000 0.736000 605.941000 111.568600
606.403000 0.768000 606.711000 113.511800
607.430000 1.027000 607.731000 116.377410
608.486000 1.057000 608.800000 115.578610
609.406000 0.919000 609.711000 115.319970
610.252000 0.846000 610.571000 112.646630
611.072000 0.819000 611.391000 114.557800
611.877000 0.806000 612.191000 114.759210
612.719000 0.841000 613.031000 117.027430
613.776000 1.058000 614.081000 117.173920
614.881000 1.105000 615.181000 115.331420
615.834000 0.953000 616.151000 113.715510
616.695000 0.861000 617.011000 111.916500
617.505000 0.810000 617.821000 111.838680
618.282000 0.776000 618.601000 111.850120
619.062000 0.780000 619.381000 114.253380
619.853000 0.791000 620.161000 117.544710
620.807000 0.954000 621.111000 119.252170
621.929000 1.122000 622.241000 118.004760
622.995000 1.066000 623.301000 114.848480
623.952000 0.958000 624.261000 111.467890
624.819000 0.866000 625.131000 109.671160
625.621000 0.802000 625.931000 108.210890
626.389000 0.768000 626.711000 108.604570
627.142000 0.753000 627.451000 110.918570
627.888000 0.746000 628.191000 112.321620
628.684000 0.796000 628.991000 113.747550
629.794000 1.111000 630.091000 114.804990
630.840000 1.046000 631.141000 112.275840
631.750000 0.909000 632.061000 111.378620
632.596000 0.846000 632.901000 110.064840
633.392000 0.797000 633.711000 110.536340
634.184000 0.792000 634.501000 109.984730
634.962000 0.778000 635.281000 110.682820
635.733000 0.770000 636.041000 112.580250
636.535000 0.802000 636.841000 113.017420
637.448000 0.913000 637.751000 114.040520
638.468000 1.020000 638.771000 114.489130
639.452000 0.984000 639.761000 113.321830
640.324000 0.872000 640.631000 111.973720
641.129000 0.805000 641.441000 111.737970
641.897000 0.768000 642.211000 112.669520
642.645000 0.748000 642.961000 113.152460
