2.914000 0.998000 3.241000 108.955830
3.989000 1.075000 4.311000 108.829110
5.101000 1.112000 5.441000 106.751560
6.180000 1.078000 6.511000 105.586380
7.226000 1.047000 7.551000 105.147940
8.301000 1.075000 8.631000 104.444020
9.376000 1.075000 9.701000 104.270410
10.381000 1.005000 10.721000 104.582140
11.339000 0.958000 11.681000 106.093890
12.372000 1.033000 12.701000 106.763600
13.430000 1.058000 13.751000 105.794200
14.435000 1.005000 14.771000 105.263250
15.393000 0.958000 15.721000 105.666850
16.394000 1.001000 16.721000 105.898110
17.421000 1.027000 17.741000 105.044030
18.387000 0.967000 18.721000 104.259010
19.326000 0.939000 19.651000 105.413410
20.364000 1.038000 20.691000 104.663240
21.398000 1.034000 21.721000 103.486020
22.380000 0.982000 22.701000 103.382110
23.371000 0.991000 23.691000 103.024130
24.395000 1.024000 24.721000 102.031930
25.391000 0.995000 25.721000 101.500980
26.369000 0.978000 26.691000 101.962860
27.453000 1.084000 27.781000 100.854710
28.531000 1.078000 28.861000 99.088887
29.549000 1.018000 29.891000 99.031230
30.622000 1.073000 30.951000 99.631242
31.726000 1.104000 32.061000 98.997016
32.835000 1.110000 33.171000 98.754350
33.879000 1.044000 34.221000 98.592783
34.814000 0.935000 35.151000 100.300950
35.752000 0.938000 36.081000 101.881770
36.737000 0.985000 37.071000 102.758660
37.755000 1.017000 38.091000 102.966480
38.716000 0.962000 39.061000 103.404920
39.651000 0.935000 39.991000 104.928710
40.644000 0.992000 40.971000 105.644040
41.663000 1.019000 42.001000 105.978580
42.666000 1.004000 43.011000 106.013430
43.684000 1.017000 44.011000 105.978580
44.782000 1.099000 45.121000 105.124490
45.880000 1.098000 46.221000 103.024130
46.914000 1.034000 47.241000 103.301010
47.977000 1.062000 48.311000 102.804910
49.031000 1.054000 49.371000 101.582080
50.005000 0.974000 50.331000 102.886010
51.032000 1.027000 51.361000 102.631940
52.101000 1.069000 52.431000 102.447560
53.104000 1.003000 53.441000 102.343650
54.100000 0.996000 54.421000 102.804910
55.158000 1.058000 55.481000 101.997080
56.255000 1.096000 56.581000 101.489570
57.340000 1.086000 57.681000 101.027680
58.373000 1.032000 58.701000 101.304560
59.431000 1.058000 59.761000 101.616290
60.529000 1.099000 60.851000 100.762210
61.605000 1.075000 61.941000 99.666090
62.603000 0.998000 62.941000 100.416260
63.645000 1.041000 63.971000 101.212690
64.703000 1.058000 65.031000 101.812700
65.741000 1.038000 66.071000 101.708790
66.702000 0.961000 67.041000 102.758660
67.626000 0.924000 67.961000 105.898110
68.621000 0.995000 68.951000 108.171440
69.674000 1.053000 70.001000 108.782860
70.718000 1.044000 71.051000 108.909580
71.731000 1.013000 72.071000 108.979270
72.814000 1.084000 73.141000 108.782860
73.969000 1.154000 74.301000 107.617680
75.130000 1.161000 75.461000 105.436220
76.206000 1.076000 76.541000 104.940120
77.246000 1.041000 77.581000 105.886070
78.364000 1.118000 78.701000 106.278900
79.477000 1.113000 79.801000 106.278900
80.514000 1.037000 80.851000 105.447630
81.519000 1.004000 81.851000 107.352210
82.654000 1.135000 82.981000 107.144390
83.809000 1.155000 84.131000 105.574980
84.907000 1.099000 85.241000 104.178540
85.932000 1.024000 86.271000 104.270410
86.930000 0.999000 87.271000 105.505280
87.989000 1.058000 88.321000 106.786410
89.083000 1.094000 89.411000 107.352210
90.139000 1.056000 90.471000 106.659690
91.118000 0.978000 91.451000 107.559390
92.156000 1.038000 92.481000 107.778620
93.279000 1.124000 93.601000 106.821260
94.352000 1.073000 94.681000 105.817010
95.356000 1.004000 95.691000 105.898110
96.432000 1.076000 96.761000 105.413410
97.528000 1.096000 97.861000 104.663240
98.549000 1.020000 98.881000 105.066840
99.529000 0.981000 99.861000 106.174990
100.571000 1.041000 100.901000 106.463280
101.641000 1.070000 101.961000 105.678890
102.646000 1.004000 102.981000 105.378570
103.638000 0.993000 103.961000 105.817010
104.683000 1.044000 105.011000 105.413410
105.722000 1.039000 106.061000 104.051190
106.694000 0.972000 107.021000 104.847610
107.699000 1.004000 108.031000 105.436220
108.717000 1.018000 109.041000 105.401370
109.696000 0.980000 110.031000 105.678890
110.668000 0.972000 110.991000 106.786410
111.633000 0.965000 111.961000 107.663300
112.652000 1.019000 112.981000 107.975030
113.590000 0.939000 113.921000 108.517390
114.528000 0.938000 114.851000 110.560090
115.567000 1.038000 115.891000 110.444780
116.656000 1.090000 116.971000 109.683200
117.704000 1.047000 118.041000 108.078940
118.703000 0.999000 119.041000 108.275350
119.762000 1.058000 120.091000 107.709550
120.820000 1.058000 121.151000 106.682500
121.839000 1.019000 122.171000 106.394210
122.832000 0.993000 123.151000 107.640490
123.876000 1.044000 124.201000 107.720960
124.932000 1.056000 125.251000 107.109540
125.930000 0.999000 126.261000 107.363610
126.912000 0.982000 127.241000 108.160040
127.969000 1.057000 128.301000 107.998470
129.049000 1.081000 129.381000 106.451870
130.105000 1.055000 130.431000 105.389970
131.103000 0.999000 131.431000 105.817010
132.137000 1.034000 132.461000 106.255460
133.183000 1.046000 133.511000 107.617680
134.182000 0.999000 134.511000 107.848310
135.135000 0.953000 135.461000 109.625540
136.099000 0.964000 136.421000 111.598550
137.195000 1.096000 137.521000 111.760110
138.290000 1.095000 138.621000 111.044790
139.338000 1.048000 139.671000 109.891020
140.393000 1.055000 140.721000 109.452570
141.506000 1.113000 141.831000 109.232710
142.646000 1.139000 142.971000 107.940180
143.730000 1.084000 144.071000 106.832660
144.762000 1.032000 145.091000 107.733000
145.846000 1.084000 146.171000 108.194250
146.968000 1.121000 147.301000 107.778620
148.059000 1.091000 148.391000 106.417020
149.096000 1.038000 149.421000 106.901720
150.181000 1.085000 150.511000 107.224860
151.254000 1.073000 151.581000 105.620600
152.253000 0.999000 152.581000 106.163590
153.197000 0.945000 153.521000 106.740160
154.056000 0.859000 154.381000 107.340170
154.992000 0.935000 155.311000 106.971420
155.946000 0.954000 156.271000 107.317360
156.910000 0.964000 157.231000 107.132980
158.028000 1.118000 158.351000 107.236260
159.163000 1.135000 159.491000 105.090280
160.262000 1.099000 160.591000 103.462580
161.226000 0.965000 161.551000 104.259010
162.280000 1.054000 162.601000 104.466820
163.379000 1.099000 163.701000 103.855410
164.477000 1.099000 164.811000 102.804910
165.499000 1.021000 165.831000 103.335860
166.580000 1.082000 166.911000 103.555080
167.720000 1.140000 168.051000 103.070390
168.878000 1.157000 169.211000 101.593480
169.933000 1.055000 170.271000 101.639730
170.970000 1.037000 171.301000 103.243360
172.075000 1.105000 172.401000 103.197740
173.194000 1.119000 173.531000 103.740090
174.253000 1.059000 174.601000 103.820560
175.251000 0.999000 175.591000 105.447630
176.349000 1.098000 176.681000 105.805610
177.449000 1.100000 177.781000 106.486720
178.547000 1.099000 178.881000 104.928710
179.565000 1.018000 179.901000 105.574980
180.524000 0.959000 180.861000 106.947980
181.562000 1.037000 181.891000 107.824870
182.617000 1.055000 182.951000 108.286760
183.636000 1.019000 183.971000 108.552230
184.560000 0.924000 184.891000 109.002080
185.579000 1.019000 185.901000 110.340870
186.630000 1.050000 186.951000 111.125890
187.696000 1.067000 188.031000 111.829810
188.715000 1.019000 189.041000 111.321670
189.706000 0.990000 190.021000 110.571490
190.793000 1.088000 191.111000 110.409930
191.933000 1.139000 192.261000 109.429130
193.071000 1.138000 193.401000 107.824870
194.132000 1.061000 194.471000 106.221240
195.162000 1.030000 195.481000 106.936570
196.238000 1.076000 196.561000 106.925170
197.357000 1.119000 197.681000 107.040480
198.445000 1.087000 198.771000 105.690290
199.444000 0.999000 199.781000 106.002020
200.500000 1.056000 200.821000 106.440470
201.601000 1.101000 201.921000 105.955770
202.700000 1.099000 203.041000 104.051190
203.739000 1.039000 204.071000 103.774310
204.809000 1.070000 205.131000 104.466820
205.915000 1.106000 206.241000 104.524480
207.015000 1.100000 207.351000 103.335860
208.034000 1.019000 208.371000 103.416960
209.055000 1.022000 209.391000 104.143690
210.167000 1.112000 210.491000 103.993530
211.271000 1.103000 211.611000 102.401310
212.307000 1.036000 212.641000 102.343650
213.340000 1.034000 213.671000 103.636180
214.406000 1.066000 214.741000 104.997780
215.446000 1.040000 215.791000 105.274660
216.464000 1.018000 216.801000 105.517320
217.423000 0.959000 217.761000 107.305960
218.443000 1.019000 218.771000 108.309570
219.542000 1.099000 219.861000 108.251910
220.658000 1.116000 220.981000 106.901720
221.719000 1.061000 222.051000 106.405620
222.750000 1.031000 223.071000 106.994230
223.816000 1.067000 224.141000 107.224860
224.879000 1.062000 225.201000 107.767210
225.955000 1.076000 226.281000 107.271110
226.976000 1.022000 227.311000 108.044090
228.049000 1.073000 228.371000 108.898170
229.152000 1.103000 229.481000 108.217700
230.284000 1.132000 230.601000 107.005630
231.369000 1.085000 231.701000 106.336560
232.402000 1.033000 232.721000 107.086730
233.506000 1.105000 233.821000 107.675340
234.625000 1.119000 234.951000 106.728750
235.725000 1.099000 236.061000 106.405620
236.778000 1.053000 237.101000 106.347960
237.914000 1.136000 238.231000 107.248300
239.061000 1.148000 239.381000 106.301710
240.160000 1.099000 240.491000 105.724510
241.202000 1.042000 241.531000 106.186400
242.330000 1.127000 242.651000 106.278900
243.457000 1.127000 243.791000 105.644040
244.559000 1.102000 244.901000 104.940120
245.595000 1.036000 245.931000 105.182150
246.648000 1.053000 246.971000 106.463280
247.753000 1.105000 248.071000 106.809850
248.845000 1.093000 249.171000 107.178600
249.984000 1.139000 250.311000 106.786410
251.043000 1.059000 251.371000 106.417020
252.088000 1.045000 252.411000 107.259700
253.219000 1.131000 253.531000 107.594240
254.360000 1.141000 254.681000 106.775000
255.483000 1.124000 255.811000 105.794200
256.523000 1.040000 256.861000 105.874670
257.541000 1.018000 257.861000 107.063290
258.640000 1.099000 258.961000 107.513770
259.738000 1.098000 260.061000 107.074690
260.819000 1.081000 261.151000 106.925170
261.852000 1.033000 262.171000 106.855470
262.915000 1.063000 263.241000 107.767210
264.015000 1.099000 264.331000 106.786410
265.113000 1.099000 265.441000 105.782160
266.133000 1.019000 266.471000 105.609190
267.231000 1.099000 267.561000 105.909520
268.361000 1.130000 268.681000 105.447630
269.503000 1.141000 269.831000 105.182150
270.586000 1.084000 270.921000 103.785710
271.622000 1.036000 271.951000 104.789960
272.704000 1.082000 273.031000 104.628390
273.783000 1.079000 274.121000 104.709490
274.818000 1.035000 275.161000 103.693840
275.779000 0.962000 276.111000 104.974330
276.797000 1.018000 277.121000 104.732300
277.791000 0.994000 278.121000 104.478230
278.673000 0.882000 279.001000 104.732300
279.571000 0.898000 279.891000 106.117330
280.533000 0.962000 280.851000 106.878910
281.386000 0.853000 281.711000 107.017040
282.262000 0.876000 282.581000 107.582840
283.167000 0.904000 283.491000 107.513770
284.048000 0.882000 284.381000 107.963620
285.022000 0.974000 285.341000 108.863960
286.108000 1.086000 286.431000 107.456120
287.205000 1.098000 287.531000 105.493880
288.260000 1.055000 288.591000 104.247600
289.297000 1.037000 289.621000 104.593540
290.397000 1.099000 290.721000 104.028380
291.500000 1.104000 291.841000 102.782100
292.579000 1.079000 292.921000 101.362850
293.558000 0.979000 293.901000 102.804910
294.568000 1.010000 294.891000 103.266800
295.616000 1.047000 295.951000 103.831960
296.707000 1.091000 297.031000 103.612740
297.788000 1.081000 298.121000 102.631940
298.812000 1.024000 299.141000 103.740090
299.933000 1.121000 300.271000 102.932260
301.070000 1.137000 301.411000 102.308810
302.205000 1.135000 302.541000 101.673950
303.286000 1.082000 303.621000 101.847550
304.319000 1.033000 304.651000 103.878220
305.384000 1.065000 305.711000 104.513080
306.439000 1.055000 306.761000 105.263250
307.455000 1.016000 307.781000 105.909520
308.419000 0.964000 308.751000 106.936570
309.455000 1.036000 309.781000 107.744400
310.551000 1.096000 310.871000 107.236260
311.671000 1.120000 311.991000 106.197800
312.733000 1.062000 313.061000 105.620600
313.808000 1.075000 314.131000 105.794200
314.908000 1.100000 315.231000 106.047640
315.988000 1.080000 316.311000 105.032620
317.018000 1.030000 317.341000 105.898110
318.019000 1.002000 318.341000 106.128740
319.099000 1.080000 319.421000 107.074690
320.182000 1.082000 320.511000 106.301710
321.212000 1.030000 321.541000 105.920920
322.178000 0.966000 322.511000 106.763600
323.217000 1.038000 323.531000 107.940180
324.276000 1.059000 324.601000 108.355820
325.328000 1.052000 325.651000 108.205660
326.310000 0.982000 326.641000 108.794270
327.353000 1.043000 327.681000 109.694600
328.473000 1.120000 328.801000 109.291000
329.620000 1.147000 329.941000 108.424880
330.648000 1.028000 330.981000 108.333010
331.666000 1.017000 331.991000 109.382870
332.723000 1.057000 333.051000 111.183540
333.804000 1.081000 334.131000 111.575740
334.842000 1.038000 335.181000 112.360130
335.901000 1.059000 336.221000 113.468280
337.054000 1.153000 337.371000 113.076090
338.257000 1.203000 338.581000 111.009940
339.416000 1.159000 339.741000 108.886770
340.514000 1.098000 340.841000 107.998470
341.635000 1.121000 341.961000 107.525180
342.733000 1.099000 343.061000 107.513770
343.752000 1.018000 344.081000 108.379260
344.671000 0.919000 345.011000 109.971480
345.610000 0.939000 345.931000 112.129500
346.663000 1.053000 346.981000 112.741550
347.748000 1.085000 348.071000 111.887470
348.805000 1.058000 349.131000 111.425580
349.858000 1.053000 350.171000 111.644800
350.946000 1.088000 351.271000 110.756500
352.057000 1.111000 352.391000 109.498190
353.101000 1.043000 353.431000 108.483170
354.075000 0.974000 354.401000 109.313810
355.039000 0.965000 355.371000 110.836970
356.118000 1.078000 356.441000 110.767910
357.217000 1.099000 357.531000 109.440530
358.277000 1.060000 358.601000 108.656140
359.295000 1.019000 359.621000 108.967870
360.354000 1.059000 360.671000 108.586450
361.464000 1.111000 361.781000 108.275350
362.552000 1.088000 362.871000 107.086730
363.588000 1.036000 363.911000 106.451870
364.550000 0.962000 364.871000 107.386420
365.569000 1.019000 365.891000 107.767210
366.646000 1.077000 366.971000 107.582840
367.741000 1.095000 368.061000 106.925170
368.760000 1.019000 369.081000 106.844070
369.745000 0.985000 370.061000 106.982820
370.781000 1.036000 371.101000 107.709550
371.842000 1.061000 372.161000 107.086730
372.916000 1.074000 373.241000 106.059680
373.923000 1.007000 374.251000 105.978580
374.979000 1.055000 375.291000 106.186400
376.053000 1.074000 376.371000 106.174990
377.100000 1.048000 377.431000 105.343720
378.096000 0.996000 378.421000 106.117330
379.077000 0.980000 379.401000 107.271110
380.135000 1.058000 380.451000 107.467520
381.248000 1.114000 381.571000 107.294550
382.354000 1.105000 382.681000 106.693900
383.432000 1.078000 383.761000 105.666850
384.430000 0.998000 384.761000 106.140140
385.430000 1.001000 385.761000 107.755810
386.490000 1.059000 386.811000 108.067530
387.546000 1.056000 387.871000 108.275350
388.560000 1.014000 388.891000 108.056130
389.526000 0.966000 389.851000 108.736610
390.503000 0.977000 390.831000 109.867570
391.560000 1.057000 391.881000 109.878980
392.647000 1.087000 392.981000 109.209900
393.743000 1.096000 394.071000 107.432670
394.774000 1.031000 395.101000 106.659690
395.762000 0.988000 396.091000 107.709550
396.820000 1.058000 397.141000 108.160040
397.897000 1.077000 398.211000 108.148000
398.997000 1.100000 399.321000 107.259700
400.059000 1.063000 400.401000 106.394210
401.058000 0.999000 401.391000 107.086730
402.116000 1.058000 402.441000 107.559390
403.209000 1.093000 403.531000 106.936570
404.312000 1.103000 404.631000 105.355760
405.345000 1.033000 405.671000 105.217000
406.373000 1.028000 406.691000 105.724510
407.446000 1.073000 407.761000 105.505280
408.531000 1.084000 408.851000 105.159340
409.611000 1.080000 409.941000 104.466820
410.640000 1.030000 410.971000 104.535890
411.662000 1.022000 411.981000 105.147940
412.724000 1.062000 413.051000 104.962930
413.789000 1.065000 414.121000 105.009180
414.845000 1.056000 415.181000 104.836210
415.838000 0.993000 416.161000 105.343720
416.844000 1.005000 417.171000 107.536580
417.882000 1.039000 418.211000 106.047640
418.896000 1.013000 419.221000 106.232650
419.839000 0.943000 420.161000 106.567190
420.810000 0.971000 421.131000 107.224860
421.818000 1.007000 422.141000 107.063290
422.872000 1.054000 423.191000 106.740160
423.837000 0.964000 424.161000 106.578590
424.836000 0.999000 425.151000 106.775000
425.889000 1.053000 426.201000 107.456120
426.945000 1.056000 427.271000 106.128740
427.926000 0.981000 428.251000 106.544380
428.991000 1.065000 429.311000 107.375020
430.107000 1.116000 430.431000 106.682500
431.166000 1.059000 431.501000 106.567190
432.248000 1.081000 432.561000 107.421270
433.381000 1.133000 433.701000 107.213450
434.526000 1.145000 434.851000 106.428430
435.582000 1.056000 435.911000 106.117330
436.623000 1.041000 436.941000 107.155790
437.722000 1.099000 438.051000 107.813460
438.880000 1.159000 439.201000 107.928780
439.952000 1.072000 440.281000 107.698150
440.976000 1.024000 441.301000 108.725200
442.055000 1.079000 442.381000 109.775700
443.156000 1.101000 443.491000 109.198500
444.209000 1.053000 444.541000 109.452570
445.250000 1.040000 445.581000 110.121640
446.394000 1.144000 446.721000 109.336620
447.584000 1.191000 447.911000 108.229100
448.692000 1.108000 449.031000 107.132980
449.793000 1.101000 450.121000 106.867510
450.949000 1.156000 451.271000 106.740160
452.068000 1.119000 452.401000 105.874670
453.127000 1.059000 453.451000 106.578590
454.241000 1.113000 454.561000 106.417020
455.399000 1.158000 455.721000 106.117330
456.503000 1.105000 456.831000 105.320910
457.514000 1.011000 457.841000 105.597790
458.503000 0.988000 458.831000 106.982820
459.580000 1.078000 459.901000 107.824870
460.714000 1.134000 461.041000 107.917370
461.839000 1.125000 462.171000 107.086730
462.897000 1.058000 463.231000 106.890320
463.971000 1.074000 464.291000 107.582840
465.095000 1.124000 465.421000 106.867510
466.237000 1.142000 466.571000 105.678890
467.327000 1.090000 467.651000 104.732300
468.324000 0.997000 468.651000 105.597790
469.368000 1.044000 469.691000 106.544380
470.430000 1.063000 470.761000 107.074690
471.490000 1.060000 471.821000 107.501740
472.488000 0.998000 472.821000 107.709550
473.462000 0.974000 473.781000 109.360060
474.510000 1.048000 474.841000 109.555840
475.587000 1.077000 475.911000 109.221310
476.664000 1.078000 476.991000 107.963620
477.661000 0.997000 477.991000 108.032690
478.623000 0.962000 478.961000 108.921620
479.618000 0.994000 479.941000 110.352270
480.696000 1.079000 481.011000 110.710250
481.801000 1.105000 482.121000 110.617750
482.875000 1.074000 483.201000 109.763660
483.860000 0.985000 484.191000 109.798510
484.854000 0.994000 485.181000 110.409930
485.915000 1.062000 486.231000 109.371470
486.997000 1.082000 487.321000 108.459730
488.055000 1.059000 488.381000 107.248300
489.055000 0.999000 489.381000 107.178600
490.131000 1.076000 490.451000 106.520930
491.230000 1.099000 491.551000 105.932330
492.323000 1.093000 492.641000 105.355760
493.408000 1.085000 493.731000 104.570730
494.425000 1.017000 494.751000 104.316660
495.420000 0.995000 495.741000 104.801360
496.450000 1.030000 496.771000 105.459030
497.565000 1.115000 497.881000 105.367160
498.705000 1.139000 499.031000 104.340110
499.817000 1.113000 500.141000 103.359300
500.862000 1.045000 501.201000 103.289610
501.901000 1.039000 502.231000 103.878220
502.981000 1.079000 503.311000 104.143690
504.079000 1.098000 504.411000 103.970720
505.177000 1.099000 505.501000 103.947280
506.231000 1.053000 506.561000 103.797750
507.214000 0.984000 507.541000 104.444020
508.194000 0.980000 508.521000 105.239810
509.230000 1.036000 509.551000 106.117330
510.289000 1.059000 510.621000 106.255460
511.334000 1.045000 511.661000 105.759350
512.311000 0.977000 512.651000 106.751560
513.324000 1.013000 513.651000 107.733000
514.419000 1.096000 514.741000 108.021280
515.487000 1.067000 515.821000 107.917370
516.517000 1.030000 516.851000 108.494580
517.505000 0.987000 517.841000 109.579290
518.574000 1.070000 518.901000 109.602100
519.682000 1.108000 520.011000 108.505980
520.816000 1.134000 521.141000 107.074690
521.892000 1.077000 522.221000 106.717350
522.972000 1.080000 523.301000 106.671100
524.092000 1.120000 524.421000 106.301710
525.216000 1.124000 525.551000 106.128740
526.307000 1.091000 526.641000 105.493880
527.333000 1.027000 527.661000 106.520930
528.433000 1.099000 528.761000 106.855470
529.583000 1.150000 529.901000 105.609190
530.650000 1.067000 530.981000 106.163590
531.709000 1.059000 532.041000 106.890320
532.828000 1.119000 533.151000 106.971420
533.927000 1.099000 534.251000 107.063290
534.997000 1.070000 535.321000 106.947980
535.981000 0.984000 536.311000 107.940180
537.043000 1.062000 537.371000 109.083180
538.136000 1.092000 538.461000 108.540830
539.201000 1.065000 539.531000 108.182850
540.220000 1.019000 540.551000 108.863960
541.318000 1.098000 541.631000 108.333010
542.429000 1.111000 542.751000 107.952220
543.530000 1.101000 543.861000 106.982820
544.553000 1.022000 544.891000 106.532340
545.529000 0.977000 545.851000 108.160040
546.573000 1.043000 546.901000 108.609890
547.653000 1.080000 547.981000 108.436920
548.715000 1.062000 549.051000 108.413480
549.730000 1.015000 550.061000 108.240510
550.789000 1.059000 551.111000 108.321600
551.903000 1.114000 552.231000 107.536580
552.967000 1.064000 553.301000 106.105300
553.966000 0.999000 554.291000 106.105300
555.005000 1.039000 555.331000 106.405620
556.097000 1.093000 556.421000 106.036230
557.182000 1.085000 557.501000 105.701700
558.260000 1.078000 558.581000 104.836210
559.291000 1.031000 559.611000 105.101690
560.394000 1.103000 560.711000 105.009180
561.516000 1.122000 561.841000 104.374320
562.618000 1.102000 562.951000 103.001320
563.653000 1.035000 563.981000 103.036170
564.705000 1.052000 565.021000 104.016970
565.805000 1.100000 566.121000 103.508830
566.871000 1.066000 567.211000 102.989920
567.861000 0.990000 568.181000 103.209140
568.847000 0.987000 569.181000 104.767150
569.924000 1.077000 570.251000 104.905270
571.025000 1.101000 571.351000 104.767150
572.078000 1.053000 572.401000 103.555080
573.040000 0.962000 573.371000 104.951520
574.063000 1.023000 574.391000 106.047640
575.096000 1.033000 575.421000 105.666850
576.081000 0.985000 576.411000 106.775000
577.116000 1.036000 577.441000 107.501740
578.215000 1.098000 578.541000 107.490330
579.312000 1.097000 579.641000 106.301710
580.390000 1.078000 580.711000 105.574980
581.392000 1.002000 581.731000 106.266860
582.428000 1.036000 582.751000 107.617680
583.494000 1.066000 583.821000 108.494580
584.572000 1.078000 584.911000 108.148000
585.588000 1.016000 585.921000 108.609890
586.592000 1.004000 586.921000 109.360060
587.648000 1.056000 587.981000 110.329460
588.746000 1.098000 589.071000 109.648350
589.822000 1.076000 590.151000 108.021280
590.823000 1.002000 591.151000 108.898170
591.896000 1.073000 592.221000 109.163650
593.000000 1.104000 593.331000 108.748010
594.116000 1.115000 594.441000 108.113790
595.178000 1.062000 595.511000 107.836910
596.208000 1.030000 596.531000 108.379260
597.255000 1.047000 597.581000 108.771460
598.313000 1.058000 598.651000 107.928780
599.309000 0.996000 599.641000 108.229100
600.265000 0.956000 600.581000 109.694600
