296.796000 0.949000 297.135000 105.650720
297.825000 1.030000 298.147000 106.413320
298.748000 0.923000 299.084000 106.016520
299.697000 0.949000 300.013000 108.030630
300.748000 1.051000 301.062000 107.970410
301.696000 0.948000 302.039000 108.885350
302.846000 1.149000 303.183000 109.221040
303.911000 1.066000 304.283000 102.934230
304.989000 1.077000 305.323000 109.252040
306.065000 1.076000 306.388000 110.105860
307.005000 0.940000 307.352000 111.601840
308.022000 1.017000 308.355000 112.334320
308.995000 0.973000 309.354000 111.235150
309.976000 0.982000 310.349000 110.869350
310.937000 0.961000 311.298000 111.631950
311.764000 0.827000 312.092000 112.731120
312.563000 0.799000 312.880000 114.378550
313.538000 0.975000 313.853000 115.630070
314.419000 0.881000 314.731000 116.453780
315.428000 1.009000 315.763000 117.918750
316.368000 0.939000 316.700000 115.599070
317.286000 0.918000 317.611000 116.392670
318.293000 1.007000 318.624000 114.012750
319.161000 0.868000 319.481000 113.127040
320.112000 0.951000 320.430000 113.096920
320.985000 0.873000 321.341000 110.044750
321.817000 0.832000 322.139000 113.584950
322.755000 0.939000 323.080000 113.615950
323.581000 0.825000 323.914000 112.731120
324.515000 0.934000 324.840000 113.981750
325.436000 0.921000 325.776000 112.425550
326.257000 0.821000 326.576000 113.951640
327.205000 0.948000 327.529000 114.409550
328.087000 0.882000 328.410000 112.731120
329.005000 0.918000 329.340000 112.364440
329.911000 0.907000 330.289000 111.601840
330.752000 0.841000 331.078000 114.012750
331.736000 0.984000 332.087000 113.523840
332.613000 0.876000 332.946000 113.615950
333.616000 1.003000 333.933000 115.172150
334.582000 0.966000 334.918000 112.761240
335.485000 0.904000 335.806000 114.775350
336.488000 1.002000 336.820000 113.981750
337.375000 0.887000 337.718000 115.172150
338.412000 1.037000 338.736000 116.453780
339.456000 1.044000 339.785000 113.554840
340.409000 0.953000 340.755000 114.805470
341.394000 0.985000 341.716000 113.523840
342.257000 0.863000 342.583000 114.836470
343.220000 0.963000 343.548000 115.568950
344.134000 0.913000 344.466000 113.951640
344.998000 0.865000 345.352000 115.934750
346.034000 1.035000 346.356000 115.630070
346.918000 0.884000 347.284000 114.805470
347.852000 0.934000 348.171000 114.745240
348.743000 0.892000 349.064000 113.615950
349.625000 0.882000 349.963000 113.951640
350.498000 0.872000 350.827000 112.731120
351.346000 0.849000 351.680000 114.439670
352.327000 0.981000 352.659000 114.805470
353.182000 0.854000 353.512000 114.805470
354.144000 0.962000 354.469000 114.805470
354.950000 0.806000 355.304000 113.493720
355.808000 0.858000 356.132000 115.202270
356.734000 0.925000 357.045000 114.805470
357.774000 1.040000 358.091000 113.127040
358.628000 0.854000 358.984000 108.885350
359.514000 0.886000 359.830000 111.998640
360.442000 0.928000 360.773000 111.631950
361.297000 0.855000 361.610000 112.731120
362.387000 1.089000 362.700000 112.700120
363.269000 0.882000 363.612000 110.014640
364.198000 0.929000 364.526000 112.395440
365.198000 1.000000 365.524000 110.441550
366.063000 0.865000 366.402000 110.838350
367.000000 0.937000 367.335000 110.472550
367.899000 0.899000 368.227000 110.838350
368.794000 0.895000 369.122000 113.127040
369.709000 0.914000 370.053000 112.395440
370.558000 0.849000 370.882000 113.584950
371.757000 1.199000 372.067000 114.775350
372.667000 0.911000 373.004000 113.158040
373.633000 0.966000 373.960000 115.142040
374.555000 0.922000 374.889000 114.012750
375.558000 1.004000 375.878000 115.172150
376.569000 1.011000 376.909000 112.731120
377.547000 0.978000 377.865000 112.761240
378.592000 1.045000 378.917000 111.205040
379.532000 0.940000 379.858000 111.235150
380.516000 0.984000 380.856000 110.411440
381.464000 0.948000 381.789000 109.282150
382.619000 1.155000 382.964000 109.648840
383.565000 0.946000 383.886000 107.603720
384.525000 0.960000 384.868000 109.648840
385.505000 0.979000 385.829000 108.458430
386.400000 0.896000 386.734000 109.313150
387.394000 0.994000 387.727000 110.044750
388.318000 0.923000 388.655000 108.824230
389.281000 0.964000 389.608000 109.587720
390.282000 1.000000 390.617000 108.427430
391.157000 0.875000 391.488000 108.794120
392.084000 0.927000 392.405000 108.763120
392.959000 0.875000 393.323000 108.397320
393.822000 0.863000 394.162000 114.317440
394.803000 0.981000 395.158000 115.599070
395.721000 0.918000 396.079000 116.820470
396.765000 1.044000 397.098000 116.362550
397.788000 1.023000 398.126000 114.714240
398.862000 1.074000 399.181000 113.920640
399.833000 0.971000 400.159000 111.998640
400.845000 1.012000 401.167000 112.364440
401.889000 1.043000 402.215000 110.838350
402.820000 0.931000 403.152000 111.570840
403.837000 1.017000 404.163000 110.838350
404.714000 0.877000 405.036000 112.761240
405.649000 0.935000 405.965000 114.805470
406.486000 0.837000 406.823000 116.026870
407.289000 0.803000 407.622000 116.392670
408.207000 0.919000 408.543000 118.406780
409.443000 1.235000 409.763000 116.453780
410.447000 1.004000 410.782000 115.202270
411.517000 1.070000 411.851000 114.378550
412.483000 0.966000 412.815000 114.348440
413.618000 1.136000 413.974000 113.035810
414.510000 0.892000 414.863000 113.158040
415.472000 0.962000 415.810000 116.026870
416.375000 0.903000 416.720000 116.026870
417.265000 0.890000 417.600000 119.109160
418.603000 1.338000 418.932000 117.216380
419.668000 1.065000 419.997000 116.301440
420.698000 1.030000 421.052000 115.630070
421.613000 0.915000 421.958000 116.301440
422.637000 1.024000 422.961000 117.583070
423.584000 0.947000 423.929000 116.789470
424.538000 0.953000 424.890000 118.376670
425.558000 1.021000 425.890000 116.362550
426.474000 0.915000 426.807000 117.186270
427.536000 1.062000 427.867000 116.392670
428.470000 0.935000 428.821000 115.568950
429.480000 1.010000 429.808000 115.995870
430.423000 0.943000 430.755000 114.745240
431.333000 0.910000 431.659000 115.934750
432.303000 0.970000 432.637000 115.202270
433.182000 0.878000 433.517000 115.660180
434.179000 0.997000 434.507000 115.995870
435.094000 0.915000 435.427000 114.378550
436.004000 0.911000 436.370000 115.568950
437.205000 1.201000 437.534000 114.745240
438.133000 0.928000 438.471000 113.981750
439.126000 0.993000 439.455000 114.348440
440.016000 0.889000 440.327000 115.568950
440.982000 0.966000 441.325000 114.378550
441.892000 0.910000 442.234000 115.202270
442.817000 0.925000 443.152000 117.552070
443.880000 1.064000 444.209000 116.789470
444.779000 0.899000 445.114000 117.583070
445.866000 1.086000 446.203000 117.979870
446.883000 1.018000 447.212000 115.965750
447.836000 0.953000 448.166000 116.331550
448.683000 0.847000 449.013000 116.392670
449.474000 0.791000 449.791000 117.583070
450.347000 0.873000 450.687000 117.613180
451.221000 0.874000 451.552000 117.613180
452.273000 1.052000 452.606000 117.918750
453.265000 0.992000 453.594000 115.202270
454.235000 0.970000 454.554000 115.172150
455.256000 1.021000 455.580000 113.096920
456.136000 0.880000 456.459000 113.249270
457.067000 0.931000 457.403000 113.981750
457.967000 0.900000 458.324000 111.570840
458.818000 0.852000 459.154000 116.087980
459.891000 1.072000 460.215000 115.721300
460.797000 0.906000 461.123000 113.981750
461.805000 1.009000 462.152000 114.287320
462.779000 0.973000 463.111000 113.158040
463.678000 0.900000 464.002000 114.348440
464.675000 0.997000 465.004000 113.158040
465.547000 0.872000 465.886000 113.554840
466.485000 0.938000 466.803000 115.202270
467.414000 0.929000 467.745000 113.188150
468.283000 0.869000 468.610000 114.378550
469.325000 1.042000 469.633000 114.775350
470.234000 0.909000 470.572000 113.127040
471.189000 0.955000 471.514000 114.745240
472.427000 1.238000 472.774000 109.648840
473.394000 0.967000 473.725000 113.554840
474.370000 0.976000 474.700000 114.439670
475.241000 0.871000 475.578000 115.142040
476.176000 0.935000 476.522000 116.880700
477.192000 1.016000 477.519000 116.087980
478.082000 0.889000 478.420000 116.789470
479.161000 1.080000 479.488000 116.820470
480.152000 0.990000 480.478000 114.378550
481.135000 0.983000 481.450000 115.934750
482.186000 1.051000 482.509000 114.348440
483.104000 0.918000 483.436000 115.202270
484.121000 1.017000 484.448000 115.537950
485.027000 0.906000 485.357000 114.805470
485.947000 0.921000 486.300000 113.920640
486.813000 0.865000 487.181000 116.423670
487.629000 0.816000 487.964000 116.820470
488.514000 0.885000 488.868000 116.759350
489.522000 1.008000 489.856000 116.789470
490.490000 0.968000 490.809000 113.890520
491.388000 0.898000 491.719000 115.233270
492.365000 0.976000 492.689000 114.378550
493.208000 0.843000 493.559000 114.378550
494.172000 0.964000 494.487000 115.965750
495.156000 0.984000 495.487000 113.920640
495.993000 0.837000 496.356000 113.523840
496.986000 0.993000 497.324000 114.378550
497.849000 0.863000 498.197000 114.805470
498.799000 0.950000 499.124000 116.392670
499.837000 1.038000 500.177000 113.951640
500.749000 0.913000 501.083000 113.951640
501.822000 1.073000 502.140000 113.523840
502.729000 0.907000 503.063000 111.266150
503.634000 0.905000 503.964000 112.761240
504.642000 1.008000 504.976000 111.998640
505.553000 0.911000 505.887000 111.601840
506.563000 1.011000 506.891000 111.967640
507.472000 0.909000 507.811000 110.075750
508.461000 0.988000 508.785000 111.998640
509.550000 1.089000 509.886000 111.601840
510.492000 0.942000 510.816000 112.028750
511.661000 1.169000 511.982000 113.127040
512.633000 0.973000 512.967000 110.899460
513.622000 0.989000 513.946000 113.554840
514.660000 1.038000 514.992000 111.998640
515.611000 0.951000 515.933000 113.158040
516.710000 1.099000 517.026000 113.646070
517.668000 0.958000 518.000000 112.791350
518.669000 1.001000 518.981000 114.409550
519.701000 1.032000 520.033000 113.554840
520.622000 0.922000 520.962000 115.233270
521.651000 1.029000 521.987000 116.331550
522.514000 0.862000 522.859000 116.331550
523.436000 0.922000 523.760000 117.552070
524.273000 0.837000 524.604000 117.918750
525.061000 0.788000 525.409000 118.803580
525.938000 0.877000 526.286000 119.474960
526.967000 1.029000 527.320000 119.444840
527.981000 1.014000 528.347000 113.158040
528.961000 0.979000 529.319000 115.568950
530.038000 1.077000 530.368000 112.395440
530.987000 0.950000 531.348000 110.411440
532.003000 1.015000 532.370000 109.617840
532.890000 0.888000 533.233000 111.266150
533.874000 0.984000 534.208000 112.364440
534.802000 0.928000 535.157000 111.235150
535.747000 0.945000 536.087000 113.981750
536.856000 1.108000 537.190000 113.219150
537.812000 0.957000 538.164000 112.761240
538.920000 1.108000 539.288000 112.791350
539.897000 0.977000 540.242000 111.266150
540.970000 1.073000 541.318000 111.601840
542.061000 1.091000 542.389000 110.044750
542.912000 0.851000 543.287000 111.601840
543.842000 0.929000 544.176000 113.920640
544.721000 0.880000 545.066000 114.378550
545.660000 0.939000 545.997000 117.552070
546.855000 1.195000 547.178000 115.630070
547.761000 0.906000 548.107000 115.934750
548.831000 1.070000 549.158000 117.064040
549.975000 1.144000 550.325000 111.601840
551.027000 1.052000 551.358000 114.653120
552.096000 1.068000 552.433000 113.127040
553.029000 0.933000 553.354000 113.554840
554.161000 1.132000 554.485000 113.584950
555.045000 0.884000 555.364000 112.731120
556.026000 0.981000 556.357000 114.745240
556.944000 0.918000 557.305000 114.805470
557.891000 0.947000 558.213000 117.186270
558.897000 1.005000 559.247000 115.660180
559.877000 0.980000 560.225000 117.186270
561.206000 1.329000 561.537000 113.920640
562.137000 0.931000 562.492000 113.981750
563.135000 0.999000 563.463000 115.172150
564.055000 0.920000 564.384000 113.584950
564.966000 0.910000 565.313000 114.805470
565.977000 1.012000 566.323000 113.066810
566.881000 0.904000 567.210000 114.745240
567.894000 1.013000 568.223000 115.202270
568.746000 0.851000 569.080000 113.920640
569.514000 0.768000 569.848000 116.026870
570.350000 0.836000 570.671000 116.392670
571.261000 0.911000 571.584000 116.820470
572.272000 1.011000 572.600000 115.995870
573.146000 0.874000 573.473000 115.172150
574.152000 1.007000 574.479000 116.759350
575.198000 1.046000 575.520000 113.035810
576.108000 0.909000 576.442000 113.523840
577.192000 1.084000 577.522000 113.584950
578.112000 0.920000 578.471000 111.570840
579.041000 0.928000 579.353000 114.012750
580.090000 1.049000 580.427000 113.158040
581.000000 0.910000 581.370000 112.364440
582.016000 1.016000 582.370000 114.287320
582.914000 0.898000 583.247000 113.158040
583.831000 0.917000 584.168000 116.331550
584.890000 1.059000 585.212000 115.172150
585.813000 0.923000 586.169000 115.568950
586.891000 1.079000 587.215000 115.965750
587.785000 0.894000 588.122000 114.836470
588.673000 0.888000 588.998000 116.759350
589.729000 1.056000 590.064000 115.568950
590.644000 0.914000 590.984000 115.904640
591.743000 1.099000 592.071000 116.056980
592.673000 0.930000 593.018000 113.951640
593.547000 0.874000 593.876000 115.965750
594.603000 1.056000 594.917000 116.362550
595.638000 1.034000 595.969000 114.348440
596.579000 0.941000 596.914000 115.599070
597.627000 1.048000 597.951000 114.805470
598.531000 0.904000 598.866000 114.714240
599.604000 1.073000 599.928000 115.599070
600.679000 1.075000 601.007000 112.334320
601.608000 0.928000 601.967000 113.158040
602.582000 0.974000 602.903000 113.890520
603.539000 0.957000 603.872000 113.554840
604.534000 0.995000 604.868000 115.172150
605.706000 1.172000 606.035000 113.890520
606.628000 0.922000 606.973000 113.219150
607.604000 0.977000 607.935000 114.775350
608.609000 1.005000 608.948000 113.951640
609.577000 0.968000 609.909000 114.775350
610.648000 1.071000 610.981000 114.775350
611.574000 0.927000 611.934000 113.584950
612.586000 1.012000 612.915000 114.775350
613.620000 1.034000 613.955000 113.158040
614.519000 0.899000 614.858000 113.981750
615.558000 1.039000 615.894000 113.920640
616.444000 0.885000 616.773000 113.523840
617.436000 0.992000 617.763000 115.630070
618.433000 0.997000 618.775000 114.348440
619.374000 0.941000 619.697000 115.599070
620.382000 1.008000 620.716000 114.378550
621.246000 0.864000 621.591000 115.172150
622.231000 0.985000 622.563000 115.965750
623.086000 0.855000 623.414000 114.745240
623.907000 0.821000 624.273000 115.202270
624.820000 0.913000 625.175000 116.026870
625.938000 1.118000 626.274000 115.233270
626.896000 0.958000 627.229000 112.670010
627.899000 1.003000 628.226000 113.584950
628.935000 1.036000 629.287000 112.334320
629.827000 0.893000 630.161000 112.731120
630.801000 0.973000 631.126000 113.951640
631.741000 0.940000 632.082000 113.219150
632.676000 0.935000 633.005000 114.378550
633.785000 1.110000 634.108000 113.981750
634.740000 0.955000 635.063000 112.761240
635.943000 1.203000 636.286000 113.951640
637.070000 1.126000 637.420000 111.998640
638.086000 1.016000 638.415000 113.951640
639.196000 1.110000 639.529000 113.432610
640.212000 1.015000 640.566000 114.805470
641.289000 1.077000 641.628000 114.439670
642.228000 0.940000 642.560000 114.745240
643.341000 1.112000 643.660000 115.172150
644.348000 1.007000 644.690000 113.554840
645.360000 1.012000 645.684000 115.599070
646.526000 1.166000 646.859000 113.981750
647.479000 0.953000 647.813000 114.378550
648.566000 1.087000 648.907000 115.172150
649.562000 0.995000 649.910000 114.836470
650.431000 0.870000 650.769000 117.613180
651.519000 1.088000 651.849000 118.315550
652.464000 0.945000 652.817000 117.216380
653.631000 1.168000 653.956000 117.156150
654.711000 1.079000 655.056000 113.066810
655.752000 1.041000 656.093000 112.791350
656.832000 1.081000 657.162000 110.838350
657.794000 0.962000 658.144000 111.266150
658.851000 1.058000 659.176000 110.441550
659.744000 0.892000 660.082000 110.044750
660.664000 0.920000 660.992000 111.967640
661.649000 0.986000 661.985000 111.205040
662.501000 0.852000 662.850000 112.028750
663.420000 0.919000 663.757000 113.951640
664.406000 0.986000 664.738000 112.670010
665.288000 0.882000 665.617000 113.584950
666.281000 0.993000 666.606000 113.523840
667.339000 1.058000 667.674000 111.967640
668.285000 0.947000 668.614000 111.601840
669.135000 0.849000 669.465000 112.303320
670.072000 0.938000 670.414000 110.838350
670.946000 0.873000 671.317000 111.967640
672.015000 1.069000 672.343000 111.998640
672.998000 0.984000 673.363000 108.824230
673.949000 0.951000 674.315000 111.205040
675.004000 1.054000 675.352000 108.030630
675.888000 0.884000 676.216000 109.617840
676.833000 0.946000 677.161000 111.205040
677.760000 0.926000 678.089000 110.014640
678.653000 0.894000 678.961000 111.143920
679.644000 0.991000 679.971000 110.380440
680.568000 0.923000 680.900000 110.014640
681.476000 0.909000 681.817000 110.441550
682.488000 1.012000 682.816000 109.252040
683.349000 0.861000 683.676000 110.044750
684.379000 1.030000 684.705000 111.205040
685.568000 1.189000 685.902000 108.397320
686.496000 0.929000 686.829000 109.221040
687.495000 0.999000 687.821000 109.984520
688.490000 0.994000 688.842000 108.855230
689.387000 0.897000 689.721000 110.441550
690.344000 0.957000 690.679000 110.350320
691.195000 0.851000 691.537000 111.266150
692.103000 0.908000 692.427000 113.920640
693.096000 0.993000 693.425000 113.127040
693.962000 0.865000 694.323000 112.059750
695.039000 1.077000 695.366000 114.409550
696.057000 1.018000 696.398000 112.395440
697.083000 1.026000 697.430000 113.554840
698.134000 1.051000 698.471000 111.601840
699.053000 0.919000 699.386000 112.395440
700.018000 0.965000 700.371000 113.432610
700.976000 0.958000 701.338000 111.235150
701.901000 0.925000 702.224000 114.378550
703.043000 1.141000 703.367000 113.920640
703.964000 0.921000 704.318000 111.570840
704.894000 0.930000 705.216000 115.111040
705.837000 0.942000 706.167000 114.439670
706.725000 0.889000 707.045000 115.630070
707.800000 1.075000 708.117000 115.599070
708.741000 0.941000 709.072000 113.981750
709.659000 0.918000 710.002000 114.805470
710.467000 0.808000 710.798000 115.111040
711.308000 0.841000 711.653000 115.630070
712.200000 0.892000 712.526000 115.599070
713.205000 1.005000 713.535000 116.026870
714.120000 0.916000 714.464000 113.951640
715.067000 0.947000 715.381000 115.142040
716.022000 0.955000 716.355000 112.303320
716.893000 0.871000 717.214000 113.920640
717.870000 0.976000 718.193000 113.981750
718.744000 0.874000 719.093000 111.631950
719.557000 0.813000 719.885000 114.378550
720.650000 1.094000 720.972000 114.745240
721.632000 0.982000 721.969000 112.395440
722.601000 0.968000 722.927000 113.890520
723.593000 0.993000 723.922000 111.967640
724.484000 0.890000 724.816000 113.158040
725.515000 1.031000 725.851000 113.554840
726.503000 0.988000 726.842000 112.395440
727.529000 1.026000 727.848000 113.066810
728.470000 0.942000 728.808000 111.540720
729.356000 0.886000 729.688000 113.981750
730.346000 0.990000 730.682000 113.523840
731.260000 0.914000 731.591000 115.172150
732.244000 0.984000 732.576000 115.630070
733.190000 0.946000 733.532000 114.348440
734.178000 0.988000 734.489000 115.599070
735.308000 1.129000 735.632000 113.158040
736.305000 0.998000 736.644000 114.409550
737.428000 1.122000 737.760000 113.158040
738.353000 0.926000 738.680000 113.523840
739.334000 0.981000 739.660000 115.904640
740.217000 0.882000 740.562000 115.111040
741.048000 0.831000 741.378000 118.284550
742.036000 0.989000 742.356000 118.742470
742.986000 0.949000 743.350000 114.745240
743.914000 0.929000 744.301000 117.918750
745.178000 1.264000 745.509000 115.995870
746.167000 0.989000 746.498000 114.745240
747.338000 1.171000 747.664000 113.951640
748.233000 0.895000 748.577000 112.395440
749.046000 0.813000 749.382000 115.965750
749.822000 0.775000 750.155000 117.156150
750.930000 1.109000 751.259000 117.247380
751.925000 0.995000 752.267000 114.805470
752.961000 1.036000 753.317000 111.205040
753.916000 0.955000 754.250000 113.158040
754.969000 1.053000 755.326000 109.587720
755.892000 0.923000 756.225000 111.235150
756.909000 1.017000 757.264000 110.472550
757.820000 0.910000 758.159000 109.617840
758.773000 0.953000 759.103000 111.235150
759.767000 0.994000 760.094000 110.014640
760.679000 0.912000 761.008000 111.174040
761.761000 1.082000 762.096000 110.899460
762.646000 0.885000 762.979000 110.014640
763.784000 1.138000 764.105000 111.205040
764.717000 0.933000 765.057000 109.282150
765.661000 0.944000 765.981000 111.540720
766.722000 1.061000 767.075000 109.953520
767.682000 0.960000 768.018000 111.205040
768.776000 1.094000 769.104000 110.411440
769.683000 0.906000 770.026000 109.617840
770.697000 1.015000 771.033000 110.838350
771.682000 0.984000 772.026000 109.587720
772.679000 0.998000 773.005000 111.570840
773.905000 1.226000 774.222000 108.458430
774.868000 0.963000 775.196000 108.427430
775.970000 1.102000 776.336000 105.650720
776.893000 0.923000 777.233000 107.634720
777.902000 1.009000 778.224000 109.282150
778.947000 1.044000 779.304000 106.352200
779.926000 0.979000 780.246000 108.458430
781.031000 1.105000 781.358000 106.413320
781.923000 0.892000 782.293000 107.176810
782.964000 1.041000 783.312000 106.413320
783.881000 0.918000 784.212000 106.810120
784.798000 0.917000 785.125000 109.221040
785.914000 1.116000 786.277000 107.603720
786.840000 0.925000 787.169000 108.427430
787.873000 1.034000 788.203000 108.000520
788.774000 0.901000 789.120000 108.427430
789.734000 0.959000 790.070000 111.601840
790.660000 0.926000 791.004000 111.601840
791.496000 0.836000 791.819000 114.378550
792.413000 0.917000 792.751000 116.056980
793.333000 0.921000 793.668000 116.056980
794.342000 1.009000 794.668000 117.247380
795.365000 1.022000 795.689000 114.836470
796.245000 0.881000 796.589000 115.965750
797.205000 0.959000 797.526000 116.392670
798.046000 0.841000 798.369000 116.789470
798.824000 0.778000 799.166000 117.613180
799.613000 0.789000 799.972000 117.613180
800.419000 0.806000 800.747000 118.712350
801.285000 0.866000 801.606000 118.315550
802.155000 0.870000 802.480000 117.552070
803.123000 0.968000 803.467000 116.789470
804.096000 0.973000 804.426000 113.951640
805.053000 0.957000 805.381000 114.409550
806.032000 0.978000 806.358000 111.112920
806.892000 0.861000 807.225000 111.570840
807.777000 0.885000 808.094000 112.395440
808.652000 0.875000 808.976000 111.967640
809.461000 0.808000 809.788000 113.127040
810.378000 0.917000 810.694000 113.859520
811.301000 0.923000 811.626000 112.364440
812.213000 0.912000 812.542000 113.127040
813.274000 1.061000 813.603000 111.601840
814.159000 0.885000 814.489000 111.631950
815.154000 0.995000 815.486000 112.425550
816.054000 0.900000 816.395000 111.143920
817.002000 0.948000 817.367000 113.127040
818.082000 1.080000 818.403000 113.493720
818.989000 0.907000 819.375000 111.540720
820.025000 1.037000 820.347000 114.805470
820.974000 0.949000 821.351000 111.266150
821.987000 1.013000 822.316000 114.745240
823.072000 1.085000 823.406000 113.066810
824.054000 0.982000 824.394000 113.920640
825.131000 1.077000 825.474000 113.127040
826.053000 0.922000 826.393000 113.066810
827.077000 1.024000 827.409000 114.836470
828.067000 0.989000 828.404000 113.096920
829.041000 0.975000 829.350000 114.378550
830.090000 1.049000 830.423000 113.462720
831.041000 0.951000 831.370000 113.584950
832.097000 1.056000 832.433000 113.158040
832.995000 0.898000 833.352000 111.570840
834.033000 1.038000 834.351000 114.378550
835.030000 0.997000 835.351000 112.761240
835.990000 0.960000 836.345000 111.906520
837.074000 1.084000 837.403000 112.731120
837.976000 0.902000 838.338000 111.998640
839.045000 1.069000 839.373000 113.554840
839.917000 0.872000 840.279000 113.493720
840.888000 0.971000 841.200000 116.759350
841.943000 1.056000 842.295000 115.172150
842.861000 0.918000 843.198000 116.026870
844.152000 1.291000 844.475000 115.965750
845.268000 1.116000 845.608000 113.951640
846.361000 1.093000 846.701000 113.981750
847.407000 1.046000 847.772000 112.059750
848.414000 1.007000 848.775000 114.378550
849.332000 0.919000 849.680000 114.714240
850.155000 0.823000 850.499000 115.965750
851.119000 0.964000 851.454000 116.423670
851.975000 0.856000 852.356000 112.761240
852.955000 0.980000 853.331000 116.759350
853.962000 1.006000 854.316000 113.859520
854.978000 1.016000 855.321000 113.127040
856.144000 1.167000 856.480000 112.731120
857.125000 0.980000 857.457000 113.554840
858.216000 1.091000 858.553000 112.731120
859.121000 0.905000 859.469000 113.158040
860.090000 0.969000 860.416000 115.142040
861.072000 0.982000 861.400000 114.378550
862.010000 0.938000 862.347000 114.684120
863.287000 1.278000 863.616000 113.920640
864.244000 0.957000 864.589000 111.937520
865.217000 0.973000 865.576000 113.462720
866.168000 0.951000 866.512000 113.920640
867.110000 0.942000 867.449000 115.599070
868.492000 1.382000 868.826000 113.523840
869.598000 1.106000 869.935000 112.761240
870.623000 1.025000 870.965000 111.540720
871.527000 0.904000 871.864000 112.731120
872.600000 1.073000 872.925000 113.554840
873.596000 0.996000 873.937000 112.334320
874.586000 0.990000 874.916000 114.745240
875.821000 1.235000 876.151000 113.158040
876.867000 1.047000 877.203000 113.127040
877.976000 1.108000 878.314000 110.411440
878.894000 0.918000 879.235000 113.554840
879.833000 0.940000 880.167000 115.172150
880.801000 0.968000 881.144000 114.805470
881.771000 0.970000 882.105000 115.995870
882.937000 1.165000 883.302000 114.317440
883.840000 0.904000 884.181000 114.745240
884.761000 0.921000 885.101000 115.873640
885.580000 0.819000 885.914000 116.728350
886.365000 0.785000 886.701000 118.284550
887.276000 0.911000 887.593000 119.841640
888.327000 1.051000 888.682000 119.474960
889.275000 0.948000 889.615000 117.521950
890.201000 0.925000 890.545000 118.345670
891.215000 1.014000 891.542000 115.965750
892.082000 0.867000 892.421000 114.378550
893.053000 0.970000 893.394000 113.951640
894.012000 0.959000 894.374000 111.570840
894.915000 0.904000 895.289000 112.761240
895.870000 0.955000 896.202000 111.601840
896.699000 0.829000 897.063000 111.937520
897.586000 0.887000 897.905000 112.395440
898.553000 0.966000 898.877000 111.570840
899.450000 0.898000 899.787000 112.364440
900.446000 0.996000 900.783000 111.174040
901.299000 0.853000 901.670000 111.631950
902.199000 0.900000 902.536000 111.967640
903.078000 0.879000 903.422000 111.266150
903.905000 0.827000 904.250000 112.425550
904.860000 0.954000 905.183000 112.425550
905.780000 0.921000 906.122000 111.235150
906.700000 0.920000 907.028000 112.303320
907.689000 0.989000 908.021000 110.838350
908.572000 0.883000 908.908000 111.205040
909.567000 0.995000 909.888000 111.509720
910.466000 0.899000 910.808000 109.617840
911.332000 0.866000 911.668000 111.631950
912.318000 0.987000 912.679000 110.808240
913.179000 0.861000 913.519000 111.967640
914.129000 0.950000 914.495000 112.395440
915.071000 0.942000 915.409000 111.570840
916.015000 0.944000 916.340000 112.731120
916.973000 0.959000 917.339000 108.855230
917.852000 0.879000 918.180000 112.364440
918.842000 0.989000 919.179000 112.791350
919.774000 0.933000 920.119000 111.235150
920.738000 0.964000 921.078000 112.425550
921.760000 1.022000 922.103000 111.967640
922.664000 0.904000 923.009000 111.937520
923.678000 1.014000 924.005000 113.158040
924.681000 1.003000 925.016000 111.174040
925.619000 0.938000 925.962000 113.096920
926.686000 1.067000 927.010000 112.761240
927.586000 0.900000 927.936000 111.266150
928.462000 0.875000 928.795000 114.378550
929.776000 1.314000 930.097000 114.042870
930.784000 1.008000 931.117000 112.028750
931.833000 1.049000 932.165000 113.096920
932.775000 0.942000 933.116000 112.731120
933.833000 1.058000 934.169000 114.378550
934.812000 0.979000 935.154000 112.700120
935.846000 1.035000 936.180000 114.378550
936.918000 1.072000 937.294000 112.731120
937.925000 1.007000 938.282000 114.378550
939.037000 1.112000 939.381000 113.158040
939.978000 0.941000 940.363000 111.937520
940.991000 1.013000 941.352000 110.838350
941.912000 0.921000 942.292000 112.700120
942.800000 0.888000 943.131000 115.995870
943.624000 0.824000 943.966000 116.789470
944.427000 0.803000 944.759000 118.834580
945.753000 1.326000 946.074000 117.583070
946.952000 1.199000 947.304000 112.761240
948.059000 1.107000 948.389000 112.364440
948.949000 0.890000 949.310000 112.334320
949.942000 0.993000 950.293000 115.172150
950.880000 0.938000 951.233000 113.951640
951.821000 0.941000 952.156000 115.172150
952.912000 1.091000 953.292000 113.920640
953.784000 0.872000 954.121000 113.523840
954.713000 0.929000 955.046000 115.934750
955.667000 0.953000 956.008000 114.745240
956.529000 0.862000 956.854000 115.995870
957.559000 1.030000 957.899000 115.965750
958.559000 1.000000 958.908000 115.172150
959.538000 0.978000 959.869000 115.995870
960.623000 1.086000 960.983000 113.981750
961.557000 0.933000 961.908000 112.425550
962.488000 0.932000 962.825000 113.584950
963.492000 1.004000 963.820000 111.998640
964.400000 0.909000 964.761000 110.777240
965.423000 1.023000 965.761000 112.334320
966.329000 0.905000 966.668000 110.808240
967.244000 0.915000 967.565000 113.158040
968.245000 1.001000 968.569000 111.601840
969.092000 0.846000 969.426000 110.838350
969.910000 0.818000 970.264000 112.761240
970.850000 0.940000 971.165000 114.378550
972.063000 1.213000 972.365000 112.731120
972.943000 0.879000 973.305000 110.869350
973.806000 0.864000 974.164000 113.951640
