2.072000 0.903000 2.381000 118.316740
2.926000 0.853000 3.241000 117.216800
3.719000 0.793000 4.031000 116.588620
4.506000 0.787000 4.811000 116.285700
5.340000 0.834000 5.641000 116.913880
6.267000 0.927000 6.571000 116.992510
7.213000 0.947000 7.521000 117.115830
8.152000 0.938000 8.461000 116.241010
9.075000 0.924000 9.391000 114.838150
9.924000 0.849000 10.241000 113.267280
10.725000 0.801000 11.041000 113.379840
11.510000 0.785000 11.821000 113.570200
12.337000 0.826000 12.641000 114.579930
13.247000 0.910000 13.561000 113.806080
14.152000 0.905000 14.471000 114.131340
14.992000 0.841000 15.311000 114.793460
15.886000 0.894000 16.201000 113.592550
16.815000 0.929000 17.131000 112.605170
17.690000 0.875000 18.011000 110.518670
18.505000 0.815000 18.831000 110.720620
19.308000 0.803000 19.621000 111.583850
20.130000 0.822000 20.441000 111.999330
20.977000 0.848000 21.291000 113.233350
21.858000 0.881000 22.181000 113.895460
22.700000 0.841000 23.021000 116.308050
23.538000 0.838000 23.861000 117.250730
24.372000 0.834000 24.681000 117.856570
25.285000 0.913000 25.591000 117.822640
26.214000 0.930000 26.531000 116.700350
27.133000 0.918000 27.451000 115.736140
27.980000 0.848000 28.291000 113.862360
28.773000 0.793000 29.091000 114.198380
29.551000 0.778000 29.871000 114.680900
30.382000 0.831000 30.691000 115.914920
31.248000 0.866000 31.551000 116.476060
32.136000 0.887000 32.451000 117.441090
32.994000 0.859000 33.311000 117.463440
33.839000 0.845000 34.151000 117.228390
34.678000 0.839000 34.991000 117.340120
35.558000 0.880000 35.861000 116.711940
36.478000 0.920000 36.781000 115.421640
37.395000 0.918000 37.711000 114.692480
38.310000 0.914000 38.621000 113.693520
39.171000 0.861000 39.481000 111.988570
39.999000 0.828000 40.321000 111.494470
40.811000 0.813000 41.131000 111.056640
41.669000 0.858000 41.981000 111.213900
42.541000 0.872000 42.851000 110.484740
43.426000 0.885000 43.731000 109.643030
44.267000 0.841000 44.581000 108.509980
45.064000 0.797000 45.381000 108.364320
45.856000 0.792000 46.171000 109.014840
46.691000 0.835000 47.001000 109.374040
47.551000 0.860000 47.861000 108.677990
48.419000 0.867000 48.731000 110.372180
49.265000 0.846000 49.581000 111.314870
50.082000 0.816000 50.401000 112.021680
50.889000 0.808000 51.201000 114.288590
51.749000 0.859000 52.061000 114.793460
52.566000 0.818000 52.881000 114.647790
53.369000 0.803000 53.681000 115.175000
54.170000 0.801000 54.481000 114.703240
54.977000 0.807000 55.291000 114.075060
55.837000 0.859000 56.151000 114.377980
56.743000 0.906000 57.051000 113.334320
57.626000 0.883000 57.941000 110.787660
58.445000 0.819000 58.761000 110.473150
59.237000 0.792000 59.551000 110.675100
60.043000 0.806000 60.351000 111.078990
60.883000 0.840000 61.191000 111.045880
61.759000 0.876000 62.071000 112.336180
62.619000 0.860000 62.931000 112.740070
63.426000 0.807000 63.741000 112.493430
64.222000 0.796000 64.541000 112.964360
65.046000 0.823000 65.361000 113.311970
65.935000 0.889000 66.241000 112.829460
66.802000 0.868000 67.121000 111.920700
67.620000 0.818000 67.941000 111.472120
68.421000 0.800000 68.741000 111.786630
69.245000 0.825000 69.561000 110.955670
70.099000 0.854000 70.411000 110.787660
70.969000 0.870000 71.281000 110.473150
71.843000 0.874000 72.151000 109.340110
72.693000 0.850000 73.011000 108.812900
73.481000 0.788000 73.801000 108.184720
74.243000 0.762000 74.551000 108.094500
75.049000 0.806000 75.351000 108.677990
75.894000 0.845000 76.211000 108.734270
76.768000 0.874000 77.081000 108.128440
77.632000 0.864000 77.951000 108.128440
78.442000 0.810000 78.761000 107.017740
79.203000 0.761000 79.521000 107.432390
79.942000 0.739000 80.251000 108.094500
80.734000 0.791000 81.041000 109.531290
81.620000 0.886000 81.921000 109.945940
82.522000 0.903000 82.841000 110.563370
83.376000 0.854000 83.701000 110.720620
84.166000 0.790000 84.481000 110.776070
84.945000 0.778000 85.261000 110.900220
85.749000 0.805000 86.061000 111.359560
86.530000 0.781000 86.841000 111.482880
87.269000 0.739000 87.581000 111.326460
88.052000 0.783000 88.361000 111.943050
88.840000 0.788000 89.151000 111.157620
89.605000 0.765000 89.911000 111.191550
90.429000 0.824000 90.731000 111.685650
91.322000 0.892000 91.631000 111.314870
92.205000 0.883000 92.521000 111.337210
93.054000 0.849000 93.371000 111.056640
93.862000 0.808000 94.181000 111.482880
94.686000 0.823000 95.001000 111.898360
95.577000 0.891000 95.891000 111.359560
96.489000 0.912000 96.801000 110.541020
97.367000 0.877000 97.681000 109.329350
98.193000 0.826000 98.511000 108.655650
98.971000 0.778000 99.281000 108.263340
99.820000 0.849000 100.131000 108.936220
100.691000 0.871000 101.001000 108.386660
101.577000 0.886000 101.891000 108.207060
102.427000 0.850000 102.741000 108.453700
103.251000 0.824000 103.571000 108.465290
104.093000 0.842000 104.411000 107.960430
104.983000 0.890000 105.291000 107.780830
105.884000 0.900000 106.191000 107.040080
106.778000 0.895000 107.091000 106.232300
107.662000 0.883000 107.981000 105.087670
108.465000 0.803000 108.791000 104.134220
109.241000 0.775000 109.561000 105.895450
110.032000 0.791000 110.341000 107.780830
110.898000 0.866000 111.211000 108.588610
111.815000 0.917000 112.121000 109.586750
112.702000 0.886000 113.021000 109.788690
113.540000 0.838000 113.861000 110.181820
114.370000 0.830000 114.681000 110.440050
115.215000 0.846000 115.531000 110.518670
116.095000 0.880000 116.411000 110.137130
116.935000 0.840000 117.251000 111.887600
117.720000 0.785000 118.031000 112.481850
118.482000 0.762000 118.791000 112.851800
119.269000 0.787000 119.581000 113.412950
120.069000 0.799000 120.381000 113.121620
120.867000 0.798000 121.171000 114.131340
121.698000 0.831000 122.011000 113.099270
122.566000 0.868000 122.871000 111.607030
123.444000 0.878000 123.751000 111.068230
124.303000 0.859000 124.621000 110.484740
125.156000 0.853000 125.471000 109.800280
125.977000 0.821000 126.301000 108.947800
126.760000 0.783000 127.081000 108.116850
127.528000 0.768000 127.841000 109.081880
128.310000 0.782000 128.621000 110.608060
129.194000 0.885000 129.501000 111.887600
130.125000 0.931000 130.431000 112.122650
131.031000 0.906000 131.341000 112.784760
131.919000 0.888000 132.231000 112.975950
132.752000 0.833000 133.071000 112.145000
133.548000 0.796000 133.871000 112.010920
134.311000 0.763000 134.631000 112.089540
135.084000 0.773000 135.391000 113.334320
135.912000 0.828000 136.231000 114.086650
136.795000 0.883000 137.111000 114.815800
137.683000 0.888000 138.001000 115.185760
138.559000 0.876000 138.871000 115.657520
139.432000 0.873000 139.741000 114.916780
140.262000 0.830000 140.581000 113.850770
141.074000 0.812000 141.381000 113.323560
141.874000 0.800000 142.181000 112.447910
142.655000 0.781000 142.961000 112.122650
143.480000 0.825000 143.781000 112.100300
144.314000 0.834000 144.621000 111.819730
145.157000 0.843000 145.471000 111.898360
145.982000 0.825000 146.291000 112.673030
146.746000 0.764000 147.051000 111.763450
147.460000 0.714000 147.771000 111.730350
148.193000 0.733000 148.511000 111.954640
148.943000 0.750000 149.251000 112.336180
149.698000 0.755000 150.011000 113.446880
150.496000 0.798000 150.801000 113.513920
151.328000 0.832000 151.631000 113.604130
152.165000 0.837000 152.471000 113.121620
152.967000 0.802000 153.281000 112.571230
153.752000 0.785000 154.061000 112.571230
154.534000 0.782000 154.841000 112.695380
155.313000 0.779000 155.621000 111.909940
156.097000 0.785000 156.401000 111.651720
156.915000 0.818000 157.221000 111.999330
157.651000 0.736000 157.961000 111.965400
158.342000 0.691000 158.651000 113.211000
159.069000 0.726000 159.381000 113.435290
159.798000 0.729000 160.111000 113.379840
160.569000 0.772000 160.871000 114.680900
161.355000 0.786000 161.661000 113.480810
162.228000 0.873000 162.531000 113.009060
163.088000 0.861000 163.401000 111.506050
163.924000 0.835000 164.231000 110.293550
164.711000 0.787000 165.031000 110.137130
165.456000 0.745000 165.771000 109.497360
166.183000 0.728000 166.501000 110.787660
166.983000 0.799000 167.291000 111.853660
167.833000 0.850000 168.141000 112.582820
168.680000 0.847000 168.991000 112.548890
169.534000 0.853000 169.841000 111.583850
170.320000 0.787000 170.641000 111.258590
171.136000 0.815000 171.451000 111.135270
171.964000 0.828000 172.281000 111.909940
172.816000 0.852000 173.131000 112.291490
173.651000 0.835000 173.961000 112.571230
174.455000 0.804000 174.771000 112.066370
175.227000 0.772000 175.541000 113.637240
176.025000 0.798000 176.331000 114.579930
176.863000 0.838000 177.171000 114.838150
177.690000 0.827000 178.011000 113.828420
178.504000 0.815000 178.821000 112.930430
179.291000 0.787000 179.611000 112.986710
180.104000 0.813000 180.411000 113.715860
180.910000 0.806000 181.221000 113.895460
181.702000 0.792000 182.011000 113.446880
182.490000 0.788000 182.801000 112.818700
183.283000 0.793000 183.601000 112.190520
184.136000 0.853000 184.441000 111.920700
185.000000 0.863000 185.311000 110.630410
185.860000 0.860000 186.171000 108.936220
186.686000 0.826000 187.001000 108.756620
187.486000 0.800000 187.801000 108.173130
188.285000 0.798000 188.601000 108.980910
189.093000 0.808000 189.401000 109.676960
189.951000 0.858000 190.261000 109.744000
190.845000 0.894000 191.151000 109.935180
191.747000 0.902000 192.061000 108.498390
192.606000 0.858000 192.931000 107.320660
193.428000 0.822000 193.741000 107.511010
194.264000 0.837000 194.571000 106.771100
195.123000 0.859000 195.431000 106.333280
195.995000 0.872000 196.311000 105.469220
196.827000 0.832000 197.141000 105.177880
197.624000 0.797000 197.941000 105.682750
198.419000 0.795000 198.731000 105.480800
199.242000 0.823000 199.551000 106.367210
200.121000 0.879000 200.441000 106.456600
201.043000 0.922000 201.361000 106.613850
201.934000 0.891000 202.251000 105.480800
202.791000 0.858000 203.101000 105.110020
203.593000 0.801000 203.921000 104.616740
204.376000 0.784000 204.691000 104.571220
205.152000 0.775000 205.461000 105.547840
205.974000 0.823000 206.281000 106.243060
206.861000 0.887000 207.171000 106.052700
207.747000 0.886000 208.061000 105.985670
208.626000 0.879000 208.941000 104.594400
209.453000 0.827000 209.771000 104.313820
210.254000 0.801000 210.571000 104.403210
211.097000 0.843000 211.411000 105.132360
211.990000 0.893000 212.301000 103.797370
212.872000 0.882000 213.191000 103.943040
213.704000 0.832000 214.031000 103.696400
214.504000 0.800000 214.821000 104.773170
215.343000 0.838000 215.651000 105.267270
216.261000 0.918000 216.571000 105.076080
217.178000 0.917000 217.501000 103.954630
218.049000 0.871000 218.371000 103.539150
218.874000 0.825000 219.191000 103.595430
219.742000 0.867000 220.061000 104.324580
220.638000 0.896000 220.961000 103.225470
221.537000 0.899000 221.861000 102.697430
222.385000 0.847000 222.701000 102.125530
223.171000 0.786000 223.491000 103.101320
223.926000 0.755000 224.241000 104.279890
224.753000 0.827000 225.061000 106.771100
225.623000 0.870000 225.931000 108.173130
226.439000 0.817000 226.751000 110.563370
227.240000 0.801000 227.551000 111.708000
228.065000 0.825000 228.371000 111.988570
228.913000 0.849000 229.231000 113.525510
229.835000 0.922000 230.141000 113.244930
230.754000 0.919000 231.061000 111.146860
231.637000 0.882000 231.951000 109.182860
232.481000 0.845000 232.801000 109.351700
233.378000 0.896000 233.681000 109.317760
234.292000 0.915000 234.601000 107.668270
235.196000 0.904000 235.511000 106.995390
236.035000 0.839000 236.351000 106.400320
236.832000 0.796000 237.141000 107.152640
237.654000 0.823000 237.961000 106.949870
238.514000 0.860000 238.821000 107.107120
239.377000 0.863000 239.691000 108.397420
240.205000 0.828000 240.521000 109.721650
241.092000 0.887000 241.411000 111.583850
241.987000 0.895000 242.311000 111.539160
242.859000 0.872000 243.171000 111.482880
243.684000 0.825000 244.001000 111.730350
244.551000 0.867000 244.871000 112.134240
245.444000 0.892000 245.751000 111.203140
246.321000 0.877000 246.631000 110.596470
247.129000 0.808000 247.451000 110.832350
247.920000 0.791000 248.231000 111.853660
248.778000 0.859000 249.091000 112.190520
249.660000 0.882000 249.971000 111.573090
250.516000 0.855000 250.831000 110.574130
251.321000 0.805000 251.641000 110.305140
252.122000 0.801000 252.441000 110.238100
252.956000 0.834000 253.261000 110.181820
253.815000 0.858000 254.121000 108.667230
254.630000 0.815000 254.941000 108.005120
255.411000 0.781000 255.721000 109.026430
256.190000 0.779000 256.501000 109.283830
257.023000 0.832000 257.331000 110.114780
257.882000 0.859000 258.191000 110.159480
258.747000 0.865000 259.061000 110.697450
259.605000 0.858000 259.921000 109.598330
260.418000 0.814000 260.731000 108.970150
261.209000 0.791000 261.531000 108.577020
261.991000 0.782000 262.311000 108.352730
262.777000 0.786000 263.091000 108.835250
263.625000 0.848000 263.931000 108.992500
264.492000 0.867000 264.801000 108.397420
265.327000 0.836000 265.641000 107.813930
266.124000 0.797000 266.441000 107.421630
266.896000 0.772000 267.211000 107.657510
267.702000 0.806000 268.011000 107.870210
268.465000 0.763000 268.781000 107.904150
269.200000 0.735000 269.511000 107.264380
269.914000 0.714000 270.221000 106.692470
270.642000 0.728000 270.961000 106.995390
271.350000 0.708000 271.661000 108.667230
272.039000 0.689000 272.351000 108.341970
272.720000 0.681000 273.031000 108.094500
273.525000 0.805000 273.821000 107.634330
274.384000 0.859000 274.691000 107.219680
275.194000 0.810000 275.511000 106.636190
275.988000 0.794000 276.301000 106.456600
276.851000 0.863000 277.161000 105.705090
277.767000 0.915000 278.071000 104.717710
278.649000 0.883000 278.971000 103.797370
279.484000 0.835000 279.811000 102.877030
280.283000 0.798000 280.601000 103.101320
281.090000 0.808000 281.411000 103.371140
281.967000 0.876000 282.281000 103.932280
282.859000 0.893000 283.171000 102.798410
283.678000 0.818000 284.001000 103.640120
284.524000 0.847000 284.841000 104.212850
285.403000 0.879000 285.721000 104.403210
286.291000 0.888000 286.601000 104.998290
287.136000 0.845000 287.461000 105.592530
287.970000 0.834000 288.281000 106.490530
288.814000 0.844000 289.131000 107.544950
289.719000 0.904000 290.041000 108.655650
290.608000 0.890000 290.921000 108.431350
291.430000 0.821000 291.741000 108.229410
292.190000 0.761000 292.501000 107.331420
292.935000 0.745000 293.251000 106.995390
293.689000 0.754000 294.001000 107.376940
294.472000 0.783000 294.771000 107.556530
295.380000 0.907000 295.691000 107.107120
296.271000 0.891000 296.591000 105.525500
297.115000 0.844000 297.431000 104.683780
297.894000 0.779000 298.211000 103.876000
298.648000 0.754000 298.971000 106.198370
299.406000 0.758000 299.731000 107.668270
300.220000 0.815000 300.531000 109.542050
301.130000 0.910000 301.441000 111.371150
302.062000 0.931000 302.381000 112.560470
302.991000 0.929000 303.301000 113.053750
303.866000 0.875000 304.181000 111.718760
304.702000 0.837000 305.021000 111.056640
305.559000 0.857000 305.881000 110.024570
306.457000 0.897000 306.761000 108.958560
307.350000 0.893000 307.661000 108.633300
308.212000 0.862000 308.531000 108.027460
309.036000 0.825000 309.351000 109.104230
309.887000 0.851000 310.201000 109.699310
310.711000 0.824000 311.031000 109.463430
311.487000 0.776000 311.801000 109.384800
312.233000 0.746000 312.551000 108.879940
313.022000 0.789000 313.331000 109.508120
313.790000 0.768000 314.111000 109.452670
314.582000 0.792000 314.891000 110.293550
315.430000 0.848000 315.741000 108.970150
316.299000 0.870000 316.611000 108.588610
317.129000 0.829000 317.451000 107.712960
317.903000 0.774000 318.221000 107.522600
318.676000 0.772000 318.991000 108.992500
319.480000 0.804000 319.791000 110.238100
320.344000 0.864000 320.651000 110.731380
321.236000 0.892000 321.541000 109.935180
322.073000 0.838000 322.391000 110.383770
322.895000 0.822000 323.201000 110.843940
323.746000 0.851000 324.061000 110.271210
324.613000 0.867000 324.921000 109.654610
325.484000 0.871000 325.801000 108.173130
326.342000 0.857000 326.661000 107.163400
327.159000 0.817000 327.481000 106.333280
327.973000 0.814000 328.291000 106.579910
328.834000 0.861000 329.151000 106.153680
329.719000 0.885000 330.041000 105.200230
330.567000 0.848000 330.881000 104.223610
331.367000 0.800000 331.681000 104.178920
332.192000 0.825000 332.501000 104.829450
333.047000 0.855000 333.361000 104.481840
333.915000 0.868000 334.231000 104.134220
334.753000 0.838000 335.071000 103.876000
335.562000 0.809000 335.881000 104.212850
336.360000 0.798000 336.671000 105.323550
337.183000 0.823000 337.491000 105.974080
337.990000 0.807000 338.311000 105.996420
338.736000 0.745000 339.051000 105.525500
339.442000 0.706000 339.751000 106.075050
340.220000 0.778000 340.531000 106.198370
340.964000 0.744000 341.281000 105.760550
341.708000 0.744000 342.021000 106.557570
342.517000 0.809000 342.821000 107.084780
343.278000 0.761000 343.581000 105.110020
344.015000 0.736000 344.321000 105.311960
344.755000 0.741000 345.061000 105.222580
345.507000 0.752000 345.821000 105.065320
346.307000 0.799000 346.621000 106.075050
347.184000 0.877000 347.501000 105.525500
348.098000 0.913000 348.411000 103.886760
348.975000 0.877000 349.301000 101.733230
349.797000 0.822000 350.121000 101.519700
350.635000 0.838000 350.951000 102.159470
351.490000 0.855000 351.801000 101.306160
352.345000 0.855000 352.661000 101.126560
353.170000 0.825000 353.491000 101.811030
353.971000 0.802000 354.291000 102.585700
354.815000 0.844000 355.131000 104.144980
355.740000 0.925000 356.051000 104.144980
356.685000 0.945000 357.001000 103.819720
357.633000 0.948000 357.951000 102.686670
358.541000 0.908000 358.861000 101.620670
359.387000 0.846000 359.711000 100.509970
360.195000 0.808000 360.511000 100.801300
360.997000 0.803000 361.311000 101.811030
361.851000 0.854000 362.161000 103.405070
362.784000 0.932000 363.101000 105.210990
363.738000 0.955000 364.061000 106.220720
364.637000 0.899000 364.961000 107.129470
365.562000 0.925000 365.881000 107.589640
366.511000 0.949000 366.821000 106.613850
367.423000 0.912000 367.741000 105.873110
368.288000 0.865000 368.611000 104.885730
369.130000 0.841000 369.441000 106.041120
370.007000 0.877000 370.321000 106.973050
370.926000 0.919000 371.241000 107.455560
371.831000 0.905000 372.151000 107.455560
372.696000 0.865000 373.021000 108.162370
373.528000 0.832000 373.851000 107.702200
374.352000 0.824000 374.671000 108.476050
375.201000 0.849000 375.511000 108.577020
376.105000 0.904000 376.411000 107.993530
377.007000 0.902000 377.331000 107.455560
377.882000 0.875000 378.201000 106.838140
378.703000 0.821000 379.031000 106.468180
379.496000 0.793000 379.811000 105.996420
380.305000 0.809000 380.621000 106.422660
381.163000 0.858000 381.471000 106.545980
382.061000 0.898000 382.371000 105.962490
382.940000 0.878000 383.251000 106.142090
383.798000 0.858000 384.111000 105.278860
384.612000 0.815000 384.931000 104.851790
385.387000 0.775000 385.711000 106.131330
386.185000 0.798000 386.501000 106.176020
387.024000 0.838000 387.341000 107.611990
387.862000 0.839000 388.181000 108.409010
388.636000 0.774000 388.961000 109.351700
389.369000 0.733000 389.681000 110.900220
390.115000 0.746000 390.431000 110.652750
390.868000 0.753000 391.181000 111.034300
391.677000 0.809000 391.981000 111.976980
392.541000 0.864000 392.851000 110.147890
393.376000 0.835000 393.701000 108.610950
394.171000 0.794000 394.491000 107.477910
394.991000 0.820000 395.301000 107.679850
395.849000 0.858000 396.161000 106.400320
396.712000 0.863000 397.031000 105.637230
397.522000 0.810000 397.841000 104.784750
398.315000 0.793000 398.631000 106.624610
399.192000 0.877000 399.511000 105.581770
400.045000 0.853000 400.351000 105.311960
400.872000 0.827000 401.191000 105.727440
401.689000 0.817000 402.011000 106.445010
402.493000 0.805000 402.811000 107.533360
403.385000 0.892000 403.691000 109.048780
404.322000 0.937000 404.641000 108.476050
405.253000 0.931000 405.571000 108.318800
406.159000 0.906000 406.481000 107.264380
406.995000 0.836000 407.321000 106.232300
407.786000 0.791000 408.101000 106.355620
408.596000 0.810000 408.911000 107.623570
409.457000 0.861000 409.771000 108.296450
410.360000 0.904000 410.681000 109.093470
411.274000 0.914000 411.591000 109.182860
412.154000 0.880000 412.481000 108.140020
413.029000 0.875000 413.341000 108.116850
413.944000 0.915000 414.261000 107.096360
414.892000 0.948000 415.211000 105.794480
415.847000 0.955000 416.161000 103.438180
416.724000 0.877000 417.041000 102.832340
417.583000 0.859000 417.901000 103.337200
418.489000 0.906000 418.811000 102.473140
419.357000 0.868000 419.671000 102.147880
420.172000 0.815000 420.491000 102.888620
421.004000 0.832000 421.311000 104.706130
421.907000 0.904000 422.231000 106.523630
422.831000 0.924000 423.151000 107.309070
423.698000 0.867000 424.011000 108.902280
424.586000 0.887000 424.911000 111.169200
425.501000 0.916000 425.811000 111.090580
426.399000 0.898000 426.721000 110.854700
427.286000 0.886000 427.611000 110.349830
428.108000 0.822000 428.431000 109.586750
428.915000 0.807000 429.231000 108.958560
429.767000 0.852000 430.081000 109.374040
430.654000 0.887000 430.971000 108.689580
431.503000 0.849000 431.821000 108.150780
432.341000 0.839000 432.661000 108.442940
433.214000 0.873000 433.521000 108.140020
434.021000 0.807000 434.341000 107.455560
434.786000 0.765000 435.101000 107.208100
435.517000 0.731000 435.841000 106.400320
436.260000 0.743000 436.581000 106.658540
436.999000 0.739000 437.311000 107.051670
437.836000 0.837000 438.141000 107.735310
438.708000 0.872000 439.021000 106.579910
439.591000 0.883000 439.901000 105.895450
440.406000 0.815000 440.721000 104.728470
441.170000 0.764000 441.481000 104.268300
441.919000 0.750000 442.241000 102.978010
442.685000 0.765000 443.001000 103.640120
443.507000 0.822000 443.821000 104.257540
444.403000 0.896000 444.711000 103.494460
445.265000 0.862000 445.581000 101.867310
446.088000 0.823000 446.411000 102.002210
446.968000 0.880000 447.291000 101.620670
447.851000 0.882000 448.171000 100.644880
448.676000 0.825000 448.991000 99.611975
449.470000 0.795000 449.791000 100.588600
450.326000 0.856000 450.641000 100.823650
451.209000 0.883000 451.531000 100.756610
452.076000 0.867000 452.391000 100.207050
452.877000 0.801000 453.201000 99.712948
453.649000 0.772000 453.971000 101.239120
454.460000 0.812000 454.771000 102.652740
455.299000 0.839000 455.611000 103.516800
456.166000 0.866000 456.481000 103.943040
456.918000 0.752000 457.241000 105.121600
457.639000 0.721000 457.951000 106.714820
458.397000 0.758000 458.711000 106.949870
459.212000 0.815000 459.531000 106.535220
460.061000 0.849000 460.381000 107.275960
461.024000 0.963000 461.341000 106.344040
461.964000 0.940000 462.281000 103.987730
462.884000 0.920000 463.201000 101.766330
463.720000 0.836000 464.041000 100.251740
464.513000 0.793000 464.841000 101.531280
465.354000 0.840000 465.671000 101.889650
466.228000 0.875000 466.541000 102.473140
467.135000 0.907000 467.451000 103.068220
468.039000 0.904000 468.361000 103.314860
468.899000 0.860000 469.221000 103.876000
469.757000 0.858000 470.071000 103.583840
470.642000 0.885000 470.951000 103.999320
471.568000 0.926000 471.881000 103.169190
472.515000 0.947000 472.831000 103.707990
473.446000 0.931000 473.771000 103.056630
474.324000 0.877000 474.651000 102.248850
475.149000 0.825000 475.471000 101.699290
475.981000 0.832000 476.291000 102.641980
476.847000 0.866000 477.171000 102.989590
477.749000 0.902000 478.071000 103.011940
478.681000 0.932000 479.001000 103.135260
479.584000 0.903000 479.901000 104.021670
480.437000 0.853000 480.761000 103.886760
481.264000 0.827000 481.581000 104.706130
482.122000 0.858000 482.441000 104.998290
483.026000 0.904000 483.341000 104.975110
483.949000 0.923000 484.261000 104.324580
484.875000 0.927000 485.191000 103.539150
485.759000 0.884000 486.081000 102.978010
486.602000 0.843000 486.921000 102.315890
487.412000 0.810000 487.741000 102.877030
488.213000 0.800000 488.531000 104.122640
489.080000 0.867000 489.401000 104.639090
490.000000 0.921000 490.321000 104.380860
490.912000 0.912000 491.221000 104.324580
491.732000 0.820000 492.051000 104.649850
492.488000 0.757000 492.811000 103.573080
493.274000 0.786000 493.591000 103.528390
494.052000 0.778000 494.371000 104.088700
494.923000 0.870000 495.231000 104.773170
495.825000 0.902000 496.141000 104.538120
496.705000 0.880000 497.021000 104.100290
497.531000 0.826000 497.851000 104.942010
498.387000 0.856000 498.701000 105.334310
499.305000 0.918000 499.611000 105.099260
500.238000 0.934000 500.551000 103.752680
501.103000 0.864000 501.431000 102.978010
501.999000 0.896000 502.311000 103.528390
502.921000 0.922000 503.241000 101.788680
503.767000 0.846000 504.091000 100.970140
504.559000 0.792000 504.871000 101.620670
505.392000 0.833000 505.711000 102.910970
506.290000 0.898000 506.611000 104.122640
507.226000 0.937000 507.551000 105.166300
508.145000 0.919000 508.471000 106.288580
509.004000 0.859000 509.331000 107.006150
509.897000 0.893000 510.211000 108.274100
510.820000 0.923000 511.141000 107.746890
511.743000 0.924000 512.061000 106.579910
512.598000 0.855000 512.921000 105.974080
513.435000 0.837000 513.761000 105.503150
514.317000 0.882000 514.641000 106.232300
515.220000 0.903000 515.541000 105.592530
516.118000 0.898000 516.441000 106.086640
516.968000 0.850000 517.291000 105.974080
517.851000 0.883000 518.161000 106.165260
518.661000 0.809000 518.981000 105.839170
519.421000 0.760000 519.741000 105.907040
520.156000 0.735000 520.481000 105.806070
520.905000 0.749000 521.221000 106.321690
521.713000 0.808000 522.021000 107.960430
522.630000 0.917000 522.941000 107.982770
523.577000 0.947000 523.891000 108.039050
524.489000 0.912000 524.811000 106.344040
525.373000 0.884000 525.691000 105.289620
526.206000 0.832000 526.531000 104.548870
527.019000 0.814000 527.331000 105.446870
527.854000 0.835000 528.171000 106.220720
528.752000 0.898000 529.071000 106.086640
529.672000 0.920000 529.991000 107.242030
530.577000 0.905000 530.891000 107.533360
531.455000 0.878000 531.771000 107.040080
532.305000 0.851000 532.631000 107.298310
533.222000 0.917000 533.531000 107.253620
534.164000 0.942000 534.481000 106.288580
535.066000 0.902000 535.391000 104.919660
535.923000 0.857000 536.241000 103.909930
536.765000 0.842000 537.081000 105.143950
537.631000 0.866000 537.941000 106.165260
538.537000 0.906000 538.861000 108.049810
539.446000 0.909000 539.761000 109.485770
540.318000 0.873000 540.641000 110.563370
541.142000 0.823000 541.461000 111.819730
542.006000 0.865000 542.321000 112.134240
542.912000 0.906000 543.231000 111.146860
543.858000 0.946000 544.181000 109.665370
544.747000 0.889000 545.071000 108.397420
545.606000 0.859000 545.921000 108.397420
546.486000 0.880000 546.801000 107.185750
547.351000 0.865000 547.671000 106.075050
548.183000 0.832000 548.501000 106.692470
549.026000 0.843000 549.351000 108.184720
549.912000 0.886000 550.231000 108.554670
550.771000 0.859000 551.091000 109.037190
551.607000 0.836000 551.931000 110.002220
552.462000 0.855000 552.771000 110.866280
553.370000 0.908000 553.691000 109.901250
554.283000 0.913000 554.601000 109.441080
555.143000 0.861000 555.461000 108.655650
555.959000 0.816000 556.281000 108.778970
556.785000 0.826000 557.101000 109.093470
557.640000 0.855000 557.961000 108.655650
558.547000 0.907000 558.861000 108.140020
559.415000 0.869000 559.741000 106.995390
560.238000 0.823000 560.561000 106.804210
561.063000 0.825000 561.381000 107.185750
561.936000 0.873000 562.251000 106.310930
562.851000 0.914000 563.161000 105.682750
563.743000 0.892000 564.061000 104.649850
564.571000 0.828000 564.891000 103.954630
565.394000 0.823000 565.711000 104.548870
566.248000 0.854000 566.561000 104.268300
567.126000 0.878000 567.441000 103.135260
568.011000 0.885000 568.331000 103.000350
568.832000 0.821000 569.151000 102.630390
569.679000 0.847000 569.991000 102.787650
570.541000 0.862000 570.861000 101.834200
571.404000 0.863000 571.721000 101.340100
572.243000 0.839000 572.571000 101.003250
573.021000 0.778000 573.341000 101.003250
573.758000 0.737000 574.071000 102.652740
574.546000 0.788000 574.861000 104.975110
575.438000 0.892000 575.751000 106.266240
576.346000 0.909000 576.661000 107.466320
577.210000 0.864000 577.531000 107.780830
577.978000 0.768000 578.301000 108.722690
578.705000 0.726000 579.021000 108.241000
579.498000 0.793000 579.821000 107.690610
580.243000 0.745000 580.561000 108.465290
581.019000 0.776000 581.341000 109.834210
581.827000 0.808000 582.141000 111.876010
582.698000 0.871000 583.021000 112.930430
583.532000 0.833000 583.861000 115.152660
584.351000 0.819000 584.661000 116.644900
585.219000 0.868000 585.531000 118.137140
586.128000 0.909000 586.441000 116.857600
587.042000 0.914000 587.351000 116.308050
587.949000 0.907000 588.261000 115.219690
588.831000 0.882000 589.151000 114.456610
589.680000 0.849000 589.991000 114.064300
590.554000 0.874000 590.861000 113.099270
