1.083000 0.613000 1.413000 115.507730
1.712000 0.629000 2.067000 116.698070
2.366000 0.654000 2.695000 117.124920
3.074000 0.708000 3.407000 116.362350
3.795000 0.721000 4.154000 114.622410
4.518000 0.723000 4.854000 114.317390
5.222000 0.705000 5.552000 113.462760
5.903000 0.681000 6.247000 113.005220
6.559000 0.657000 6.886000 112.547680
7.196000 0.636000 7.532000 112.669510
7.827000 0.631000 8.156000 111.937630
8.453000 0.626000 8.787000 111.785120
9.075000 0.622000 9.414000 113.157730
9.698000 0.623000 10.051000 115.202700
10.329000 0.631000 10.655000 117.124920
11.008000 0.679000 11.351000 118.254810
11.762000 0.755000 12.111000 111.601920
12.527000 0.764000 12.855000 116.362350
13.256000 0.729000 13.575000 116.331670
13.961000 0.705000 14.291000 115.995950
14.633000 0.672000 14.960000 115.110640
15.280000 0.647000 15.618000 114.226250
15.902000 0.622000 16.235000 114.317390
16.496000 0.594000 16.831000 113.859850
17.075000 0.579000 17.435000 113.157730
17.646000 0.571000 17.983000 113.738020
18.226000 0.579000 18.553000 115.110640
18.828000 0.603000 19.161000 116.240530
19.491000 0.662000 19.813000 117.155610
20.275000 0.784000 20.598000 115.507730
21.048000 0.773000 21.380000 112.974530
21.778000 0.730000 22.140000 109.495570
22.481000 0.704000 22.808000 111.052320
23.157000 0.676000 23.514000 111.509850
23.817000 0.660000 24.155000 112.364480
24.456000 0.639000 24.781000 113.493450
25.076000 0.620000 25.401000 113.890540
25.691000 0.615000 26.059000 114.775850
26.300000 0.609000 26.639000 115.569100
26.904000 0.604000 27.229000 115.416590
27.517000 0.612000 27.859000 116.271220
28.144000 0.627000 28.473000 117.400180
28.805000 0.661000 29.157000 117.919100
29.503000 0.698000 29.857000 116.728760
30.275000 0.771000 30.600000 115.477040
31.179000 0.904000 31.510000 111.723740
32.014000 0.835000 32.352000 109.556950
32.773000 0.759000 33.129000 103.849820
33.481000 0.708000 33.838000 108.763700
34.154000 0.672000 34.500000 110.350200
34.802000 0.648000 35.143000 113.462760
35.435000 0.633000 35.766000 115.904820
36.050000 0.615000 36.379000 117.186290
36.672000 0.622000 37.000000 117.857720
37.293000 0.621000 37.660000 117.155610
37.919000 0.626000 38.261000 117.522010
38.552000 0.633000 38.880000 115.172010
39.185000 0.633000 39.518000 113.371620
39.820000 0.636000 40.160000 112.638820
40.461000 0.641000 40.786000 112.273350
41.108000 0.647000 41.442000 105.985930
41.760000 0.652000 42.106000 109.556950
42.429000 0.669000 42.760000 112.273350
43.163000 0.734000 43.499000 111.449410
43.914000 0.752000 44.246000 108.824150
44.648000 0.734000 44.984000 108.000210
45.356000 0.708000 45.699000 106.596910
46.036000 0.680000 46.377000 107.420850
46.690000 0.654000 47.066000 109.221240
47.328000 0.638000 47.658000 110.655230
47.950000 0.621000 48.284000 112.364480
48.565000 0.615000 48.886000 114.348070
49.163000 0.599000 49.490000 115.110640
49.754000 0.590000 50.107000 115.629550
50.330000 0.576000 50.667000 113.981670
50.903000 0.573000 51.232000 113.402310
51.493000 0.590000 51.828000 113.890540
52.111000 0.618000 52.458000 113.371620
52.775000 0.664000 53.127000 111.509850
53.512000 0.737000 53.867000 111.540540
54.270000 0.758000 54.611000 109.526260
55.023000 0.752000 55.364000 107.939760
55.744000 0.721000 56.125000 101.194800
56.449000 0.705000 56.785000 107.085130
57.130000 0.681000 57.465000 108.702320
57.786000 0.657000 58.146000 107.604050
58.431000 0.645000 58.767000 111.509850
59.067000 0.636000 59.385000 111.937630
59.700000 0.633000 60.070000 111.479170
60.340000 0.640000 60.685000 105.589770
60.981000 0.641000 61.313000 109.038040
61.633000 0.651000 61.950000 110.259070
62.301000 0.669000 62.645000 111.937630
63.023000 0.722000 63.354000 110.960250
63.752000 0.729000 64.105000 106.688040
64.470000 0.718000 64.806000 110.380890
65.162000 0.692000 65.493000 109.526260
65.831000 0.669000 66.172000 108.397300
66.484000 0.653000 66.831000 105.223370
67.124000 0.641000 67.465000 108.335920
67.754000 0.629000 68.105000 104.277600
68.379000 0.626000 68.725000 110.747290
69.019000 0.640000 69.365000 109.099410
69.664000 0.645000 69.989000 108.305230
70.322000 0.658000 70.673000 105.192680
70.986000 0.664000 71.333000 109.159860
71.685000 0.699000 72.028000 112.700200
72.400000 0.715000 72.752000 111.937630
73.117000 0.716000 73.450000 111.540540
73.814000 0.698000 74.134000 110.350200
74.490000 0.675000 74.830000 109.954040
75.147000 0.657000 75.486000 110.350200
75.788000 0.641000 76.127000 110.045180
76.409000 0.621000 76.740000 110.289760
77.017000 0.608000 77.369000 100.798640
77.621000 0.603000 77.949000 108.000210
78.225000 0.604000 78.553000 109.190550
78.837000 0.612000 79.166000 111.998080
79.492000 0.654000 79.831000 115.141330
80.235000 0.743000 80.572000 113.981670
80.998000 0.763000 81.330000 113.097290
81.731000 0.733000 82.101000 113.371620
82.444000 0.713000 82.768000 113.066600
83.135000 0.691000 83.477000 107.390160
83.804000 0.669000 84.150000 111.571230
84.448000 0.644000 84.776000 112.181280
85.076000 0.628000 85.412000 112.730880
85.687000 0.611000 86.051000 113.524140
86.296000 0.609000 86.646000 115.569100
86.903000 0.607000 87.225000 116.300980
87.511000 0.608000 87.846000 115.172010
88.127000 0.617000 88.452000 113.524140
88.745000 0.617000 89.100000 114.592650
89.377000 0.632000 89.711000 115.904820
90.048000 0.671000 90.375000 116.606000
90.854000 0.806000 91.175000 114.592650
91.838000 0.984000 92.170000 110.014490
92.658000 0.820000 93.006000 108.397300
93.407000 0.749000 93.767000 105.192680
94.117000 0.710000 94.460000 108.183410
94.790000 0.673000 95.157000 109.831290
95.439000 0.649000 95.779000 112.119900
96.060000 0.621000 96.386000 114.348070
96.666000 0.606000 96.988000 115.080880
97.264000 0.598000 97.593000 116.331670
97.861000 0.597000 98.196000 116.972400
98.459000 0.599000 98.774000 117.888410
99.063000 0.604000 99.388000 117.613140
99.677000 0.614000 100.007000 115.935510
100.299000 0.623000 100.629000 109.983800
100.936000 0.636000 101.272000 109.556950
101.583000 0.647000 101.915000 113.066600
102.232000 0.650000 102.568000 113.097290
102.894000 0.662000 103.254000 112.700200
103.615000 0.720000 103.953000 111.509850
104.430000 0.816000 104.768000 107.909070
105.244000 0.814000 105.587000 105.925480
106.001000 0.757000 106.334000 103.148640
106.712000 0.710000 107.088000 103.178400
107.390000 0.678000 107.728000 96.922596
108.043000 0.653000 108.371000 107.176270
108.678000 0.635000 109.010000 110.777980
109.295000 0.617000 109.629000 113.890540
109.897000 0.602000 110.229000 111.235520
110.500000 0.603000 110.828000 112.333790
111.111000 0.611000 111.434000 113.066600
111.727000 0.616000 112.074000 117.888410
112.342000 0.615000 112.674000 117.888410
112.948000 0.606000 113.286000 116.271220
113.534000 0.586000 113.864000 113.738020
114.117000 0.582000 114.447000 113.493450
114.711000 0.594000 115.069000 112.364480
115.328000 0.617000 115.654000 107.115820
115.980000 0.652000 116.304000 111.052320
116.662000 0.683000 116.993000 109.983800
117.371000 0.709000 117.703000 108.640950
118.075000 0.704000 118.429000 107.604050
118.764000 0.689000 119.129000 100.798640
119.434000 0.669000 119.785000 104.308290
120.085000 0.651000 120.453000 106.321640
120.723000 0.638000 121.071000 112.333790
121.347000 0.624000 121.693000 109.587640
121.957000 0.610000 122.298000 110.289760
122.568000 0.611000 122.899000 115.080880
123.180000 0.612000 123.515000 108.763700
123.798000 0.618000 124.155000 114.714480
124.419000 0.621000 124.764000 115.416590
125.037000 0.618000 125.382000 111.449410
125.659000 0.621000 125.989000 115.507730
126.275000 0.617000 126.609000 113.066600
126.896000 0.621000 127.248000 113.066600
127.530000 0.633000 127.869000 114.683790
128.179000 0.650000 128.516000 115.446350
128.843000 0.664000 129.178000 116.300980
129.541000 0.698000 129.881000 116.911960
130.281000 0.740000 130.629000 114.775850
131.013000 0.732000 131.363000 107.451540
131.719000 0.705000 132.092000 104.826280
132.405000 0.686000 132.750000 111.631680
133.069000 0.664000 133.397000 113.829160
133.714000 0.645000 134.050000 109.618330
134.345000 0.631000 134.670000 116.393040
134.968000 0.622000 135.290000 117.979540
135.580000 0.612000 135.930000 119.017370
136.192000 0.613000 136.554000 120.268160
136.812000 0.620000 137.135000 121.092100
137.439000 0.626000 137.770000 118.284570
138.074000 0.636000 138.411000 121.092100
138.708000 0.634000 139.077000 119.779940
139.341000 0.633000 139.676000 116.271220
139.975000 0.634000 140.314000 115.599790
140.607000 0.632000 140.932000 115.965260
141.254000 0.647000 141.577000 118.254810
141.944000 0.690000 142.271000 119.108510
142.695000 0.751000 143.031000 119.414460
143.439000 0.744000 143.771000 117.491320
144.161000 0.722000 144.491000 116.698070
144.851000 0.690000 145.191000 115.843440
145.524000 0.672000 145.860000 114.958120
146.172000 0.648000 146.498000 110.411580
146.804000 0.632000 147.154000 115.874130
147.428000 0.624000 147.774000 117.155610
148.047000 0.619000 148.373000 119.017370
148.662000 0.615000 148.990000 121.489190
149.286000 0.624000 149.634000 122.313130
149.919000 0.633000 150.258000 121.489190
150.565000 0.646000 150.896000 120.634560
151.221000 0.656000 151.550000 118.650970
151.886000 0.665000 152.217000 117.857720
152.568000 0.682000 152.914000 119.017370
153.286000 0.719000 153.634000 118.315260
154.016000 0.729000 154.356000 114.683790
154.718000 0.702000 155.086000 114.592650
155.393000 0.676000 155.732000 108.794390
156.048000 0.655000 156.394000 113.950980
156.685000 0.636000 157.078000 115.110640
157.296000 0.611000 157.633000 112.333790
157.887000 0.591000 158.238000 117.522010
158.462000 0.575000 158.807000 118.162750
159.021000 0.559000 159.355000 121.062340
159.571000 0.550000 159.905000 123.350960
160.124000 0.553000 160.457000 124.266030
160.695000 0.571000 161.076000 123.839180
161.278000 0.583000 161.597000 126.189180
161.884000 0.606000 162.216000 123.045930
162.494000 0.611000 162.836000 118.284570
163.107000 0.613000 163.436000 118.284570
163.733000 0.626000 164.085000 117.338810
164.394000 0.661000 164.753000 120.268160
165.057000 0.663000 165.385000 119.779940
165.714000 0.657000 166.071000 118.681660
166.361000 0.646000 166.703000 116.606000
166.991000 0.630000 167.335000 117.522010
167.608000 0.618000 167.935000 117.857720
168.220000 0.612000 168.552000 118.284570
168.824000 0.604000 169.166000 119.291710
169.421000 0.597000 169.755000 117.522010
170.017000 0.596000 170.353000 121.153480
170.607000 0.590000 170.940000 121.733770
171.202000 0.596000 171.561000 121.794220
171.803000 0.601000 172.144000 122.496330
172.408000 0.605000 172.738000 122.251750
173.011000 0.603000 173.354000 119.841310
173.628000 0.617000 173.961000 114.714480
174.260000 0.632000 174.600000 117.124920
174.912000 0.653000 175.240000 116.698070
175.586000 0.673000 175.921000 115.507730
176.316000 0.731000 176.640000 115.110640
177.173000 0.857000 177.503000 113.433000
177.950000 0.776000 178.301000 107.542670
178.675000 0.726000 179.015000 110.259070
179.369000 0.694000 179.712000 109.404440
180.036000 0.667000 180.381000 112.333790
180.690000 0.654000 181.061000 114.714480
181.324000 0.634000 181.657000 116.728760
181.946000 0.622000 182.273000 117.827030
182.560000 0.613000 182.901000 119.841310
183.172000 0.612000 183.512000 119.750180
183.791000 0.619000 184.153000 118.895550
184.411000 0.620000 184.739000 121.092100
185.043000 0.633000 185.382000 120.207710
185.690000 0.647000 186.071000 120.146340
186.337000 0.646000 186.669000 119.322400
186.982000 0.646000 187.307000 119.017370
187.631000 0.649000 187.962000 118.650970
188.268000 0.637000 188.601000 114.653100
188.891000 0.623000 189.222000 110.380890
189.506000 0.615000 189.848000 110.777980
190.120000 0.614000 190.446000 113.921230
190.744000 0.624000 191.102000 113.402310
191.401000 0.657000 191.743000 119.048060
192.081000 0.679000 192.422000 119.810620
192.769000 0.689000 193.119000 116.209840
193.453000 0.684000 193.777000 118.895550
194.126000 0.673000 194.467000 117.124920
194.783000 0.657000 195.148000 111.509850
195.426000 0.643000 195.766000 115.935510
196.050000 0.625000 196.365000 115.904820
196.661000 0.611000 197.000000 116.179150
197.269000 0.608000 197.609000 118.743040
197.884000 0.614000 198.213000 118.956000
198.494000 0.611000 198.814000 116.636690
199.113000 0.619000 199.447000 113.127040
199.741000 0.628000 200.096000 112.181280
200.386000 0.645000 200.719000 118.620280
201.075000 0.689000 201.409000 117.888410
201.807000 0.732000 202.136000 118.926240
202.536000 0.730000 202.868000 117.948860
203.249000 0.713000 203.575000 116.362350
203.940000 0.691000 204.268000 115.507730
204.603000 0.663000 204.974000 110.045180
205.246000 0.643000 205.590000 114.745160
205.869000 0.623000 206.207000 117.460630
206.480000 0.611000 206.794000 118.712350
207.087000 0.607000 207.414000 119.841310
207.692000 0.605000 208.017000 121.581260
208.298000 0.606000 208.632000 123.045930
208.915000 0.617000 209.245000 123.381650
209.542000 0.627000 209.856000 122.313130
210.173000 0.631000 210.511000 115.569100
210.807000 0.633000 211.133000 117.888410
211.442000 0.636000 211.775000 118.284570
212.088000 0.646000 212.413000 121.122790
212.757000 0.669000 213.102000 118.895550
213.425000 0.668000 213.754000 122.710220
214.090000 0.665000 214.457000 121.886280
214.742000 0.651000 215.095000 121.092100
215.379000 0.637000 215.697000 119.414460
216.012000 0.633000 216.355000 117.827030
216.632000 0.620000 216.963000 118.559840
217.242000 0.609000 217.577000 119.078750
217.840000 0.599000 218.178000 119.474910
218.434000 0.594000 218.776000 115.874130
219.026000 0.592000 219.364000 117.033780
219.622000 0.596000 219.959000 118.345950
220.231000 0.609000 220.582000 117.460630
220.875000 0.644000 221.205000 124.601750
221.549000 0.674000 221.883000 125.029530
222.229000 0.679000 222.565000 124.632440
222.905000 0.677000 223.258000 123.839180
223.571000 0.666000 223.912000 122.191310
224.226000 0.655000 224.564000 121.031650
224.858000 0.632000 225.204000 119.383780
225.478000 0.620000 225.819000 119.779940
226.088000 0.609000 226.454000 120.055200
226.689000 0.601000 227.025000 122.679530
227.292000 0.603000 227.622000 123.534160
227.903000 0.611000 228.230000 124.082830
228.525000 0.623000 228.848000 125.303860
229.156000 0.631000 229.481000 124.998840
229.797000 0.641000 230.142000 124.571990
230.440000 0.643000 230.784000 124.266030
231.075000 0.635000 231.423000 122.740910
231.708000 0.633000 232.089000 120.970280
232.332000 0.623000 232.667000 113.462760
232.942000 0.611000 233.284000 113.005220
233.554000 0.612000 233.878000 117.765660
234.173000 0.619000 234.507000 121.458500
234.821000 0.648000 235.146000 123.869870
235.489000 0.669000 235.809000 123.808500
236.165000 0.675000 236.503000 122.648840
236.839000 0.674000 237.166000 122.313130
237.500000 0.661000 237.850000 121.062340
238.142000 0.642000 238.479000 120.115650
238.772000 0.630000 239.109000 113.097290
239.397000 0.625000 239.750000 120.695940
240.004000 0.607000 240.350000 121.031650
240.601000 0.597000 240.940000 122.587470
241.185000 0.584000 241.515000 124.174900
241.765000 0.580000 242.112000 119.017370
242.345000 0.581000 242.675000 126.585340
242.916000 0.570000 243.235000 125.425690
243.482000 0.566000 243.828000 121.855590
244.062000 0.581000 244.390000 118.650970
244.658000 0.596000 244.975000 121.062340
245.305000 0.647000 245.629000 115.935510
246.019000 0.714000 246.336000 120.512740
246.758000 0.739000 247.090000 116.331670
247.488000 0.730000 247.814000 117.796340
248.198000 0.710000 248.551000 115.904820
248.887000 0.689000 249.231000 114.286700
249.555000 0.668000 249.886000 110.716600
250.206000 0.651000 250.548000 110.197690
250.845000 0.639000 251.196000 111.479170
251.471000 0.626000 251.808000 111.021630
252.094000 0.623000 252.437000 112.303110
252.721000 0.628000 253.073000 110.777980
253.385000 0.663000 253.727000 119.291710
254.149000 0.765000 254.500000 119.810620
255.157000 1.008000 255.498000 117.888410
256.063000 0.905000 256.398000 115.569100
256.870000 0.808000 257.203000 115.446350
257.625000 0.754000 257.979000 112.730880
258.334000 0.710000 258.669000 114.897680
259.012000 0.678000 259.348000 115.172010
259.666000 0.654000 260.018000 113.493450
260.296000 0.631000 260.657000 113.097290
260.916000 0.620000 261.264000 115.019500
261.531000 0.614000 261.861000 117.124920
262.151000 0.620000 262.498000 116.300980
262.779000 0.628000 263.146000 110.747290
263.420000 0.641000 263.743000 116.300980
264.099000 0.679000 264.445000 117.522010
264.880000 0.781000 265.204000 117.522010
265.911000 1.031000 266.241000 115.172010
266.784000 0.873000 267.147000 113.035910
267.578000 0.793000 267.915000 112.578370
268.316000 0.738000 268.667000 113.066600
269.012000 0.696000 269.353000 113.371620
269.677000 0.666000 270.014000 114.958120
270.315000 0.637000 270.642000 117.491320
270.933000 0.618000 271.264000 117.827030
271.545000 0.612000 271.874000 118.559840
272.156000 0.612000 272.485000 119.474910
272.766000 0.610000 273.122000 115.935510
273.379000 0.613000 273.722000 117.155610
274.002000 0.623000 274.342000 117.491320
274.632000 0.630000 274.975000 117.400180
275.286000 0.653000 275.630000 118.712350
275.978000 0.692000 276.309000 117.460630
276.739000 0.761000 277.104000 115.935510
277.509000 0.770000 277.851000 112.638820
278.241000 0.732000 278.584000 111.235520
278.945000 0.704000 279.272000 110.655230
279.625000 0.680000 279.964000 110.807740
280.279000 0.655000 280.625000 111.937630
280.903000 0.624000 281.250000 112.730880
281.512000 0.609000 281.848000 113.890540
282.112000 0.600000 282.454000 110.838430
282.716000 0.604000 283.073000 116.698070
283.332000 0.615000 283.646000 117.552700
283.953000 0.621000 284.291000 116.300980
284.596000 0.643000 284.928000 115.569100
285.253000 0.657000 285.590000 116.271220
285.925000 0.673000 286.270000 115.141330
286.625000 0.700000 286.968000 113.890540
287.379000 0.755000 287.742000 109.526260
288.198000 0.819000 288.549000 111.113690
289.033000 0.835000 289.371000 109.526260
289.813000 0.780000 290.156000 106.657350
290.551000 0.738000 290.899000 102.690170
291.259000 0.707000 291.597000 106.657350
291.943000 0.684000 292.312000 101.591900
292.605000 0.663000 292.937000 110.319510
293.250000 0.644000 293.591000 111.571230
293.885000 0.636000 294.218000 112.669510
294.514000 0.628000 294.837000 105.956170
295.137000 0.624000 295.472000 113.921230
295.765000 0.627000 296.136000 109.221240
296.397000 0.632000 296.737000 112.333790
297.023000 0.626000 297.358000 110.319510
297.644000 0.620000 297.979000 108.671640
298.264000 0.620000 298.607000 108.702320
298.888000 0.624000 299.221000 108.733010
299.524000 0.636000 299.851000 109.068730
300.195000 0.671000 300.537000 109.221240
300.902000 0.708000 301.249000 107.817010
301.722000 0.820000 302.068000 108.244790
302.517000 0.795000 302.857000 107.542670
303.259000 0.743000 303.600000 106.718730
303.963000 0.704000 304.303000 107.390160
304.638000 0.675000 304.977000 108.335920
305.289000 0.651000 305.637000 110.838430
305.922000 0.633000 306.259000 113.921230
306.536000 0.614000 306.877000 116.728760
307.142000 0.605000 307.478000 118.284570
307.743000 0.602000 308.099000 117.888410
308.349000 0.606000 308.682000 120.603870
308.942000 0.593000 309.278000 119.414460
309.522000 0.579000 309.867000 119.474910
310.103000 0.582000 310.436000 120.970280
310.703000 0.600000 311.060000 121.519880
311.315000 0.612000 311.647000 118.986680
311.934000 0.619000 312.261000 113.950980
312.560000 0.626000 312.884000 115.569100
313.188000 0.628000 313.536000 112.944770
313.825000 0.637000 314.158000 113.371620
314.498000 0.673000 314.843000 116.300980
315.224000 0.726000 315.558000 117.765660
315.977000 0.752000 316.329000 113.921230
316.709000 0.732000 317.077000 115.293840
317.414000 0.704000 317.746000 115.599790
318.095000 0.682000 318.429000 114.378760
318.757000 0.662000 319.131000 110.014490
319.404000 0.647000 319.746000 116.698070
320.030000 0.626000 320.367000 119.414460
320.649000 0.619000 320.974000 121.458500
321.264000 0.615000 321.594000 122.251750
321.877000 0.613000 322.203000 123.320270
322.498000 0.621000 322.836000 123.869870
323.137000 0.639000 323.473000 123.442090
323.793000 0.656000 324.129000 121.855590
324.442000 0.649000 324.773000 120.665250
325.089000 0.647000 325.446000 115.782060
325.727000 0.638000 326.070000 118.620280
326.359000 0.632000 326.690000 115.904820
326.983000 0.624000 327.312000 113.890540
327.609000 0.626000 327.959000 108.275470
328.238000 0.629000 328.572000 114.683790
328.881000 0.643000 329.212000 115.904820
329.560000 0.680000 329.892000 117.948860
330.286000 0.726000 330.618000 117.796340
330.994000 0.708000 331.334000 117.522010
331.688000 0.694000 332.040000 116.759450
332.368000 0.680000 332.714000 115.874130
333.029000 0.662000 333.354000 117.124920
333.678000 0.649000 334.018000 118.284570
334.318000 0.640000 334.655000 119.810620
334.945000 0.627000 335.281000 120.268160
335.564000 0.619000 335.894000 122.191310
336.178000 0.614000 336.500000 118.650970
336.782000 0.604000 337.116000 120.298850
337.370000 0.588000 337.697000 119.383780
337.958000 0.589000 338.280000 123.869870
338.536000 0.578000 338.871000 122.587470
339.106000 0.570000 339.441000 119.414460
339.678000 0.573000 340.002000 118.650970
340.267000 0.588000 340.597000 118.650970
340.880000 0.614000 341.212000 117.369490
341.526000 0.646000 341.849000 117.003090
342.195000 0.669000 342.524000 116.728760
342.897000 0.702000 343.261000 115.538420
343.593000 0.696000 343.940000 112.242660
344.270000 0.677000 344.608000 112.150590
344.934000 0.664000 345.261000 112.242660
345.583000 0.649000 345.922000 109.618330
346.227000 0.644000 346.561000 113.035910
346.864000 0.637000 347.201000 118.224120
347.486000 0.623000 347.826000 118.650970
348.106000 0.620000 348.462000 112.700200
348.729000 0.623000 349.088000 119.902690
349.355000 0.626000 349.689000 119.383780
349.988000 0.632000 350.326000 117.522010
350.625000 0.637000 350.966000 113.829160
351.274000 0.649000 351.607000 116.331670
351.928000 0.654000 352.264000 117.919100
352.597000 0.669000 352.938000 119.322400
353.301000 0.704000 353.636000 120.146340
354.012000 0.711000 354.359000 118.498460
354.714000 0.702000 355.070000 118.224120
355.403000 0.690000 355.740000 117.400180
356.075000 0.671000 356.409000 117.857720
356.729000 0.655000 357.093000 117.064470
357.368000 0.639000 357.705000 116.698070
357.993000 0.625000 358.334000 118.193430
358.611000 0.618000 358.925000 118.590520
359.226000 0.615000 359.553000 120.177030
359.834000 0.609000 360.154000 119.383780
360.457000 0.622000 360.790000 117.888410
361.083000 0.627000 361.427000 119.474910
361.720000 0.637000 362.051000 114.745160
362.383000 0.663000 362.715000 121.855590
363.089000 0.706000 363.408000 121.916970
363.807000 0.719000 364.137000 120.543430
364.511000 0.704000 364.855000 119.810620
365.199000 0.688000 365.549000 120.268160
365.872000 0.673000 366.215000 117.827030
366.527000 0.655000 366.865000 115.110640
367.168000 0.641000 367.493000 117.430870
367.788000 0.620000 368.154000 115.477040
368.401000 0.613000 368.728000 119.444220
369.010000 0.609000 369.332000 116.728760
369.617000 0.608000 369.949000 122.313130
370.228000 0.611000 370.553000 122.251750
370.849000 0.621000 371.175000 119.810620
371.474000 0.625000 371.811000 118.284570
372.117000 0.643000 372.451000 119.048060
372.779000 0.662000 373.147000 115.843440
373.458000 0.679000 373.784000 122.099240
374.152000 0.694000 374.473000 121.886280
374.854000 0.702000 375.183000 119.322400
375.548000 0.694000 375.883000 118.101370
376.229000 0.681000 376.571000 117.124920
376.894000 0.664000 377.263000 118.193430
377.539000 0.645000 377.886000 114.622410
378.171000 0.633000 378.499000 117.400180
378.794000 0.623000 379.144000 118.132060
379.411000 0.617000 379.759000 118.986680
380.021000 0.610000 380.353000 119.841310
380.616000 0.595000 380.940000 120.695940
381.197000 0.582000 381.533000 113.921230
381.779000 0.581000 382.132000 115.141330
382.370000 0.591000 382.713000 116.728760
382.978000 0.608000 383.312000 119.383780
383.656000 0.679000 383.994000 119.902690
384.375000 0.719000 384.714000 119.048060
385.106000 0.731000 385.461000 118.284570
385.820000 0.714000 386.155000 117.095160
386.520000 0.700000 386.863000 115.507730
387.213000 0.693000 387.542000 115.965260
387.887000 0.674000 388.242000 114.745160
388.549000 0.662000 388.894000 116.698070
389.200000 0.651000 389.560000 116.698070
389.842000 0.642000 390.194000 118.162750
390.478000 0.635000 390.822000 117.460630
391.113000 0.636000 391.453000 117.796340
391.761000 0.648000 392.122000 116.728760
392.435000 0.674000 392.767000 118.926240
393.138000 0.702000 393.479000 120.268160
393.952000 0.814000 394.283000 119.474910
394.760000 0.808000 395.122000 115.569100
395.541000 0.781000 395.883000 116.300980
396.291000 0.750000 396.641000 115.904820
397.029000 0.738000 397.368000 114.195560
397.729000 0.700000 398.082000 113.493450
398.404000 0.675000 398.762000 113.890540
399.062000 0.658000 399.402000 115.599790
399.705000 0.644000 400.081000 117.124920
400.344000 0.639000 400.682000 118.590520
400.983000 0.639000 401.328000 119.474910
401.636000 0.653000 401.968000 117.827030
402.292000 0.656000 402.646000 117.522010
402.952000 0.661000 403.286000 116.728760
403.618000 0.666000 403.950000 117.827030
404.317000 0.699000 404.660000 117.827030
405.039000 0.722000 405.368000 119.414460
405.765000 0.726000 406.087000 114.745160
406.479000 0.714000 406.825000 116.331670
407.169000 0.690000 407.507000 115.599790
407.835000 0.666000 408.164000 114.745160
408.486000 0.651000 408.826000 113.890540
409.126000 0.639000 409.467000 112.700200
409.755000 0.629000 410.118000 115.812750
410.373000 0.618000 410.726000 113.890540
410.994000 0.621000 411.345000 118.986680
411.618000 0.623000 411.949000 119.872000
412.250000 0.632000 412.576000 118.864860
412.896000 0.646000 413.228000 117.857720
413.574000 0.678000 413.904000 117.857720
414.265000 0.692000 414.604000 117.095160
414.988000 0.722000 415.318000 117.400180
415.722000 0.734000 416.093000 117.124920
416.440000 0.719000 416.793000 111.052320
417.144000 0.703000 417.479000 114.653100
417.825000 0.681000 418.167000 114.745160
418.515000 0.691000 418.855000 114.988810
419.185000 0.670000 419.548000 111.113690
419.832000 0.647000 420.167000 113.890540
420.462000 0.630000 420.793000 115.080880
421.082000 0.620000 421.425000 114.745160
421.696000 0.614000 422.073000 113.005220
422.317000 0.620000 422.658000 112.609060
422.937000 0.620000 423.285000 115.141330
423.584000 0.647000 423.946000 116.300980
424.285000 0.702000 424.645000 115.569100
425.094000 0.809000 425.447000 115.935510
426.154000 1.060000 426.486000 113.066600
427.038000 0.884000 427.385000 110.777980
427.837000 0.799000 428.191000 111.174140
428.584000 0.747000 428.933000 111.571230
429.288000 0.704000 429.667000 113.035910
429.966000 0.678000 430.314000 114.653100
430.623000 0.657000 430.966000 116.636690
431.254000 0.631000 431.591000 118.254810
431.868000 0.613000 432.206000 119.902690
432.464000 0.596000 432.805000 120.115650
433.048000 0.584000 433.386000 119.658110
433.633000 0.585000 433.970000 118.193430
434.238000 0.605000 434.585000 115.843440
434.858000 0.621000 435.193000 115.935510
435.507000 0.649000 435.830000 115.538420
436.178000 0.671000 436.528000 113.890540
436.888000 0.710000 437.209000 113.493450
437.672000 0.784000 438.012000 111.906950
438.615000 0.943000 438.963000 109.495570
439.481000 0.866000 439.851000 103.544800
440.288000 0.807000 440.638000 104.704450
441.033000 0.745000 441.382000 105.040160
441.750000 0.716000 442.100000 99.851951
442.435000 0.686000 442.782000 108.214100
443.097000 0.661000 443.450000 109.587640
443.736000 0.639000 444.082000 113.768710
444.361000 0.625000 444.693000 114.745160
444.983000 0.623000 445.311000 115.080880
445.604000 0.620000 445.951000 115.141330
446.225000 0.622000 446.558000 114.805610
446.851000 0.626000 447.192000 112.303110
447.493000 0.642000 447.831000 111.174140
448.146000 0.652000 448.492000 111.143450
448.816000 0.670000 449.151000 109.983800
449.512000 0.696000 449.852000 109.221240
450.231000 0.720000 450.572000 109.526260
451.038000 0.807000 451.378000 107.878380
451.858000 0.820000 452.196000 107.145580
452.634000 0.775000 452.978000 106.321640
453.366000 0.733000 453.709000 105.406570
454.068000 0.702000 454.407000 107.023760
454.743000 0.675000 455.102000 104.399430
455.397000 0.653000 455.734000 106.718730
456.029000 0.632000 456.367000 114.164870
456.644000 0.615000 456.987000 115.507730
457.245000 0.601000 457.578000 116.698070
457.831000 0.586000 458.174000 116.362350
458.408000 0.577000 458.747000 117.033780
458.992000 0.584000 459.349000 117.308120
459.587000 0.595000 459.918000 116.362350
460.212000 0.625000 460.536000 114.348070
460.866000 0.654000 461.200000 110.838430
461.539000 0.674000 461.879000 109.587640
462.219000 0.680000 462.564000 107.909070
