10.276000 0.889000 10.609000 129.088480
11.203000 0.927000 11.541000 125.792500
12.083000 0.880000 12.420000 127.013430
13.023000 0.941000 13.348000 129.484340
13.919000 0.896000 14.248000 129.057280
14.799000 0.880000 15.128000 130.278220
15.713000 0.915000 16.077000 124.357510
16.633000 0.920000 16.969000 126.249680
17.520000 0.887000 17.868000 127.043550
18.431000 0.910000 18.760000 131.407710
19.363000 0.932000 19.696000 130.583720
20.263000 0.900000 20.587000 128.691540
21.179000 0.916000 21.517000 127.806230
22.104000 0.924000 22.439000 129.057280
22.990000 0.887000 23.320000 127.470610
23.874000 0.884000 24.208000 129.912470
24.784000 0.909000 25.113000 130.645030
25.703000 0.919000 26.055000 127.837430
26.587000 0.884000 26.928000 130.278220
27.489000 0.902000 27.828000 129.515540
28.430000 0.941000 28.766000 131.804650
29.363000 0.934000 29.728000 123.106450
30.265000 0.902000 30.596000 129.821040
31.198000 0.933000 31.514000 130.645030
32.154000 0.956000 32.496000 129.942590
33.070000 0.916000 33.408000 128.324730
33.983000 0.913000 34.308000 128.752860
34.913000 0.929000 35.245000 129.484340
35.814000 0.902000 36.157000 128.294610
36.703000 0.889000 37.055000 129.545660
37.611000 0.907000 37.947000 130.645030
38.522000 0.911000 38.854000 130.645030
39.427000 0.905000 39.764000 129.424100
40.356000 0.930000 40.703000 132.628640
41.302000 0.946000 41.633000 127.928860
42.207000 0.904000 42.544000 130.248100
43.119000 0.912000 43.446000 131.743330
44.063000 0.944000 44.413000 125.059940
45.003000 0.941000 45.344000 126.249680
45.896000 0.893000 46.213000 129.545660
46.800000 0.904000 47.134000 130.705270
47.728000 0.928000 48.075000 127.134990
48.600000 0.872000 48.938000 129.972710
49.449000 0.849000 49.780000 129.118600
50.193000 0.744000 50.533000 129.912470
50.986000 0.793000 51.302000 132.293020
51.911000 0.925000 52.242000 130.339530
52.865000 0.954000 53.196000 119.963230
53.759000 0.894000 54.115000 129.759720
54.701000 0.942000 55.048000 122.649280
55.665000 0.963000 56.037000 127.500730
56.512000 0.847000 56.838000 127.867550
57.335000 0.823000 57.678000 122.770830
58.285000 0.951000 58.611000 130.125460
59.290000 1.005000 59.631000 127.104870
60.251000 0.960000 60.613000 124.297270
61.234000 0.983000 61.565000 127.928860
62.152000 0.918000 62.498000 126.311000
63.044000 0.892000 63.412000 123.106450
63.974000 0.930000 64.296000 127.897670
64.924000 0.950000 65.259000 127.928860
65.837000 0.912000 66.169000 127.043550
66.750000 0.913000 67.108000 124.235950
67.713000 0.963000 68.059000 123.869130
68.680000 0.967000 69.029000 126.616500
69.613000 0.933000 69.948000 127.500730
70.556000 0.943000 70.878000 127.897670
71.519000 0.963000 71.860000 122.740710
72.455000 0.936000 72.808000 125.425690
73.358000 0.903000 73.721000 126.616500
74.273000 0.915000 74.629000 118.712180
75.207000 0.934000 75.539000 125.883940
76.109000 0.902000 76.428000 126.219560
77.031000 0.921000 77.349000 126.707930
77.999000 0.968000 78.316000 125.852740
78.941000 0.942000 79.309000 118.742300
79.874000 0.933000 80.199000 125.456880
80.818000 0.944000 81.144000 124.754440
81.769000 0.951000 82.066000 124.297270
82.710000 0.941000 83.048000 122.313660
83.683000 0.974000 84.025000 125.822620
84.634000 0.951000 84.957000 124.724320
85.549000 0.915000 85.888000 128.233290
86.495000 0.946000 86.816000 129.484340
87.455000 0.960000 87.786000 128.691540
88.374000 0.919000 88.717000 129.088480
89.314000 0.940000 89.646000 130.369650
90.279000 0.965000 90.602000 129.088480
91.224000 0.945000 91.567000 126.646620
92.166000 0.942000 92.503000 128.324730
93.146000 0.980000 93.475000 127.013430
94.100000 0.954000 94.445000 125.059940
95.050000 0.950000 95.372000 126.189440
96.034000 0.984000 96.359000 126.676740
96.991000 0.957000 97.325000 125.822620
97.907000 0.916000 98.231000 127.409300
98.860000 0.953000 99.184000 127.897670
99.827000 0.967000 100.154000 125.852740
100.753000 0.926000 101.102000 126.555180
101.704000 0.951000 102.052000 121.549900
102.643000 0.938000 102.972000 125.456880
103.561000 0.919000 103.881000 127.073670
104.525000 0.964000 104.854000 126.707930
105.506000 0.981000 105.844000 120.268730
106.446000 0.940000 106.770000 124.693130
107.407000 0.961000 107.729000 124.724320
108.356000 0.950000 108.684000 123.167770
109.264000 0.908000 109.608000 114.775080
110.196000 0.931000 110.517000 124.297270
111.139000 0.943000 111.472000 118.712180
112.040000 0.901000 112.370000 123.626020
112.955000 0.915000 113.293000 125.151380
113.904000 0.950000 114.232000 122.343780
114.815000 0.910000 115.151000 120.695790
115.751000 0.936000 116.119000 121.489660
116.722000 0.972000 117.072000 117.949500
117.656000 0.933000 118.012000 120.787220
118.592000 0.936000 118.918000 122.740710
119.543000 0.951000 119.868000 123.106450
120.471000 0.927000 120.807000 121.519780
121.377000 0.907000 121.730000 123.900330
122.313000 0.935000 122.642000 124.266070
123.266000 0.954000 123.608000 123.533510
124.181000 0.915000 124.515000 117.979620
125.096000 0.915000 125.421000 125.365450
126.040000 0.944000 126.354000 124.693130
126.968000 0.927000 127.299000 123.137650
127.871000 0.904000 128.212000 123.503390
128.813000 0.942000 129.137000 124.266070
129.752000 0.939000 130.109000 117.461130
130.663000 0.911000 131.037000 121.978030
131.578000 0.915000 131.909000 121.122840
132.509000 0.930000 132.839000 126.646620
133.418000 0.910000 133.749000 126.616500
134.315000 0.897000 134.645000 124.632890
135.237000 0.922000 135.559000 129.424100
136.185000 0.948000 136.507000 129.088480
137.106000 0.921000 137.439000 127.897670
138.036000 0.930000 138.367000 129.148720
138.984000 0.948000 139.307000 127.897670
139.878000 0.894000 140.207000 126.616500
140.739000 0.861000 141.096000 123.564710
141.560000 0.822000 141.907000 127.470610
142.510000 0.949000 142.847000 128.294610
143.505000 0.996000 143.836000 125.822620
144.399000 0.894000 144.745000 120.298850
145.307000 0.908000 145.649000 122.770830
146.238000 0.931000 146.575000 122.618080
147.131000 0.893000 147.475000 121.428350
148.013000 0.882000 148.346000 126.676740
148.927000 0.913000 149.240000 127.531930
149.855000 0.928000 150.215000 117.155620
150.766000 0.912000 151.113000 126.525060
151.711000 0.944000 152.052000 123.106450
152.667000 0.957000 153.032000 125.822620
153.587000 0.919000 153.911000 125.456880
154.517000 0.931000 154.851000 127.500730
155.477000 0.959000 155.814000 126.676740
156.408000 0.931000 156.741000 125.425690
157.328000 0.920000 157.655000 129.148720
158.275000 0.947000 158.607000 128.691540
159.207000 0.931000 159.559000 127.837430
160.135000 0.928000 160.469000 128.294610
161.111000 0.976000 161.443000 127.837430
162.065000 0.954000 162.411000 124.693130
162.986000 0.921000 163.312000 125.456880
163.927000 0.941000 164.251000 125.425690
164.853000 0.925000 165.182000 123.900330
165.750000 0.898000 166.102000 124.632890
166.696000 0.946000 167.042000 120.665670
167.660000 0.964000 168.023000 124.632890
168.583000 0.923000 168.914000 123.533510
169.502000 0.919000 169.838000 120.268730
170.444000 0.942000 170.759000 124.327390
171.351000 0.908000 171.692000 122.709520
172.247000 0.895000 172.579000 124.693130
173.182000 0.936000 173.501000 126.311000
174.111000 0.929000 174.440000 123.930450
175.006000 0.895000 175.345000 123.869130
175.923000 0.917000 176.248000 126.189440
176.857000 0.934000 177.180000 126.219560
177.762000 0.905000 178.091000 127.500730
178.698000 0.936000 179.040000 128.782980
179.653000 0.955000 180.027000 127.409300
180.578000 0.925000 180.916000 126.646620
181.514000 0.936000 181.850000 123.777700
182.476000 0.962000 182.807000 126.189440
183.420000 0.944000 183.759000 126.189440
184.323000 0.903000 184.657000 127.104870
185.247000 0.924000 185.606000 126.585300
186.194000 0.947000 186.524000 130.216900
187.113000 0.919000 187.447000 129.515540
188.021000 0.908000 188.347000 130.248100
188.959000 0.939000 189.297000 130.583720
189.885000 0.925000 190.215000 127.806230
190.801000 0.916000 191.128000 129.484340
191.753000 0.952000 192.115000 124.571570
192.694000 0.941000 193.048000 123.106450
193.599000 0.906000 193.935000 122.282460
194.540000 0.941000 194.884000 121.946840
195.485000 0.945000 195.806000 124.724320
196.392000 0.907000 196.705000 125.425690
197.312000 0.920000 197.636000 127.043550
198.269000 0.957000 198.606000 125.425690
199.193000 0.924000 199.533000 119.444740
200.119000 0.927000 200.433000 125.059940
201.062000 0.942000 201.386000 113.218520
201.968000 0.907000 202.315000 123.167770
202.848000 0.880000 203.170000 124.663010
203.745000 0.898000 204.074000 121.519780
204.622000 0.876000 204.935000 125.456880
205.410000 0.788000 205.745000 124.235950
206.111000 0.701000 206.436000 125.059940
206.885000 0.774000 207.202000 128.264490
207.789000 0.904000 208.093000 127.500730
208.729000 0.940000 209.081000 120.665670
209.626000 0.897000 209.973000 123.930450
210.614000 0.988000 210.932000 129.454220
211.590000 0.976000 211.934000 123.839010
212.483000 0.893000 212.840000 122.343780
213.460000 0.977000 213.810000 121.519780
214.435000 0.975000 214.770000 126.249680
215.308000 0.873000 215.641000 124.632890
216.211000 0.902000 216.533000 129.057280
217.173000 0.963000 217.513000 127.867550
218.065000 0.892000 218.411000 129.454220
219.052000 0.987000 219.369000 130.248100
220.025000 0.972000 220.353000 129.454220
220.962000 0.937000 221.294000 126.646620
221.870000 0.909000 222.191000 127.806230
222.796000 0.926000 223.121000 128.294610
223.749000 0.953000 224.111000 122.618080
224.658000 0.909000 225.040000 126.311000
225.581000 0.923000 225.887000 128.661420
226.533000 0.952000 226.858000 128.661420
227.460000 0.927000 227.820000 118.712180
228.375000 0.915000 228.719000 129.088480
229.326000 0.951000 229.667000 127.897670
230.298000 0.972000 230.620000 126.219560
231.232000 0.934000 231.559000 125.761310
232.178000 0.946000 232.518000 126.646620
233.130000 0.952000 233.465000 124.632890
234.041000 0.911000 234.372000 123.991760
234.990000 0.948000 235.318000 122.649280
235.932000 0.942000 236.267000 125.456880
236.836000 0.904000 237.169000 127.897670
237.757000 0.921000 238.108000 126.189440
238.703000 0.946000 239.068000 121.946840
239.604000 0.901000 239.929000 128.233290
240.512000 0.908000 240.837000 129.972710
241.452000 0.940000 241.821000 126.189440
242.384000 0.931000 242.707000 128.203170
243.301000 0.917000 243.630000 130.339530
244.250000 0.949000 244.577000 130.705270
245.194000 0.944000 245.548000 125.761310
246.124000 0.930000 246.465000 125.731190
247.082000 0.958000 247.416000 129.088480
248.046000 0.964000 248.389000 127.104870
248.952000 0.906000 249.314000 125.059940
249.864000 0.912000 250.227000 120.634470
250.778000 0.914000 251.107000 128.173050
251.658000 0.879000 251.982000 126.249680
252.538000 0.880000 252.863000 129.057280
253.440000 0.902000 253.775000 128.324730
254.315000 0.875000 254.656000 128.721660
255.218000 0.903000 255.566000 133.421440
256.156000 0.938000 256.499000 132.933070
257.096000 0.939000 257.445000 127.867550
258.017000 0.921000 258.341000 131.010770
258.959000 0.942000 259.305000 130.278220
259.918000 0.959000 260.255000 125.456880
260.837000 0.919000 261.173000 127.867550
261.734000 0.897000 262.074000 125.029820
262.637000 0.903000 262.964000 130.736470
263.548000 0.911000 263.883000 131.040890
264.413000 0.865000 264.741000 133.024500
265.287000 0.874000 265.609000 135.100630
266.233000 0.945000 266.563000 133.909810
267.185000 0.952000 267.519000 132.109070
268.118000 0.933000 268.452000 131.376520
269.076000 0.958000 269.407000 131.834770
270.043000 0.967000 270.368000 129.088480
270.963000 0.920000 271.300000 128.264490
271.885000 0.922000 272.212000 129.088480
272.824000 0.939000 273.148000 125.365450
273.784000 0.960000 274.101000 127.897670
274.703000 0.919000 275.061000 129.027160
275.639000 0.936000 275.961000 130.248100
276.610000 0.971000 276.931000 129.424100
277.533000 0.923000 277.858000 129.027160
278.460000 0.927000 278.811000 127.500730
279.398000 0.938000 279.716000 130.583720
280.298000 0.900000 280.630000 130.949460
281.147000 0.848000 281.472000 129.881280
281.889000 0.743000 282.222000 125.852740
282.698000 0.809000 283.040000 128.264490
283.729000 1.030000 284.077000 128.233290
284.755000 1.026000 285.087000 127.806230
285.723000 0.968000 286.077000 123.533510
286.719000 0.995000 287.068000 120.268730
287.684000 0.966000 288.016000 112.761350
288.548000 0.864000 288.878000 128.324730
289.506000 0.957000 289.818000 130.248100
290.455000 0.949000 290.808000 128.355920
291.346000 0.891000 291.686000 129.515540
292.249000 0.904000 292.576000 130.613840
293.183000 0.934000 293.514000 130.613840
294.091000 0.908000 294.435000 124.998630
295.019000 0.928000 295.344000 131.743330
295.952000 0.933000 296.296000 130.278220
296.869000 0.917000 297.208000 129.912470
297.825000 0.955000 298.147000 131.040890
298.789000 0.965000 299.131000 125.059940
299.716000 0.927000 300.066000 125.365450
300.662000 0.946000 301.025000 128.752860
301.596000 0.934000 301.929000 127.500730
302.485000 0.888000 302.814000 127.500730
303.408000 0.923000 303.745000 128.691540
304.346000 0.938000 304.685000 127.409300
305.248000 0.901000 305.574000 128.324730
306.179000 0.931000 306.515000 127.440490
307.128000 0.950000 307.466000 122.252340
308.044000 0.916000 308.416000 122.740710
308.991000 0.947000 309.326000 126.555180
309.952000 0.961000 310.291000 128.355920
310.890000 0.938000 311.214000 126.616500
311.841000 0.952000 312.164000 129.484340
312.805000 0.964000 313.132000 127.837430
313.724000 0.918000 314.091000 118.712180
314.637000 0.913000 314.984000 122.222220
315.584000 0.947000 315.927000 124.235950
316.523000 0.939000 316.884000 127.043550
317.434000 0.911000 317.772000 128.782980
318.372000 0.938000 318.692000 129.942590
319.294000 0.923000 319.619000 127.806230
320.193000 0.898000 320.533000 127.134990
321.112000 0.919000 321.454000 129.454220
322.027000 0.915000 322.370000 124.998630
322.927000 0.901000 323.260000 125.334250
323.852000 0.925000 324.171000 130.216900
324.780000 0.928000 325.123000 127.043550
325.675000 0.895000 326.038000 127.470610
326.588000 0.913000 326.929000 124.235950
327.501000 0.913000 327.837000 129.515540
328.390000 0.888000 328.719000 129.118600
329.305000 0.915000 329.630000 130.248100
330.254000 0.950000 330.579000 129.088480
331.175000 0.921000 331.508000 127.928860
332.076000 0.901000 332.406000 128.233290
332.989000 0.913000 333.319000 126.219560
333.882000 0.893000 334.209000 129.088480
334.756000 0.874000 335.129000 121.122840
335.672000 0.916000 336.029000 123.564710
336.603000 0.931000 336.940000 132.933070
337.501000 0.899000 337.837000 129.392910
338.425000 0.924000 338.769000 129.881280
339.403000 0.978000 339.729000 132.140270
340.353000 0.950000 340.692000 129.454220
341.283000 0.930000 341.610000 129.851160
342.231000 0.948000 342.559000 130.248100
343.165000 0.934000 343.506000 128.264490
344.082000 0.917000 344.414000 129.821040
345.029000 0.947000 345.347000 131.773450
346.018000 0.989000 346.346000 130.613840
346.967000 0.949000 347.307000 128.661420
347.894000 0.927000 348.233000 129.821040
348.834000 0.941000 349.156000 130.216900
349.796000 0.961000 350.106000 130.248100
350.741000 0.946000 351.105000 123.869130
351.653000 0.911000 351.987000 128.691540
352.576000 0.923000 352.930000 129.454220
353.513000 0.937000 353.866000 122.313660
354.416000 0.903000 354.733000 130.216900
355.356000 0.940000 355.674000 130.613840
356.304000 0.949000 356.647000 128.661420
357.228000 0.924000 357.566000 125.304130
358.161000 0.933000 358.481000 129.027160
359.088000 0.927000 359.428000 126.525060
359.997000 0.909000 360.334000 127.440490
360.933000 0.936000 361.262000 122.313660
361.864000 0.931000 362.197000 115.630270
362.773000 0.909000 363.075000 126.646620
363.720000 0.947000 364.064000 126.158240
364.673000 0.953000 364.997000 118.315240
365.592000 0.919000 365.933000 119.810480
366.533000 0.940000 366.864000 122.709520
367.492000 0.959000 367.832000 121.458470
368.401000 0.909000 368.729000 124.571570
369.317000 0.916000 369.640000 125.425690
370.254000 0.937000 370.580000 125.822620
371.174000 0.920000 371.500000 123.900330
372.076000 0.902000 372.419000 124.998630
372.991000 0.915000 373.322000 126.189440
373.896000 0.904000 374.223000 125.456880
374.778000 0.882000 375.101000 127.806230
375.686000 0.909000 376.040000 128.630230
376.593000 0.907000 376.929000 125.883940
377.484000 0.891000 377.802000 127.073670
378.403000 0.919000 378.743000 127.440490
379.314000 0.911000 379.648000 124.968510
380.194000 0.880000 380.522000 125.822620
381.087000 0.892000 381.410000 127.409300
381.987000 0.901000 382.320000 127.744920
382.867000 0.880000 383.208000 130.613840
383.766000 0.899000 384.073000 131.743330
384.676000 0.910000 385.049000 120.695790
385.553000 0.877000 385.888000 125.029820
386.387000 0.834000 386.710000 129.484340
387.179000 0.792000 387.520000 130.980650
388.050000 0.871000 388.359000 132.109070
389.024000 0.974000 389.359000 126.982240
389.911000 0.887000 390.255000 123.839010
390.797000 0.887000 391.128000 130.705270
391.704000 0.906000 392.057000 128.721660
392.616000 0.912000 392.937000 129.789840
393.505000 0.889000 393.830000 130.613840
394.406000 0.901000 394.750000 127.409300
395.329000 0.923000 395.659000 127.837430
396.243000 0.913000 396.577000 129.027160
397.126000 0.883000 397.476000 123.533510
398.030000 0.904000 398.355000 130.675150
398.962000 0.931000 399.287000 130.308340
399.870000 0.908000 400.187000 128.264490
400.770000 0.901000 401.128000 119.780360
401.696000 0.925000 402.044000 120.146100
402.606000 0.910000 402.936000 128.294610
403.515000 0.909000 403.845000 129.942590
404.450000 0.935000 404.794000 126.982240
405.393000 0.943000 405.736000 128.691540
406.317000 0.924000 406.644000 129.057280
407.257000 0.940000 407.617000 123.808890
408.207000 0.950000 408.523000 127.440490
409.134000 0.927000 409.486000 119.413540
410.066000 0.932000 410.423000 116.270310
411.019000 0.953000 411.360000 119.841670
411.971000 0.952000 412.305000 117.918300
412.879000 0.908000 413.206000 125.822620
413.800000 0.921000 414.132000 127.043550
414.744000 0.944000 415.113000 116.240190
415.651000 0.907000 415.992000 123.869130
416.570000 0.919000 416.922000 125.456880
417.504000 0.935000 417.823000 124.937310
418.416000 0.911000 418.754000 123.503390
419.351000 0.935000 419.682000 124.998630
420.302000 0.952000 420.635000 123.533510
421.232000 0.930000 421.561000 121.519780
422.163000 0.930000 422.531000 108.061570
423.103000 0.940000 423.420000 122.252340
424.035000 0.933000 424.363000 120.634470
424.934000 0.899000 425.270000 114.775080
425.845000 0.911000 426.172000 121.946840
426.769000 0.923000 427.111000 119.810480
427.654000 0.885000 427.978000 121.092720
428.557000 0.903000 428.880000 122.679400
429.492000 0.935000 429.812000 122.343780
430.402000 0.909000 430.749000 111.540420
431.293000 0.892000 431.633000 111.998670
432.192000 0.899000 432.522000 122.373900
433.108000 0.916000 433.434000 122.740710
433.994000 0.886000 434.316000 124.266070
434.880000 0.886000 435.220000 126.158240
435.786000 0.906000 436.125000 120.237530
436.682000 0.895000 437.036000 117.522440
437.579000 0.897000 437.916000 127.440490
438.492000 0.913000 438.828000 121.489660
439.375000 0.883000 439.710000 124.601690
440.252000 0.877000 440.584000 125.883940
441.151000 0.899000 441.487000 127.806230
442.077000 0.926000 442.388000 127.806230
443.006000 0.929000 443.325000 127.379180
443.928000 0.922000 444.268000 123.442080
444.857000 0.930000 445.186000 120.725910
445.775000 0.918000 446.126000 126.646620
446.663000 0.887000 446.999000 119.901910
447.564000 0.901000 447.887000 129.851160
448.499000 0.935000 448.837000 128.173050
449.428000 0.929000 449.764000 129.484340
450.330000 0.902000 450.669000 131.407710
451.266000 0.937000 451.592000 132.567330
452.178000 0.912000 452.506000 130.308340
453.025000 0.847000 453.362000 129.088480
453.774000 0.748000 454.127000 130.675150
454.588000 0.814000 454.898000 131.407710
455.519000 0.932000 455.848000 130.278220
456.427000 0.907000 456.755000 128.294610
457.280000 0.853000 457.616000 122.649280
458.191000 0.911000 458.535000 121.519780
459.170000 0.979000 459.513000 127.073670
460.048000 0.878000 460.389000 126.646620
460.971000 0.923000 461.307000 128.264490
461.951000 0.979000 462.273000 128.264490
462.891000 0.940000 463.233000 117.552560
463.748000 0.857000 464.114000 120.207410
464.683000 0.935000 465.019000 127.897670
465.574000 0.891000 465.911000 125.822620
466.407000 0.834000 466.746000 128.233290
467.279000 0.872000 467.606000 126.096930
468.168000 0.889000 468.521000 118.285120
469.004000 0.836000 469.337000 128.661420
469.880000 0.875000 470.224000 122.618080
470.848000 0.968000 471.174000 131.376520
471.752000 0.904000 472.083000 131.010770
472.711000 0.959000 473.062000 129.424100
473.707000 0.996000 474.062000 119.506050
474.624000 0.917000 474.962000 126.616500
475.511000 0.887000 475.842000 122.313660
476.414000 0.903000 476.741000 123.900330
477.298000 0.883000 477.632000 128.264490
478.165000 0.867000 478.510000 129.821040
479.045000 0.880000 479.371000 132.140270
479.939000 0.894000 480.271000 131.712140
480.801000 0.863000 481.142000 126.646620
481.677000 0.876000 482.052000 131.743330
482.601000 0.924000 482.938000 132.170390
483.521000 0.920000 483.858000 129.088480
484.426000 0.905000 484.772000 124.632890
485.350000 0.925000 485.710000 124.968510
486.274000 0.924000 486.612000 127.470610
487.161000 0.887000 487.511000 128.203170
488.040000 0.879000 488.359000 130.278220
488.943000 0.903000 489.266000 131.010770
489.851000 0.907000 490.183000 129.088480
490.747000 0.897000 491.111000 127.837430
491.632000 0.885000 491.969000 127.440490
492.541000 0.909000 492.869000 132.994380
493.435000 0.894000 493.789000 125.456880
494.314000 0.879000 494.648000 131.010770
495.201000 0.887000 495.529000 131.376520
496.120000 0.919000 496.455000 130.919340
497.019000 0.899000 497.369000 121.581100
497.919000 0.900000 498.266000 123.900330
498.853000 0.934000 499.208000 124.297270
499.752000 0.899000 500.119000 124.968510
500.632000 0.880000 500.956000 130.156660
501.547000 0.915000 501.866000 130.705270
502.475000 0.928000 502.827000 129.484340
503.380000 0.905000 503.705000 129.881280
504.302000 0.923000 504.624000 131.072090
505.256000 0.954000 505.605000 129.118600
506.167000 0.911000 506.509000 127.470610
507.067000 0.900000 507.414000 119.017680
507.993000 0.926000 508.314000 129.392910
508.901000 0.908000 509.247000 124.266070
509.788000 0.887000 510.114000 132.628640
510.720000 0.932000 511.079000 127.440490
511.685000 0.965000 512.047000 131.010770
512.614000 0.929000 512.954000 130.613840
513.561000 0.947000 513.927000 121.916720
514.518000 0.957000 514.867000 124.601690
515.441000 0.923000 515.824000 121.946840
516.353000 0.913000 516.688000 129.118600
517.282000 0.929000 517.604000 128.630230
518.184000 0.902000 518.523000 127.409300
519.079000 0.895000 519.403000 128.997040
519.994000 0.915000 520.313000 131.040890
520.935000 0.941000 521.273000 131.010770
521.810000 0.875000 522.150000 127.013430
522.649000 0.839000 522.983000 129.851160
523.452000 0.803000 523.812000 128.294610
524.355000 0.903000 524.713000 127.470610
525.338000 0.984000 525.682000 129.484340
526.210000 0.871000 526.544000 129.881280
527.098000 0.889000 527.430000 131.407710
528.022000 0.923000 528.351000 131.102210
528.893000 0.871000 529.234000 128.691540
529.726000 0.833000 530.072000 129.851160
530.647000 0.921000 530.964000 131.346400
531.638000 0.991000 531.962000 128.203170
532.520000 0.882000 532.851000 123.473270
533.428000 0.908000 533.753000 129.118600
534.345000 0.917000 534.673000 127.897670
535.227000 0.882000 535.553000 128.600110
536.125000 0.899000 536.452000 129.424100
537.050000 0.924000 537.379000 127.837430
537.943000 0.894000 538.317000 119.109110
538.838000 0.894000 539.153000 129.454220
539.764000 0.926000 540.105000 129.057280
540.673000 0.909000 541.048000 127.928860
541.566000 0.893000 541.912000 129.881280
542.484000 0.918000 542.807000 130.186780
543.380000 0.896000 543.742000 120.757100
544.260000 0.880000 544.582000 130.308340
545.164000 0.904000 545.501000 131.407710
546.078000 0.914000 546.411000 129.027160
546.953000 0.875000 547.303000 119.077920
547.833000 0.880000 548.155000 130.613840
548.745000 0.912000 549.089000 130.186780
549.637000 0.892000 549.967000 128.264490
550.506000 0.870000 550.836000 129.088480
551.391000 0.885000 551.717000 131.072090
552.298000 0.907000 552.628000 131.407710
553.226000 0.928000 553.565000 130.186780
554.126000 0.900000 554.465000 129.424100
555.026000 0.900000 555.358000 130.308340
555.947000 0.921000 556.286000 129.912470
556.877000 0.930000 557.205000 129.912470
557.784000 0.907000 558.117000 129.851160
558.700000 0.916000 559.048000 129.454220
559.634000 0.934000 559.958000 131.804650
560.566000 0.932000 560.934000 129.424100
561.472000 0.906000 561.802000 130.369650
562.396000 0.924000 562.722000 130.613840
563.340000 0.944000 563.674000 124.571570
564.272000 0.932000 564.623000 127.837430
565.183000 0.911000 565.513000 129.759720
566.108000 0.925000 566.432000 130.980650
567.028000 0.920000 567.366000 130.278220
567.915000 0.888000 568.246000 131.743330
568.797000 0.881000 569.123000 132.964260
569.632000 0.835000 569.955000 132.933070
570.388000 0.756000 570.720000 132.140270
571.183000 0.795000 571.506000 132.567330
572.141000 0.958000 572.461000 132.567330
573.176000 1.034000 573.516000 127.837430
574.096000 0.921000 574.425000 127.867550
575.018000 0.921000 575.353000 128.630230
575.936000 0.918000 576.259000 127.409300
576.798000 0.861000 577.132000 127.043550
577.648000 0.850000 577.975000 129.881280
578.521000 0.873000 578.860000 125.731190
579.402000 0.881000 579.753000 131.773450
580.274000 0.872000 580.602000 133.909810
581.182000 0.908000 581.513000 134.184120
582.115000 0.933000 582.463000 127.440490
583.032000 0.917000 583.354000 133.360130
583.964000 0.932000 584.298000 133.482760
584.894000 0.930000 585.220000 130.613840
585.800000 0.906000 586.130000 131.346400
586.734000 0.933000 587.095000 122.740710
587.659000 0.926000 588.000000 128.752860
588.558000 0.899000 588.891000 129.821040
589.475000 0.916000 589.791000 130.980650
590.399000 0.924000 590.740000 123.137650
591.287000 0.888000 591.608000 129.088480
592.207000 0.919000 592.550000 130.278220
593.145000 0.938000 593.469000 130.248100
594.048000 0.903000 594.399000 111.998670
594.943000 0.895000 595.267000 130.216900
595.851000 0.908000 596.200000 126.982240
596.772000 0.921000 597.110000 130.278220
597.656000 0.884000 598.026000 131.743330
598.560000 0.904000 598.897000 132.964260
599.489000 0.929000 599.820000 129.057280
600.381000 0.892000 600.706000 129.881280
601.248000 0.867000 601.600000 129.454220
602.157000 0.909000 602.482000 132.231710
603.068000 0.911000 603.398000 130.613840
603.935000 0.867000 604.253000 130.949460
604.825000 0.890000 605.168000 129.118600
605.737000 0.912000 606.090000 125.822620
606.620000 0.883000 606.954000 130.583720
607.501000 0.881000 607.829000 131.773450
608.408000 0.907000 608.744000 131.712140
609.315000 0.907000 609.669000 123.900330
610.193000 0.879000 610.528000 129.057280
611.087000 0.894000 611.416000 130.675150
612.004000 0.916000 612.349000 125.059940
612.893000 0.889000 613.237000 121.519780
613.793000 0.901000 614.136000 124.266070
614.710000 0.917000 615.055000 126.982240
615.598000 0.888000 615.931000 128.355920
616.473000 0.875000 616.797000 130.583720
617.366000 0.893000 617.689000 131.743330
618.283000 0.918000 618.614000 130.645030
619.173000 0.890000 619.518000 123.106450
620.080000 0.907000 620.407000 132.567330
620.998000 0.918000 621.333000 127.409300
621.875000 0.877000 622.225000 131.010770
622.760000 0.885000 623.093000 132.109070
623.664000 0.904000 624.013000 132.261830
624.543000 0.879000 624.902000 129.942590
625.404000 0.861000 625.741000 130.308340
626.290000 0.886000 626.631000 123.106450
627.215000 0.925000 627.545000 130.156660
628.110000 0.895000 628.436000 128.721660
629.005000 0.894000 629.322000 129.454220
629.907000 0.902000 630.234000 123.442080
630.792000 0.885000 631.123000 127.073670
631.659000 0.867000 631.983000 128.294610
632.543000 0.884000 632.862000 128.294610
633.438000 0.895000 633.780000 119.841670
634.296000 0.857000 634.620000 129.027160
635.174000 0.879000 635.503000 130.248100
636.082000 0.908000 636.409000 131.346400
636.991000 0.909000 637.321000 121.458470
637.880000 0.889000 638.201000 130.613840
638.790000 0.910000 639.112000 130.492280
639.724000 0.934000 640.082000 123.930450
640.625000 0.901000 640.951000 127.897670
641.510000 0.885000 641.853000 120.665670
642.410000 0.900000 642.751000 130.613840
643.287000 0.877000 643.618000 130.980650
644.080000 0.793000 644.430000 126.585300
644.769000 0.689000 645.121000 132.628640
645.513000 0.744000 645.840000 136.351680
646.399000 0.886000 646.717000 137.084240
647.428000 1.029000 647.750000 134.368070
648.409000 0.981000 648.740000 130.186780
649.343000 0.934000 649.668000 131.804650
650.368000 1.025000 650.712000 129.912470
