1.598000 0.783000 1.911000 144.657320
2.382000 0.784000 2.701000 139.097530
3.178000 0.796000 3.501000 141.928060
3.989000 0.811000 4.301000 145.308550
4.817000 0.829000 5.131000 143.949690
5.662000 0.845000 5.971000 140.467930
6.514000 0.852000 6.831000 136.469540
7.351000 0.837000 7.671000 132.145530
8.183000 0.831000 8.491000 134.278690
9.006000 0.823000 9.321000 133.414660
9.809000 0.804000 10.121000 131.471230
10.593000 0.783000 10.911000 130.999470
11.366000 0.773000 11.681000 132.931370
12.134000 0.768000 12.441000 136.266990
12.900000 0.766000 13.211000 137.031030
13.662000 0.762000 13.971000 136.851560
14.414000 0.753000 14.731000 137.042570
15.161000 0.747000 15.481000 135.908040
15.894000 0.732000 16.211000 134.144090
16.617000 0.723000 16.941000 130.246970
17.336000 0.720000 17.651000 133.358250
18.064000 0.728000 18.371000 136.660550
18.787000 0.722000 19.091000 136.705410
19.513000 0.726000 19.821000 135.054270
20.241000 0.729000 20.551000 135.368350
20.970000 0.729000 21.291000 134.908130
21.692000 0.723000 22.011000 135.986240
22.412000 0.720000 22.731000 138.512960
23.132000 0.720000 23.441000 141.793460
23.871000 0.739000 24.181000 144.343250
24.630000 0.759000 24.931000 145.162410
25.430000 0.801000 25.741000 145.634170
26.249000 0.819000 26.561000 145.129080
27.067000 0.818000 27.381000 144.331710
27.927000 0.860000 28.231000 143.780470
28.787000 0.861000 29.101000 140.725600
29.659000 0.872000 29.971000 137.233580
30.512000 0.853000 30.831000 132.898040
31.358000 0.846000 31.671000 134.133830
32.184000 0.825000 32.501000 133.672330
32.984000 0.801000 33.301000 132.301930
33.763000 0.779000 34.081000 133.459530
34.539000 0.776000 34.851000 136.816940
35.309000 0.770000 35.621000 136.963090
36.075000 0.766000 36.391000 136.177250
36.843000 0.768000 37.151000 137.951470
37.631000 0.788000 37.931000 140.108980
38.423000 0.792000 38.731000 138.974460
39.225000 0.802000 39.541000 136.323390
40.020000 0.795000 40.331000 135.884970
40.823000 0.803000 41.131000 138.401430
41.631000 0.808000 41.941000 137.356640
42.443000 0.812000 42.761000 134.323560
43.245000 0.802000 43.561000 133.908210
44.042000 0.797000 44.351000 136.458000
44.843000 0.800000 45.151000 139.265460
45.627000 0.785000 45.951000 132.808300
46.413000 0.785000 46.731000 135.773440
47.170000 0.758000 47.481000 137.918140
47.949000 0.779000 48.251000 140.052580
48.754000 0.805000 49.061000 138.682180
49.569000 0.815000 49.871000 139.220590
50.371000 0.803000 50.671000 138.693710
51.172000 0.801000 51.481000 137.491250
51.963000 0.791000 52.271000 135.693960
52.744000 0.781000 53.061000 134.358170
53.512000 0.768000 53.831000 131.942990
54.275000 0.763000 54.581000 133.976150
55.041000 0.766000 55.341000 135.672170
55.809000 0.768000 56.111000 135.750370
56.577000 0.768000 56.881000 135.627300
57.346000 0.769000 57.651000 134.761980
58.116000 0.770000 58.421000 137.019490
58.903000 0.787000 59.201000 139.220590
59.688000 0.785000 59.991000 138.368100
60.486000 0.799000 60.791000 137.278440
61.285000 0.798000 61.601000 135.391420
62.079000 0.794000 62.391000 136.592600
62.884000 0.805000 63.191000 138.491170
63.690000 0.806000 63.991000 137.457920
64.505000 0.815000 64.811000 134.504310
65.305000 0.800000 65.621000 132.987770
66.100000 0.795000 66.401000 136.783610
66.889000 0.790000 67.191000 136.413130
67.686000 0.797000 67.991000 135.188870
68.492000 0.805000 68.801000 134.268440
69.297000 0.806000 69.611000 131.751980
70.098000 0.800000 70.411000 131.976320
70.905000 0.807000 71.211000 133.853090
71.713000 0.808000 72.021000 133.077510
72.510000 0.797000 72.821000 130.225180
73.305000 0.794000 73.601000 133.481320
74.091000 0.786000 74.391000 116.489130
74.874000 0.783000 75.241000 118.442820
75.657000 0.783000 75.961000 130.843080
76.454000 0.797000 76.771000 132.594210
77.258000 0.805000 77.571000 128.404820
78.061000 0.803000 78.371000 128.675310
78.846000 0.785000 79.161000 127.630520
79.630000 0.784000 79.951000 127.439510
80.404000 0.774000 80.731000 124.361560
81.171000 0.767000 81.481000 128.574030
81.939000 0.769000 82.241000 130.145700
82.713000 0.773000 83.021000 128.315080
83.483000 0.770000 83.791000 129.067580
84.263000 0.780000 84.571000 128.685560
85.037000 0.774000 85.361000 126.552400
85.802000 0.764000 86.111000 129.673940
86.585000 0.783000 86.891000 132.695490
87.365000 0.780000 87.671000 132.673700
88.145000 0.780000 88.451000 131.280220
88.927000 0.782000 89.241000 130.461060
89.712000 0.784000 90.021000 132.964700
90.509000 0.797000 90.811000 134.773520
91.313000 0.803000 91.621000 133.223650
92.113000 0.800000 92.431000 131.022550
92.922000 0.809000 93.231000 132.763430
93.731000 0.809000 94.031000 133.212110
94.531000 0.800000 94.841000 132.268600
95.331000 0.799000 95.641000 130.055960
96.115000 0.785000 96.431000 130.707190
96.890000 0.775000 97.201000 132.617290
97.660000 0.770000 97.961000 134.829930
98.442000 0.781000 98.741000 134.672250
99.229000 0.787000 99.531000 134.615840
100.028000 0.799000 100.331000 134.469700
100.830000 0.802000 101.141000 132.594210
101.621000 0.791000 101.931000 132.100670
102.425000 0.804000 102.731000 132.718560
103.224000 0.799000 103.531000 131.459690
104.027000 0.803000 104.331000 128.786840
104.823000 0.796000 105.141000 126.854940
105.610000 0.787000 105.921000 128.574030
106.400000 0.791000 106.701000 130.359780
107.187000 0.787000 107.491000 130.079040
107.969000 0.782000 108.281000 128.539420
108.743000 0.774000 109.051000 129.954690
109.522000 0.779000 109.821000 132.055800
110.302000 0.780000 110.611000 132.695490
111.093000 0.791000 111.401000 131.123820
111.886000 0.793000 112.201000 130.371320
112.681000 0.795000 112.991000 132.886500
113.492000 0.811000 113.791000 133.414660
114.317000 0.825000 114.621000 131.730180
115.155000 0.838000 115.461000 130.145700
115.988000 0.832000 116.301000 127.293370
116.805000 0.818000 117.121000 127.371570
117.613000 0.808000 117.921000 129.820080
118.421000 0.808000 118.731000 130.820000
119.223000 0.801000 119.531000 130.270050
120.023000 0.800000 120.331000 130.640530
120.817000 0.794000 121.131000 130.055960
121.607000 0.790000 121.911000 132.942900
122.411000 0.804000 122.721000 134.447910
123.195000 0.784000 123.511000 131.617370
123.996000 0.801000 124.301000 134.379970
124.781000 0.785000 125.081000 133.853090
125.562000 0.781000 125.871000 133.526190
126.333000 0.771000 126.641000 131.336630
127.104000 0.770000 127.421000 128.113810
127.875000 0.772000 128.181000 129.808550
128.647000 0.772000 128.951000 131.393030
129.417000 0.770000 129.721000 130.494390
130.186000 0.769000 130.491000 128.550960
130.942000 0.756000 131.251000 128.786840
131.693000 0.751000 132.001000 131.921190
132.452000 0.759000 132.751000 134.268440
133.218000 0.766000 133.521000 134.829930
133.997000 0.779000 134.301000 133.212110
134.775000 0.779000 135.081000 132.223730
135.553000 0.778000 135.861000 134.638920
136.345000 0.792000 136.641000 135.526020
137.145000 0.800000 137.451000 134.021020
137.962000 0.817000 138.271000 131.695570
138.759000 0.797000 139.071000 128.225340
139.548000 0.790000 139.861000 129.438060
140.337000 0.788000 140.641000 131.740440
141.125000 0.789000 141.431000 131.785310
141.915000 0.790000 142.221000 129.999560
142.699000 0.784000 143.011000 129.393200
143.478000 0.779000 143.781000 132.426280
144.263000 0.785000 144.561000 133.459530
145.056000 0.793000 145.361000 131.999390
145.840000 0.784000 146.151000 130.359780
146.628000 0.787000 146.931000 132.089130
147.422000 0.795000 147.721000 133.167240
148.214000 0.792000 148.521000 132.492940
149.009000 0.794000 149.321000 130.190570
149.789000 0.780000 150.101000 129.338070
150.563000 0.774000 150.871000 131.100750
151.347000 0.785000 151.651000 132.909570
152.133000 0.786000 152.431000 132.796760
152.920000 0.787000 153.231000 131.213560
153.701000 0.781000 154.011000 131.055880
154.477000 0.776000 154.791000 131.864790
155.247000 0.770000 155.561000 133.245440
156.018000 0.772000 156.321000 133.976150
156.824000 0.806000 157.121000 133.605670
157.644000 0.820000 157.941000 133.853090
158.459000 0.815000 158.761000 134.559440
159.277000 0.817000 159.581000 135.447830
160.089000 0.812000 160.391000 134.761980
160.890000 0.801000 161.191000 135.076060
161.695000 0.805000 162.001000 135.773440
162.500000 0.805000 162.801000 134.841470
163.297000 0.798000 163.601000 134.155620
164.088000 0.790000 164.391000 132.695490
164.874000 0.786000 165.181000 132.785220
165.648000 0.774000 165.951000 133.301850
166.419000 0.772000 166.721000 132.605750
167.183000 0.763000 167.491000 132.662160
167.941000 0.759000 168.241000 134.795320
168.707000 0.765000 169.001000 136.222120
169.476000 0.769000 169.771000 136.896420
170.267000 0.791000 170.561000 136.290060
171.063000 0.796000 171.361000 136.424670
171.867000 0.804000 172.171000 135.750370
172.664000 0.797000 172.961000 136.481070
173.463000 0.799000 173.761000 136.177250
174.250000 0.787000 174.551000 134.919660
175.019000 0.770000 175.331000 135.492690
175.775000 0.756000 176.071000 139.288540
176.537000 0.762000 176.831000 138.177090
177.301000 0.764000 177.601000 138.389890
178.066000 0.765000 178.371000 137.738660
178.827000 0.761000 179.131000 138.670640
179.583000 0.757000 179.891000 140.389730
180.345000 0.762000 180.641000 141.343490
181.120000 0.775000 181.411000 140.916610
181.910000 0.790000 182.201000 141.972930
182.701000 0.791000 183.001000 142.433150
183.499000 0.798000 183.801000 142.163940
184.316000 0.817000 184.611000 142.916440
185.143000 0.827000 185.441000 141.579370
185.997000 0.853000 186.291000 139.389810
186.867000 0.870000 187.161000 137.042570
187.733000 0.867000 188.041000 133.492860
188.584000 0.851000 188.881000 132.954440
189.424000 0.840000 189.721000 133.145450
190.256000 0.832000 190.571000 128.281750
191.063000 0.807000 191.371000 129.966230
191.879000 0.816000 192.181000 132.134000
192.689000 0.810000 192.991000 132.336540
193.499000 0.810000 193.801000 131.089210
194.309000 0.810000 194.611000 131.617370
195.100000 0.791000 195.401000 132.808300
195.892000 0.792000 196.201000 132.999310
196.694000 0.802000 197.001000 138.243750
197.499000 0.805000 197.801000 139.456470
198.318000 0.819000 198.621000 139.535950
199.146000 0.828000 199.451000 137.064360
199.971000 0.825000 200.281000 136.672080
200.797000 0.826000 201.111000 134.582510
201.617000 0.820000 201.931000 135.323480
202.452000 0.835000 202.751000 137.839940
203.291000 0.839000 203.591000 136.582350
204.133000 0.842000 204.441000 132.987770
204.964000 0.831000 205.271000 135.919580
205.825000 0.861000 206.121000 137.165630
206.691000 0.866000 207.001000 133.594130
207.555000 0.864000 207.861000 131.628910
208.405000 0.850000 208.711000 129.763680
209.245000 0.840000 209.561000 128.888110
210.053000 0.807000 210.371000 128.888110
210.856000 0.803000 211.151000 116.960890
211.666000 0.811000 211.981000 135.358090
212.475000 0.809000 212.781000 135.211950
213.286000 0.811000 213.591000 137.345110
214.095000 0.809000 214.401000 135.335010
214.910000 0.815000 215.221000 136.278530
215.761000 0.851000 216.061000 139.962840
216.630000 0.869000 216.931000 139.333400
217.518000 0.888000 217.821000 137.323310
218.411000 0.894000 218.721000 135.660630
219.339000 0.927000 219.641000 134.424830
220.280000 0.941000 220.591000 129.539340
221.197000 0.918000 221.511000 129.011180
222.120000 0.923000 222.431000 130.202100
223.036000 0.916000 223.341000 129.180390
223.920000 0.884000 224.231000 130.180310
224.801000 0.881000 225.101000 132.650620
225.664000 0.863000 225.971000 133.301850
226.510000 0.846000 226.821000 132.066050
227.339000 0.829000 227.651000 131.640450
228.144000 0.805000 228.451000 136.649010
228.958000 0.814000 229.261000 137.648930
229.769000 0.811000 230.071000 137.457920
230.569000 0.799000 230.871000 142.702360
231.373000 0.804000 231.671000 137.795070
232.164000 0.791000 232.461000 136.716950
232.967000 0.804000 233.271000 134.785060
233.753000 0.786000 234.061000 131.549430
234.528000 0.775000 234.831000 133.391580
235.314000 0.786000 235.611000 135.526020
236.100000 0.786000 236.401000 135.604220
236.893000 0.793000 237.191000 135.076060
237.695000 0.802000 238.001000 136.019570
238.505000 0.810000 238.811000 139.064190
239.309000 0.804000 239.621000 139.659020
240.115000 0.806000 240.411000 140.310250
240.924000 0.809000 241.221000 137.524580
241.726000 0.801000 242.031000 137.132300
242.534000 0.808000 242.831000 138.951380
243.341000 0.807000 243.641000 137.198960
244.134000 0.792000 244.451000 132.358340
244.912000 0.779000 245.231000 127.944600
245.679000 0.767000 246.001000 130.280300
246.443000 0.764000 246.751000 128.022800
247.219000 0.776000 247.541000 116.926270
248.001000 0.782000 248.311000 119.060710
248.792000 0.791000 249.101000 120.655450
249.582000 0.790000 249.891000 117.959520
250.375000 0.793000 250.681000 118.656900
251.171000 0.796000 251.471000 120.823390
251.966000 0.795000 252.271000 120.431110
252.762000 0.796000 253.071000 119.183780
253.550000 0.788000 253.861000 117.914650
254.337000 0.786000 254.641000 120.924660
255.143000 0.806000 255.451000 122.363010
255.958000 0.815000 256.271000 121.913040
256.777000 0.819000 257.091000 122.172000
257.601000 0.824000 257.911000 123.328310
258.428000 0.827000 258.741000 124.665380
259.267000 0.839000 259.581000 123.441120
260.107000 0.840000 260.421000 121.622040
260.959000 0.852000 261.271000 123.620590
261.843000 0.885000 262.141000 123.205240
262.729000 0.886000 263.031000 121.969450
263.614000 0.885000 263.931000 118.409480
264.470000 0.856000 264.811000 124.620510
265.327000 0.857000 265.631000 123.653920
266.170000 0.843000 266.481000 120.554180
266.995000 0.825000 267.301000 122.228400
267.805000 0.810000 268.111000 121.778440
268.598000 0.793000 268.911000 119.836290
269.377000 0.779000 269.681000 120.532390
270.165000 0.788000 270.461000 124.148760
270.955000 0.790000 271.261000 128.248420
271.746000 0.791000 272.051000 127.383110
272.528000 0.782000 272.841000 126.361390
273.342000 0.814000 273.641000 129.326530
274.180000 0.837000 274.481000 129.864950
275.038000 0.858000 275.341000 128.618900
275.904000 0.866000 276.211000 126.484460
276.760000 0.856000 277.071000 126.979290
277.632000 0.873000 277.941000 126.496000
278.491000 0.858000 278.801000 125.519160
279.363000 0.873000 279.661000 126.293450
280.236000 0.872000 280.541000 125.226870
281.111000 0.875000 281.411000 123.429580
281.984000 0.873000 282.291000 124.507700
282.830000 0.846000 283.141000 122.160460
283.660000 0.830000 283.961000 123.047560
284.489000 0.829000 284.791000 123.507780
285.306000 0.817000 285.611000 123.788530
286.106000 0.800000 286.411000 122.509150
286.904000 0.797000 287.211000 122.464280
287.709000 0.805000 288.011000 122.745030
288.510000 0.801000 288.821000 120.554180
289.303000 0.793000 289.611000 120.790060
290.099000 0.796000 290.401000 122.104050
290.897000 0.798000 291.201000 122.474530
291.700000 0.803000 292.001000 121.610500
292.515000 0.815000 292.821000 121.329760
293.330000 0.815000 293.641000 121.284890
294.144000 0.814000 294.451000 122.766820
294.965000 0.820000 295.271000 124.462830
295.812000 0.847000 296.111000 123.766740
296.671000 0.859000 296.981000 121.329760
297.512000 0.841000 297.821000 121.509230
298.358000 0.846000 298.661000 123.497530
299.212000 0.853000 299.511000 123.609060
300.065000 0.854000 300.371000 122.193790
300.916000 0.850000 301.231000 120.475980
301.750000 0.834000 301.861000 122.745030
302.570000 0.821000 302.891000 120.633660
303.380000 0.810000 303.701000 120.813130
304.176000 0.796000 304.481000 123.036030
305.003000 0.826000 305.301000 123.575730
305.844000 0.842000 306.151000 120.172160
306.721000 0.876000 307.021000 123.507780
307.601000 0.881000 307.911000 123.384720
308.475000 0.874000 308.781000 124.103890
309.343000 0.868000 309.651000 125.080730
310.200000 0.856000 310.511000 124.676920
311.024000 0.825000 311.341000 122.474530
311.840000 0.816000 312.141000 123.429580
312.642000 0.803000 312.951000 122.283520
313.426000 0.784000 313.731000 121.351550
314.211000 0.785000 314.511000 124.462830
315.000000 0.788000 315.301000 127.215170
315.794000 0.795000 316.101000 126.911350
316.599000 0.804000 316.911000 126.630600
317.409000 0.811000 317.721000 127.697180
318.241000 0.832000 318.541000 129.404730
319.087000 0.846000 319.391000 127.540780
319.945000 0.858000 320.251000 124.867930
320.801000 0.855000 321.111000 121.766900
321.649000 0.849000 321.951000 121.240020
322.507000 0.858000 322.811000 121.183620
323.361000 0.855000 323.661000 119.374790
324.205000 0.844000 324.511000 117.173690
325.031000 0.826000 325.341000 117.847990
325.854000 0.823000 326.151000 119.858080
326.678000 0.824000 326.981000 120.834930
327.499000 0.821000 327.801000 120.386250
328.324000 0.825000 328.631000 120.363170
329.142000 0.818000 329.451000 120.801600
329.956000 0.815000 330.261000 121.936120
330.776000 0.820000 331.081000 123.688540
331.599000 0.823000 331.901000 122.519400
332.432000 0.833000 332.741000 120.969530
333.246000 0.814000 333.571000 123.755200
334.038000 0.792000 334.341000 123.620590
334.827000 0.789000 335.131000 128.124070
335.600000 0.773000 335.901000 126.102440
336.375000 0.774000 336.681000 126.181920
337.132000 0.758000 337.441000 126.092190
337.884000 0.752000 338.191000 125.507620
338.630000 0.746000 338.941000 126.102440
339.377000 0.746000 339.681000 127.281830
340.123000 0.746000 340.421000 127.877940
340.868000 0.745000 341.171000 126.889560
341.614000 0.746000 341.921000 126.989550
342.360000 0.746000 342.661000 126.720340
343.099000 0.739000 343.411000 126.776740
343.829000 0.730000 344.141000 127.597190
344.552000 0.724000 344.861000 128.675310
345.274000 0.721000 345.591000 133.560800
345.987000 0.714000 346.301000 134.615840
346.709000 0.722000 347.011000 135.570890
347.451000 0.742000 347.761000 137.896340
348.214000 0.763000 348.521000 139.501340
349.012000 0.798000 349.311000 140.973010
349.803000 0.791000 350.111000 138.592440
350.606000 0.804000 350.911000 138.479630
351.423000 0.817000 351.721000 137.007950
352.246000 0.822000 352.551000 134.369710
353.075000 0.829000 353.381000 131.584040
353.890000 0.814000 354.201000 129.539340
354.702000 0.813000 355.001000 129.854700
355.512000 0.809000 355.811000 128.494550
356.312000 0.800000 356.621000 125.922970
357.096000 0.784000 357.391000 127.260040
357.885000 0.789000 358.181000 128.989380
358.663000 0.777000 358.971000 126.597270
359.437000 0.774000 359.741000 133.560800
360.219000 0.782000 360.521000 133.627460
360.991000 0.772000 361.311000 120.902870
361.765000 0.774000 362.071000 131.303300
362.551000 0.787000 362.851000 132.459610
363.336000 0.785000 363.631000 131.044340
364.130000 0.794000 364.431000 128.798370
364.923000 0.792000 365.221000 128.720170
365.707000 0.784000 366.011000 127.686930
366.497000 0.790000 366.801000 128.192010
367.286000 0.789000 367.591000 127.225430
368.065000 0.780000 368.371000 126.731880
368.842000 0.776000 369.141000 129.854700
369.627000 0.785000 369.921000 132.301930
370.408000 0.781000 370.711000 132.639080
371.203000 0.795000 371.501000 132.673700
372.005000 0.802000 372.311000 133.268520
372.804000 0.799000 373.111000 133.908210
373.604000 0.800000 373.911000 135.492690
374.438000 0.833000 374.731000 136.458000
375.268000 0.830000 375.561000 137.750200
376.116000 0.848000 376.411000 137.210500
376.976000 0.860000 377.281000 133.447990
377.806000 0.830000 378.121000 132.582680
378.635000 0.829000 378.931000 134.032560
379.470000 0.836000 379.771000 134.245360
380.296000 0.825000 380.601000 132.909570
381.113000 0.817000 381.411000 135.379880
381.928000 0.815000 382.221000 134.695320
382.729000 0.801000 383.031000 132.728820
383.543000 0.814000 383.831000 136.974620
384.348000 0.805000 384.661000 134.313300
385.137000 0.788000 385.441000 135.358090
385.932000 0.796000 386.221000 135.683700
386.726000 0.794000 387.031000 136.649010
387.509000 0.783000 387.801000 138.557830
388.283000 0.774000 388.581000 141.006340
389.048000 0.765000 389.361000 125.620430
389.791000 0.743000 390.101000 135.391420
390.532000 0.740000 390.831000 136.604140
391.260000 0.728000 391.581000 145.140620
391.985000 0.725000 392.301000 143.444600
392.715000 0.730000 393.021000 146.150790
393.486000 0.771000 393.781000 151.328570
394.304000 0.818000 394.601000 154.630860
395.154000 0.850000 395.451000 150.755540
396.060000 0.906000 396.361000 152.519500
397.013000 0.952000 397.311000 149.273610
397.991000 0.978000 398.291000 146.667420
398.967000 0.977000 399.271000 141.916520
399.934000 0.967000 400.241000 138.580900
400.883000 0.949000 401.191000 135.627300
401.801000 0.918000 402.111000 131.459690
402.683000 0.881000 402.991000 132.853170
403.555000 0.872000 403.851000 134.178700
404.397000 0.842000 404.701000 132.964700
405.219000 0.822000 405.531000 130.763600
406.055000 0.836000 406.351000 135.132470
406.870000 0.815000 407.171000 135.502950
407.726000 0.856000 408.021000 136.446460
408.612000 0.886000 408.911000 135.492690
409.495000 0.883000 409.801000 134.481240
410.388000 0.893000 410.691000 134.952990
411.272000 0.884000 411.581000 133.639000
412.135000 0.863000 412.451000 127.236960
412.972000 0.837000 413.281000 117.904400
413.819000 0.847000 414.121000 120.329840
414.652000 0.833000 414.951000 119.285050
415.497000 0.845000 415.801000 116.286580
416.337000 0.841000 416.641000 117.409570
417.220000 0.883000 417.521000 118.746640
418.106000 0.886000 418.411000 118.588960
418.983000 0.877000 419.291000 115.286660
419.861000 0.878000 420.161000 118.588960
420.712000 0.851000 421.021000 110.334510
421.537000 0.825000 421.841000 108.098790
422.342000 0.805000 422.651000 110.064020
423.137000 0.795000 423.441000 111.872840
423.928000 0.791000 424.231000 111.120340
424.717000 0.789000 425.021000 113.804740
425.515000 0.798000 425.821000 114.691840
426.320000 0.805000 426.631000 116.140440
427.137000 0.817000 427.441000 119.397860
427.971000 0.834000 428.271000 120.261900
428.820000 0.850000 429.121000 120.060630
429.662000 0.841000 429.961000 119.735020
430.494000 0.832000 430.801000 120.060630
431.336000 0.842000 431.641000 121.778440
432.172000 0.836000 432.481000 121.936120
432.993000 0.821000 433.301000 114.175220
433.789000 0.796000 434.101000 116.994220
434.586000 0.797000 434.891000 120.251640
435.395000 0.809000 435.691000 120.341380
436.198000 0.803000 436.501000 119.881160
437.012000 0.814000 437.311000 121.980990
437.830000 0.818000 438.131000 122.721950
438.653000 0.824000 438.951000 123.014230
439.473000 0.820000 439.781000 122.441200
440.289000 0.816000 440.591000 121.722030
441.089000 0.800000 441.401000 120.015760
441.877000 0.788000 442.181000 121.868170
442.672000 0.795000 442.971000 124.451300
443.462000 0.789000 443.771000 124.967920
444.268000 0.806000 444.571000 125.293530
445.080000 0.812000 445.391000 125.866560
445.902000 0.822000 446.211000 128.270210
446.752000 0.850000 447.051000 130.371320
447.618000 0.867000 447.921000 129.404730
448.510000 0.891000 448.811000 127.293370
449.395000 0.885000 449.701000 124.721790
450.279000 0.884000 450.581000 125.833230
451.170000 0.892000 451.471000 125.316610
452.053000 0.883000 452.361000 123.082180
452.918000 0.865000 453.231000 120.374710
453.767000 0.849000 454.071000 121.902790
454.620000 0.852000 454.921000 122.980900
455.470000 0.851000 455.771000 122.879630
456.315000 0.845000 456.621000 121.598970
457.140000 0.824000 457.441000 122.497610
457.983000 0.844000 458.281000 124.069280
458.830000 0.846000 459.131000 123.485990
459.690000 0.860000 459.991000 122.059180
460.531000 0.841000 460.841000 119.329920
461.351000 0.820000 461.671000 119.263260
462.156000 0.805000 462.461000 122.295060
463.005000 0.849000 463.301000 122.610420
463.855000 0.850000 464.151000 121.992520
464.717000 0.861000 465.011000 122.160460
465.574000 0.858000 465.881000 122.082260
466.419000 0.845000 466.731000 122.228400
467.259000 0.840000 467.561000 124.035940
468.099000 0.839000 468.401000 123.800070
468.926000 0.828000 469.231000 122.700160
469.741000 0.815000 470.051000 121.318220
470.543000 0.802000 470.851000 121.407960
471.346000 0.803000 471.651000 123.991080
472.156000 0.810000 472.461000 124.575640
472.974000 0.818000 473.281000 124.260290
473.810000 0.835000 474.111000 123.823140
474.658000 0.849000 474.961000 123.969280
475.492000 0.834000 475.801000 122.542480
476.329000 0.837000 476.631000 123.823140
477.178000 0.849000 477.481000 123.879550
478.022000 0.844000 478.321000 122.946290
478.858000 0.837000 479.161000 120.969530
479.687000 0.829000 479.991000 121.554100
480.518000 0.831000 480.821000 124.047480
481.357000 0.839000 481.661000 124.125680
482.207000 0.851000 482.511000 123.092430
483.058000 0.851000 483.361000 121.059270
483.899000 0.840000 484.201000 122.374540
484.750000 0.851000 485.051000 123.373180
485.585000 0.835000 485.891000 121.261810
486.406000 0.821000 486.711000 122.283520
487.208000 0.803000 487.511000 124.339770
488.029000 0.820000 488.321000 126.619070
488.845000 0.817000 489.141000 125.248670
489.654000 0.809000 489.951000 125.339680
490.451000 0.797000 490.751000 126.698550
491.253000 0.801000 491.651000 129.348330
492.055000 0.802000 492.361000 124.047480
492.852000 0.797000 493.161000 120.251640
493.662000 0.810000 493.971000 115.545620
494.471000 0.809000 494.781000 112.658680
495.267000 0.796000 495.581000 111.827980
496.072000 0.805000 496.371000 113.411180
496.874000 0.803000 497.181000 113.725250
497.673000 0.799000 497.981000 114.512370
498.474000 0.800000 498.791000 114.152140
499.267000 0.793000 499.581000 114.882850
500.056000 0.788000 500.361000 116.769880
500.862000 0.806000 501.161000 118.746640
501.675000 0.813000 501.981000 118.421020
502.495000 0.820000 502.801000 116.567330
503.330000 0.835000 503.641000 117.050620
504.155000 0.825000 504.471000 115.848160
504.971000 0.816000 505.281000 117.869790
505.794000 0.823000 506.101000 119.577340
506.613000 0.819000 506.921000 119.083790
507.438000 0.825000 507.751000 118.015930
508.253000 0.816000 508.561000 118.319750
509.088000 0.835000 509.391000 122.530940
509.924000 0.836000 510.231000 122.115590
510.770000 0.846000 511.081000 117.892860
511.644000 0.875000 511.941000 121.172080
512.519000 0.875000 512.831000 115.500750
513.376000 0.857000 513.681000 117.937730
514.240000 0.863000 514.541000 116.196850
515.086000 0.846000 515.391000 115.343070
515.923000 0.837000 516.231000 115.028990
516.751000 0.828000 517.061000 115.758420
517.569000 0.818000 517.871000 116.342990
518.382000 0.813000 518.691000 116.590400
519.197000 0.815000 519.501000 116.163520
519.997000 0.800000 520.311000 116.780130
520.790000 0.793000 521.101000 118.218470
521.593000 0.803000 521.891000 129.090660
522.407000 0.814000 522.721000 118.690230
523.241000 0.833000 523.541000 127.956130
524.087000 0.846000 524.401000 130.999470
524.956000 0.869000 525.261000 133.728740
525.829000 0.873000 526.131000 133.200580
526.703000 0.874000 527.011000 132.639080
527.569000 0.866000 527.881000 127.843320
528.410000 0.841000 528.721000 128.293290
529.263000 0.853000 529.561000 132.348080
530.104000 0.841000 530.401000 133.818470
530.937000 0.833000 531.241000 132.818560
531.772000 0.835000 532.081000 133.280060
532.593000 0.821000 532.901000 132.886500
533.402000 0.808000 533.711000 140.658940
534.201000 0.799000 534.501000 137.986080
535.008000 0.808000 535.311000 139.220590
535.815000 0.807000 536.121000 141.894730
536.615000 0.799000 536.921000 138.906520
537.405000 0.790000 537.721000 136.884890
538.184000 0.779000 538.471000 148.554440
538.976000 0.792000 539.241000 148.240360
539.764000 0.788000 540.071000 143.702270
540.549000 0.785000 540.851000 143.522800
541.346000 0.797000 541.651000 145.499560
542.139000 0.793000 542.441000 145.016270
542.937000 0.798000 543.241000 139.277000
543.740000 0.803000 544.041000 142.343410
544.537000 0.797000 544.841000 136.783610
545.318000 0.782000 545.641000 123.889800
546.103000 0.784000 546.411000 131.640450
546.894000 0.791000 547.191000 132.617290
547.683000 0.789000 547.981000 133.841550
548.476000 0.793000 548.781000 130.796930
549.260000 0.784000 549.571000 128.427890
550.036000 0.775000 550.341000 131.796840
550.824000 0.788000 551.121000 134.705580
551.610000 0.786000 551.911000 135.874710
552.415000 0.805000 552.711000 135.547820
553.236000 0.820000 553.531000 134.986330
554.069000 0.833000 554.371000 135.526020
554.908000 0.839000 555.211000 134.549180
555.755000 0.847000 556.061000 133.200580
556.597000 0.842000 556.901000 131.077670
557.427000 0.830000 557.731000 129.180390
558.248000 0.822000 558.551000 130.505930
559.072000 0.823000 559.371000 134.605590
559.899000 0.827000 560.201000 135.738830
560.712000 0.813000 561.011000 136.064440
561.561000 0.849000 561.861000 138.939850
562.411000 0.850000 562.711000 137.783530
563.278000 0.867000 563.581000 133.953080
564.110000 0.832000 564.421000 131.437900
564.923000 0.814000 565.231000 132.808300
565.745000 0.822000 566.041000 133.436450
566.568000 0.823000 566.871000 133.369790
567.379000 0.811000 567.671000 130.225180
568.173000 0.793000 568.471000 130.022630
