901.357000 0.654000 901.401000 174.994120
902.012000 0.655000 902.013000 174.994120
902.668000 0.656000 902.669000 174.994120
903.323000 0.655000 903.324000 174.994120
903.983000 0.660000 903.984000 24.998507
904.651000 0.668000 904.652000 24.998507
905.320000 0.668000 905.401000 174.994120
906.005000 0.685000 906.006000 174.994120
906.690000 0.685000 906.691000 174.994120
907.374000 0.683000 907.375000 174.994120
908.053000 0.679000 908.054000 24.998507
908.727000 0.675000 909.393000 54.995799
909.392000 0.664000 909.401000 174.994120
910.050000 0.658000 910.051000 174.994120
910.702000 0.653000 910.703000 174.994120
911.344000 0.642000 911.345000 174.994120
911.975000 0.630000 911.976000 24.998507
912.588000 0.613000 912.589000 24.998507
913.191000 0.603000 913.401000 174.994120
913.807000 0.615000 913.808000 174.994120
914.421000 0.615000 914.422000 174.994120
915.041000 0.620000 915.042000 174.994120
915.681000 0.640000 915.682000 24.998507
916.347000 0.667000 916.348000 24.998507
917.027000 0.680000 917.401000 174.994120
917.708000 0.681000 917.709000 174.994120
918.383000 0.675000 918.384000 174.994120
919.062000 0.678000 919.063000 174.994120
919.722000 0.661000 919.723000 24.998507
920.393000 0.671000 920.394000 24.998507
921.053000 0.659000 921.401000 174.994120
921.710000 0.658000 921.711000 174.994120
922.358000 0.648000 922.359000 174.994120
922.996000 0.639000 922.997000 174.994120
923.640000 0.643000 923.641000 24.998507
924.287000 0.647000 924.288000 24.998507
924.937000 0.650000 925.401000 174.994120
925.591000 0.654000 925.592000 174.994120
926.250000 0.659000 926.251000 174.994120
926.916000 0.666000 926.917000 174.994120
927.601000 0.684000 927.602000 24.998507
928.283000 0.682000 928.284000 24.998507
928.956000 0.673000 929.401000 174.994120
929.638000 0.682000 929.639000 174.994120
930.316000 0.678000 930.317000 174.994120
930.999000 0.683000 931.000000 174.994120
931.676000 0.677000 931.677000 24.998507
932.346000 0.671000 932.347000 24.998507
933.003000 0.657000 933.401000 174.994120
933.667000 0.664000 933.668000 174.994120
934.319000 0.652000 934.320000 174.994120
934.965000 0.646000 934.966000 174.994120
935.625000 0.660000 935.626000 24.998507
936.289000 0.663000 936.290000 24.998507
936.967000 0.678000 937.401000 174.994120
937.668000 0.701000 937.669000 174.994120
938.377000 0.709000 938.378000 174.994120
939.089000 0.712000 939.090000 174.994120
939.788000 0.699000 939.789000 24.998507
940.478000 0.690000 940.479000 24.998507
941.159000 0.681000 941.401000 174.994120
941.827000 0.668000 941.828000 174.994120
942.488000 0.661000 942.489000 174.994120
943.145000 0.658000 943.146000 174.994120
943.804000 0.659000 943.805000 24.998507
944.461000 0.657000 944.462000 24.998507
945.113000 0.652000 945.401000 174.994120
945.768000 0.655000 945.769000 174.994120
946.421000 0.654000 946.422000 174.994120
947.079000 0.658000 947.080000 174.994120
947.739000 0.660000 947.740000 24.998507
948.423000 0.684000 948.424000 24.998507
949.117000 0.693000 949.401000 174.994120
949.811000 0.694000 949.812000 174.994120
950.494000 0.683000 950.495000 174.994120
951.176000 0.682000 951.177000 174.994120
951.854000 0.678000 951.855000 24.998507
952.527000 0.673000 952.801000 99.348579
953.195000 0.668000 953.471000 99.305091
953.851000 0.656000 954.121000 100.955330
954.502000 0.651000 954.771000 101.742690
955.156000 0.654000 955.421000 101.630530
955.814000 0.659000 956.081000 100.776800
956.479000 0.664000 956.751000 100.561650
957.145000 0.666000 957.411000 103.056470
957.814000 0.669000 958.081000 103.695050
958.493000 0.678000 958.761000 102.809280
959.177000 0.684000 959.441000 101.584760
959.873000 0.696000 960.141000 104.335920
960.560000 0.687000 960.821000 104.537340
961.236000 0.676000 961.501000 102.697120
961.898000 0.662000 962.171000 101.303230
962.550000 0.653000 962.821000 102.113470
963.200000 0.649000 963.461000 103.326550
963.843000 0.644000 964.111000 102.225630
964.493000 0.650000 964.761000 100.483830
965.153000 0.660000 965.421000 100.911840
965.808000 0.655000 966.081000 102.303450
966.466000 0.657000 966.731000 103.628670
967.135000 0.669000 967.401000 103.898760
967.818000 0.684000 968.081000 104.100170
968.491000 0.673000 968.761000 105.560440
969.155000 0.664000 969.421000 107.480760
969.811000 0.656000 970.071000 108.503860
970.471000 0.660000 970.741000 107.155750
971.130000 0.659000 971.401000 106.009050
971.793000 0.662000 972.051000 107.132860
972.462000 0.669000 972.721000 106.592700
973.121000 0.659000 973.391000 104.324480
973.797000 0.676000 974.061000 104.537340
974.481000 0.685000 974.741000 103.852980
975.155000 0.673000 975.421000 103.326550
975.603000 0.448000 976.081000 104.033800
976.157000 0.554000 976.158000 81.866561
976.479000 0.322000 976.741000 102.369820
977.144000 0.666000 977.411000 100.282420
977.803000 0.659000 978.071000 99.799476
978.452000 0.649000 978.721000 100.337350
979.098000 0.645000 979.361000 101.303230
979.751000 0.654000 980.011000 101.696910
980.395000 0.644000 980.661000 99.575172
981.046000 0.651000 981.311000 100.225200
981.705000 0.659000 981.961000 101.225410
982.364000 0.659000 982.621000 102.246230
983.030000 0.666000 983.291000 101.337560
983.695000 0.665000 983.961000 100.573100
984.351000 0.656000 984.621000 101.101820
984.995000 0.643000 985.261000 102.539200
985.632000 0.637000 985.891000 102.674240
986.277000 0.645000 986.541000 102.225630
986.928000 0.652000 987.191000 102.237070
987.582000 0.653000 987.841000 103.223550
988.226000 0.644000 988.491000 104.448070
988.880000 0.654000 989.141000 106.144090
989.547000 0.667000 989.811000 104.493850
990.213000 0.666000 990.481000 102.898540
990.875000 0.662000 991.141000 102.504860
991.530000 0.655000 991.791000 103.358590
992.185000 0.655000 992.441000 104.111620
992.861000 0.677000 993.121000 103.470750
993.527000 0.666000 993.791000 101.607650
994.211000 0.684000 994.471000 102.932870
994.887000 0.676000 995.151000 102.685680
995.558000 0.671000 995.821000 101.495490
996.231000 0.673000 996.491000 101.248300
996.896000 0.665000 997.161000 101.909770
997.575000 0.679000 997.841000 102.134070
998.250000 0.675000 998.511000 100.866070
998.937000 0.687000 999.201000 102.740610
999.613000 0.677000 999.871000 103.640120
1000.284000 0.670000 1000.541000 103.539410
1000.958000 0.674000 1001.221000 101.662580
1001.633000 0.675000 1001.901000 101.213970
1002.298000 0.665000 1002.561000 102.729170
1002.954000 0.656000 1003.221000 103.539410
1003.618000 0.663000 1003.881000 102.921430
1004.285000 0.667000 1004.551000 101.136150
1004.974000 0.690000 1005.241000 101.831950
1005.661000 0.687000 1005.921000 102.056250
1006.343000 0.683000 1006.601000 102.225630
1007.026000 0.682000 1007.291000 100.685250
1007.695000 0.669000 1007.961000 100.483830
1008.367000 0.673000 1008.631000 102.179850
1009.032000 0.665000 1009.291000 103.450150
1009.698000 0.665000 1009.961000 103.594340
1010.359000 0.662000 1010.621000 101.394780
1011.025000 0.665000 1011.291000 101.797620
1011.688000 0.663000 1011.951000 103.594340
1012.349000 0.661000 1012.611000 104.258100
1013.013000 0.664000 1013.271000 103.988020
1013.685000 0.672000 1013.951000 101.248300
1014.363000 0.678000 1014.631000 100.877510
1015.039000 0.676000 1015.301000 102.191290
1015.714000 0.675000 1015.981000 102.752060
1016.388000 0.675000 1016.651000 101.516090
1017.062000 0.673000 1017.331000 99.978004
1017.729000 0.668000 1018.001000 99.517951
1018.392000 0.663000 1018.661000 101.573310
1019.057000 0.665000 1019.321000 102.921430
1019.736000 0.679000 1020.001000 103.022140
1020.426000 0.690000 1020.691000 101.877730
1021.124000 0.697000 1021.391000 101.001110
1021.806000 0.683000 1022.071000 100.932440
1022.478000 0.672000 1022.741000 102.674240
1023.146000 0.668000 1023.411000 102.697120
1023.816000 0.670000 1024.081000 101.225410
1024.499000 0.683000 1024.761000 100.708140
1025.178000 0.678000 1025.441000 101.225410
1025.855000 0.678000 1026.121000 101.843390
1026.541000 0.686000 1026.801000 101.506940
1027.223000 0.682000 1027.491000 99.707924
1027.900000 0.677000 1028.161000 100.213750
1028.574000 0.675000 1028.841000 99.989449
1029.238000 0.663000 1029.511000 97.799047
1029.897000 0.659000 1030.161000 98.011907
1030.553000 0.656000 1030.821000 98.934302
1031.214000 0.661000 1031.481000 99.124274
1031.882000 0.668000 1032.151000 97.776158
1032.556000 0.674000 1032.821000 96.721012
1033.236000 0.679000 1033.501000 97.540410
1033.911000 0.675000 1034.181000 98.506292
1034.603000 0.692000 1034.871000 98.092016
1035.292000 0.688000 1035.561000 96.508151
1035.983000 0.691000 1036.251000 96.597415
1036.678000 0.695000 1036.941000 97.361882
1037.366000 0.689000 1037.631000 98.373541
1038.073000 0.706000 1038.341000 98.103460
1038.776000 0.704000 1039.051000 96.563083
1039.460000 0.684000 1039.731000 96.553928
1040.152000 0.692000 1040.421000 97.149021
1040.843000 0.691000 1041.111000 98.687109
1041.524000 0.680000 1041.791000 99.382911
1042.206000 0.682000 1042.471000 99.888740
1042.913000 0.707000 1043.181000 102.134070
1043.615000 0.702000 1043.881000 101.955550
1044.323000 0.707000 1044.591000 101.978430
1045.044000 0.721000 1045.311000 102.369820
1045.770000 0.726000 1046.041000 101.383340
1046.476000 0.706000 1046.751000 100.293860
1047.159000 0.683000 1047.431000 101.044600
1047.834000 0.675000 1048.101000 101.506940
1048.497000 0.664000 1048.761000 100.181710
1049.166000 0.668000 1049.431000 98.934302
1049.832000 0.666000 1050.101000 100.282420
1050.498000 0.667000 1050.761000 102.349220
1051.172000 0.674000 1051.441000 103.088510
1051.850000 0.678000 1052.121000 100.653210
1052.544000 0.694000 1052.811000 100.765360
1053.226000 0.682000 1053.491000 101.371900
1053.901000 0.675000 1054.171000 101.719800
1054.572000 0.671000 1054.841000 99.707924
1055.247000 0.676000 1055.521000 99.584327
1055.919000 0.671000 1056.191000 100.495280
1056.590000 0.671000 1056.851000 101.909770
1057.253000 0.663000 1057.521000 99.923073
1057.927000 0.674000 1058.201000 99.943672
1058.593000 0.667000 1058.861000 100.831730
1059.256000 0.662000 1059.521000 102.349220
1059.913000 0.658000 1060.171000 102.326340
1060.554000 0.641000 1060.821000 102.067700
1061.179000 0.625000 1061.441000 100.506720
1061.786000 0.607000 1062.061000 97.620518
1062.408000 0.622000 1062.681000 100.541050
1063.040000 0.632000 1063.301000 103.933090
1063.688000 0.648000 1063.951000 103.910200
1064.349000 0.661000 1064.611000 102.337780
1065.026000 0.678000 1065.291000 103.685890
1065.705000 0.678000 1065.971000 104.695270
1066.378000 0.673000 1066.641000 102.225630
1067.037000 0.659000 1067.311000 101.090370
1067.699000 0.661000 1067.961000 102.237070
1068.351000 0.652000 1068.611000 102.493420
1069.000000 0.650000 1069.271000 100.460950
1069.659000 0.659000 1069.931000 99.865852
1070.322000 0.663000 1070.591000 101.763290
1070.988000 0.667000 1071.251000 102.898540
1071.677000 0.688000 1071.941000 101.191080
1072.367000 0.690000 1072.641000 99.192939
1073.053000 0.685000 1073.321000 99.652992
1073.729000 0.677000 1073.991000 100.753910
1074.410000 0.680000 1074.671000 100.641760
1075.090000 0.680000 1075.361000 98.023351
1075.762000 0.672000 1076.031000 97.338993
1076.433000 0.671000 1076.701000 98.428472
1077.103000 0.670000 1077.371000 99.822365
1077.782000 0.678000 1078.051000 98.135503
1078.466000 0.684000 1078.741000 96.666080
1079.148000 0.682000 1079.421000 98.011907
1079.821000 0.673000 1080.091000 98.618445
1080.495000 0.674000 1080.761000 97.338993
1081.161000 0.667000 1081.431000 95.620089
1081.832000 0.670000 1082.101000 97.203953
1082.492000 0.660000 1082.761000 98.451361
1083.154000 0.662000 1083.421000 97.844823
1083.826000 0.672000 1084.091000 97.068913
1084.500000 0.674000 1084.771000 98.281988
1085.192000 0.692000 1085.461000 98.856482
1085.883000 0.691000 1086.151000 96.183139
1086.607000 0.724000 1086.881000 96.563083
1087.318000 0.711000 1087.581000 97.046024
1088.016000 0.698000 1088.291000 95.430116
1088.702000 0.686000 1088.981000 93.811920
1089.381000 0.678000 1089.651000 95.453005
1090.059000 0.678000 1090.331000 95.913058
1090.720000 0.661000 1090.991000 94.082001
1091.392000 0.672000 1091.661000 95.059327
1092.063000 0.670000 1092.331000 97.203953
1092.734000 0.671000 1093.001000 96.013766
1093.410000 0.676000 1093.681000 94.599274
1094.103000 0.693000 1094.371000 95.935946
1094.794000 0.690000 1095.061000 97.114689
1095.477000 0.683000 1095.751000 95.361452
1096.164000 0.688000 1096.441000 94.631318
1096.855000 0.691000 1097.121000 96.160250
1097.537000 0.682000 1097.811000 96.183139
1098.208000 0.670000 1098.481000 94.127777
1098.887000 0.679000 1099.161000 93.846252
1099.553000 0.666000 1099.821000 95.070771
1100.212000 0.659000 1100.481000 96.384555
1100.871000 0.659000 1101.141000 94.418457
1101.520000 0.649000 1101.791000 93.981293
1102.168000 0.648000 1102.441000 96.698123
1102.813000 0.645000 1103.081000 99.348579
1103.466000 0.653000 1103.731000 99.204383
1104.114000 0.649000 1104.391000 97.428257
1104.780000 0.666000 1105.051000 98.494848
1105.448000 0.668000 1105.711000 99.865852
1106.117000 0.670000 1106.381000 99.955116
1106.787000 0.670000 1107.061000 98.192724
1107.462000 0.675000 1107.731000 97.922643
1108.124000 0.662000 1108.391000 99.529395
1108.786000 0.661000 1109.051000 99.327979
1109.434000 0.649000 1109.711000 97.103245
1110.091000 0.657000 1110.361000 97.160465
1110.743000 0.652000 1111.011000 98.977790
1111.400000 0.657000 1111.671000 100.248090
1112.066000 0.667000 1112.331000 99.316535
1112.738000 0.671000 1113.011000 97.025425
1113.413000 0.676000 1113.681000 97.396214
1114.084000 0.671000 1114.351000 99.371467
1114.762000 0.678000 1115.031000 98.687109
1115.426000 0.664000 1115.701000 96.059542
1116.091000 0.665000 1116.361000 95.755129
1116.746000 0.655000 1117.021000 96.732456
1117.394000 0.649000 1117.661000 98.192724
1118.053000 0.658000 1118.321000 98.833594
1118.711000 0.659000 1118.981000 96.585971
1119.376000 0.665000 1119.651000 95.317964
1120.045000 0.668000 1120.321000 96.002322
1120.711000 0.667000 1120.981000 97.609074
1121.379000 0.668000 1121.651000 97.755559
1122.057000 0.678000 1122.331000 96.103030
1122.734000 0.677000 1123.011000 94.159821
1123.401000 0.668000 1123.671000 96.002322
1124.067000 0.666000 1124.331000 97.068913
1124.738000 0.670000 1125.011000 95.766573
1125.394000 0.657000 1125.671000 93.789032
1126.057000 0.663000 1126.331000 95.384340
1126.719000 0.662000 1126.991000 97.013981
1127.386000 0.667000 1127.661000 95.700197
1128.044000 0.658000 1128.321000 93.811920
1128.708000 0.664000 1128.981000 94.789246
1129.367000 0.659000 1129.641000 96.395999
1130.018000 0.651000 1130.291000 95.496492
1130.671000 0.653000 1130.941000 93.958404
1131.329000 0.658000 1131.601000 94.711427
1131.980000 0.651000 1132.251000 96.643192
1132.636000 0.656000 1132.911000 96.597415
1133.293000 0.657000 1133.571000 95.093660
1133.962000 0.669000 1134.231000 95.642977
1134.631000 0.668000 1134.901000 97.261174
1135.300000 0.669000 1135.571000 97.485478
1135.969000 0.670000 1136.241000 95.565157
1136.649000 0.679000 1136.921000 95.855837
1137.318000 0.670000 1137.591000 96.755344
1137.990000 0.672000 1138.261000 96.272403
1138.657000 0.666000 1138.931000 94.116333
1139.316000 0.660000 1139.591000 93.521239
1139.967000 0.650000 1140.241000 95.306520
1140.624000 0.658000 1140.891000 97.272618
1141.276000 0.651000 1141.541000 96.721012
1141.913000 0.638000 1142.181000 97.867711
1142.543000 0.630000 1142.811000 97.068913
1143.156000 0.613000 1143.431000 94.159821
1143.774000 0.618000 1144.051000 94.507721
1144.393000 0.620000 1144.661000 97.215397
1145.019000 0.626000 1145.291000 99.371467
1145.648000 0.628000 1145.921000 98.270544
1146.293000 0.645000 1146.561000 99.664436
1146.951000 0.659000 1147.221000 102.044810
1147.617000 0.666000 1147.881000 101.248300
1148.340000 0.723000 1148.611000 102.168410
1149.058000 0.718000 1149.331000 102.964920
1149.759000 0.701000 1150.031000 101.999030
1150.438000 0.679000 1150.711000 99.339423
1151.115000 0.677000 1151.391000 100.325910
1151.776000 0.660000 1152.051000 101.113260
1152.425000 0.649000 1152.701000 100.181710
1153.067000 0.643000 1153.341000 99.854408
1153.725000 0.657000 1153.991000 102.349220
1154.383000 0.659000 1154.651000 102.269110
1155.050000 0.667000 1155.321000 101.202520
1155.722000 0.672000 1155.991000 102.550640
1156.397000 0.675000 1156.671000 101.886880
1157.067000 0.670000 1157.341000 100.023780
1157.744000 0.677000 1158.011000 100.550210
1158.448000 0.704000 1158.721000 101.056040
1159.134000 0.686000 1159.411000 97.686894
1159.833000 0.699000 1160.111000 98.293432
1160.536000 0.703000 1160.811000 98.968634
1161.227000 0.690000 1161.501000 96.810276
1161.906000 0.679000 1162.181000 94.734315
1162.576000 0.670000 1162.851000 96.272403
1163.244000 0.667000 1163.511000 97.574742
1163.904000 0.661000 1164.181000 95.935946
1164.571000 0.666000 1164.851000 94.294861
1165.235000 0.664000 1165.511000 95.924502
1165.902000 0.667000 1166.171000 97.755559
1166.577000 0.675000 1166.841000 97.675450
1167.264000 0.687000 1167.541000 95.588045
1167.959000 0.695000 1168.231000 94.475678
1168.650000 0.692000 1168.921000 96.833164
1169.336000 0.686000 1169.611000 97.080357
1170.010000 0.674000 1170.291000 94.542054
1170.670000 0.660000 1170.951000 93.418243
1171.326000 0.656000 1171.601000 95.372896
1171.980000 0.654000 1172.251000 97.316105
1172.645000 0.665000 1172.921000 96.867496
1173.320000 0.675000 1173.591000 95.732241
1174.007000 0.688000 1174.281000 97.744115
1174.699000 0.692000 1174.971000 97.833379
1175.386000 0.687000 1175.661000 95.565157
1176.082000 0.696000 1176.361000 96.025210
1176.773000 0.691000 1177.041000 96.542484
1177.450000 0.678000 1177.731000 94.340637
1178.122000 0.671000 1178.401000 93.869140
1178.794000 0.672000 1179.071000 95.867281
1179.467000 0.673000 1179.741000 95.597200
1180.138000 0.671000 1180.411000 94.104889
1180.804000 0.666000 1181.081000 95.114259
1181.468000 0.664000 1181.741000 96.732456
1182.132000 0.664000 1182.401000 96.430331
1182.807000 0.676000 1183.081000 96.677524
1183.492000 0.685000 1183.771000 95.755129
1184.175000 0.683000 1184.451000 95.182924
1184.845000 0.670000 1185.121000 94.082001
1185.509000 0.664000 1185.781000 96.979648
1186.168000 0.659000 1186.441000 99.069342
1186.825000 0.657000 1187.101000 99.012122
1187.471000 0.646000 1187.751000 99.428687
1188.124000 0.653000 1188.391000 101.484050
1188.777000 0.653000 1189.051000 102.326340
1189.446000 0.668000 1189.721000 102.493420
1190.120000 0.674000 1190.391000 101.337560
1190.794000 0.674000 1191.061000 101.674020
1191.460000 0.667000 1191.731000 101.596200
1192.122000 0.662000 1192.401000 99.877296
1192.800000 0.678000 1193.071000 99.641548
1193.470000 0.670000 1193.741000 99.742256
1194.157000 0.686000 1194.431000 99.428687
1194.839000 0.682000 1195.121000 96.295291
1195.526000 0.688000 1195.801000 97.013981
1196.205000 0.678000 1196.481000 98.485693
1196.878000 0.673000 1197.151000 98.169836
1197.538000 0.660000 1197.811000 96.125918
1198.193000 0.655000 1198.471000 95.979434
1198.843000 0.649000 1199.121000 97.169621
1199.485000 0.642000 1199.761000 99.124274
1200.129000 0.644000 1200.401000 98.968634
1200.768000 0.640000 1201.041000 97.416813
1201.421000 0.652000 1201.691000 97.474034
1202.075000 0.655000 1202.351000 99.316535
1202.733000 0.658000 1203.001000 98.977790
1203.382000 0.649000 1203.661000 97.261174
1204.036000 0.654000 1204.311000 97.215397
1204.684000 0.648000 1204.961000 98.517736
1205.334000 0.649000 1205.611000 98.034795
1205.975000 0.641000 1206.251000 96.531040
1206.616000 0.641000 1206.891000 96.913273
1207.251000 0.635000 1207.521000 98.652777
1207.883000 0.632000 1208.151000 98.833594
1208.515000 0.631000 1208.791000 97.428257
1209.159000 0.644000 1209.431000 99.204383
1209.805000 0.647000 1210.071000 101.349010
1210.448000 0.642000 1210.721000 102.079140
1211.074000 0.626000 1211.341000 104.123060
1211.696000 0.622000 1211.961000 103.045030
1212.302000 0.606000 1212.571000 100.866070
1212.909000 0.607000 1213.181000 100.595990
1213.526000 0.617000 1213.801000 103.933090
1214.140000 0.614000 1214.411000 107.437270
1214.758000 0.619000 1215.021000 108.805990
1215.391000 0.632000 1215.661000 108.009480
1216.050000 0.660000 1216.321000 109.121850
1216.725000 0.675000 1216.991000 110.536340
1217.416000 0.691000 1217.681000 110.389850
1218.099000 0.683000 1218.371000 108.009480
1218.800000 0.701000 1219.061000 109.009690
1219.488000 0.688000 1219.761000 107.155750
1220.168000 0.680000 1220.441000 106.054830
1220.838000 0.670000 1221.101000 106.109760
1221.501000 0.663000 1221.771000 105.278910
1222.158000 0.657000 1222.431000 102.955760
1222.815000 0.657000 1223.081000 103.685890
1223.463000 0.648000 1223.731000 104.448070
1224.117000 0.654000 1224.381000 105.235430
1224.777000 0.660000 1225.041000 103.292220
1225.448000 0.670000 1225.721000 103.202950
1226.122000 0.674000 1226.391000 105.020280
1226.795000 0.673000 1227.061000 105.178210
1227.467000 0.672000 1227.731000 103.370040
1228.151000 0.685000 1228.421000 102.763500
1228.836000 0.685000 1229.101000 103.202950
1229.507000 0.671000 1229.771000 104.594560
1230.181000 0.674000 1230.441000 104.516740
1230.862000 0.680000 1231.131000 103.392930
1231.547000 0.686000 1231.821000 102.225630
1232.218000 0.670000 1232.481000 103.010690
1232.879000 0.661000 1233.151000 101.630530
1233.537000 0.659000 1233.811000 101.639690
1234.195000 0.657000 1234.461000 102.504860
1234.855000 0.660000 1235.121000 102.493420
1235.525000 0.670000 1235.791000 100.472390
1236.211000 0.686000 1236.481000 99.316535
1236.887000 0.676000 1237.151000 100.213750
1237.550000 0.663000 1237.811000 100.797400
1238.221000 0.671000 1238.491000 99.000678
1238.885000 0.664000 1239.161000 97.114689
1239.552000 0.666000 1239.821000 98.169836
1240.213000 0.662000 1240.481000 99.529395
1240.873000 0.660000 1241.141000 97.799047
1241.533000 0.660000 1241.801000 96.249514
1242.188000 0.655000 1242.461000 97.057468
1242.839000 0.651000 1243.111000 98.845038
1243.483000 0.644000 1243.751000 98.316320
1244.128000 0.645000 1244.401000 96.439487
1244.779000 0.651000 1245.051000 96.743900
1245.427000 0.648000 1245.691000 98.563513
1246.079000 0.653000 1246.341000 98.281988
1246.730000 0.651000 1247.001000 96.922428
1247.385000 0.655000 1247.651000 97.451146
1248.038000 0.653000 1248.301000 98.574957
1248.690000 0.651000 1248.961000 97.373326
1249.344000 0.655000 1249.611000 97.574742
1250.000000 0.656000 1250.271000 98.709997
1250.643000 0.643000 1250.911000 97.181065
1251.296000 0.653000 1251.561000 97.698338
1251.953000 0.657000 1252.221000 99.405799
1252.603000 0.650000 1252.871000 98.350652
1253.274000 0.670000 1253.541000 98.911414
1253.962000 0.688000 1254.231000 99.575172
1254.654000 0.692000 1254.921000 97.160465
1255.355000 0.701000 1255.631000 97.327549
1256.045000 0.690000 1256.311000 97.732671
1256.727000 0.682000 1257.001000 96.542484
1257.402000 0.676000 1257.681000 94.699982
1258.074000 0.671000 1258.351000 94.734315
1258.736000 0.662000 1259.011000 96.249514
1259.396000 0.660000 1259.661000 97.025425
1260.050000 0.654000 1260.321000 96.002322
1260.701000 0.651000 1260.971000 96.114474
1261.359000 0.658000 1261.631000 100.170270
1262.012000 0.653000 1262.281000 103.717940
1262.665000 0.653000 1262.931000 104.335920
1263.324000 0.659000 1263.591000 104.065840
1263.987000 0.663000 1264.261000 104.660930
1264.664000 0.677000 1264.931000 106.862780
1265.353000 0.689000 1265.621000 106.224200
1266.066000 0.713000 1266.331000 104.628890
1266.797000 0.731000 1267.061000 104.335920
1267.528000 0.731000 1267.791000 104.313030
1268.251000 0.723000 1268.521000 101.516090
1268.956000 0.705000 1269.231000 99.316535
1269.653000 0.698000 1269.921000 100.943890
1270.343000 0.689000 1270.611000 101.168190
1271.016000 0.673000 1271.291000 98.968634
1271.684000 0.668000 1271.961000 97.934087
1272.356000 0.672000 1272.631000 99.630104
1273.026000 0.670000 1273.291000 101.326120
1273.708000 0.682000 1273.971000 100.753910
1274.401000 0.693000 1274.671000 99.170050
1275.106000 0.706000 1275.381000 99.192939
1275.802000 0.696000 1276.071000 100.573100
1276.486000 0.684000 1276.761000 100.012340
1277.168000 0.682000 1277.441000 99.563728
1277.843000 0.675000 1278.121000 100.911840
1278.514000 0.671000 1278.781000 103.763710
1279.184000 0.670000 1279.451000 104.313030
1279.860000 0.676000 1280.131000 102.797830
1280.543000 0.683000 1280.811000 103.347150
1281.219000 0.677000 1281.491000 104.335920
1281.891000 0.671000 1282.161000 104.269540
1282.556000 0.666000 1282.831000 101.719800
1283.220000 0.664000 1283.491000 100.966780
1283.882000 0.662000 1284.151000 101.909770
1284.545000 0.663000 1284.811000 102.314890
1285.204000 0.659000 1285.471000 100.078710
1285.862000 0.658000 1286.131000 99.382911
1286.525000 0.664000 1286.791000 100.067270
1287.186000 0.660000 1287.451000 100.337350
1287.837000 0.651000 1288.111000 98.721442
1288.488000 0.651000 1288.761000 98.732886
1289.135000 0.648000 1289.401000 99.730812
1289.775000 0.639000 1290.051000 99.000678
1290.414000 0.640000 1290.691000 98.204168
1291.065000 0.650000 1291.341000 98.281988
1291.717000 0.652000 1291.981000 99.687324
1292.373000 0.656000 1292.641000 99.765144
1293.030000 0.657000 1293.301000 98.181280
1293.697000 0.667000 1293.971000 98.126348
1294.361000 0.664000 1294.631000 98.810706
1295.019000 0.659000 1295.291000 99.000678
1295.670000 0.650000 1295.941000 97.439702
1296.333000 0.664000 1296.611000 97.238285
1296.987000 0.653000 1297.261000 98.957190
1297.637000 0.650000 1297.911000 100.406010
1298.279000 0.642000 1298.551000 100.854620
1298.910000 0.630000 1299.181000 102.237070
1299.526000 0.616000 1299.791000 103.257890
1300.134000 0.609000 1300.411000 101.527540
1300.737000 0.603000 1301.011000 102.392710
1301.351000 0.613000 1301.621000 105.459730
1301.969000 0.619000 1302.231000 107.796620
1302.602000 0.633000 1302.871000 107.929370
1303.266000 0.664000 1303.531000 107.009260
1303.941000 0.675000 1304.211000 107.009260
1304.613000 0.672000 1304.881000 107.705070
1305.282000 0.669000 1305.551000 106.839890
1305.942000 0.660000 1306.211000 103.841530
1306.596000 0.654000 1306.871000 103.315110
1307.251000 0.655000 1307.521000 104.548780
1307.901000 0.649000 1308.171000 103.663010
1308.545000 0.645000 1308.811000 102.326340
1309.190000 0.645000 1309.461000 103.033580
1309.843000 0.653000 1310.111000 103.933090
1310.503000 0.660000 1310.771000 103.628670
1311.182000 0.680000 1311.451000 103.157180
1311.905000 0.723000 1312.171000 104.393140
1312.633000 0.728000 1312.901000 104.976790
1313.349000 0.716000 1313.621000 102.674240
1314.057000 0.708000 1314.331000 100.776800
1314.769000 0.712000 1315.041000 101.179640
1315.469000 0.700000 1315.741000 101.630530
1316.152000 0.683000 1316.421000 99.955116
1316.823000 0.670000 1317.101000 98.350652
1317.500000 0.678000 1317.771000 99.012122
1318.168000 0.668000 1318.441000 100.067270
1318.836000 0.669000 1319.101000 100.797400
1319.505000 0.668000 1319.781000 99.563728
1320.184000 0.679000 1320.461000 99.742256
1320.856000 0.672000 1321.121000 101.044600
1321.526000 0.669000 1321.791000 101.674020
1322.186000 0.660000 1322.461000 99.440131
1322.861000 0.675000 1323.131000 100.046670
1323.528000 0.668000 1323.801000 101.147590
1324.197000 0.668000 1324.461000 100.394570
1324.858000 0.661000 1325.131000 99.371467
1325.525000 0.666000 1325.791000 99.552284
1326.192000 0.668000 1326.461000 98.810706
1326.864000 0.672000 1327.131000 99.382911
1327.547000 0.683000 1327.811000 100.495280
1328.223000 0.676000 1328.491000 98.586401
1328.914000 0.691000 1329.191000 97.474034
1329.602000 0.688000 1329.881000 97.316105
1330.279000 0.677000 1330.551000 98.742041
1330.958000 0.679000 1331.231000 98.474249
1331.634000 0.676000 1331.911000 96.249514
1332.312000 0.678000 1332.591000 96.361667
1332.983000 0.671000 1333.251000 99.316535
1333.644000 0.661000 1333.911000 101.561870
1334.296000 0.652000 1334.571000 100.776800
1334.942000 0.647000 1335.211000 101.124700
1335.588000 0.646000 1335.861000 103.202950
1336.237000 0.649000 1336.501000 102.763500
1336.889000 0.652000 1337.161000 101.999030
1337.563000 0.674000 1337.831000 102.786390
1338.240000 0.678000 1338.511000 103.045030
1338.938000 0.697000 1339.201000 103.493630
1339.640000 0.702000 1339.911000 101.156750
1340.363000 0.724000 1340.631000 100.808850
1341.072000 0.708000 1341.341000 100.911840
1341.764000 0.692000 1342.031000 100.866070
1342.442000 0.679000 1342.711000 98.675665
1343.130000 0.687000 1343.401000 97.744115
1343.816000 0.687000 1344.091000 98.485693
1344.483000 0.667000 1344.751000 100.035220
1345.162000 0.679000 1345.431000 100.337350
1345.854000 0.692000 1346.121000 99.742256
1346.561000 0.707000 1346.831000 99.192939
1347.279000 0.718000 1347.551000 100.731030
1348.007000 0.728000 1348.281000 101.932660
1348.754000 0.746000 1349.021000 102.481970
1349.509000 0.755000 1349.781000 101.527540
1350.269000 0.760000 1350.541000 101.314680
1351.015000 0.745000 1351.291000 103.516520
1351.733000 0.718000 1352.001000 104.718150
1352.434000 0.702000 1352.711000 103.852980
1353.122000 0.688000 1353.391000 103.168620
1353.807000 0.686000 1354.081000 103.965130
1354.490000 0.683000 1354.761000 104.054400
1355.175000 0.685000 1355.451000 102.044810
1355.864000 0.689000 1356.131000 102.010480
1356.561000 0.697000 1356.831000 103.134290
1357.263000 0.702000 1357.531000 102.472820
1357.957000 0.694000 1358.231000 100.394570
1358.658000 0.701000 1358.931000 100.158820
1359.351000 0.693000 1359.621000 101.383340
1360.040000 0.689000 1360.311000 100.135930
1360.722000 0.682000 1361.001000 98.350652
1361.411000 0.689000 1361.681000 99.776588
1362.098000 0.687000 1362.371000 100.506720
1362.793000 0.695000 1363.061000 99.192939
1363.507000 0.715000 1363.781000 98.877081
1364.218000 0.711000 1364.491000 100.000890
1364.924000 0.706000 1365.191000 99.428687
1365.614000 0.690000 1365.891000 97.698338
1366.311000 0.696000 1366.581000 98.833594
1366.995000 0.684000 1367.261000 100.753910
1367.668000 0.673000 1367.941000 100.550210
1368.344000 0.677000 1368.621000 99.742256
