901.664000 0.813000 901.951000 121.015070
902.476000 0.812000 902.771000 122.115180
903.318000 0.842000 903.611000 121.880040
904.217000 0.898000 904.511000 121.318440
905.053000 0.837000 905.351000 120.419880
905.829000 0.776000 906.131000 121.216620
906.519000 0.690000 906.821000 120.756840
907.205000 0.686000 907.501000 121.856950
907.861000 0.656000 908.151000 121.385620
908.506000 0.646000 908.811000 120.846070
909.155000 0.649000 909.441000 125.327330
909.822000 0.667000 910.111000 125.001920
910.513000 0.691000 910.801000 126.641580
911.487000 0.974000 911.771000 125.709430
912.367000 0.880000 912.661000 123.486120
913.178000 0.811000 913.471000 122.912970
913.938000 0.760000 914.241000 119.072040
914.684000 0.746000 914.971000 120.296010
915.410000 0.726000 915.701000 120.487060
916.171000 0.761000 916.461000 121.610260
917.006000 0.835000 917.291000 121.497940
917.889000 0.883000 918.181000 122.553960
918.666000 0.778000 918.971000 122.193910
919.509000 0.842000 919.801000 124.844460
920.389000 0.880000 920.681000 123.508160
921.246000 0.858000 921.541000 122.250600
922.107000 0.861000 922.401000 122.149820
922.855000 0.748000 923.151000 121.251260
923.565000 0.710000 923.861000 125.664290
924.232000 0.667000 924.531000 119.161260
924.876000 0.644000 925.171000 121.374080
925.523000 0.646000 925.811000 124.912690
926.171000 0.648000 926.461000 124.889600
926.839000 0.668000 927.121000 125.855340
927.481000 0.643000 927.771000 125.305290
928.133000 0.651000 928.421000 126.079980
928.777000 0.644000 929.061000 127.035230
929.428000 0.650000 929.701000 128.292790
930.071000 0.643000 930.371000 124.092860
930.698000 0.628000 931.001000 122.149820
931.326000 0.627000 931.611000 124.664960
931.949000 0.624000 932.231000 124.193630
932.576000 0.626000 932.861000 123.283520
933.207000 0.631000 933.491000 122.071090
933.852000 0.645000 934.141000 123.665620
934.518000 0.665000 934.801000 124.664960
935.210000 0.692000 935.501000 124.979870
935.943000 0.732000 936.231000 125.957160
936.797000 0.855000 937.081000 124.136950
937.541000 0.744000 937.831000 122.666280
938.371000 0.830000 938.661000 122.991700
939.243000 0.871000 939.531000 120.441920
940.110000 0.867000 940.401000 119.015350
940.925000 0.816000 941.221000 119.835190
941.792000 0.867000 942.081000 118.465300
942.642000 0.850000 942.941000 117.174140
943.448000 0.806000 943.741000 118.959720
944.242000 0.794000 944.531000 116.915910
945.010000 0.768000 945.301000 116.567400
945.809000 0.799000 946.091000 118.746620
946.655000 0.846000 946.941000 118.813810
947.677000 1.022000 947.961000 118.229110
948.659000 0.983000 948.951000 117.174140
949.590000 0.931000 949.891000 116.297620
950.511000 0.921000 950.811000 114.725140
951.390000 0.879000 951.691000 114.837460
952.251000 0.861000 952.541000 115.107240
953.149000 0.898000 953.441000 115.713980
953.991000 0.842000 954.281000 118.039110
954.977000 0.986000 955.271000 118.195520
955.858000 0.880000 956.151000 118.780210
956.834000 0.976000 957.131000 118.229110
957.695000 0.861000 958.001000 118.713030
958.537000 0.842000 958.841000 119.094080
959.419000 0.882000 959.721000 118.252200
960.299000 0.880000 960.591000 118.431710
961.168000 0.869000 961.461000 120.520650
962.057000 0.889000 962.351000 119.566460
962.970000 0.913000 963.261000 117.320050
963.837000 0.867000 964.141000 114.512050
964.645000 0.808000 964.941000 117.544690
965.476000 0.830000 965.761000 117.499550
966.239000 0.764000 966.541000 116.881270
966.967000 0.727000 967.271000 117.511100
967.666000 0.699000 967.961000 121.149440
968.387000 0.721000 968.661000 125.484790
969.106000 0.719000 969.401000 124.148490
969.826000 0.720000 970.121000 124.901140
970.610000 0.784000 970.901000 126.597490
971.422000 0.812000 971.711000 125.866890
972.232000 0.811000 972.521000 125.102690
973.071000 0.838000 973.361000 124.395180
973.899000 0.829000 974.191000 122.250600
974.720000 0.820000 975.011000 121.531540
975.518000 0.798000 975.811000 120.678110
976.277000 0.759000 976.581000 118.959720
977.070000 0.793000 977.361000 120.666560
977.852000 0.782000 978.141000 119.768000
978.676000 0.824000 978.971000 118.847400
979.529000 0.853000 979.821000 118.443250
980.438000 0.909000 980.731000 119.263090
981.370000 0.932000 981.661000 117.129000
982.286000 0.915000 982.581000 115.197510
983.175000 0.889000 983.471000 113.680670
983.963000 0.788000 984.271000 111.906640
984.695000 0.731000 984.991000 115.253150
985.395000 0.700000 985.681000 116.646130
986.116000 0.721000 986.411000 118.072700
987.208000 1.092000 987.491000 121.452810
988.204000 0.996000 988.501000 123.171200
989.215000 1.010000 989.511000 123.025290
990.182000 0.967000 990.481000 120.250880
991.174000 0.992000 991.481000 119.363860
992.075000 0.901000 992.381000 118.274250
992.936000 0.861000 993.231000 120.004190
993.798000 0.863000 994.091000 119.420550
994.696000 0.897000 994.991000 117.365190
995.562000 0.866000 995.861000 118.825350
996.417000 0.855000 996.711000 120.610930
997.242000 0.826000 997.541000 120.116510
998.203000 0.961000 998.491000 119.722870
999.149000 0.946000 999.441000 119.184360
1000.116000 0.966000 1000.411000 118.476850
1001.026000 0.910000 1001.331000 116.218890
1001.926000 0.901000 1002.221000 117.218230
1002.820000 0.894000 1003.121000 116.713310
1003.727000 0.907000 1004.021000 116.937950
1004.598000 0.870000 1004.891000 116.455080
1005.500000 0.903000 1005.801000 113.523210
1006.297000 0.797000 1006.601000 112.647740
1007.068000 0.771000 1007.361000 115.489340
1007.788000 0.720000 1008.081000 116.522260
1008.569000 0.780000 1008.851000 118.016020
1009.489000 0.920000 1009.771000 119.363860
1010.539000 1.050000 1010.831000 120.161650
1011.525000 0.986000 1011.821000 117.140550
1012.402000 0.878000 1012.701000 116.881270
1013.247000 0.844000 1013.551000 114.882600
1014.000000 0.754000 1014.311000 113.197790
1014.778000 0.778000 1015.071000 115.185970
1015.502000 0.724000 1015.801000 116.500220
1016.345000 0.843000 1016.631000 119.094080
1017.291000 0.947000 1017.581000 120.071370
1018.262000 0.971000 1018.561000 119.251540
1019.205000 0.942000 1019.501000 120.319110
1020.131000 0.926000 1020.431000 117.903700
1021.017000 0.886000 1021.311000 117.657010
1021.895000 0.878000 1022.191000 116.847680
1022.726000 0.831000 1023.031000 115.006470
1023.500000 0.774000 1023.791000 117.746240
1024.315000 0.815000 1024.611000 119.791100
1025.163000 0.848000 1025.451000 119.352310
1026.162000 0.999000 1026.451000 119.409000
1027.120000 0.957000 1027.421000 117.005140
1027.957000 0.837000 1028.261000 117.375690
1028.794000 0.837000 1029.091000 117.926790
1029.612000 0.818000 1029.911000 116.196850
1030.445000 0.833000 1030.741000 115.848340
1031.278000 0.833000 1031.581000 114.377680
1032.087000 0.809000 1032.381000 115.568070
1032.908000 0.821000 1033.201000 116.241990
1033.727000 0.819000 1034.021000 116.668170
1034.524000 0.797000 1034.821000 117.387230
1035.343000 0.820000 1035.631000 120.104960
1036.139000 0.795000 1036.441000 117.746240
1036.865000 0.727000 1037.161000 120.465020
1037.642000 0.777000 1037.931000 123.744350
1038.513000 0.871000 1038.801000 124.215670
1039.587000 1.074000 1039.881000 124.507500
1040.599000 1.012000 1040.901000 123.429430
1041.528000 0.930000 1041.831000 121.397170
1042.360000 0.832000 1042.671000 118.207070
1043.166000 0.806000 1043.461000 120.240380
1043.933000 0.767000 1044.231000 117.657010
1044.639000 0.706000 1044.941000 118.386570
1045.371000 0.732000 1045.661000 120.632970
1046.093000 0.723000 1046.391000 118.083200
1046.753000 0.659000 1047.051000 121.553580
1047.425000 0.673000 1047.711000 123.923850
1048.111000 0.685000 1048.401000 125.541470
1048.896000 0.785000 1049.181000 127.181140
1049.869000 0.973000 1050.151000 127.787880
1050.763000 0.894000 1051.061000 127.776330
1051.650000 0.887000 1051.951000 127.080360
1052.471000 0.821000 1052.771000 124.856000
1053.229000 0.758000 1053.531000 123.295070
1053.920000 0.690000 1054.231000 120.879660
1054.597000 0.678000 1054.881000 122.711420
1055.238000 0.641000 1055.541000 122.138270
1055.891000 0.653000 1056.171000 124.990370
1056.546000 0.656000 1056.831000 125.215010
1057.211000 0.665000 1057.501000 125.709430
1058.038000 0.827000 1058.321000 126.585950
1058.827000 0.789000 1059.111000 124.867550
1059.637000 0.810000 1059.921000 125.069100
1060.394000 0.758000 1060.691000 121.251260
1061.105000 0.711000 1061.391000 121.306900
1061.771000 0.666000 1062.061000 120.128060
1062.432000 0.661000 1062.721000 118.926130
1063.091000 0.659000 1063.381000 118.532480
1063.750000 0.660000 1064.041000 119.150770
1064.396000 0.646000 1064.691000 117.657010
1065.027000 0.631000 1065.311000 118.128340
1065.656000 0.629000 1065.941000 117.836520
1066.292000 0.636000 1066.581000 117.252870
1066.937000 0.645000 1067.221000 116.320720
1067.586000 0.649000 1067.871000 115.544970
1068.231000 0.645000 1068.521000 115.444200
1068.880000 0.648000 1069.161000 115.231110
1069.525000 0.645000 1069.811000 115.623700
1070.163000 0.639000 1070.451000 116.522260
1070.794000 0.630000 1071.081000 117.095410
1071.423000 0.630000 1071.711000 114.669500
1072.050000 0.627000 1072.341000 114.175090
1072.668000 0.618000 1072.951000 118.195520
1073.286000 0.619000 1073.571000 118.498890
1073.911000 0.624000 1074.191000 118.701490
1074.542000 0.631000 1074.821000 118.139880
1075.180000 0.639000 1075.461000 119.127670
1075.829000 0.648000 1076.121000 119.532870
1076.470000 0.641000 1076.751000 120.554240
1077.122000 0.651000 1077.401000 120.723250
1077.778000 0.657000 1078.061000 120.644520
1078.436000 0.658000 1078.721000 118.185020
1079.077000 0.642000 1079.361000 118.498890
1079.721000 0.644000 1080.001000 120.846070
1080.362000 0.641000 1080.641000 120.801980
1081.002000 0.640000 1081.291000 120.790430
1081.643000 0.641000 1081.921000 121.115850
1082.279000 0.636000 1082.561000 121.756180
1082.916000 0.637000 1083.191000 118.106290
1083.545000 0.629000 1083.841000 118.667890
1084.175000 0.630000 1084.461000 121.890540
1084.806000 0.631000 1085.091000 122.160320
1085.449000 0.643000 1085.731000 121.407670
1086.104000 0.655000 1086.391000 119.734410
1086.768000 0.664000 1087.051000 119.791100
1087.423000 0.655000 1087.721000 120.228830
1088.049000 0.626000 1088.341000 119.835190
1088.679000 0.630000 1088.971000 119.543360
1089.302000 0.623000 1089.591000 119.880320
1089.945000 0.643000 1090.221000 121.744630
1090.608000 0.663000 1090.891000 121.958770
1091.314000 0.706000 1091.591000 121.519990
1092.166000 0.852000 1092.451000 121.576670
1092.997000 0.831000 1093.281000 120.700160
1093.776000 0.780000 1094.061000 120.700160
1094.528000 0.752000 1094.821000 118.611210
1095.255000 0.726000 1095.541000 118.285800
1095.943000 0.688000 1096.241000 116.758450
1096.606000 0.663000 1096.891000 118.252200
1097.268000 0.662000 1097.561000 119.947510
1097.930000 0.662000 1098.211000 121.318440
1098.594000 0.664000 1098.881000 121.621810
1099.251000 0.657000 1099.531000 122.721920
1099.887000 0.636000 1100.171000 119.678780
1100.506000 0.619000 1100.801000 120.082920
1101.125000 0.619000 1101.401000 123.845120
1101.738000 0.613000 1102.021000 125.102690
1102.355000 0.617000 1102.631000 124.664960
1102.972000 0.617000 1103.251000 123.789490
1103.585000 0.613000 1103.871000 123.418940
1104.197000 0.611000 1104.481000 125.102690
1104.806000 0.610000 1105.091000 120.004190
1105.407000 0.601000 1105.701000 123.407390
1106.007000 0.600000 1106.291000 124.923190
1106.606000 0.600000 1106.891000 123.980540
1107.217000 0.611000 1107.501000 123.878710
1107.843000 0.626000 1108.131000 123.149160
1108.502000 0.659000 1108.781000 123.340210
1109.433000 0.931000 1109.711000 124.856000
1110.188000 0.755000 1110.481000 122.767060
1110.996000 0.808000 1111.281000 123.261480
1111.807000 0.812000 1112.101000 119.757510
1112.556000 0.749000 1112.851000 118.634300
1113.315000 0.759000 1113.601000 119.239990
1114.061000 0.746000 1114.351000 118.847400
1114.779000 0.718000 1115.071000 120.532200
1115.466000 0.686000 1115.771000 116.634580
1116.116000 0.651000 1116.411000 118.185020
1116.764000 0.648000 1117.051000 120.846070
1117.419000 0.655000 1117.701000 124.463410
1118.070000 0.651000 1118.351000 122.643190
1118.924000 0.854000 1119.201000 125.058600
1119.937000 1.013000 1120.221000 124.451860
1120.880000 0.943000 1121.171000 124.923190
1121.738000 0.858000 1122.031000 123.957440
1122.486000 0.748000 1122.781000 120.678110
1123.251000 0.765000 1123.541000 120.431430
1124.050000 0.799000 1124.341000 120.756840
1124.870000 0.820000 1125.161000 122.183410
1125.757000 0.887000 1126.041000 122.822690
1126.553000 0.796000 1126.851000 120.656070
1127.324000 0.771000 1127.611000 122.317780
1128.117000 0.793000 1128.411000 122.306230
1129.026000 0.908000 1129.311000 122.025950
1129.856000 0.831000 1130.151000 122.171870
1130.784000 0.927000 1131.081000 122.822690
1131.652000 0.869000 1131.941000 122.475240
1132.433000 0.781000 1132.741000 120.745290
1133.186000 0.753000 1133.481000 122.621150
1133.922000 0.736000 1134.211000 122.901420
1134.690000 0.767000 1134.981000 123.632030
1135.592000 0.902000 1135.881000 123.283520
1136.418000 0.826000 1136.711000 122.441640
1137.186000 0.768000 1137.481000 124.530590
1137.979000 0.793000 1138.271000 124.710090
1138.856000 0.877000 1139.141000 124.856000
1139.699000 0.843000 1139.991000 123.463020
1140.591000 0.891000 1140.881000 123.440980
1141.410000 0.819000 1141.701000 122.688330
1142.178000 0.768000 1142.481000 121.419220
1142.939000 0.761000 1143.231000 123.159650
1143.687000 0.748000 1143.981000 121.149440
1144.392000 0.706000 1144.691000 122.564460
1145.138000 0.746000 1145.431000 123.126060
1145.910000 0.772000 1146.201000 124.036170
1146.701000 0.792000 1146.991000 124.956780
1147.564000 0.862000 1147.851000 125.001920
1148.397000 0.833000 1148.691000 124.249270
1149.211000 0.814000 1149.501000 123.643580
1150.002000 0.791000 1150.301000 122.935010
1150.733000 0.731000 1151.041000 119.959050
1151.464000 0.731000 1151.751000 122.339820
1152.186000 0.722000 1152.481000 122.508830
1152.923000 0.737000 1153.211000 123.261480
1153.690000 0.766000 1153.981000 122.755510
1154.452000 0.763000 1154.741000 124.765730
1155.234000 0.782000 1155.521000 125.462740
1156.061000 0.827000 1156.351000 125.675840
1156.869000 0.808000 1157.161000 123.608930
1157.637000 0.768000 1157.931000 123.496610
1158.385000 0.748000 1158.681000 121.497940
1159.121000 0.736000 1159.411000 123.317110
1159.835000 0.714000 1160.131000 123.508160
1160.562000 0.726000 1160.851000 123.912300
1161.284000 0.722000 1161.571000 123.935400
1161.986000 0.702000 1162.281000 121.711040
1162.690000 0.704000 1162.981000 123.598440
1163.380000 0.690000 1163.671000 125.226560
1164.087000 0.707000 1164.371000 125.114240
1164.869000 0.782000 1165.151000 124.867550
1165.762000 0.893000 1166.051000 125.529930
1166.611000 0.849000 1166.901000 125.429150
1167.416000 0.805000 1167.711000 124.755230
1168.151000 0.735000 1168.451000 122.676780
1168.863000 0.712000 1169.161000 122.239050
1169.538000 0.676000 1169.831000 122.666280
1170.189000 0.650000 1170.481000 121.632310
1170.828000 0.639000 1171.121000 124.654460
1171.444000 0.616000 1171.731000 125.586610
1172.058000 0.614000 1172.341000 124.946280
1172.657000 0.599000 1172.951000 126.046390
1173.257000 0.600000 1173.541000 129.146220
1173.855000 0.599000 1174.141000 129.775000
1174.468000 0.613000 1174.751000 130.797430
1175.091000 0.622000 1175.371000 129.516770
1175.716000 0.625000 1176.001000 129.685770
1176.338000 0.623000 1176.621000 131.482900
1176.962000 0.624000 1177.241000 132.369910
1177.597000 0.635000 1177.891000 128.809260
1178.237000 0.639000 1178.521000 129.011850
1178.909000 0.672000 1179.191000 130.696660
1179.610000 0.701000 1179.891000 129.360360
1180.322000 0.712000 1180.611000 128.023010
1181.079000 0.757000 1181.361000 127.596830
1181.985000 0.906000 1182.271000 127.585280
1182.786000 0.801000 1183.081000 125.204510
1183.559000 0.773000 1183.851000 124.473910
1184.313000 0.754000 1184.611000 122.778610
1185.064000 0.751000 1185.351000 122.126730
1185.823000 0.759000 1186.111000 122.463690
1186.544000 0.721000 1186.841000 122.508830
1187.257000 0.713000 1187.551000 121.328940
1187.963000 0.706000 1188.251000 124.844460
1188.704000 0.740000 1188.991000 124.979870
1189.543000 0.839000 1189.831000 125.080640
1190.499000 0.957000 1190.781000 124.406720
1191.383000 0.884000 1191.681000 123.261480
1192.209000 0.825000 1192.501000 123.058880
1192.992000 0.784000 1193.281000 122.014410
1193.746000 0.754000 1194.041000 120.150100
1194.463000 0.717000 1194.761000 120.094470
1195.185000 0.722000 1195.471000 123.340210
1195.894000 0.709000 1196.191000 124.351090
1196.611000 0.716000 1196.901000 124.642910
1197.322000 0.711000 1197.611000 124.451860
1198.077000 0.756000 1198.361000 125.541470
1198.916000 0.839000 1199.201000 126.866220
1199.775000 0.859000 1200.071000 124.946280
1200.640000 0.865000 1200.931000 125.260150
1201.445000 0.805000 1201.741000 122.081590
1202.304000 0.859000 1202.591000 122.339820
1203.188000 0.884000 1203.481000 119.600050
1203.954000 0.766000 1204.251000 118.161930
1204.701000 0.747000 1205.001000 118.420160
1205.430000 0.729000 1205.721000 118.713030
1206.179000 0.748000 1206.471000 119.072040
1206.947000 0.768000 1207.241000 118.825350
1207.695000 0.748000 1207.981000 119.251540
1208.430000 0.735000 1208.721000 119.229500
1209.146000 0.716000 1209.441000 118.521980
1209.897000 0.751000 1210.191000 116.657680
1210.650000 0.753000 1210.941000 118.004470
1211.448000 0.798000 1211.741000 117.870110
1212.232000 0.784000 1212.531000 115.377020
1213.024000 0.792000 1213.311000 117.623420
1213.795000 0.771000 1214.091000 116.488670
1214.581000 0.786000 1214.871000 117.477510
1215.381000 0.800000 1215.681000 117.870110
1216.149000 0.768000 1216.451000 117.858560
1216.856000 0.707000 1217.161000 118.713030
1217.581000 0.725000 1217.871000 120.835570
1218.295000 0.715000 1218.591000 121.397170
1219.045000 0.750000 1219.341000 122.901420
1219.821000 0.775000 1220.111000 123.856670
1220.548000 0.727000 1220.851000 120.824020
1221.271000 0.722000 1221.561000 124.642910
1221.961000 0.690000 1222.251000 124.418270
1222.729000 0.768000 1223.021000 125.406060
1223.702000 0.973000 1223.991000 125.025010
1224.613000 0.910000 1224.901000 124.193630
1225.488000 0.876000 1225.791000 122.014410
1226.246000 0.758000 1226.551000 120.465020
1227.007000 0.760000 1227.301000 121.127390
1227.760000 0.754000 1228.051000 120.386290
1228.545000 0.785000 1228.841000 121.172530
1229.382000 0.837000 1229.671000 122.284190
1230.190000 0.807000 1230.481000 122.508830
1230.938000 0.748000 1231.241000 119.600050
1231.619000 0.681000 1231.921000 121.172530
1232.322000 0.703000 1232.611000 123.620480
1233.006000 0.684000 1233.301000 124.305950
1233.746000 0.740000 1234.031000 126.215390
1234.572000 0.826000 1234.861000 127.124450
1235.407000 0.835000 1235.691000 126.091530
1236.137000 0.730000 1236.431000 126.731860
1236.811000 0.674000 1237.121000 122.530870
1237.454000 0.643000 1237.751000 123.755900
1238.071000 0.616000 1238.371000 124.564180
1238.693000 0.623000 1238.981000 127.563240
1239.305000 0.611000 1239.591000 127.652460
1239.913000 0.608000 1240.201000 127.417330
1240.529000 0.616000 1240.811000 129.573450
1241.146000 0.617000 1241.421000 131.179530
1241.761000 0.615000 1242.041000 127.787880
1242.368000 0.607000 1242.651000 131.875490
1242.974000 0.606000 1243.251000 133.942400
1243.577000 0.604000 1243.871000 131.359030
1244.189000 0.611000 1244.481000 129.966050
1244.806000 0.617000 1245.091000 130.718700
1245.436000 0.630000 1245.721000 132.123230
1246.101000 0.665000 1246.381000 131.841900
1247.119000 1.018000 1247.391000 132.167320
1247.936000 0.817000 1248.221000 129.382400
1248.708000 0.772000 1249.001000 127.877100
1249.439000 0.731000 1249.731000 125.878430
1250.141000 0.702000 1250.431000 124.160040
1250.832000 0.690000 1251.121000 125.529930
1251.509000 0.678000 1251.791000 126.057940
1252.199000 0.689000 1252.481000 127.652460
1252.974000 0.775000 1253.251000 128.124840
1253.904000 0.930000 1254.191000 128.091250
1254.710000 0.806000 1255.001000 127.754290
1255.507000 0.797000 1255.811000 123.945900
1256.213000 0.706000 1256.511000 123.261480
1256.909000 0.696000 1257.201000 123.519710
1257.592000 0.683000 1257.881000 123.744350
1258.283000 0.691000 1258.571000 123.766390
1258.959000 0.676000 1259.241000 124.373130
1259.621000 0.662000 1259.881000 129.325720
1260.256000 0.635000 1260.571000 109.727410
1260.862000 0.606000 1261.141000 127.697600
1261.450000 0.588000 1261.731000 129.248040
1262.032000 0.581000 1262.311000 127.236770
1262.610000 0.578000 1262.891000 130.123510
1263.172000 0.563000 1263.451000 135.514880
1263.728000 0.556000 1263.991000 130.966430
1264.279000 0.551000 1264.571000 123.249930
1264.827000 0.548000 1265.111000 125.866890
1265.360000 0.533000 1265.641000 128.416660
1265.903000 0.543000 1266.171000 132.673280
1266.446000 0.543000 1266.721000 130.887710
1266.990000 0.544000 1267.271000 128.383070
1267.535000 0.544000 1267.811000 128.876440
1268.093000 0.559000 1268.361000 132.616600
1268.653000 0.560000 1268.931000 133.144610
1269.226000 0.572000 1269.501000 133.335660
1269.809000 0.583000 1270.081000 134.121900
1270.395000 0.586000 1270.671000 131.987810
1270.983000 0.588000 1271.261000 132.358370
1271.596000 0.613000 1271.871000 134.189080
1272.225000 0.629000 1272.501000 132.123230
1272.854000 0.629000 1273.131000 130.448920
1273.475000 0.621000 1273.751000 128.641300
1274.123000 0.648000 1274.401000 128.887990
1274.836000 0.713000 1275.111000 129.292130
1275.858000 1.022000 1276.131000 128.495390
1276.813000 0.954000 1277.091000 125.855340
1277.706000 0.893000 1278.001000 123.013740
1278.450000 0.745000 1278.741000 120.037780
1279.155000 0.705000 1279.441000 119.734410
1279.862000 0.707000 1280.151000 120.284470
1280.599000 0.736000 1280.881000 122.688330
1281.474000 0.875000 1281.751000 125.912020
1282.492000 1.018000 1282.771000 126.485170
1283.461000 0.969000 1283.751000 125.518380
1284.387000 0.926000 1284.681000 124.698550
1285.250000 0.863000 1285.531000 122.980150
1285.993000 0.743000 1286.281000 122.688330
1286.790000 0.797000 1287.071000 124.542140
1287.593000 0.803000 1287.881000 124.351090
1288.475000 0.882000 1288.751000 127.417330
1289.400000 0.925000 1289.691000 127.427820
1290.387000 0.986000 1290.671000 126.944950
1291.289000 0.902000 1291.581000 125.474290
1292.093000 0.803000 1292.381000 126.462080
1292.832000 0.739000 1293.121000 121.778220
1293.526000 0.695000 1293.811000 126.203850
1294.199000 0.672000 1294.481000 124.788820
1294.832000 0.633000 1295.121000 128.023010
1295.465000 0.633000 1295.741000 129.270080
1296.083000 0.619000 1296.371000 129.539860
1296.678000 0.595000 1296.961000 129.640640
1297.262000 0.584000 1297.551000 130.663070
1297.850000 0.588000 1298.131000 134.594270
1298.446000 0.596000 1298.721000 134.526040
1299.066000 0.620000 1299.341000 133.425930
1299.971000 0.905000 1300.241000 135.975710
1300.868000 0.897000 1301.151000 131.471350
1301.692000 0.824000 1301.981000 130.111960
1302.425000 0.733000 1302.721000 126.416940
1303.168000 0.742000 1303.451000 125.642250
1303.929000 0.761000 1304.211000 125.384010
1304.727000 0.798000 1305.011000 124.586230
1305.518000 0.792000 1305.811000 123.699210
1306.271000 0.752000 1306.561000 123.058880
1307.014000 0.743000 1307.301000 123.216340
1307.768000 0.755000 1308.051000 124.810870
1308.541000 0.773000 1308.821000 124.114900
1309.309000 0.768000 1309.591000 123.654070
1310.133000 0.824000 1310.421000 123.350700
1311.029000 0.896000 1311.321000 123.216340
1311.907000 0.878000 1312.191000 124.418270
1312.718000 0.811000 1313.011000 122.857330
1313.539000 0.822000 1313.831000 122.576010
1314.399000 0.859000 1314.691000 122.081590
1315.239000 0.841000 1315.541000 120.431430
1315.996000 0.756000 1316.291000 122.384960
1316.765000 0.769000 1317.051000 122.699880
1317.601000 0.836000 1317.891000 123.182750
1318.555000 0.954000 1318.841000 122.643190
1319.396000 0.841000 1319.691000 121.588220
1320.249000 0.853000 1320.541000 122.205460
1321.062000 0.813000 1321.351000 121.598720
1321.849000 0.787000 1322.141000 120.902750
1322.624000 0.775000 1322.921000 120.138550
1323.361000 0.736000 1323.651000 122.384960
1324.099000 0.738000 1324.391000 124.654460
1324.881000 0.782000 1325.171000 124.810870
1325.810000 0.929000 1326.101000 124.497000
1326.654000 0.844000 1326.951000 124.721640
1327.488000 0.833000 1327.781000 124.519040
1328.387000 0.899000 1328.681000 123.486120
1329.220000 0.833000 1329.511000 122.576010
1330.105000 0.885000 1330.401000 122.441640
1331.023000 0.917000 1331.311000 121.475900
1331.854000 0.831000 1332.151000 120.217280
1332.615000 0.762000 1332.911000 120.195240
1333.378000 0.763000 1333.661000 121.452810
1334.110000 0.732000 1334.401000 120.419880
1334.809000 0.699000 1335.101000 120.745290
1335.571000 0.762000 1335.851000 123.744350
1336.393000 0.823000 1336.681000 124.418270
1337.475000 1.082000 1337.761000 125.429150
1338.468000 0.993000 1338.761000 123.025290
1339.302000 0.834000 1339.601000 122.306230
1340.073000 0.771000 1340.371000 119.476180
1340.807000 0.735000 1341.101000 120.700160
1341.492000 0.685000 1341.791000 120.172150
1342.179000 0.687000 1342.461000 124.002580
1342.887000 0.708000 1343.171000 123.811530
1343.640000 0.753000 1343.931000 125.114240
1344.603000 0.964000 1344.881000 127.214730
1345.448000 0.844000 1345.741000 124.440310
1346.295000 0.848000 1346.591000 123.744350
1347.115000 0.820000 1347.411000 119.464630
1347.867000 0.752000 1348.161000 120.004190
1348.650000 0.783000 1348.941000 120.689660
1349.446000 0.795000 1349.741000 120.071370
1350.248000 0.803000 1350.531000 120.991980
1351.029000 0.781000 1351.321000 121.598720
1351.781000 0.752000 1352.071000 117.667510
1352.485000 0.704000 1352.791000 117.702150
1353.196000 0.711000 1353.481000 120.341150
1353.896000 0.701000 1354.191000 120.363200
1354.621000 0.725000 1354.911000 120.599380
1355.380000 0.759000 1355.671000 120.745290
1356.169000 0.789000 1356.461000 121.228170
1356.998000 0.830000 1357.281000 122.306230
1357.810000 0.812000 1358.111000 118.297340
1358.536000 0.726000 1358.841000 116.926410
1359.271000 0.734000 1359.561000 119.947510
1359.999000 0.729000 1360.291000 119.341820
1360.760000 0.761000 1361.051000 119.161260
1361.560000 0.800000 1361.851000 120.891210
1362.396000 0.836000 1362.691000 120.723250
1363.228000 0.832000 1363.521000 121.284850
1363.994000 0.765000 1364.301000 118.880990
1364.745000 0.751000 1365.031000 121.003530
1365.459000 0.715000 1365.751000 119.206400
1366.142000 0.682000 1366.441000 118.364530
1366.882000 0.741000 1367.171000 121.846450
1367.618000 0.736000 1367.911000 122.654740
1368.382000 0.764000 1368.671000 124.014130
1369.204000 0.822000 1369.501000 123.081970
1370.057000 0.853000 1370.351000 124.136950
1370.901000 0.844000 1371.191000 123.418940
1371.826000 0.926000 1372.121000 122.025950
1372.665000 0.839000 1372.961000 119.891870
1373.449000 0.784000 1373.741000 119.420550
1374.258000 0.809000 1374.551000 118.139880
1375.120000 0.861000 1375.411000 118.004470
1375.988000 0.869000 1376.281000 117.960380
1376.860000 0.871000 1377.151000 117.432370
1377.662000 0.803000 1377.961000 116.129670
1378.450000 0.787000 1378.741000 116.398400
1379.224000 0.774000 1379.521000 116.443530
1380.001000 0.778000 1380.291000 119.757510
1380.816000 0.815000 1381.101000 119.982150
1381.892000 1.076000 1382.181000 119.431040
1382.850000 0.957000 1383.141000 120.273970
1383.787000 0.938000 1384.081000 119.296680
1384.625000 0.838000 1384.931000 117.892150
1385.401000 0.775000 1385.701000 119.217950
1386.149000 0.748000 1386.451000 119.813140
1386.899000 0.750000 1387.191000 121.284850
1387.675000 0.776000 1387.971000 122.530870
1388.478000 0.802000 1388.771000 124.878050
1389.319000 0.841000 1389.611000 125.821750
1390.138000 0.819000 1390.441000 124.440310
1390.875000 0.737000 1391.181000 125.047050
1391.626000 0.751000 1391.921000 125.327330
1392.423000 0.797000 1392.721000 125.417610
1393.308000 0.885000 1393.601000 123.980540
1394.189000 0.880000 1394.481000 125.620200
1395.043000 0.854000 1395.341000 123.878710
1395.847000 0.804000 1396.141000 123.632030
1396.593000 0.745000 1396.891000 122.418550
1397.313000 0.720000 1397.611000 123.407390
1398.040000 0.727000 1398.331000 122.867830
1398.767000 0.727000 1399.061000 124.170540
1399.488000 0.721000 1399.781000 123.890260
1400.238000 0.750000 1400.531000 125.417610
1400.981000 0.744000 1401.271000 126.899810
1401.740000 0.759000 1402.021000 124.586230
1402.537000 0.797000 1402.831000 123.025290
1403.413000 0.876000 1403.711000 124.642910
1404.330000 0.917000 1404.621000 124.822410
1405.122000 0.792000 1405.431000 125.766110
1405.855000 0.734000 1406.161000 122.183410
1406.565000 0.710000 1406.861000 124.182080
1407.254000 0.688000 1407.551000 124.282860
1407.957000 0.703000 1408.251000 125.630700
1408.646000 0.689000 1408.941000 125.260150
1409.325000 0.680000 1409.621000 126.978540
1410.018000 0.693000 1410.311000 126.866220
1410.696000 0.677000 1410.991000 126.248990
1411.381000 0.685000 1411.661000 128.641300
1412.071000 0.690000 1412.351000 128.203570
1412.790000 0.719000 1413.081000 127.035230
1413.756000 0.966000 1414.031000 128.629750
1414.604000 0.848000 1414.891000 125.912020
1415.410000 0.806000 1415.711000 121.711040
1416.196000 0.786000 1416.491000 123.238380
1416.952000 0.756000 1417.241000 123.070430
1417.730000 0.778000 1418.021000 123.003250
1418.566000 0.836000 1418.851000 121.902090
1419.460000 0.894000 1419.751000 122.430100
1420.338000 0.877000 1420.631000 122.362920
1421.164000 0.826000 1421.461000 120.037780
1421.927000 0.763000 1422.221000 117.712650
1422.651000 0.724000 1422.941000 118.116790
1423.346000 0.696000 1423.641000 118.195520
1424.046000 0.700000 1424.331000 118.443250
1424.765000 0.719000 1425.051000 119.925460
1425.548000 0.784000 1425.831000 122.306230
1426.506000 0.957000 1426.791000 121.880040
1427.351000 0.846000 1427.651000 120.587840
1428.218000 0.867000 1428.511000 121.610260
1429.065000 0.848000 1429.361000 119.745960
1429.922000 0.857000 1430.221000 119.229500
1430.739000 0.817000 1431.031000 119.094080
1431.537000 0.798000 1431.831000 118.544030
1432.401000 0.864000 1432.691000 119.150770
1433.257000 0.856000 1433.561000 117.162590
1434.052000 0.795000 1434.341000 120.419880
1434.873000 0.822000 1435.161000 122.430100
1435.791000 0.918000 1436.081000 121.969270
1436.722000 0.931000 1437.021000 121.441260
