302.398000 0.865000 302.671000 107.248080
303.271000 0.873000 303.541000 107.753740
304.139000 0.868000 304.411000 107.135830
304.996000 0.857000 305.271000 107.989340
305.853000 0.857000 306.121000 109.673030
306.721000 0.868000 306.991000 110.289830
307.594000 0.874000 307.861000 109.897520
308.472000 0.877000 308.741000 109.919750
309.348000 0.876000 309.621000 110.256490
310.224000 0.876000 310.501000 108.123820
311.094000 0.869000 311.371000 108.202720
311.956000 0.863000 312.221000 109.851960
312.823000 0.867000 313.091000 110.390960
313.694000 0.871000 313.961000 109.818620
314.562000 0.868000 314.831000 108.909540
315.423000 0.861000 315.701000 108.583910
316.276000 0.853000 316.551000 110.480980
317.134000 0.858000 317.401000 111.121110
317.989000 0.855000 318.261000 110.749920
318.849000 0.860000 319.121000 110.390960
319.709000 0.861000 319.981000 110.390960
320.575000 0.865000 320.851000 110.144240
321.438000 0.863000 321.711000 109.178480
322.286000 0.848000 322.561000 107.191400
323.123000 0.836000 323.391000 108.258290
323.964000 0.841000 324.231000 110.099790
324.810000 0.846000 325.081000 110.335390
325.661000 0.851000 325.931000 111.378950
326.520000 0.859000 326.791000 111.491190
327.368000 0.849000 327.651000 109.515220
328.209000 0.840000 328.491000 110.223150
329.033000 0.825000 329.301000 112.490290
329.867000 0.834000 330.131000 113.927260
330.719000 0.852000 330.991000 114.578510
331.590000 0.871000 331.861000 115.353110
332.462000 0.872000 332.741000 115.767640
333.322000 0.861000 333.591000 117.979220
334.186000 0.864000 334.451000 119.719590
335.064000 0.878000 335.331000 119.640680
335.957000 0.893000 336.231000 118.630470
336.858000 0.901000 337.131000 118.227050
337.755000 0.897000 338.031000 116.116610
338.635000 0.880000 338.911000 115.981020
339.515000 0.880000 339.781000 116.688950
340.399000 0.884000 340.671000 114.981920
341.282000 0.883000 341.551000 113.377140
342.164000 0.882000 342.441000 111.760140
343.031000 0.867000 343.301000 111.660120
343.907000 0.876000 344.171000 112.243570
344.788000 0.881000 345.051000 111.636780
345.672000 0.885000 345.941000 110.694360
346.558000 0.886000 346.831000 109.998660
347.438000 0.879000 347.711000 108.718390
348.308000 0.871000 348.581000 106.013370
349.166000 0.858000 349.441000 107.303640
350.027000 0.861000 350.291000 108.808410
350.887000 0.861000 351.151000 108.403880
351.749000 0.862000 352.021000 107.899330
352.616000 0.867000 352.891000 108.326080
353.490000 0.874000 353.761000 109.111800
354.372000 0.882000 354.651000 107.248080
355.231000 0.858000 355.511000 106.686850
356.074000 0.844000 356.341000 107.618160
356.922000 0.848000 357.191000 109.032900
357.772000 0.850000 358.041000 109.492990
358.625000 0.852000 358.901000 109.851960
359.478000 0.853000 359.751000 109.100690
360.320000 0.842000 360.591000 110.885510
361.166000 0.846000 361.431000 112.681440
362.015000 0.849000 362.281000 113.366030
362.870000 0.855000 363.141000 112.175780
363.716000 0.846000 363.991000 112.950390
364.558000 0.842000 364.831000 115.195300
365.409000 0.851000 365.681000 116.610040
366.275000 0.866000 366.541000 116.194400
367.156000 0.881000 367.431000 115.117510
368.041000 0.885000 368.311000 113.702770
368.914000 0.873000 369.191000 112.456950
369.781000 0.866000 370.051000 112.883710
370.655000 0.874000 370.921000 112.748120
371.529000 0.874000 371.791000 110.862170
372.404000 0.875000 372.671000 109.908640
373.277000 0.873000 373.541000 109.414090
374.150000 0.873000 374.421000 109.044010
375.021000 0.871000 375.291000 108.247180
375.887000 0.866000 376.161000 106.574600
376.747000 0.860000 377.021000 105.822220
377.590000 0.843000 377.861000 106.966910
378.435000 0.845000 378.701000 108.516120
379.283000 0.847000 379.551000 109.886410
380.129000 0.846000 380.401000 110.694360
380.988000 0.859000 381.261000 110.346510
381.830000 0.842000 382.111000 109.785280
382.653000 0.823000 382.921000 112.322480
383.483000 0.829000 383.751000 114.858560
384.313000 0.831000 384.581000 116.329980
385.153000 0.840000 385.421000 117.844750
386.011000 0.858000 386.281000 118.540450
386.863000 0.852000 387.141000 118.484880
387.700000 0.837000 387.971000 119.932960
388.550000 0.851000 388.821000 120.987630
389.415000 0.865000 389.681000 120.404170
390.288000 0.873000 390.551000 118.900520
391.168000 0.881000 391.431000 118.586010
392.046000 0.877000 392.311000 118.619350
392.923000 0.878000 393.191000 116.127720
393.784000 0.861000 394.061000 115.206420
394.637000 0.853000 394.901000 115.117510
395.494000 0.857000 395.761000 114.398470
396.354000 0.860000 396.621000 114.275110
397.221000 0.867000 397.491000 113.893920
398.095000 0.875000 398.361000 112.512520
398.955000 0.860000 399.231000 110.727700
399.794000 0.839000 400.061000 111.962400
400.634000 0.840000 400.901000 113.410480
401.479000 0.844000 401.741000 113.601630
402.330000 0.851000 402.591000 113.634970
403.180000 0.850000 403.451000 112.646990
404.014000 0.834000 404.281000 113.444930
404.851000 0.837000 405.121000 114.858560
405.692000 0.841000 405.961000 115.027490
406.539000 0.847000 406.801000 114.712980
407.382000 0.843000 407.651000 113.770560
408.221000 0.839000 408.491000 113.018180
409.055000 0.834000 409.321000 114.196200
409.893000 0.838000 410.161000 114.780770
410.735000 0.842000 411.001000 114.477370
411.578000 0.843000 411.851000 112.748120
412.412000 0.834000 412.681000 113.174880
413.242000 0.830000 413.511000 113.893920
414.077000 0.835000 414.341000 114.420700
414.914000 0.837000 415.181000 113.478270
415.748000 0.834000 416.021000 111.423400
416.576000 0.828000 416.841000 113.073750
417.411000 0.835000 417.681000 113.971710
418.249000 0.838000 418.521000 113.320460
419.082000 0.833000 419.351000 111.356720
419.914000 0.832000 420.181000 111.726800
420.747000 0.833000 421.011000 112.659210
421.589000 0.842000 421.851000 112.624760
422.436000 0.847000 422.701000 112.063530
423.284000 0.848000 423.551000 110.447640
424.125000 0.841000 424.401000 109.066240
424.952000 0.827000 425.221000 110.043110
425.788000 0.835000 426.051000 109.515220
426.621000 0.834000 426.891000 109.638580
427.458000 0.837000 427.731000 108.471670
428.295000 0.837000 428.561000 108.134930
429.126000 0.831000 429.391000 109.426310
429.961000 0.835000 430.231000 108.190500
430.781000 0.820000 431.051000 107.415890
431.605000 0.824000 431.871000 108.067140
432.430000 0.825000 432.701000 108.157160
433.254000 0.824000 433.521000 108.348310
434.083000 0.829000 434.351000 109.750830
434.930000 0.847000 435.201000 109.526330
435.785000 0.855000 436.061000 108.651710
436.635000 0.850000 436.911000 107.798190
437.481000 0.846000 437.751000 109.964200
438.330000 0.849000 438.591000 110.368730
439.183000 0.853000 439.451000 110.480980
440.038000 0.855000 440.311000 110.166470
440.892000 0.853000 441.171000 110.649900
441.732000 0.840000 442.001000 113.152650
442.572000 0.840000 442.841000 114.937470
443.418000 0.846000 443.681000 115.128620
444.269000 0.852000 444.541000 115.947680
445.132000 0.863000 445.401000 115.173080
445.993000 0.861000 446.271000 114.869680
446.846000 0.853000 447.121000 115.790980
447.707000 0.861000 447.971000 116.621160
448.573000 0.866000 448.841000 115.520930
449.438000 0.864000 449.711000 115.117510
450.313000 0.875000 450.581000 115.060830
451.192000 0.879000 451.461000 113.040410
452.053000 0.861000 452.331000 112.243570
452.912000 0.860000 453.181000 112.871480
453.777000 0.864000 454.041000 112.972610
454.649000 0.873000 454.921000 112.434720
455.531000 0.882000 455.801000 112.422500
456.409000 0.878000 456.681000 109.886410
457.272000 0.862000 457.541000 109.560790
458.119000 0.847000 458.391000 111.345600
458.967000 0.849000 459.231000 110.839940
459.811000 0.844000 460.081000 111.378950
460.659000 0.848000 460.921000 112.894820
461.502000 0.843000 461.771000 114.173980
462.346000 0.844000 462.621000 112.972610
463.176000 0.830000 463.451000 112.265800
463.991000 0.815000 464.261000 113.557180
464.803000 0.813000 465.071000 115.251980
465.624000 0.821000 465.891000 116.116610
466.455000 0.830000 466.721000 116.801190
467.297000 0.842000 467.571000 116.688950
468.144000 0.847000 468.411000 116.453340
468.985000 0.841000 469.261000 116.430010
469.818000 0.833000 470.091000 117.417990
470.650000 0.833000 470.921000 118.170370
471.467000 0.817000 471.741000 117.272400
472.244000 0.777000 472.511000 118.102580
472.989000 0.745000 473.261000 117.968110
473.723000 0.734000 473.991000 116.688950
474.464000 0.740000 474.731000 117.732500
475.200000 0.736000 475.461000 119.158360
475.928000 0.728000 476.191000 119.427300
476.678000 0.750000 476.941000 119.483980
477.457000 0.779000 477.721000 118.731600
478.265000 0.808000 478.531000 117.417990
479.116000 0.852000 479.381000 115.094170
480.009000 0.893000 480.271000 113.018180
480.892000 0.883000 481.161000 108.337200
481.773000 0.881000 482.051000 106.720190
482.620000 0.846000 482.891000 105.709980
483.437000 0.817000 483.701000 105.531050
484.259000 0.822000 484.531000 104.744220
485.101000 0.843000 485.371000 106.462360
485.936000 0.835000 486.201000 106.506810
486.775000 0.839000 487.041000 106.653510
487.637000 0.862000 487.911000 104.396370
488.512000 0.875000 488.781000 103.757340
489.357000 0.846000 489.631000 105.676640
490.185000 0.828000 490.451000 106.765750
491.018000 0.832000 491.281000 107.415890
491.873000 0.855000 492.141000 109.448540
492.747000 0.874000 493.011000 111.098890
493.652000 0.905000 493.921000 109.526330
494.532000 0.880000 494.811000 108.258290
495.384000 0.852000 495.661000 109.684140
496.235000 0.851000 496.501000 109.347410
497.090000 0.855000 497.361000 110.480980
497.947000 0.856000 498.211000 110.974420
498.813000 0.867000 499.081000 112.221340
499.693000 0.879000 499.961000 112.366930
500.568000 0.876000 500.841000 112.322480
501.440000 0.871000 501.711000 112.063530
502.313000 0.874000 502.591000 110.997750
503.179000 0.866000 503.461000 108.797290
504.035000 0.856000 504.311000 110.144240
504.889000 0.854000 505.151000 111.288930
505.744000 0.856000 506.011000 111.570100
506.599000 0.855000 506.871000 110.009770
507.438000 0.839000 507.711000 112.838140
508.288000 0.849000 508.551000 114.466260
509.140000 0.852000 509.411000 115.465360
510.000000 0.860000 510.271000 114.656300
510.860000 0.860000 511.131000 114.455150
511.708000 0.849000 511.981000 112.793690
512.543000 0.834000 512.811000 115.364230
513.381000 0.838000 513.651000 116.565590
514.222000 0.841000 514.491000 117.340200
515.074000 0.852000 515.341000 117.541350
515.931000 0.857000 516.201000 117.575800
516.787000 0.856000 517.051000 117.406880
517.646000 0.859000 517.921000 116.183290
518.488000 0.842000 518.761000 114.354010
519.326000 0.838000 519.591000 119.483980
520.170000 0.844000 520.441000 119.798490
521.020000 0.851000 521.291000 118.249280
521.871000 0.851000 522.141000 118.652690
522.729000 0.858000 523.001000 117.822520
523.578000 0.849000 523.861000 112.085760
524.418000 0.840000 524.691000 115.509810
525.256000 0.838000 525.521000 116.273310
526.095000 0.838000 526.361000 116.127720
526.945000 0.850000 527.211000 114.600730
527.795000 0.851000 528.061000 118.249280
528.641000 0.846000 528.911000 117.653600
529.485000 0.844000 529.761000 115.700960
530.316000 0.831000 530.591000 114.600730
531.133000 0.817000 531.401000 117.193500
531.947000 0.814000 532.211000 116.295530
532.774000 0.827000 533.041000 117.901430
533.621000 0.847000 533.891000 118.698260
534.474000 0.852000 534.751000 117.327970
535.313000 0.839000 535.591000 117.631370
536.147000 0.834000 536.411000 120.078550
536.986000 0.839000 537.251000 120.460850
537.837000 0.851000 538.101000 120.460850
538.700000 0.864000 538.971000 121.268800
539.561000 0.861000 539.831000 120.516420
540.407000 0.846000 540.681000 120.617550
541.247000 0.840000 541.521000 119.596230
542.100000 0.853000 542.371000 118.911640
542.957000 0.856000 543.231000 125.556370
543.808000 0.851000 544.081000 120.089660
544.660000 0.852000 544.931000 118.652690
545.519000 0.859000 545.791000 117.642480
546.381000 0.862000 546.651000 116.352210
547.236000 0.855000 547.501000 114.510710
548.086000 0.850000 548.361000 114.431810
548.930000 0.845000 549.201000 112.771460
549.774000 0.843000 550.041000 111.277810
550.609000 0.835000 550.891000 108.988440
551.434000 0.825000 551.701000 110.447640
552.272000 0.838000 552.541000 111.861270
553.116000 0.844000 553.381000 111.962400
553.976000 0.860000 554.241000 112.703670
554.846000 0.870000 555.121000 111.468960
555.696000 0.851000 555.971000 111.647890
556.534000 0.838000 556.801000 113.646090
557.383000 0.849000 557.651000 116.149950
558.242000 0.859000 558.511000 116.295530
559.104000 0.862000 559.371000 117.945880
559.976000 0.871000 560.251000 118.417090
560.851000 0.875000 561.121000 119.697360
561.729000 0.879000 562.001000 120.258590
562.596000 0.867000 562.871000 118.933870
563.453000 0.857000 563.731000 116.453340
564.310000 0.857000 564.581000 117.440220
565.176000 0.866000 565.441000 117.890310
566.035000 0.860000 566.311000 115.610940
566.885000 0.850000 567.151000 116.755630
567.750000 0.865000 568.021000 118.304840
568.629000 0.879000 568.901000 117.620260
569.513000 0.884000 569.781000 117.485780
570.392000 0.880000 570.661000 117.586920
571.271000 0.878000 571.541000 115.892120
572.135000 0.864000 572.411000 114.679640
572.986000 0.851000 573.261000 115.139730
573.848000 0.862000 574.111000 117.137930
574.722000 0.874000 574.991000 118.227050
575.613000 0.891000 575.881000 117.901430
576.502000 0.889000 576.771000 118.091470
577.396000 0.894000 577.671000 116.172170
578.269000 0.873000 578.551000 114.342900
579.127000 0.858000 579.401000 115.824320
579.996000 0.870000 580.261000 115.835440
580.874000 0.878000 581.141000 117.149050
581.753000 0.879000 582.021000 117.721390
582.633000 0.880000 582.901000 116.217740
583.503000 0.870000 583.781000 113.826130
584.356000 0.853000 584.631000 116.396670
585.207000 0.851000 585.481000 117.789180
586.063000 0.857000 586.331000 118.181480
586.920000 0.857000 587.191000 118.405980
587.780000 0.860000 588.051000 118.810510
588.643000 0.863000 588.921000 117.417990
589.490000 0.847000 589.761000 117.642480
590.332000 0.842000 590.601000 119.820720
591.185000 0.852000 591.451000 120.325270
592.042000 0.857000 592.311000 120.078550
592.914000 0.872000 593.181000 120.135230
593.782000 0.868000 594.061000 118.496000
594.638000 0.856000 594.911000 119.506210
595.494000 0.856000 595.761000 119.517320
596.353000 0.859000 596.621000 119.248380
597.217000 0.863000 597.491000 116.845650
598.092000 0.875000 598.371000 116.251080
598.940000 0.848000 599.221000 116.576700
599.789000 0.848000 600.061000 118.137030
600.640000 0.851000 600.911000 118.776050
601.484000 0.844000 601.761000 117.103480
602.320000 0.836000 602.591000 118.663810
603.164000 0.845000 603.431000 120.516420
604.015000 0.851000 604.281000 121.201010
604.871000 0.856000 605.151000 120.022980
605.711000 0.840000 605.991000 119.675130
606.558000 0.847000 606.831000 121.033190
607.404000 0.846000 607.671000 121.649990
608.260000 0.855000 608.531000 120.460850
609.116000 0.857000 609.391000 120.201910
609.971000 0.855000 610.241000 118.799390
610.829000 0.857000 611.101000 119.450640
611.687000 0.858000 611.951000 118.203710
612.536000 0.849000 612.811000 114.803000
613.364000 0.828000 613.641000 114.185090
614.201000 0.837000 614.471000 116.127720
615.041000 0.840000 615.311000 116.295530
615.884000 0.843000 616.151000 116.845650
616.734000 0.850000 617.011000 114.881900
617.570000 0.836000 617.841000 115.353110
618.401000 0.831000 618.671000 117.934770
619.231000 0.830000 619.501000 119.125020
620.062000 0.830000 620.331000 120.674230
620.906000 0.844000 621.171000 122.200110
621.743000 0.837000 622.021000 120.707570
622.559000 0.816000 622.831000 122.312350
623.362000 0.803000 623.631000 124.490590
624.179000 0.817000 624.441000 123.524830
625.000000 0.821000 625.261000 124.119400
625.834000 0.834000 626.101000 126.117600
626.678000 0.844000 626.941000 126.691050
627.531000 0.853000 627.801000 126.814410
628.379000 0.848000 628.651000 131.293130
629.220000 0.841000 629.491000 128.688140
630.057000 0.837000 630.321000 123.760430
630.899000 0.842000 631.161000 123.008050
631.750000 0.851000 632.011000 122.087860
632.610000 0.860000 632.871000 121.436610
633.467000 0.857000 633.731000 118.989430
634.322000 0.854000 634.591000 118.507110
635.175000 0.853000 635.441000 117.586920
636.012000 0.837000 636.281000 115.375340
636.836000 0.824000 637.101000 116.284420
637.668000 0.833000 637.931000 117.417990
638.504000 0.835000 638.771000 117.598030
639.339000 0.835000 639.611000 115.790980
640.176000 0.837000 640.441000 117.250180
641.016000 0.841000 641.281000 118.484880
641.854000 0.838000 642.121000 118.877190
642.649000 0.795000 642.911000 118.383750
643.404000 0.755000 643.671000 119.180580
644.144000 0.740000 644.411000 118.507110
644.885000 0.742000 645.151000 118.125920
645.628000 0.742000 645.891000 119.865170
646.356000 0.728000 646.621000 121.594420
647.091000 0.735000 647.351000 122.728000
647.858000 0.767000 648.121000 121.212120
648.613000 0.755000 648.881000 121.728900
649.365000 0.751000 649.631000 122.783560
650.146000 0.781000 650.411000 122.032290
650.958000 0.813000 651.221000 120.494190
651.809000 0.851000 652.071000 120.201910
652.671000 0.862000 652.941000 118.877190
653.543000 0.872000 653.811000 115.745420
654.419000 0.876000 654.691000 113.837240
655.289000 0.870000 655.561000 112.883710
656.122000 0.833000 656.391000 114.050620
656.932000 0.809000 657.201000 112.950390
657.746000 0.815000 658.021000 113.051520
658.549000 0.803000 658.821000 115.307550
659.340000 0.791000 659.601000 116.845650
660.144000 0.805000 660.411000 117.115710
660.980000 0.836000 661.251000 116.565590
661.842000 0.862000 662.111000 117.743620
662.706000 0.863000 662.981000 112.894820
663.577000 0.871000 663.851000 112.299140
664.423000 0.846000 664.691000 111.356720
665.253000 0.830000 665.521000 112.097990
666.086000 0.833000 666.351000 112.479180
666.928000 0.842000 667.191000 113.781670
667.783000 0.855000 668.051000 111.884610
668.652000 0.870000 668.921000 112.983730
669.539000 0.886000 669.811000 112.063530
670.410000 0.872000 670.681000 112.523630
671.255000 0.845000 671.531000 116.172170
672.070000 0.815000 672.341000 116.957890
672.886000 0.816000 673.151000 112.355820
673.716000 0.830000 673.981000 114.532940
674.565000 0.850000 674.831000 120.662010
675.411000 0.846000 675.681000 113.995050
676.265000 0.854000 676.541000 114.858560
677.118000 0.852000 677.401000 115.229750
677.944000 0.826000 678.221000 112.580310
678.749000 0.805000 679.021000 115.958800
679.546000 0.797000 679.811000 119.596230
680.346000 0.800000 680.611000 121.818920
681.167000 0.821000 681.441000 119.315060
682.027000 0.861000 682.301000 112.142440
682.895000 0.868000 683.171000 113.960600
683.719000 0.824000 683.991000 117.844750
684.522000 0.802000 684.801000 117.294630
685.323000 0.801000 685.591000 120.987630
686.135000 0.812000 686.401000 124.838440
686.975000 0.840000 687.241000 124.108280
687.961000 0.986000 688.231000 122.279010
688.884000 0.923000 689.151000 121.684440
689.779000 0.895000 690.051000 119.899620
690.671000 0.892000 690.941000 116.565590
691.538000 0.866000 691.811000 114.521830
692.394000 0.857000 692.661000 115.813210
693.265000 0.870000 693.531000 117.059030
694.144000 0.879000 694.411000 117.149050
695.032000 0.888000 695.301000 116.026590
695.921000 0.890000 696.191000 113.634970
696.798000 0.877000 697.071000 111.480080
697.667000 0.869000 697.931000 111.570100
698.537000 0.870000 698.801000 111.850160
699.410000 0.873000 699.681000 111.042210
700.275000 0.865000 700.551000 109.347410
701.140000 0.865000 701.411000 110.963300
702.012000 0.871000 702.281000 112.569200
702.891000 0.880000 703.161000 111.872380
703.780000 0.889000 704.051000 111.962400
704.671000 0.891000 704.941000 111.715680
705.561000 0.889000 705.831000 110.436530
706.433000 0.873000 706.711000 109.717490
707.296000 0.863000 707.571000 111.064430
708.159000 0.863000 708.421000 111.693460
709.023000 0.864000 709.291000 112.019080
709.892000 0.869000 710.161000 112.546970
710.760000 0.867000 711.031000 112.950390
711.622000 0.863000 711.891000 114.185090
712.478000 0.856000 712.751000 112.378040
713.324000 0.846000 713.601000 113.702770
714.178000 0.854000 714.441000 115.610940
715.036000 0.858000 715.301000 116.744520
715.904000 0.867000 716.171000 118.024790
716.783000 0.880000 717.051000 117.822520
717.651000 0.868000 717.931000 116.520020
718.504000 0.853000 718.781000 118.496000
719.348000 0.844000 719.611000 120.538650
720.196000 0.848000 720.461000 121.515520
721.051000 0.855000 721.321000 121.594420
721.907000 0.856000 722.171000 123.031390
722.774000 0.867000 723.041000 123.143640
723.638000 0.864000 723.911000 121.605540
724.491000 0.853000 724.761000 119.202810
725.337000 0.846000 725.601000 119.787380
726.188000 0.851000 726.451000 120.247470
727.050000 0.862000 727.311000 118.024790
727.918000 0.869000 728.191000 114.893020
728.793000 0.875000 729.061000 115.588720
729.666000 0.872000 729.931000 115.229750
730.526000 0.861000 730.791000 112.759230
731.394000 0.867000 731.661000 112.871480
732.242000 0.848000 732.521000 109.481880
733.073000 0.831000 733.341000 111.288930
733.908000 0.835000 734.171000 113.916140
734.751000 0.843000 735.021000 114.847450
735.602000 0.851000 735.871000 113.444930
736.462000 0.860000 736.731000 115.296430
737.324000 0.862000 737.601000 115.195300
738.162000 0.838000 738.441000 114.544050
738.981000 0.819000 739.251000 115.353110
739.796000 0.815000 740.061000 117.575800
740.616000 0.820000 740.881000 119.629570
741.443000 0.827000 741.711000 120.381950
742.283000 0.841000 742.551000 122.705770
743.135000 0.852000 743.401000 123.176980
743.993000 0.857000 744.261000 120.561980
744.837000 0.845000 745.111000 119.662910
745.672000 0.835000 745.941000 120.639780
746.510000 0.838000 746.771000 120.740910
747.356000 0.846000 747.621000 120.527530
748.214000 0.857000 748.481000 120.864270
749.074000 0.861000 749.341000 120.729800
749.943000 0.869000 750.211000 119.405080
750.812000 0.869000 751.081000 116.442230
751.667000 0.855000 751.941000 115.969910
752.523000 0.856000 752.791000 116.755630
753.386000 0.863000 753.651000 117.149050
754.257000 0.871000 754.521000 116.105490
755.125000 0.867000 755.401000 114.869680
755.971000 0.847000 756.241000 115.296430
756.825000 0.854000 757.091000 117.070140
757.675000 0.850000 757.941000 117.025690
758.508000 0.833000 758.781000 116.082160
759.293000 0.785000 759.561000 117.239060
760.043000 0.749000 760.311000 117.564690
760.781000 0.738000 761.051000 117.014570
761.522000 0.741000 761.791000 118.911640
762.269000 0.747000 762.531000 120.303040
763.008000 0.740000 763.271000 120.606440
763.776000 0.768000 764.041000 120.426400
764.583000 0.807000 764.851000 119.270600
765.433000 0.850000 765.701000 118.652690
766.316000 0.883000 766.581000 117.149050
767.229000 0.913000 767.491000 115.419790
768.124000 0.895000 768.401000 111.749020
768.991000 0.866000 769.261000 110.762150
769.848000 0.857000 770.111000 112.030190
770.708000 0.861000 770.971000 112.186890
771.572000 0.864000 771.841000 112.995950
772.440000 0.868000 772.711000 113.803900
773.310000 0.870000 773.581000 113.691650
774.173000 0.864000 774.441000 115.375340
775.039000 0.865000 775.311000 114.365130
775.886000 0.847000 776.161000 113.478270
776.715000 0.829000 776.981000 114.791880
777.543000 0.829000 777.811000 117.204610
778.370000 0.827000 778.631000 118.854960
779.200000 0.830000 779.471000 118.978320
780.017000 0.817000 780.291000 119.517320
780.818000 0.801000 781.091000 121.964500
781.627000 0.809000 781.891000 123.973810
782.439000 0.813000 782.701000 124.310550
783.259000 0.819000 783.521000 125.410780
784.087000 0.829000 784.351000 126.163160
784.919000 0.832000 785.191000 124.737310
785.741000 0.822000 786.011000 124.737310
786.560000 0.819000 786.821000 125.815310
787.385000 0.825000 787.651000 125.096270
788.221000 0.837000 788.481000 124.254980
789.075000 0.854000 789.341000 124.254980
789.945000 0.870000 790.211000 121.897820
790.805000 0.860000 791.071000 119.382850
791.649000 0.844000 791.921000 117.036800
792.477000 0.827000 792.741000 116.565590
793.310000 0.833000 793.571000 116.317760
794.147000 0.837000 794.411000 116.722290
794.996000 0.849000 795.261000 116.542250
795.843000 0.847000 796.111000 116.138830
796.684000 0.841000 796.951000 115.060830
797.516000 0.832000 797.791000 115.117510
798.350000 0.833000 798.611000 116.666720
799.187000 0.837000 799.451000 116.093270
800.022000 0.835000 800.291000 116.205510
800.858000 0.836000 801.121000 117.092370
801.693000 0.836000 801.971000 115.846550
802.514000 0.820000 802.781000 116.722290
803.339000 0.825000 803.601000 119.281720
804.167000 0.828000 804.431000 118.327070
804.993000 0.826000 805.261000 115.824320
805.808000 0.816000 806.081000 117.204610
806.621000 0.813000 806.891000 120.022980
807.441000 0.820000 807.711000 119.450640
808.264000 0.823000 808.531000 118.091470
809.084000 0.820000 809.361000 116.913440
809.901000 0.817000 810.171000 118.742710
810.725000 0.824000 810.991000 119.854060
811.553000 0.827000 811.821000 119.517320
812.384000 0.831000 812.651000 120.011870
813.226000 0.843000 813.501000 118.518220
814.064000 0.837000 814.331000 119.662910
814.900000 0.836000 815.161000 121.537750
815.740000 0.840000 816.001000 121.022080
816.587000 0.848000 816.851000 120.067440
817.439000 0.851000 817.701000 119.393960
818.289000 0.851000 818.561000 118.473770
819.131000 0.842000 819.401000 116.991230
819.967000 0.835000 820.231000 118.181480
820.805000 0.838000 821.071000 118.776050
821.648000 0.843000 821.911000 118.315960
822.494000 0.846000 822.761000 117.699160
823.343000 0.849000 823.611000 118.148140
824.191000 0.848000 824.461000 117.923650
825.037000 0.846000 825.301000 117.373540
825.876000 0.839000 826.141000 115.925460
826.710000 0.834000 826.981000 114.061730
827.530000 0.820000 827.801000 114.017280
828.356000 0.826000 828.621000 114.814110
829.193000 0.837000 829.461000 114.757430
830.030000 0.837000 830.291000 114.847450
830.880000 0.850000 831.141000 114.904130
831.740000 0.860000 832.011000 114.791880
832.598000 0.858000 832.871000 112.883710
833.441000 0.843000 833.711000 112.344700
834.265000 0.824000 834.531000 113.612750
835.092000 0.827000 835.361000 115.577600
835.919000 0.827000 836.181000 116.542250
836.750000 0.831000 837.011000 118.383750
837.590000 0.840000 837.861000 120.516420
838.432000 0.842000 838.701000 120.729800
839.280000 0.848000 839.551000 120.124110
840.116000 0.836000 840.391000 118.372640
840.937000 0.820000 841.211000 119.539550
841.756000 0.819000 842.021000 120.628670
842.576000 0.820000 842.841000 121.537750
843.409000 0.833000 843.671000 121.931160
844.254000 0.846000 844.521000 126.365430
845.113000 0.859000 845.381000 125.377440
845.974000 0.861000 846.241000 122.087860
846.821000 0.846000 847.091000 121.358820
847.653000 0.832000 847.921000 122.413480
848.480000 0.827000 848.741000 122.222330
849.308000 0.829000 849.581000 120.943180
850.122000 0.814000 850.391000 119.596230
850.928000 0.806000 851.191000 122.626860
851.741000 0.813000 852.001000 123.458150
852.563000 0.822000 852.821000 123.289220
853.398000 0.836000 853.661000 122.840240
854.241000 0.843000 854.511000 121.414390
855.080000 0.838000 855.351000 117.294630
855.905000 0.826000 856.171000 118.877190
856.733000 0.827000 857.001000 119.596230
857.565000 0.832000 857.831000 119.483980
858.409000 0.844000 858.671000 118.271500
859.258000 0.849000 859.521000 118.405980
860.104000 0.846000 860.371000 115.903230
860.938000 0.833000 861.211000 115.846550
861.760000 0.822000 862.021000 117.137930
862.589000 0.829000 862.851000 117.003460
863.418000 0.828000 863.681000 117.351310
864.227000 0.809000 864.491000 117.429100
865.037000 0.810000 865.301000 116.688950
865.838000 0.801000 866.111000 115.577600
866.636000 0.798000 866.901000 117.014570
867.439000 0.803000 867.701000 118.069240
868.252000 0.813000 868.521000 117.642480
869.075000 0.823000 869.341000 115.487590
869.892000 0.817000 870.161000 115.307550
870.710000 0.817000 870.971000 117.126820
871.533000 0.823000 871.801000 117.765840
872.362000 0.829000 872.631000 117.901430
873.202000 0.839000 873.471000 117.743620
874.048000 0.846000 874.321000 117.463560
874.893000 0.846000 875.161000 117.541350
875.735000 0.842000 876.001000 116.385550
876.567000 0.832000 876.841000 115.520930
877.393000 0.826000 877.661000 120.426400
878.217000 0.824000 878.481000 116.913440
879.034000 0.817000 879.301000 116.688950
879.841000 0.807000 880.111000 117.743620
880.649000 0.808000 880.911000 118.731600
881.460000 0.811000 881.731000 117.126820
882.278000 0.818000 882.551000 116.834540
883.068000 0.791000 883.341000 118.361520
883.836000 0.768000 884.101000 119.730700
884.600000 0.764000 884.861000 122.043410
885.379000 0.779000 885.641000 124.176080
886.195000 0.817000 886.461000 126.566580
887.053000 0.858000 887.321000 125.331880
887.907000 0.854000 888.181000 124.681740
888.718000 0.811000 888.991000 124.972910
889.506000 0.788000 889.771000 125.703060
890.288000 0.782000 890.551000 126.342090
891.080000 0.792000 891.341000 126.892200
891.897000 0.817000 892.161000 127.655700
892.737000 0.840000 893.001000 128.139130
