13.892000 0.903000 14.191000 102.604710
14.750000 0.858000 15.041000 102.212310
15.624000 0.873000 15.921000 101.068110
16.492000 0.868000 16.781000 100.899640
17.342000 0.850000 17.641000 99.956899
18.226000 0.883000 18.511000 100.372460
19.161000 0.935000 19.451000 100.764860
20.101000 0.940000 20.401000 101.909060
20.959000 0.859000 21.261000 100.293840
21.905000 0.945000 22.201000 101.247110
22.831000 0.926000 23.121000 99.463419
23.725000 0.894000 24.031000 100.203990
24.591000 0.866000 24.881000 100.618850
25.526000 0.935000 25.821000 101.763760
26.497000 0.971000 26.791000 103.783310
27.459000 0.961000 27.761000 103.682220
28.329000 0.871000 28.631000 103.233670
29.235000 0.906000 29.531000 101.797450
30.116000 0.881000 30.411000 101.998910
31.008000 0.891000 31.301000 103.009040
31.842000 0.834000 32.141000 103.648530
32.654000 0.812000 32.941000 105.320610
33.505000 0.851000 33.791000 106.655740
34.376000 0.870000 34.671000 105.387290
35.257000 0.881000 35.551000 104.501420
36.088000 0.831000 36.381000 103.839460
36.928000 0.840000 37.221000 103.098890
37.775000 0.847000 38.071000 103.423900
38.579000 0.804000 38.871000 103.143820
39.386000 0.806000 39.671000 104.411560
40.218000 0.832000 40.501000 105.275680
41.057000 0.840000 41.351000 104.905050
41.852000 0.794000 42.141000 104.815190
42.660000 0.809000 42.951000 105.331840
43.483000 0.823000 43.771000 104.759040
44.301000 0.818000 44.601000 103.513750
45.105000 0.804000 45.401000 103.188740
45.913000 0.808000 46.201000 103.390210
46.758000 0.846000 47.051000 102.739490
47.582000 0.824000 47.871000 101.539130
48.368000 0.786000 48.661000 101.169190
49.135000 0.767000 49.421000 101.471740
49.943000 0.808000 50.231000 102.290930
50.794000 0.852000 51.081000 103.065200
51.625000 0.831000 51.921000 102.806870
52.426000 0.800000 52.721000 103.311590
53.266000 0.840000 53.551000 102.538020
54.170000 0.904000 54.461000 102.560480
55.068000 0.897000 55.361000 101.516660
55.937000 0.869000 56.231000 101.292040
56.819000 0.883000 57.111000 101.471740
57.693000 0.873000 57.991000 101.550360
58.512000 0.820000 58.811000 101.853610
59.331000 0.818000 59.621000 102.795640
60.178000 0.847000 60.471000 104.018460
61.135000 0.957000 61.431000 104.243090
62.000000 0.865000 62.291000 104.400330
62.865000 0.865000 63.151000 104.759040
63.768000 0.903000 64.061000 104.691650
64.599000 0.831000 64.901000 102.615940
65.459000 0.859000 65.751000 102.593480
66.359000 0.900000 66.651000 102.705790
67.254000 0.895000 67.551000 102.560480
68.131000 0.877000 68.421000 102.806870
69.007000 0.876000 69.301000 103.817000
69.906000 0.899000 70.201000 103.984770
70.779000 0.873000 71.081000 104.254320
71.698000 0.919000 71.991000 104.972430
72.565000 0.867000 72.861000 105.387290
73.411000 0.846000 73.711000 104.938740
74.267000 0.856000 74.561000 105.948870
75.079000 0.811000 75.371000 106.823510
75.826000 0.747000 76.121000 106.734360
76.572000 0.746000 76.861000 106.924600
77.374000 0.802000 77.661000 106.565890
78.186000 0.812000 78.471000 106.005020
78.994000 0.808000 79.281000 106.049950
79.802000 0.808000 80.091000 105.298150
80.618000 0.817000 80.911000 103.289120
81.427000 0.809000 81.711000 102.952880
82.287000 0.859000 82.571000 103.076430
83.177000 0.890000 83.461000 102.189850
84.015000 0.838000 84.311000 100.865940
84.835000 0.820000 85.121000 101.460510
85.657000 0.822000 85.941000 102.010140
86.511000 0.855000 86.801000 102.066300
87.340000 0.829000 87.631000 102.369550
88.180000 0.840000 88.471000 103.267360
89.014000 0.834000 89.311000 103.211210
89.864000 0.850000 90.151000 103.042730
90.709000 0.845000 91.001000 102.683330
91.563000 0.853000 91.851000 103.199970
92.359000 0.797000 92.651000 101.640210
93.142000 0.783000 93.431000 102.627170
93.962000 0.819000 94.241000 102.818110
94.841000 0.879000 95.131000 102.358320
95.632000 0.791000 95.921000 102.795640
96.428000 0.796000 96.711000 103.356510
97.228000 0.800000 97.521000 103.244900
98.013000 0.785000 98.301000 102.649630
98.809000 0.796000 99.091000 103.794540
99.597000 0.788000 99.881000 103.974240
100.414000 0.817000 100.701000 103.963010
101.193000 0.779000 101.481000 103.356510
101.977000 0.785000 102.261000 103.536220
102.733000 0.756000 103.021000 104.108320
103.466000 0.733000 103.761000 103.311590
104.223000 0.757000 104.501000 104.580040
104.969000 0.746000 105.251000 105.174600
105.730000 0.762000 106.021000 105.006130
106.481000 0.751000 106.771000 104.702880
107.257000 0.776000 107.541000 105.465910
108.019000 0.762000 108.301000 105.376060
108.724000 0.705000 109.011000 104.860120
109.464000 0.739000 109.751000 104.535110
110.277000 0.814000 110.561000 104.344180
111.047000 0.770000 111.331000 103.143820
111.843000 0.796000 112.121000 103.670990
112.662000 0.820000 112.951000 103.480060
113.406000 0.744000 113.701000 102.683330
114.150000 0.743000 114.431000 103.401440
114.901000 0.751000 115.181000 104.231860
115.702000 0.801000 115.991000 103.457600
116.498000 0.796000 116.791000 103.592370
117.245000 0.748000 117.531000 103.772080
118.010000 0.764000 118.291000 104.085850
118.829000 0.819000 119.111000 104.186940
119.614000 0.785000 119.911000 103.547450
120.369000 0.754000 120.661000 103.592370
121.119000 0.751000 121.401000 104.557570
121.885000 0.766000 122.161000 104.467720
122.655000 0.770000 122.941000 104.636190
123.507000 0.853000 123.791000 104.018460
124.316000 0.808000 124.601000 102.784410
125.111000 0.796000 125.401000 102.627170
125.917000 0.805000 126.201000 101.628980
126.703000 0.786000 126.991000 100.046750
127.486000 0.783000 127.771000 99.351104
128.265000 0.780000 128.541000 101.696370
129.034000 0.768000 129.321000 99.092781
129.826000 0.792000 130.111000 98.767772
130.644000 0.819000 130.931000 99.923205
131.439000 0.794000 131.731000 99.721741
132.202000 0.763000 132.491000 99.463419
133.023000 0.821000 133.301000 100.215220
133.817000 0.794000 134.101000 100.417390
134.580000 0.762000 134.871000 100.102910
135.355000 0.775000 135.641000 99.598196
136.140000 0.785000 136.431000 100.821020
136.941000 0.802000 137.231000 100.753630
137.739000 0.798000 138.031000 100.809790
138.544000 0.805000 138.831000 100.877170
139.369000 0.825000 139.661000 100.910870
140.178000 0.809000 140.471000 99.485881
141.030000 0.851000 141.311000 100.001830
141.863000 0.834000 142.151000 100.517770
142.696000 0.832000 142.991000 101.370660
143.483000 0.788000 143.781000 102.043840
144.263000 0.780000 144.551000 103.233670
145.070000 0.807000 145.361000 104.725340
145.900000 0.830000 146.191000 104.893810
146.713000 0.813000 147.001000 105.051050
147.578000 0.865000 147.861000 105.522070
148.410000 0.831000 148.701000 104.490180
149.230000 0.820000 149.521000 103.715920
150.075000 0.845000 150.361000 103.772080
150.900000 0.826000 151.191000 103.356510
151.684000 0.784000 151.981000 102.930420
152.506000 0.822000 152.791000 103.984770
153.326000 0.820000 153.611000 104.422800
154.145000 0.820000 154.441000 104.826430
154.957000 0.811000 155.241000 104.434030
155.783000 0.826000 156.071000 105.387290
156.608000 0.826000 156.901000 105.152140
157.416000 0.808000 157.711000 104.389100
158.225000 0.809000 158.511000 104.288020
159.061000 0.836000 159.351000 103.817000
159.928000 0.867000 160.221000 102.167380
160.771000 0.843000 161.061000 102.133690
161.612000 0.841000 161.901000 101.831140
162.427000 0.815000 162.721000 100.922100
163.240000 0.813000 163.531000 101.415580
164.052000 0.811000 164.341000 101.897830
164.854000 0.802000 165.151000 101.953990
165.634000 0.780000 165.921000 102.167380
166.454000 0.820000 166.741000 101.763760
167.293000 0.839000 167.591000 101.247110
168.102000 0.809000 168.401000 100.125370
168.933000 0.831000 169.221000 100.854710
169.775000 0.843000 170.071000 100.495310
170.614000 0.839000 170.911000 100.024290
171.404000 0.790000 171.701000 100.731170
172.193000 0.789000 172.481000 102.010140
173.004000 0.811000 173.301000 102.683330
173.851000 0.847000 174.151000 102.493100
174.698000 0.847000 174.991000 103.929320
175.610000 0.911000 175.901000 103.873160
176.547000 0.937000 176.851000 102.604710
177.384000 0.837000 177.681000 102.784410
178.136000 0.752000 178.431000 103.053970
178.882000 0.747000 179.181000 103.233670
179.701000 0.819000 180.001000 103.423900
180.530000 0.829000 180.821000 103.817000
181.398000 0.867000 181.681000 103.727150
182.255000 0.857000 182.551000 102.840570
183.065000 0.810000 183.361000 101.494200
183.891000 0.826000 184.181000 101.314500
184.694000 0.803000 184.981000 101.516660
185.488000 0.794000 185.781000 100.910870
186.277000 0.788000 186.561000 101.651440
187.064000 0.787000 187.351000 103.132590
187.888000 0.825000 188.181000 103.491290
188.674000 0.786000 188.961000 102.504330
189.471000 0.797000 189.751000 102.986580
190.297000 0.826000 190.581000 102.728250
191.088000 0.791000 191.381000 101.516660
191.863000 0.775000 192.151000 101.808680
192.626000 0.763000 192.911000 102.672100
193.396000 0.769000 193.691000 103.873160
194.151000 0.756000 194.441000 104.108320
194.917000 0.766000 195.201000 105.443450
195.681000 0.764000 195.971000 106.049950
196.481000 0.799000 196.771000 106.363730
197.256000 0.775000 197.541000 106.431120
198.040000 0.784000 198.321000 107.205380
198.827000 0.787000 199.111000 107.137990
199.606000 0.779000 199.901000 105.679310
200.388000 0.782000 200.671000 105.241990
201.183000 0.794000 201.471000 105.241990
201.976000 0.793000 202.271000 104.781500
202.735000 0.759000 203.021000 104.209400
203.503000 0.768000 203.791000 104.736570
204.301000 0.798000 204.591000 104.467720
205.126000 0.825000 205.411000 103.581140
205.941000 0.815000 206.231000 103.603600
206.774000 0.833000 207.061000 103.861930
207.603000 0.829000 207.901000 103.738380
208.396000 0.792000 208.691000 103.412670
209.227000 0.832000 209.511000 104.647420
210.057000 0.829000 210.351000 104.702880
210.854000 0.797000 211.151000 104.097080
211.657000 0.803000 211.941000 104.636190
212.452000 0.794000 212.741000 105.208290
213.242000 0.790000 213.531000 105.668080
214.009000 0.767000 214.301000 105.679310
214.780000 0.772000 215.061000 106.958290
215.569000 0.788000 215.861000 107.362620
216.376000 0.808000 216.671000 106.565890
217.171000 0.794000 217.461000 106.644510
217.980000 0.809000 218.261000 106.341260
218.806000 0.827000 219.091000 105.746700
219.590000 0.784000 219.881000 105.152140
220.368000 0.778000 220.651000 105.275680
221.156000 0.788000 221.441000 105.275680
221.957000 0.801000 222.251000 104.029700
222.720000 0.763000 223.011000 104.557570
223.558000 0.838000 223.841000 104.871350
224.405000 0.847000 224.691000 105.477150
225.208000 0.804000 225.501000 104.770270
226.009000 0.800000 226.291000 106.150330
226.805000 0.796000 227.091000 106.139100
227.659000 0.853000 227.951000 106.251410
228.492000 0.833000 228.781000 105.600690
229.344000 0.852000 229.621000 105.028590
230.192000 0.848000 230.481000 104.837660
231.011000 0.819000 231.301000 103.233670
231.833000 0.822000 232.121000 103.367740
232.704000 0.871000 232.991000 103.289120
233.620000 0.916000 233.911000 102.930420
234.504000 0.883000 234.801000 101.000720
235.324000 0.821000 235.611000 101.101800
236.170000 0.846000 236.461000 101.460510
237.021000 0.851000 237.311000 101.393120
237.834000 0.814000 238.121000 101.449280
238.673000 0.839000 238.961000 102.638400
239.508000 0.835000 239.801000 103.390210
240.304000 0.796000 240.601000 102.246000
241.099000 0.795000 241.381000 103.177510
241.885000 0.786000 242.171000 104.119550
242.675000 0.791000 242.971000 104.501420
243.471000 0.796000 243.761000 104.591270
244.266000 0.794000 244.551000 104.546340
245.074000 0.808000 245.361000 104.265560
245.848000 0.774000 246.141000 102.459400
246.624000 0.776000 246.901000 102.144920
247.421000 0.797000 247.701000 101.763760
248.216000 0.796000 248.501000 101.404350
249.043000 0.827000 249.331000 100.361230
249.852000 0.809000 250.131000 99.418493
250.676000 0.824000 250.961000 99.620659
251.449000 0.773000 251.731000 100.057980
252.167000 0.719000 252.461000 100.708700
252.927000 0.759000 253.211000 101.998910
253.726000 0.800000 254.011000 102.638400
254.525000 0.799000 254.811000 103.031500
255.320000 0.795000 255.611000 103.435130
256.091000 0.771000 256.381000 103.166280
256.877000 0.786000 257.161000 103.760840
257.662000 0.785000 257.951000 103.244900
258.481000 0.820000 258.771000 102.212310
259.283000 0.801000 259.571000 101.786220
260.115000 0.832000 260.401000 102.201080
260.955000 0.840000 261.241000 101.471740
261.752000 0.797000 262.041000 101.247110
262.558000 0.805000 262.841000 102.481860
263.389000 0.832000 263.671000 102.761950
264.216000 0.827000 264.511000 102.324620
265.008000 0.792000 265.301000 101.998910
265.813000 0.805000 266.091000 102.470630
266.635000 0.822000 266.921000 102.425710
267.430000 0.795000 267.721000 102.100000
268.210000 0.780000 268.501000 102.066300
268.990000 0.780000 269.271000 102.851800
269.769000 0.779000 270.061000 103.009040
270.541000 0.772000 270.831000 102.032610
271.288000 0.747000 271.571000 102.806870
272.051000 0.763000 272.331000 104.164470
272.841000 0.790000 273.131000 103.984770
273.606000 0.764000 273.891000 103.132590
274.369000 0.763000 274.651000 104.085850
275.150000 0.781000 275.441000 104.276790
275.923000 0.773000 276.221000 102.952880
276.679000 0.756000 276.961000 102.907960
277.444000 0.765000 277.731000 102.549250
278.216000 0.772000 278.511000 102.032610
278.969000 0.753000 279.251000 101.157960
279.750000 0.781000 280.031000 101.370660
280.540000 0.790000 280.831000 101.449280
281.299000 0.759000 281.591000 100.125370
282.057000 0.758000 282.341000 100.607620
282.829000 0.772000 283.111000 101.381890
283.629000 0.800000 283.921000 101.359420
284.411000 0.782000 284.701000 100.821020
285.198000 0.786000 285.481000 101.124270
286.000000 0.803000 286.291000 101.124270
286.781000 0.781000 287.071000 100.091680
287.572000 0.791000 287.861000 100.764860
288.370000 0.797000 288.661000 100.316310
289.159000 0.789000 289.451000 99.586964
289.945000 0.786000 290.231000 99.721741
290.766000 0.822000 291.051000 100.305070
291.587000 0.821000 291.881000 99.968131
292.366000 0.779000 292.661000 99.968131
293.193000 0.827000 293.481000 101.393120
294.022000 0.829000 294.311000 101.090570
294.841000 0.819000 295.141000 101.314500
295.618000 0.777000 295.911000 101.819910
296.397000 0.779000 296.691000 102.526790
297.197000 0.800000 297.491000 103.267360
297.985000 0.787000 298.281000 103.626070
298.778000 0.793000 299.071000 104.344180
299.608000 0.830000 299.901000 105.432220
300.441000 0.832000 300.731000 103.906850
301.256000 0.815000 301.551000 102.851800
302.087000 0.832000 302.371000 103.009040
302.945000 0.858000 303.231000 102.560480
303.784000 0.839000 304.081000 102.459400
304.595000 0.811000 304.881000 103.244900
305.394000 0.799000 305.681000 104.658660
306.252000 0.858000 306.541000 104.344180
307.092000 0.840000 307.381000 103.423900
307.947000 0.855000 308.231000 103.873160
308.824000 0.877000 309.111000 102.504330
309.663000 0.839000 309.951000 101.942760
310.524000 0.861000 310.811000 101.763760
311.402000 0.878000 311.691000 100.933330
312.243000 0.841000 312.541000 99.878279
313.092000 0.849000 313.381000 100.607620
313.941000 0.849000 314.231000 100.260150
314.767000 0.826000 315.061000 101.595280
315.534000 0.767000 315.821000 102.526790
316.300000 0.766000 316.581000 103.614840
317.056000 0.756000 317.341000 104.714110
317.756000 0.700000 318.041000 104.523880
318.464000 0.709000 318.751000 105.679310
319.214000 0.749000 319.501000 103.951780
319.993000 0.779000 320.271000 103.143820
320.777000 0.784000 321.061000 102.088760
321.560000 0.783000 321.851000 100.888410
322.334000 0.774000 322.621000 99.328641
323.101000 0.767000 323.381000 98.419598
323.872000 0.770000 324.151000 98.992401
324.662000 0.790000 324.951000 98.857623
325.428000 0.767000 325.721000 97.914885
326.192000 0.764000 326.471000 98.958706
326.966000 0.774000 327.251000 100.203990
327.786000 0.820000 328.071000 100.417390
328.584000 0.798000 328.871000 100.406160
329.365000 0.781000 329.651000 101.359420
330.146000 0.781000 330.431000 101.920290
330.950000 0.803000 331.231000 101.987680
331.748000 0.798000 332.041000 101.763760
332.517000 0.770000 332.801000 102.470630
333.301000 0.784000 333.581000 103.076430
334.101000 0.799000 334.381000 103.390210
334.880000 0.779000 335.171000 103.412670
335.632000 0.753000 335.921000 103.569910
336.399000 0.767000 336.681000 104.882580
337.178000 0.778000 337.461000 105.129670
337.934000 0.757000 338.221000 105.039820
338.668000 0.733000 338.951000 105.769160
339.414000 0.746000 339.701000 106.419880
340.185000 0.771000 340.471000 107.205380
340.950000 0.765000 341.241000 106.442350
341.738000 0.788000 342.021000 106.689440
342.538000 0.800000 342.821000 106.206490
343.328000 0.790000 343.621000 104.759040
344.110000 0.782000 344.391000 103.951780
344.910000 0.800000 345.191000 103.211210
345.724000 0.814000 346.011000 103.098890
346.517000 0.793000 346.811000 101.808680
347.312000 0.795000 347.591000 101.942760
348.118000 0.806000 348.401000 101.673900
348.904000 0.786000 349.191000 101.595280
349.683000 0.779000 349.971000 102.066300
350.480000 0.797000 350.761000 102.694560
351.282000 0.802000 351.571000 103.300360
352.063000 0.781000 352.351000 102.930420
352.859000 0.796000 353.141000 104.175700
353.646000 0.787000 353.931000 103.940550
354.449000 0.803000 354.741000 104.052160
355.219000 0.771000 355.511000 103.614840
355.992000 0.773000 356.271000 103.974240
356.750000 0.758000 357.041000 104.231860
357.491000 0.741000 357.781000 103.918080
358.213000 0.722000 358.501000 104.669890
358.952000 0.739000 359.231000 106.868440
359.754000 0.802000 360.041000 106.801050
360.541000 0.787000 360.831000 105.735470
361.322000 0.780000 361.601000 105.791630
362.122000 0.800000 362.411000 105.544530
363.007000 0.885000 363.301000 104.512650
363.813000 0.806000 364.101000 103.155050
364.596000 0.782000 364.881000 103.727150
365.380000 0.784000 365.671000 103.132590
366.146000 0.766000 366.431000 102.392010
366.904000 0.759000 367.191000 103.817000
367.671000 0.767000 367.951000 104.434030
368.526000 0.855000 368.811000 105.039820
369.392000 0.866000 369.681000 104.557570
370.192000 0.800000 370.491000 104.647420
370.951000 0.759000 371.241000 104.636190
371.693000 0.741000 371.971000 104.624960
372.457000 0.765000 372.741000 105.746700
373.269000 0.811000 373.551000 106.879670
374.128000 0.860000 374.411000 105.275680
374.969000 0.840000 375.261000 101.864840
375.769000 0.800000 376.061000 97.982274
376.571000 0.802000 376.851000 95.368159
377.368000 0.797000 377.651000 92.798970
378.178000 0.810000 378.461000 90.778717
378.966000 0.787000 379.251000 89.118572
379.753000 0.787000 380.031000 89.163497
380.556000 0.804000 380.841000 89.454812
381.358000 0.802000 381.641000 89.129803
382.152000 0.793000 382.431000 90.083070
382.916000 0.765000 383.201000 89.847912
383.625000 0.708000 383.901000 90.476170
384.362000 0.738000 384.641000 91.620372
385.103000 0.740000 385.381000 91.496826
385.839000 0.737000 386.121000 92.686656
386.591000 0.751000 386.871000 94.256950
387.370000 0.780000 387.651000 95.289539
388.137000 0.766000 388.421000 95.267076
388.873000 0.736000 389.151000 95.109836
389.671000 0.799000 389.951000 96.377584
390.462000 0.791000 390.741000 96.793147
391.221000 0.759000 391.511000 96.793147
391.966000 0.745000 392.251000 97.365247
392.730000 0.764000 393.011000 98.520681
393.527000 0.797000 393.811000 99.586964
394.325000 0.797000 394.611000 98.722846
395.119000 0.794000 395.401000 100.226450
395.919000 0.800000 396.201000 100.282610
396.745000 0.827000 397.031000 100.316310
397.539000 0.793000 397.831000 99.193864
398.317000 0.778000 398.601000 100.203990
399.104000 0.788000 399.391000 100.607620
399.908000 0.804000 400.191000 100.170300
400.702000 0.794000 400.991000 99.855817
401.488000 0.786000 401.771000 100.327540
402.275000 0.786000 402.561000 101.090570
403.065000 0.790000 403.351000 99.452187
403.832000 0.768000 404.121000 99.440956
404.625000 0.793000 404.911000 99.744204
405.433000 0.808000 405.721000 99.452187
406.200000 0.767000 406.491000 98.812698
407.007000 0.808000 407.291000 99.542039
407.878000 0.871000 408.161000 99.227559
408.707000 0.829000 409.001000 98.105820
409.491000 0.784000 409.781000 99.238790
410.281000 0.791000 410.571000 99.822122
411.118000 0.837000 411.411000 100.237690
411.913000 0.795000 412.211000 100.215220
412.714000 0.800000 413.001000 101.797450
413.516000 0.803000 413.811000 102.705790
414.279000 0.762000 414.571000 103.581140
415.023000 0.745000 415.311000 104.613730
415.734000 0.711000 416.021000 104.848890
416.431000 0.697000 416.721000 105.465910
417.159000 0.728000 417.451000 105.926400
417.892000 0.732000 418.181000 106.105400
418.638000 0.746000 418.921000 106.464810
419.421000 0.784000 419.701000 106.711900
420.212000 0.791000 420.501000 105.825320
420.962000 0.750000 421.251000 104.893810
421.699000 0.737000 421.981000 105.589460
422.448000 0.749000 422.731000 106.184020
423.198000 0.750000 423.481000 105.746700
423.937000 0.739000 424.221000 105.241990
424.683000 0.747000 424.961000 105.051050
425.464000 0.781000 425.741000 105.993790
426.260000 0.796000 426.541000 105.062290
427.120000 0.860000 427.401000 104.130780
427.975000 0.856000 428.261000 101.965220
428.829000 0.853000 429.111000 100.854710
429.659000 0.830000 429.941000 99.945668
430.457000 0.798000 430.751000 98.857623
431.226000 0.769000 431.511000 99.272484
432.003000 0.776000 432.281000 99.497113
432.818000 0.815000 433.101000 100.046750
433.661000 0.843000 433.951000 99.362336
434.539000 0.878000 434.821000 100.001830
435.419000 0.880000 435.701000 100.181530
436.268000 0.849000 436.561000 99.193864
437.072000 0.805000 437.361000 99.878279
437.873000 0.800000 438.161000 100.753630
438.673000 0.801000 438.961000 102.066300
439.469000 0.796000 439.761000 102.313390
440.272000 0.803000 440.551000 103.065200
441.091000 0.819000 441.371000 103.468830
441.983000 0.892000 442.271000 103.020270
442.818000 0.834000 443.111000 101.876070
443.648000 0.831000 443.931000 102.324620
444.446000 0.798000 444.731000 101.718830
445.255000 0.809000 445.541000 101.685140
446.043000 0.788000 446.331000 102.223540
446.831000 0.788000 447.111000 102.986580
447.685000 0.854000 447.971000 104.231860
448.507000 0.822000 448.801000 103.401440
449.293000 0.786000 449.581000 103.817000
450.140000 0.846000 450.421000 104.029700
451.014000 0.874000 451.301000 103.480060
451.822000 0.809000 452.111000 102.335860
452.640000 0.818000 452.921000 103.132590
453.472000 0.832000 453.761000 103.155050
454.296000 0.824000 454.591000 102.010140
455.093000 0.797000 455.381000 102.358320
455.884000 0.791000 456.171000 102.672100
456.690000 0.806000 456.981000 102.885490
457.469000 0.780000 457.761000 102.111230
458.265000 0.795000 458.551000 103.805770
459.091000 0.826000 459.381000 103.502520
459.889000 0.798000 460.181000 103.009040
460.675000 0.786000 460.961000 103.300360
461.471000 0.796000 461.761000 103.009040
462.309000 0.838000 462.601000 102.761950
463.094000 0.785000 463.391000 102.043840
463.891000 0.797000 464.181000 102.335860
464.709000 0.818000 464.991000 103.087660
465.560000 0.851000 465.851000 102.324620
466.402000 0.842000 466.691000 101.965220
467.296000 0.893000 467.581000 102.739490
468.190000 0.894000 468.481000 102.526790
469.010000 0.820000 469.311000 101.550360
469.810000 0.800000 470.101000 102.739490
470.644000 0.835000 470.931000 104.119550
471.519000 0.875000 471.811000 105.095980
472.346000 0.827000 472.641000 105.095980
473.166000 0.820000 473.461000 105.488380
474.010000 0.845000 474.301000 106.341260
474.839000 0.829000 475.131000 105.757930
475.644000 0.805000 475.931000 105.017360
476.450000 0.806000 476.741000 104.938740
477.265000 0.815000 477.551000 104.837660
478.077000 0.813000 478.371000 104.736570
478.877000 0.800000 479.171000 104.535110
479.631000 0.754000 479.921000 103.805770
480.378000 0.747000 480.661000 103.480060
481.156000 0.778000 481.431000 103.491290
481.926000 0.770000 482.201000 102.683330
482.630000 0.704000 482.911000 102.156150
483.353000 0.723000 483.631000 102.043840
484.183000 0.831000 484.471000 101.561590
484.959000 0.776000 485.251000 100.136600
485.731000 0.772000 486.011000 99.463419
486.531000 0.800000 486.811000 99.227559
487.351000 0.820000 487.631000 98.666689
488.152000 0.802000 488.441000 98.397135
488.923000 0.771000 489.211000 97.802571
489.702000 0.778000 489.981000 98.891318
490.509000 0.808000 490.791000 99.014863
491.301000 0.792000 491.591000 98.352911
492.094000 0.793000 492.381000 98.947475
492.904000 0.810000 493.191000 99.530807
493.762000 0.858000 494.051000 99.339873
494.564000 0.802000 494.851000 99.665584
495.358000 0.794000 495.641000 100.237690
496.180000 0.822000 496.471000 100.428620
496.976000 0.796000 497.261000 99.396030
497.774000 0.798000 498.061000 100.944560
498.580000 0.805000 498.861000 101.235880
499.438000 0.858000 499.721000 101.011950
500.298000 0.861000 500.591000 100.327540
501.192000 0.894000 501.481000 100.506540
502.068000 0.876000 502.361000 100.708700
502.928000 0.860000 503.221000 100.350000
503.767000 0.839000 504.051000 101.628980
504.616000 0.850000 504.911000 102.549250
505.471000 0.855000 505.771000 103.098890
506.299000 0.828000 506.591000 102.829340
507.155000 0.856000 507.441000 103.895620
508.002000 0.847000 508.291000 103.850700
508.861000 0.859000 509.161000 103.244900
509.674000 0.813000 509.971000 103.772080
510.503000 0.829000 510.791000 104.770270
511.330000 0.827000 511.621000 104.759040
512.140000 0.811000 512.441000 103.603600
512.947000 0.806000 513.231000 104.220630
513.752000 0.805000 514.041000 104.355410
514.576000 0.824000 514.861000 104.389100
515.372000 0.797000 515.671000 104.557570
516.141000 0.769000 516.431000 105.881480
516.928000 0.788000 517.211000 106.879670
517.769000 0.841000 518.061000 108.047040
518.585000 0.816000 518.881000 107.048140
519.410000 0.825000 519.691000 107.519160
520.201000 0.791000 520.491000 107.059370
520.986000 0.785000 521.281000 105.668080
521.744000 0.758000 522.031000 104.265560
522.523000 0.779000 522.801000 103.984770
523.330000 0.807000 523.611000 102.919190
524.109000 0.779000 524.401000 101.516660
524.895000 0.787000 525.181000 101.942760
525.694000 0.798000 525.981000 101.998910
526.515000 0.821000 526.801000 101.718830
527.308000 0.794000 527.591000 101.056880
528.085000 0.776000 528.361000 101.763760
528.878000 0.793000 529.161000 102.761950
529.698000 0.820000 529.981000 102.705790
530.481000 0.784000 530.771000 102.212310
531.274000 0.793000 531.551000 103.053970
532.072000 0.798000 532.351000 102.615940
532.866000 0.794000 533.151000 102.414480
533.645000 0.780000 533.931000 102.481860
534.442000 0.797000 534.721000 103.042730
535.240000 0.798000 535.521000 102.818110
536.026000 0.786000 536.311000 102.470630
536.795000 0.769000 537.081000 103.390210
537.582000 0.787000 537.861000 104.344180
538.409000 0.827000 538.691000 105.017360
539.210000 0.801000 539.501000 104.456490
540.014000 0.804000 540.301000 105.623150
540.825000 0.811000 541.111000 105.859010
541.629000 0.804000 541.921000 104.669890
542.415000 0.786000 542.701000 104.332940
543.249000 0.834000 543.531000 104.983670
544.082000 0.834000 544.371000 104.613730
544.893000 0.810000 545.181000 104.366640
545.739000 0.846000 546.021000 105.028590
546.618000 0.880000 546.901000 105.432220
547.510000 0.891000 547.801000 105.960100
548.336000 0.826000 548.631000 105.107210
549.158000 0.822000 549.441000 106.902130
549.986000 0.827000 550.271000 107.093070
550.802000 0.816000 551.091000 107.441240
551.595000 0.793000 551.881000 108.731450
552.391000 0.796000 552.671000 110.145210
553.231000 0.840000 553.521000 110.492680
554.016000 0.785000 554.311000 109.617330
554.807000 0.791000 555.091000 110.840850
555.614000 0.807000 555.901000 108.944150
556.412000 0.798000 556.701000 108.596680
557.193000 0.781000 557.481000 108.304660
557.958000 0.764000 558.241000 108.136890
558.737000 0.779000 559.021000 107.945950
559.500000 0.763000 559.781000 107.620240
560.278000 0.778000 560.561000 108.843770
561.057000 0.779000 561.341000 109.528180
561.841000 0.784000 562.131000 108.675300
562.625000 0.785000 562.911000 108.652830
563.425000 0.799000 563.711000 108.865530
564.245000 0.821000 564.531000 108.461900
565.019000 0.774000 565.311000 107.507930
565.804000 0.785000 566.091000 107.766250
566.592000 0.788000 566.881000 107.362620
567.366000 0.774000 567.651000 105.881480
568.160000 0.794000 568.441000 106.341260
568.942000 0.782000 569.231000 105.903940
569.712000 0.770000 570.001000 105.634390
570.476000 0.765000 570.761000 105.881480
571.263000 0.787000 571.541000 106.116640
572.068000 0.805000 572.361000 105.298150
572.851000 0.783000 573.141000 105.477150
573.664000 0.813000 573.951000 105.409760
574.473000 0.809000 574.761000 104.647420
575.264000 0.791000 575.561000 104.893810
576.023000 0.759000 576.311000 105.937630
576.818000 0.795000 577.101000 106.532200
577.620000 0.802000 577.911000 106.789820
