1.995000 0.760000 2.261000 133.168700
2.781000 0.786000 3.051000 131.463090
3.539000 0.758000 3.821000 129.859080
4.306000 0.767000 4.581000 132.192750
5.082000 0.775000 5.351000 132.629920
5.856000 0.774000 6.131000 130.565130
6.646000 0.790000 6.921000 129.241290
7.393000 0.747000 7.661000 130.913030
8.188000 0.796000 8.461000 131.553400
8.975000 0.787000 9.251000 129.600470
9.770000 0.795000 10.041000 127.917440
10.553000 0.784000 10.821000 128.703540
11.360000 0.806000 11.631000 128.860550
12.156000 0.796000 12.431000 127.166230
12.988000 0.832000 13.261000 124.517510
13.790000 0.802000 14.061000 124.495960
14.598000 0.808000 14.871000 124.742260
15.449000 0.851000 15.721000 124.169620
16.282000 0.833000 16.561000 121.107330
17.099000 0.817000 17.381000 119.031250
17.888000 0.789000 18.161000 120.804590
18.686000 0.797000 18.951000 119.917920
19.503000 0.817000 19.771000 119.289860
20.340000 0.837000 20.611000 116.899750
21.137000 0.797000 21.411000 116.540570
21.910000 0.773000 22.181000 118.268750
22.719000 0.809000 22.991000 118.324170
23.502000 0.782000 23.781000 116.270670
24.285000 0.784000 24.561000 115.317290
25.070000 0.784000 25.341000 117.684820
25.892000 0.822000 26.161000 118.111740
26.700000 0.808000 26.971000 116.675010
27.489000 0.789000 27.771000 114.453200
28.227000 0.738000 28.501000 116.731450
29.000000 0.773000 29.271000 118.403190
29.785000 0.785000 30.051000 117.404660
30.544000 0.760000 30.821000 116.102370
31.287000 0.742000 31.561000 117.168630
32.054000 0.767000 32.321000 118.560210
32.809000 0.755000 33.081000 118.268750
33.559000 0.750000 33.831000 116.315820
34.270000 0.711000 34.541000 116.933620
34.999000 0.729000 35.271000 119.648020
35.782000 0.783000 36.051000 120.332520
36.554000 0.773000 36.831000 118.335460
37.278000 0.723000 37.551000 118.829080
38.061000 0.783000 38.331000 121.533220
38.864000 0.803000 39.131000 120.366380
39.630000 0.766000 39.901000 120.646550
40.346000 0.716000 40.621000 119.524870
41.125000 0.779000 41.401000 119.524870
41.889000 0.764000 42.161000 121.982710
42.655000 0.766000 42.921000 123.014080
43.426000 0.770000 43.701000 122.531740
44.197000 0.772000 44.471000 120.321230
44.923000 0.726000 45.201000 122.531740
45.682000 0.759000 45.951000 124.865410
46.447000 0.764000 46.721000 125.000870
47.245000 0.798000 47.521000 125.370320
48.019000 0.774000 48.301000 124.708390
48.801000 0.783000 49.071000 127.289380
49.593000 0.792000 49.861000 127.569550
50.390000 0.797000 50.661000 125.000870
51.165000 0.775000 51.441000 123.496410
51.962000 0.797000 52.231000 124.607820
52.754000 0.792000 53.021000 123.643160
53.560000 0.806000 53.831000 121.521930
54.333000 0.772000 54.611000 120.108800
55.112000 0.779000 55.381000 121.982710
55.882000 0.770000 56.151000 121.084750
56.664000 0.782000 56.941000 119.468430
57.413000 0.748000 57.691000 117.785400
58.159000 0.746000 58.431000 119.536160
58.926000 0.767000 59.191000 120.636280
59.700000 0.774000 59.971000 120.186790
60.463000 0.764000 60.741000 119.592600
61.228000 0.765000 61.501000 122.172560
61.990000 0.762000 62.261000 124.887990
62.761000 0.771000 63.031000 125.045000
63.544000 0.782000 63.821000 123.395840
64.320000 0.777000 64.601000 122.779070
65.094000 0.773000 65.361000 124.462100
65.870000 0.776000 66.141000 124.237350
66.669000 0.799000 66.941000 122.465040
67.437000 0.768000 67.711000 121.353620
68.210000 0.773000 68.481000 123.833010
68.976000 0.766000 69.251000 122.834480
69.769000 0.793000 70.041000 121.443930
70.523000 0.754000 70.801000 120.220660
71.287000 0.764000 71.561000 122.352150
72.069000 0.782000 72.341000 122.285450
72.860000 0.791000 73.131000 121.724100
73.684000 0.824000 73.961000 119.536160
74.474000 0.790000 74.751000 118.201020
75.275000 0.802000 75.551000 119.670590
76.081000 0.806000 76.351000 118.806500
76.886000 0.805000 77.161000 117.595540
77.672000 0.785000 77.951000 115.137700
78.443000 0.771000 78.721000 116.720160
79.243000 0.800000 79.511000 117.729980
80.026000 0.782000 80.301000 116.293250
80.805000 0.779000 81.081000 115.048420
81.581000 0.776000 81.861000 114.711810
82.362000 0.781000 82.631000 117.325640
83.135000 0.773000 83.401000 116.989040
83.929000 0.794000 84.201000 116.158810
84.681000 0.752000 84.961000 116.136230
85.432000 0.751000 85.701000 119.413010
86.219000 0.787000 86.491000 120.961600
86.998000 0.779000 87.271000 120.186790
87.778000 0.780000 88.061000 120.702990
88.531000 0.753000 88.801000 124.776130
89.320000 0.789000 89.591000 126.223120
90.124000 0.804000 90.401000 125.426760
90.915000 0.791000 91.191000 123.598010
91.672000 0.757000 91.951000 124.360500
92.471000 0.799000 92.741000 125.583780
93.266000 0.796000 93.541000 124.383080
94.061000 0.794000 94.331000 122.936080
94.829000 0.769000 95.111000 121.646100
95.576000 0.746000 95.851000 123.452280
96.381000 0.805000 96.651000 124.742260
97.169000 0.788000 97.441000 124.180910
97.949000 0.779000 98.231000 123.373260
98.703000 0.754000 98.971000 125.583780
99.498000 0.796000 99.771000 125.999400
100.308000 0.810000 100.581000 124.293790
101.081000 0.772000 101.361000 122.991500
101.833000 0.752000 102.101000 125.090150
102.622000 0.790000 102.891000 124.641690
103.432000 0.810000 103.711000 121.971420
104.215000 0.783000 104.491000 121.847240
105.016000 0.800000 105.291000 122.128430
105.802000 0.787000 106.071000 121.387490
106.618000 0.815000 106.891000 120.243230
107.421000 0.803000 107.701000 119.435590
108.206000 0.785000 108.481000 120.770720
109.001000 0.795000 109.271000 120.377670
109.788000 0.787000 110.061000 118.795210
110.547000 0.759000 110.821000 118.032720
111.335000 0.788000 111.601000 118.582780
112.128000 0.793000 112.401000 118.930680
112.906000 0.778000 113.181000 117.348220
113.681000 0.775000 113.961000 116.933620
114.476000 0.794000 114.741000 118.739800
115.276000 0.800000 115.551000 118.784950
116.097000 0.821000 116.371000 117.314350
116.888000 0.791000 117.171000 116.327110
117.700000 0.812000 117.971000 118.212310
118.522000 0.822000 118.791000 117.482660
119.340000 0.817000 119.611000 115.385030
120.154000 0.814000 120.431000 114.789810
120.957000 0.803000 121.231000 116.013080
121.766000 0.810000 122.041000 115.732920
122.585000 0.818000 122.861000 114.061180
123.361000 0.776000 123.641000 112.938480
124.129000 0.768000 124.401000 115.260850
124.930000 0.800000 125.201000 115.810910
125.721000 0.791000 125.991000 115.115130
126.509000 0.787000 126.791000 113.970870
127.299000 0.791000 127.571000 116.607270
128.102000 0.803000 128.371000 116.574440
128.933000 0.830000 129.211000 115.418890
129.738000 0.805000 130.021000 113.791280
130.527000 0.788000 130.801000 115.553330
131.355000 0.828000 131.621000 115.732920
132.168000 0.814000 132.441000 113.420810
132.939000 0.770000 133.221000 113.197090
133.750000 0.811000 134.021000 115.923800
134.527000 0.777000 134.801000 115.822200
135.312000 0.785000 135.581000 114.801100
136.083000 0.772000 136.361000 115.799630
136.818000 0.734000 137.091000 120.164210
137.624000 0.806000 137.891000 124.854120
138.411000 0.788000 138.691000 126.896330
139.218000 0.806000 139.501000 129.006280
139.993000 0.775000 140.271000 132.607350
140.789000 0.796000 141.061000 133.741340
141.594000 0.805000 141.871000 132.910090
142.385000 0.791000 142.661000 130.060220
143.171000 0.786000 143.441000 131.003340
143.970000 0.799000 144.241000 130.823740
144.771000 0.800000 145.041000 129.095560
145.570000 0.799000 145.851000 126.638750
146.367000 0.797000 146.641000 128.051880
147.184000 0.817000 147.451000 128.456210
148.000000 0.816000 148.271000 128.142190
148.815000 0.815000 149.091000 125.842390
149.641000 0.826000 149.911000 125.426760
150.479000 0.839000 150.751000 125.572490
151.293000 0.814000 151.561000 123.407130
152.105000 0.811000 152.381000 120.625000
152.914000 0.809000 153.191000 120.343810
153.725000 0.811000 154.001000 119.917920
154.520000 0.795000 154.791000 118.223600
155.306000 0.786000 155.581000 116.663720
156.066000 0.760000 156.341000 117.068060
156.856000 0.790000 157.121000 117.393370
157.638000 0.782000 157.911000 116.933620
158.439000 0.801000 158.711000 115.194150
159.192000 0.753000 159.471000 114.386500
159.974000 0.782000 160.241000 116.529280
160.744000 0.770000 161.011000 115.867360
161.510000 0.766000 161.781000 114.386500
162.225000 0.715000 162.501000 113.286370
162.949000 0.724000 163.221000 116.686300
163.703000 0.754000 163.971000 120.377670
164.443000 0.739000 164.711000 123.822750
165.159000 0.716000 165.441000 127.749140
165.912000 0.754000 166.181000 133.112250
166.663000 0.751000 166.931000 135.367920
167.424000 0.761000 167.701000 136.343880
168.176000 0.751000 168.451000 135.614220
168.938000 0.762000 169.211000 137.959170
169.719000 0.781000 169.991000 138.217790
170.497000 0.778000 170.771000 136.220730
171.268000 0.770000 171.541000 133.494010
171.991000 0.724000 172.261000 134.919460
172.769000 0.778000 173.041000 136.691770
173.534000 0.765000 173.811000 136.153000
174.306000 0.772000 174.581000 135.222200
175.077000 0.770000 175.351000 137.264410
175.882000 0.806000 176.151000 137.264410
176.681000 0.799000 176.951000 135.670660
177.475000 0.794000 177.751000 133.202560
178.256000 0.781000 178.531000 134.335530
179.074000 0.819000 179.341000 133.651030
179.898000 0.823000 180.171000 131.586240
180.706000 0.808000 180.981000 129.342880
181.510000 0.804000 181.781000 130.105380
182.331000 0.821000 182.601000 128.781530
183.152000 0.821000 183.421000 126.189260
183.942000 0.791000 184.221000 124.349210
184.774000 0.832000 185.041000 125.494490
185.593000 0.819000 185.861000 124.271220
186.411000 0.818000 186.681000 122.329580
187.215000 0.804000 187.491000 120.231950
187.985000 0.769000 188.251000 121.151460
188.802000 0.817000 189.071000 121.275630
189.600000 0.798000 189.871000 119.333990
190.393000 0.793000 190.671000 117.011610
191.180000 0.787000 191.451000 118.862950
191.976000 0.796000 192.241000 118.728510
192.783000 0.807000 193.051000 118.044010
193.649000 0.866000 193.921000 115.194150
194.425000 0.776000 194.701000 114.532220
195.231000 0.806000 195.501000 116.113650
196.020000 0.789000 196.291000 115.205430
196.807000 0.787000 197.081000 113.331520
197.559000 0.752000 197.831000 114.430620
198.357000 0.798000 198.631000 117.146050
199.148000 0.791000 199.421000 118.223600
199.938000 0.790000 200.211000 117.639670
200.690000 0.753000 200.971000 118.571490
201.453000 0.763000 201.721000 121.690230
202.238000 0.785000 202.511000 123.486150
203.025000 0.787000 203.301000 123.575430
203.810000 0.785000 204.091000 122.274160
204.556000 0.746000 204.831000 123.575430
205.339000 0.783000 205.611000 124.573960
206.130000 0.790000 206.401000 123.507700
206.923000 0.794000 207.201000 122.083280
207.712000 0.788000 207.991000 123.002790
208.509000 0.797000 208.781000 124.035180
209.316000 0.808000 209.591000 122.408600
210.119000 0.803000 210.391000 120.131370
210.904000 0.785000 211.181000 120.939020
211.697000 0.794000 211.971000 121.286920
212.489000 0.792000 212.761000 120.366380
213.275000 0.786000 213.551000 117.561680
214.033000 0.757000 214.311000 116.933620
214.816000 0.784000 215.081000 118.391900
215.591000 0.775000 215.861000 117.584250
216.430000 0.839000 216.701000 115.485600
217.218000 0.787000 217.491000 115.115130
217.984000 0.766000 218.251000 116.293250
218.785000 0.800000 219.051000 116.046950
219.593000 0.808000 219.871000 114.375210
220.345000 0.752000 220.621000 114.689240
221.143000 0.798000 221.411000 116.786870
221.926000 0.783000 222.201000 116.080810
222.723000 0.798000 223.001000 114.778520
223.503000 0.780000 223.781000 114.891410
224.289000 0.786000 224.561000 117.112180
225.088000 0.799000 225.361000 116.820730
225.883000 0.796000 226.161000 115.362450
226.666000 0.783000 226.941000 114.240770
227.433000 0.767000 227.711000 115.474310
228.227000 0.794000 228.501000 115.710340
229.021000 0.793000 229.291000 115.048420
229.821000 0.800000 230.101000 113.174510
230.622000 0.800000 230.901000 113.185800
231.414000 0.792000 231.681000 113.970870
232.205000 0.792000 232.481000 113.859010
233.010000 0.805000 233.281000 112.096960
233.769000 0.759000 234.051000 112.669600
234.545000 0.775000 234.811000 114.980690
235.332000 0.787000 235.601000 115.440440
236.150000 0.819000 236.421000 114.554800
236.938000 0.787000 237.221000 113.331520
237.720000 0.782000 237.991000 115.351160
238.539000 0.819000 238.811000 116.260410
239.351000 0.812000 239.621000 114.846250
240.137000 0.786000 240.411000 112.433570
240.906000 0.769000 241.181000 113.477250
241.718000 0.811000 241.991000 115.115130
242.527000 0.809000 242.801000 114.801100
243.333000 0.806000 243.611000 114.273610
244.090000 0.757000 244.371000 114.464490
244.836000 0.745000 245.111000 117.662250
245.575000 0.739000 245.851000 119.951780
246.350000 0.775000 246.621000 122.947370
247.149000 0.799000 247.421000 125.135310
247.954000 0.805000 248.231000 125.549910
248.743000 0.788000 249.021000 128.051880
249.548000 0.805000 249.821000 130.094090
250.353000 0.805000 250.631000 128.983700
251.153000 0.800000 251.431000 127.726560
251.956000 0.803000 252.231000 125.392900
252.722000 0.766000 253.001000 123.452280
253.487000 0.764000 253.761000 124.383080
254.274000 0.787000 254.541000 123.664710
255.074000 0.799000 255.341000 122.442460
255.868000 0.794000 256.141000 119.300120
256.658000 0.791000 256.931000 118.133290
257.442000 0.784000 257.711000 120.108800
258.217000 0.775000 258.491000 119.165690
258.998000 0.781000 259.271000 118.694640
259.776000 0.778000 260.051000 116.720160
260.519000 0.743000 260.801000 116.327110
261.272000 0.752000 261.541000 120.052350
262.065000 0.793000 262.331000 123.979770
262.873000 0.808000 263.141000 127.446400
263.687000 0.814000 263.961000 128.635810
264.473000 0.786000 264.751000 130.756010
265.257000 0.784000 265.531000 133.584320
266.054000 0.796000 266.331000 133.202560
266.858000 0.804000 267.131000 131.608820
267.659000 0.801000 267.941000 129.174580
268.423000 0.765000 268.701000 130.060220
269.223000 0.799000 269.491000 130.644150
270.016000 0.793000 270.291000 130.789880
270.793000 0.777000 271.071000 130.195690
271.532000 0.739000 271.811000 131.990580
272.314000 0.782000 272.581000 133.752630
273.098000 0.784000 273.371000 134.212380
273.894000 0.797000 274.171000 133.348290
274.673000 0.779000 274.951000 132.877250
275.426000 0.752000 275.701000 134.817860
276.215000 0.789000 276.481000 135.053900
276.998000 0.784000 277.271000 133.000390
277.791000 0.793000 278.071000 130.711880
278.571000 0.780000 278.851000 130.195690
279.363000 0.791000 279.631000 130.441980
280.164000 0.801000 280.431000 128.501370
280.963000 0.800000 281.241000 125.460630
281.727000 0.764000 282.001000 125.370320
282.530000 0.803000 282.801000 126.245700
283.327000 0.797000 283.601000 124.697110
284.173000 0.846000 284.441000 122.576900
284.967000 0.794000 285.241000 121.477800
285.774000 0.808000 286.041000 122.599480
286.589000 0.814000 286.861000 121.096040
287.385000 0.797000 287.661000 117.628380
288.155000 0.769000 288.431000 118.874230
288.974000 0.819000 289.241000 121.219190
289.791000 0.817000 290.061000 122.924790
290.622000 0.831000 290.901000 122.285450
291.402000 0.780000 291.681000 124.450810
292.238000 0.836000 292.511000 126.650040
293.079000 0.841000 293.351000 125.045000
293.909000 0.831000 294.191000 122.308020
294.724000 0.815000 295.001000 123.317840
295.539000 0.815000 295.811000 122.845770
296.371000 0.832000 296.641000 120.972890
297.161000 0.790000 297.441000 119.626470
297.973000 0.813000 298.241000 121.443930
298.812000 0.839000 299.081000 121.050880
299.652000 0.840000 299.931000 118.672060
300.435000 0.783000 300.711000 119.547450
301.266000 0.832000 301.541000 120.029780
302.104000 0.837000 302.381000 119.413010
302.930000 0.826000 303.211000 118.268750
303.705000 0.776000 303.981000 121.005730
304.530000 0.825000 304.801000 121.971420
305.373000 0.843000 305.651000 119.715750
306.166000 0.793000 306.441000 119.963070
306.995000 0.830000 307.271000 120.591130
307.813000 0.817000 308.081000 119.401720
308.625000 0.812000 308.901000 117.875700
309.402000 0.777000 309.681000 117.134760
310.202000 0.800000 310.471000 120.837430
311.005000 0.803000 311.281000 122.767780
311.829000 0.823000 312.101000 122.308020
312.651000 0.822000 312.931000 121.264340
313.448000 0.797000 313.721000 123.216250
314.267000 0.819000 314.541000 124.080340
315.084000 0.817000 315.361000 122.565610
315.894000 0.810000 316.171000 121.510640
316.692000 0.798000 316.971000 123.866880
317.519000 0.827000 317.791000 124.596530
318.363000 0.844000 318.641000 123.800170
319.199000 0.836000 319.481000 121.241760
320.018000 0.819000 320.301000 120.489530
320.826000 0.808000 321.101000 121.701520
321.672000 0.846000 321.941000 120.826140
322.520000 0.848000 322.791000 117.505230
323.314000 0.794000 323.591000 116.293250
324.137000 0.823000 324.411000 118.144580
324.973000 0.836000 325.241000 117.134760
325.803000 0.830000 326.081000 115.137700
326.601000 0.798000 326.881000 114.094020
327.426000 0.825000 327.701000 116.406130
328.279000 0.853000 328.551000 115.317290
329.125000 0.846000 329.401000 113.297660
329.933000 0.808000 330.211000 111.828090
330.745000 0.813000 331.021000 113.847720
331.546000 0.800000 331.821000 113.668130
332.356000 0.810000 332.631000 112.871770
333.130000 0.774000 333.411000 111.368330
333.923000 0.794000 334.201000 113.219660
334.689000 0.766000 334.961000 116.394840
335.481000 0.792000 335.751000 119.884050
336.286000 0.805000 336.561000 121.824670
337.067000 0.781000 337.351000 124.910560
337.850000 0.783000 338.121000 129.174580
338.650000 0.800000 338.921000 129.679490
339.464000 0.814000 339.741000 127.973880
340.257000 0.793000 340.541000 127.177520
341.022000 0.765000 341.301000 128.153470
341.825000 0.803000 342.101000 127.850730
342.628000 0.802000 342.901000 126.661320
343.430000 0.803000 343.711000 125.976820
344.224000 0.793000 344.501000 128.051880
345.029000 0.805000 345.301000 128.074450
345.858000 0.829000 346.131000 126.672610
346.670000 0.812000 346.951000 123.025360
347.460000 0.790000 347.731000 123.900750
348.288000 0.828000 348.561000 124.944430
349.110000 0.822000 349.381000 127.143660
349.907000 0.797000 350.191000 127.389950
350.691000 0.784000 350.971000 130.700600
351.524000 0.833000 351.801000 133.146120
352.349000 0.825000 352.621000 133.146120
353.178000 0.829000 353.451000 130.599000
353.975000 0.798000 354.251000 129.297730
354.788000 0.813000 355.061000 129.925790
355.601000 0.813000 355.871000 128.040590
356.428000 0.827000 356.701000 126.066110
357.239000 0.811000 357.521000 124.462100
358.041000 0.802000 358.311000 126.716740
358.865000 0.824000 359.131000 126.279560
359.710000 0.845000 359.981000 123.429700
360.519000 0.810000 360.801000 122.240290
361.336000 0.816000 361.611000 123.361970
362.171000 0.835000 362.441000 122.644630
363.034000 0.863000 363.311000 120.602420
363.840000 0.806000 364.121000 118.458610
364.614000 0.774000 364.891000 120.097510
365.445000 0.831000 365.711000 119.615180
366.282000 0.837000 366.551000 118.548920
367.091000 0.809000 367.371000 116.024370
367.861000 0.771000 368.141000 116.899750
368.706000 0.845000 368.971000 118.616650
369.562000 0.856000 369.831000 116.843310
370.375000 0.813000 370.651000 114.240770
371.149000 0.774000 371.421000 115.508170
371.968000 0.819000 372.241000 116.046950
372.822000 0.854000 373.091000 115.687770
373.634000 0.811000 373.911000 114.341340
374.440000 0.806000 374.721000 116.069530
375.244000 0.804000 375.511000 117.079340
376.052000 0.808000 376.321000 117.280490
376.907000 0.855000 377.181000 116.943880
377.772000 0.865000 378.051000 114.554800
378.580000 0.808000 378.861000 121.342340
379.427000 0.847000 379.701000 122.745200
380.257000 0.829000 380.531000 120.646550
381.027000 0.770000 381.311000 121.073460
381.825000 0.798000 382.101000 123.452280
382.634000 0.810000 382.911000 122.902220
383.441000 0.807000 383.721000 120.893870
384.239000 0.798000 384.521000 119.176970
385.063000 0.824000 385.341000 120.950310
385.864000 0.801000 386.141000 120.265810
386.657000 0.793000 386.931000 118.751090
387.444000 0.787000 387.721000 117.179920
388.198000 0.754000 388.471000 119.626470
388.999000 0.801000 389.271000 122.633340
389.781000 0.782000 390.051000 123.306550
390.553000 0.772000 390.831000 122.924790
391.322000 0.769000 391.601000 125.640220
392.092000 0.770000 392.361000 126.952780
392.873000 0.780000 393.151000 126.504310
393.656000 0.783000 393.931000 124.349210
394.429000 0.773000 394.711000 123.654450
395.205000 0.776000 395.481000 125.000870
395.983000 0.778000 396.251000 124.674530
396.789000 0.806000 397.071000 124.641690
397.541000 0.752000 397.821000 127.289380
398.325000 0.784000 398.601000 129.870370
399.096000 0.771000 399.371000 129.813930
399.875000 0.779000 400.151000 128.355640
400.623000 0.748000 400.901000 129.050410
401.411000 0.788000 401.681000 130.475850
402.209000 0.798000 402.481000 128.849260
403.009000 0.800000 403.291000 125.718210
403.784000 0.775000 404.061000 126.548440
404.575000 0.791000 404.851000 127.951310
405.385000 0.810000 405.661000 126.604880
406.207000 0.822000 406.481000 124.012610
407.010000 0.802000 407.291000 122.274160
407.781000 0.772000 408.051000 124.416940
408.581000 0.800000 408.851000 123.541560
409.382000 0.800000 409.651000 121.107330
410.177000 0.796000 410.451000 118.762370
410.966000 0.789000 411.241000 120.309940
411.745000 0.779000 412.021000 121.141190
412.529000 0.784000 412.801000 121.824670
413.320000 0.792000 413.591000 119.458160
414.087000 0.767000 414.361000 119.973330
414.875000 0.788000 415.141000 122.038120
415.647000 0.772000 415.921000 121.230480
416.428000 0.782000 416.701000 119.558730
417.184000 0.756000 417.461000 119.715750
417.974000 0.790000 418.241000 121.174030
418.772000 0.797000 419.041000 122.149980
419.579000 0.808000 419.851000 121.892400
420.385000 0.806000 420.661000 122.823200
421.182000 0.796000 421.451000 124.798700
421.995000 0.814000 422.271000 126.302140
422.801000 0.805000 423.081000 126.616170
423.588000 0.787000 423.871000 128.535230
424.395000 0.807000 424.671000 130.980760
425.226000 0.831000 425.501000 129.847790
426.064000 0.839000 426.341000 126.302140
426.867000 0.803000 427.141000 125.326190
427.687000 0.820000 427.961000 126.077400
428.538000 0.851000 428.811000 124.327660
429.385000 0.847000 429.661000 120.837430
430.188000 0.803000 430.471000 120.120090
431.011000 0.823000 431.281000 121.331050
431.842000 0.830000 432.111000 119.738330
432.645000 0.803000 432.921000 117.336930
433.421000 0.776000 433.701000 117.875700
434.224000 0.804000 434.491000 119.322700
435.027000 0.803000 435.301000 118.448350
435.834000 0.807000 436.111000 116.450260
436.632000 0.798000 436.901000 117.650960
437.445000 0.813000 437.711000 118.739800
438.247000 0.802000 438.521000 118.155870
439.029000 0.782000 439.311000 120.860000
439.812000 0.782000 440.091000 127.109790
440.620000 0.809000 440.891000 130.812460
441.445000 0.825000 441.721000 132.484200
442.279000 0.834000 442.561000 131.081330
443.096000 0.817000 443.371000 131.216790
443.935000 0.839000 444.211000 131.519530
444.774000 0.839000 445.051000 129.409590
445.611000 0.838000 445.891000 126.324720
446.425000 0.814000 446.701000 126.650040
447.255000 0.829000 447.531000 128.377190
448.075000 0.820000 448.351000 127.580830
448.917000 0.842000 449.191000 125.651510
449.743000 0.826000 450.021000 126.672610
450.574000 0.831000 450.851000 126.807050
451.428000 0.854000 451.701000 125.381610
452.271000 0.842000 452.551000 122.677470
453.092000 0.821000 453.371000 122.969950
453.943000 0.851000 454.211000 123.115670
454.779000 0.836000 455.051000 122.296740
455.613000 0.834000 455.891000 119.424300
456.433000 0.821000 456.711000 119.502290
457.281000 0.848000 457.551000 120.434110
458.130000 0.849000 458.401000 119.322700
458.964000 0.833000 459.241000 116.450260
459.779000 0.815000 460.061000 116.024370
460.610000 0.832000 460.881000 117.101920
461.461000 0.851000 461.731000 116.136230
462.298000 0.837000 462.571000 114.610220
463.105000 0.807000 463.381000 112.736310
463.888000 0.783000 464.161000 114.991980
464.721000 0.834000 464.991000 116.563150
465.522000 0.800000 465.801000 117.943440
466.296000 0.775000 466.581000 121.028310
467.097000 0.800000 467.371000 125.909090
467.911000 0.814000 468.191000 126.627460
468.724000 0.813000 469.001000 126.302140
469.536000 0.813000 469.821000 125.785940
470.347000 0.810000 470.621000 128.613230
471.178000 0.831000 471.451000 130.835030
472.024000 0.846000 472.301000 130.868900
472.827000 0.803000 473.111000 130.835030
473.634000 0.807000 473.911000 134.044080
474.487000 0.853000 474.761000 133.257980
475.328000 0.841000 475.611000 129.600470
476.159000 0.831000 476.441000 127.737850
476.977000 0.818000 477.251000 128.781530
477.808000 0.832000 478.081000 127.323250
478.635000 0.826000 478.911000 125.179440
479.438000 0.804000 479.721000 124.921850
480.238000 0.800000 480.511000 128.478790
481.060000 0.822000 481.331000 128.669670
481.890000 0.829000 482.161000 127.367380
482.720000 0.831000 483.001000 125.527330
483.524000 0.804000 483.811000 124.371790
484.279000 0.755000 484.551000 126.402710
485.074000 0.794000 485.341000 126.200540
485.885000 0.812000 486.161000 124.091630
486.702000 0.816000 486.981000 121.455220
487.485000 0.783000 487.761000 122.767780
488.288000 0.803000 488.561000 123.800170
489.116000 0.829000 489.391000 121.835960
489.940000 0.824000 490.221000 119.390430
490.731000 0.791000 491.011000 117.886990
491.498000 0.768000 491.771000 119.727040
492.322000 0.823000 492.591000 120.400250
493.154000 0.833000 493.431000 118.324170
493.968000 0.814000 494.251000 115.687770
494.759000 0.791000 495.041000 116.113650
495.553000 0.794000 495.821000 117.684820
496.373000 0.820000 496.641000 117.584250
497.200000 0.827000 497.481000 115.082290
497.995000 0.795000 498.271000 115.597460
498.789000 0.794000 499.061000 117.561680
499.608000 0.819000 499.881000 117.628380
500.475000 0.867000 500.751000 116.607270
501.313000 0.838000 501.591000 114.195620
502.088000 0.775000 502.371000 114.902690
502.899000 0.811000 503.171000 118.280040
503.695000 0.796000 503.971000 120.041070
504.494000 0.799000 504.771000 120.848710
505.271000 0.777000 505.551000 124.462100
506.019000 0.748000 506.291000 130.105380
506.803000 0.784000 507.081000 133.393440
507.590000 0.787000 507.871000 133.573040
508.387000 0.797000 508.671000 132.720230
509.195000 0.809000 509.471000 134.929720
510.035000 0.840000 510.311000 135.087760
510.880000 0.845000 511.161000 134.369400
511.699000 0.819000 511.981000 133.976350
512.499000 0.800000 512.771000 136.400320
513.314000 0.815000 513.591000 136.691770
514.158000 0.844000 514.431000 133.864490
514.967000 0.809000 515.251000 132.248160
515.804000 0.837000 516.081000 133.516590
516.642000 0.838000 516.921000 130.396830
517.450000 0.808000 517.731000 127.232940
518.253000 0.803000 518.531000 128.176050
519.054000 0.802000 519.331000 129.174580
519.879000 0.825000 520.151000 131.171640
520.703000 0.824000 520.981000 130.150530
521.508000 0.805000 521.791000 131.934130
522.327000 0.819000 522.601000 134.267800
523.157000 0.830000 523.431000 133.179990
524.019000 0.863000 524.301000 129.645620
524.836000 0.817000 525.121000 127.917440
525.645000 0.809000 525.921000 129.645620
526.466000 0.821000 526.741000 128.276620
527.307000 0.841000 527.581000 126.616170
528.131000 0.824000 528.411000 124.742260
528.947000 0.816000 529.221000 126.245700
529.778000 0.831000 530.051000 125.920380
530.618000 0.841000 530.891000 124.730970
531.463000 0.845000 531.741000 122.981240
532.333000 0.870000 532.611000 123.822750
533.203000 0.870000 533.481000 124.293790
534.088000 0.885000 534.361000 122.981240
534.933000 0.846000 535.211000 119.648020
535.745000 0.812000 536.021000 120.613710
536.600000 0.855000 536.871000 121.455220
537.457000 0.857000 537.731000 120.108800
538.304000 0.847000 538.581000 117.763840
539.134000 0.830000 539.411000 116.922330
539.971000 0.838000 540.251000 118.133290
540.841000 0.870000 541.111000 117.505230
541.699000 0.858000 541.971000 116.349690
542.572000 0.873000 542.851000 114.173040
543.371000 0.800000 543.651000 113.768700
544.197000 0.826000 544.471000 116.158810
545.030000 0.833000 545.301000 115.822200
545.856000 0.826000 546.131000 113.735860
546.663000 0.807000 546.941000 114.049890
547.506000 0.843000 547.781000 116.203960
548.345000 0.839000 548.621000 116.383560
549.184000 0.840000 549.461000 114.958110
549.996000 0.812000 550.281000 113.533690
550.785000 0.789000 551.061000 116.058240
551.604000 0.819000 551.881000 116.641140
552.434000 0.830000 552.711000 116.629850
553.248000 0.814000 553.531000 117.404660
554.024000 0.776000 554.301000 121.858530
554.837000 0.813000 555.111000 124.619110
555.635000 0.798000 555.911000 126.436580
556.395000 0.760000 556.681000 127.603410
557.174000 0.779000 557.451000 131.945420
557.975000 0.801000 558.251000 133.516590
558.793000 0.818000 559.071000 132.899820
559.583000 0.790000 559.861000 130.161820
560.374000 0.791000 560.651000 132.877250
