1.753000 0.867000 2.011000 108.899090
2.622000 0.869000 2.951000 108.585630
3.495000 0.873000 3.821000 107.777040
4.377000 0.882000 4.701000 107.530410
5.265000 0.888000 5.521000 106.251160
6.138000 0.873000 6.471000 105.915110
7.018000 0.880000 7.341000 106.868670
7.909000 0.892000 8.241000 107.071050
8.776000 0.866000 9.101000 107.340270
9.647000 0.871000 9.981000 106.745360
10.517000 0.870000 10.851000 106.688880
11.403000 0.886000 11.731000 107.440990
12.291000 0.888000 12.631000 107.945540
13.185000 0.893000 13.521000 108.024610
14.083000 0.899000 14.421000 107.878700
14.998000 0.915000 15.331000 107.418400
15.897000 0.899000 16.231000 105.544240
16.773000 0.877000 17.111000 106.576860
17.666000 0.892000 18.001000 106.745360
18.563000 0.897000 18.891000 106.330230
19.460000 0.898000 19.791000 105.712730
20.384000 0.924000 20.711000 105.050990
21.317000 0.933000 21.651000 103.547700
22.224000 0.907000 22.561000 102.503780
23.116000 0.892000 23.451000 104.298870
24.037000 0.921000 24.371000 104.770470
24.977000 0.941000 25.311000 104.613270
25.916000 0.939000 26.251000 103.693610
26.824000 0.908000 27.161000 103.176820
27.724000 0.900000 28.061000 103.895050
28.638000 0.914000 28.971000 105.297610
29.576000 0.938000 29.911000 105.511290
30.523000 0.947000 30.861000 104.254630
31.477000 0.954000 31.821000 102.560260
32.405000 0.928000 32.741000 102.245860
33.310000 0.905000 33.651000 103.682310
34.215000 0.904000 34.551000 104.108730
35.130000 0.916000 35.471000 104.120020
36.044000 0.914000 36.381000 102.975380
36.926000 0.881000 37.261000 104.321460
37.810000 0.885000 38.141000 106.027130
38.715000 0.905000 39.041000 106.722760
39.642000 0.926000 39.971000 105.981950
40.560000 0.919000 40.891000 104.972860
41.482000 0.922000 41.821000 105.286310
42.418000 0.936000 42.751000 105.712730
43.349000 0.931000 43.681000 105.129110
44.267000 0.918000 44.601000 103.906340
45.177000 0.910000 45.511000 102.660980
46.066000 0.888000 46.401000 103.244600
46.963000 0.897000 47.301000 104.546440
47.858000 0.895000 48.191000 105.140410
48.753000 0.895000 49.091000 104.557730
49.636000 0.882000 49.901000 104.052250
50.517000 0.881000 50.851000 105.331500
51.396000 0.880000 51.731000 107.361920
52.265000 0.869000 52.601000 108.293820
53.144000 0.879000 53.481000 107.463580
54.017000 0.873000 54.351000 107.014570
54.884000 0.867000 55.221000 108.697650
55.775000 0.891000 56.111000 109.864880
56.669000 0.894000 57.001000 110.066320
57.559000 0.890000 57.891000 109.797110
58.456000 0.897000 58.791000 109.438460
59.334000 0.879000 59.601000 108.563040
60.213000 0.879000 60.481000 108.888730
61.102000 0.889000 61.431000 110.246110
61.988000 0.886000 62.321000 109.943010
62.860000 0.872000 63.191000 109.931710
63.738000 0.878000 64.001000 110.178340
64.605000 0.867000 64.871000 110.560510
65.463000 0.858000 65.791000 111.817170
66.327000 0.864000 66.661000 112.221000
67.203000 0.876000 67.531000 111.412410
68.093000 0.890000 68.421000 110.492740
68.986000 0.892000 69.251000 109.000750
69.852000 0.867000 70.111000 109.213490
70.737000 0.885000 71.071000 109.550480
71.622000 0.885000 71.951000 108.978160
72.512000 0.890000 72.841000 107.541710
73.392000 0.880000 73.651000 108.495260
74.269000 0.877000 74.601000 109.202190
75.153000 0.884000 75.481000 109.573070
76.046000 0.893000 76.371000 108.608220
76.924000 0.879000 77.181000 107.418400
77.785000 0.861000 78.041000 107.575600
78.645000 0.859000 78.971000 108.495260
79.504000 0.859000 79.831000 108.462320
80.367000 0.863000 80.691000 107.878700
81.239000 0.873000 81.501000 107.642430
82.096000 0.856000 82.421000 108.360660
82.967000 0.871000 83.291000 109.516590
83.856000 0.889000 84.191000 109.269970
84.730000 0.873000 85.061000 108.629870
85.587000 0.858000 85.841000 108.383250
86.438000 0.851000 86.701000 109.516590
87.309000 0.871000 87.641000 110.458850
88.204000 0.895000 88.531000 110.369430
89.101000 0.897000 89.431000 109.292560
89.984000 0.883000 90.251000 108.462320
90.862000 0.878000 91.121000 108.596930
91.755000 0.893000 92.011000 108.529150
92.659000 0.903000 92.991000 107.901290
93.576000 0.917000 93.841000 106.958090
94.486000 0.910000 94.751000 106.341530
95.400000 0.913000 95.661000 106.105260
96.295000 0.895000 96.631000 106.464840
97.192000 0.897000 97.521000 106.330230
98.084000 0.892000 98.411000 105.690140
98.963000 0.879000 99.221000 105.612010
99.840000 0.877000 100.171000 106.868670
100.703000 0.862000 101.041000 109.381980
101.586000 0.883000 101.921000 110.795840
102.492000 0.907000 102.821000 111.940480
103.415000 0.923000 103.741000 112.647410
104.364000 0.948000 104.691000 111.379460
105.293000 0.929000 105.551000 109.931710
106.209000 0.916000 106.471000 109.999490
107.131000 0.922000 107.461000 109.539180
108.052000 0.922000 108.311000 108.618580
108.983000 0.931000 109.241000 107.407100
109.904000 0.921000 110.161000 107.104000
110.816000 0.912000 111.081000 106.161740
111.717000 0.900000 111.971000 106.027130
112.617000 0.900000 112.871000 106.521320
113.518000 0.901000 113.781000 106.341530
114.435000 0.917000 114.761000 105.949000
115.354000 0.919000 115.681000 105.522580
116.263000 0.909000 116.521000 104.647160
117.156000 0.894000 117.421000 104.288520
118.080000 0.924000 118.411000 105.589420
119.029000 0.949000 119.361000 105.746620
119.971000 0.942000 120.301000 105.163000
120.900000 0.928000 121.231000 103.928940
121.819000 0.919000 122.151000 103.850810
122.739000 0.921000 123.071000 105.151710
123.694000 0.955000 124.031000 105.566830
124.641000 0.947000 124.971000 104.893790
125.566000 0.925000 125.901000 105.185590
126.480000 0.914000 126.821000 104.523850
127.381000 0.900000 127.711000 105.151710
128.290000 0.909000 128.621000 106.913850
129.197000 0.907000 129.531000 107.429690
130.125000 0.928000 130.451000 107.115290
131.062000 0.937000 131.391000 106.307640
132.006000 0.944000 132.341000 106.161740
132.962000 0.957000 133.301000 105.084870
133.913000 0.951000 134.251000 102.818180
134.826000 0.913000 135.161000 103.109990
135.728000 0.903000 136.061000 104.871190
136.654000 0.925000 136.981000 105.937710
137.589000 0.935000 137.921000 105.949000
138.538000 0.949000 138.871000 106.061020
139.454000 0.916000 139.791000 104.770470
140.364000 0.910000 140.701000 106.127850
141.271000 0.907000 141.601000 107.710210
142.188000 0.918000 142.531000 108.708940
143.108000 0.920000 143.441000 109.112770
144.006000 0.898000 144.341000 109.157950
144.882000 0.876000 145.211000 109.763220
145.765000 0.883000 146.101000 112.680360
146.698000 0.934000 147.031000 114.476390
147.659000 0.961000 148.001000 115.026120
148.618000 0.958000 148.951000 114.498040
149.556000 0.939000 149.821000 113.645210
150.455000 0.899000 150.721000 114.004790
151.378000 0.923000 151.711000 113.769460
152.322000 0.944000 152.651000 113.701690
153.257000 0.935000 153.521000 112.748130
154.158000 0.900000 154.421000 112.075090
155.048000 0.891000 155.311000 112.478920
155.956000 0.907000 156.291000 113.230090
156.833000 0.877000 157.161000 113.612260
157.711000 0.878000 157.971000 113.544490
158.578000 0.867000 158.841000 113.779820
159.454000 0.876000 159.711000 115.306630
160.338000 0.884000 160.661000 115.597500
161.250000 0.912000 161.581000 114.992230
162.143000 0.893000 162.401000 113.634860
163.025000 0.882000 163.281000 112.366900
163.895000 0.870000 164.161000 111.872710
164.787000 0.892000 165.051000 111.267440
165.694000 0.907000 165.951000 110.750660
166.599000 0.904000 166.861000 109.471410
167.494000 0.895000 167.751000 108.316410
168.383000 0.889000 168.641000 108.214750
169.267000 0.883000 169.531000 108.629870
170.163000 0.897000 170.421000 108.899090
171.070000 0.906000 171.331000 108.259930
171.969000 0.899000 172.231000 107.183070
172.854000 0.886000 173.111000 106.734060
173.741000 0.886000 174.001000 107.306380
174.650000 0.910000 174.981000 106.745360
175.567000 0.917000 175.891000 106.049720
176.499000 0.933000 176.761000 105.062280
177.414000 0.914000 177.681000 104.681050
178.318000 0.905000 178.581000 104.613270
179.227000 0.909000 179.561000 106.161740
180.146000 0.919000 180.471000 105.858640
181.072000 0.925000 181.401000 104.938970
181.962000 0.890000 182.221000 104.994510
182.857000 0.895000 183.191000 107.407100
183.774000 0.917000 184.101000 109.090180
184.698000 0.924000 185.031000 109.864880
185.652000 0.954000 185.981000 109.696380
186.586000 0.934000 186.851000 108.708940
187.494000 0.908000 187.761000 109.067580
188.403000 0.909000 188.741000 109.696380
189.338000 0.936000 189.671000 109.056290
190.276000 0.938000 190.611000 107.912590
191.186000 0.910000 191.451000 106.745360
192.089000 0.903000 192.351000 107.283790
193.011000 0.922000 193.341000 107.081410
193.934000 0.923000 194.271000 106.453550
194.860000 0.926000 195.121000 105.679780
195.811000 0.951000 196.071000 104.321460
196.756000 0.945000 197.021000 103.267190
197.672000 0.916000 197.931000 103.244600
198.599000 0.928000 198.931000 103.446980
199.551000 0.952000 199.881000 102.997970
200.497000 0.946000 200.831000 102.357880
201.431000 0.934000 201.761000 102.357880
202.342000 0.911000 202.681000 102.425650
203.238000 0.896000 203.581000 105.196890
204.166000 0.928000 204.501000 108.068850
205.085000 0.919000 205.421000 109.438460
206.009000 0.924000 206.351000 109.864880
206.917000 0.908000 207.251000 110.425910
207.825000 0.908000 208.161000 112.636120
208.747000 0.921000 209.091000 114.285310
209.689000 0.942000 210.031000 114.643950
210.641000 0.952000 210.971000 113.589670
211.552000 0.912000 211.821000 112.759430
212.438000 0.886000 212.701000 113.140660
213.325000 0.887000 213.661000 113.634860
214.220000 0.894000 214.551000 114.206230
215.105000 0.886000 215.441000 114.173290
215.971000 0.865000 216.231000 115.316990
216.831000 0.861000 217.161000 117.247630
217.706000 0.875000 218.041000 118.739620
218.593000 0.886000 218.931000 119.615040
219.487000 0.895000 219.821000 119.581160
220.373000 0.885000 220.641000 119.435250
221.265000 0.893000 221.601000 119.524680
222.160000 0.894000 222.491000 119.592450
223.039000 0.880000 223.371000 119.569860
223.932000 0.892000 224.261000 118.492990
224.859000 0.927000 225.131000 117.482960
225.761000 0.903000 226.031000 116.428680
226.660000 0.899000 226.931000 116.248890
227.568000 0.908000 227.901000 115.721760
228.477000 0.909000 228.741000 114.689130
229.391000 0.915000 229.651000 113.309160
230.294000 0.903000 230.561000 111.356870
231.193000 0.899000 231.461000 111.008580
232.105000 0.911000 232.361000 110.829730
233.018000 0.913000 233.281000 109.909120
233.937000 0.919000 234.201000 109.213490
234.840000 0.903000 235.101000 108.899090
235.708000 0.868000 235.971000 109.751920
236.582000 0.874000 236.841000 111.345570
237.471000 0.889000 237.801000 111.783280
238.382000 0.911000 238.711000 111.861410
239.298000 0.916000 239.561000 111.076360
240.188000 0.890000 240.451000 112.119330
241.112000 0.925000 241.371000 112.243590
242.059000 0.946000 242.391000 110.941750
242.996000 0.938000 243.261000 109.853580
243.897000 0.901000 244.161000 108.293820
244.802000 0.904000 245.061000 108.989460
245.708000 0.906000 245.971000 109.460110
246.629000 0.921000 246.891000 109.427170
247.559000 0.930000 247.821000 109.359390
248.461000 0.903000 248.721000 109.561780
249.345000 0.884000 249.611000 109.999490
250.243000 0.898000 250.581000 111.614790
251.145000 0.902000 251.471000 111.569610
252.081000 0.936000 252.411000 111.165780
253.003000 0.922000 253.271000 110.436260
253.916000 0.912000 254.181000 110.167040
254.834000 0.918000 255.161000 109.617310
255.777000 0.943000 256.041000 108.316410
256.715000 0.938000 256.981000 107.598190
257.670000 0.955000 257.931000 106.565560
258.589000 0.919000 258.851000 105.949000
259.515000 0.925000 259.781000 106.790540
260.471000 0.956000 260.801000 106.622040
261.445000 0.974000 261.781000 105.869930
262.416000 0.971000 262.681000 104.108730
263.367000 0.951000 263.631000 103.659720
264.314000 0.947000 264.651000 104.186860
265.268000 0.954000 265.611000 104.927670
266.241000 0.972000 266.581000 104.131320
267.223000 0.982000 267.561000 102.874660
268.187000 0.964000 268.521000 104.232040
269.162000 0.976000 269.501000 105.690140
270.182000 1.020000 270.521000 105.297610
271.225000 1.043000 271.561000 104.344060
272.257000 1.032000 272.601000 102.324930
273.245000 0.988000 273.591000 102.840770
274.225000 0.980000 274.571000 105.376680
275.229000 1.004000 275.571000 106.285050
276.209000 0.981000 276.551000 106.430960
277.142000 0.933000 277.481000 107.059760
278.050000 0.908000 278.381000 109.999490
278.997000 0.947000 279.341000 112.871450
279.967000 0.970000 280.311000 114.217530
280.922000 0.955000 281.261000 115.092960
281.886000 0.964000 282.231000 114.767260
282.803000 0.917000 283.071000 114.251420
283.702000 0.899000 284.031000 115.721760
284.620000 0.918000 284.961000 117.471660
285.570000 0.949000 285.921000 118.055280
286.523000 0.954000 286.861000 117.056540
287.466000 0.943000 287.741000 115.721760
288.379000 0.913000 288.651000 116.125580
289.315000 0.935000 289.651000 116.664010
290.226000 0.912000 290.561000 115.754700
291.151000 0.925000 291.481000 114.655240
292.062000 0.911000 292.331000 112.939220
292.959000 0.897000 293.231000 112.770730
293.870000 0.911000 294.131000 113.185850
294.779000 0.909000 295.111000 112.680360
295.708000 0.928000 296.041000 112.814970
296.632000 0.924000 296.901000 111.984730
297.537000 0.905000 297.811000 112.052500
298.454000 0.917000 298.791000 113.320460
299.369000 0.915000 299.701000 113.567080
300.283000 0.914000 300.611000 112.680360
301.181000 0.898000 301.451000 111.682560
302.060000 0.879000 302.321000 112.265240
302.942000 0.882000 303.211000 112.782020
303.830000 0.888000 304.161000 112.602230
304.735000 0.905000 305.071000 112.467620
305.636000 0.901000 305.901000 112.097680
306.524000 0.888000 306.791000 112.388550
307.432000 0.908000 307.761000 112.759430
308.331000 0.899000 308.661000 113.073830
309.229000 0.898000 309.561000 113.084180
310.122000 0.893000 310.461000 113.017350
311.014000 0.892000 311.281000 113.320460
311.909000 0.894000 312.241000 114.431210
312.809000 0.901000 313.151000 114.857630
313.714000 0.905000 314.051000 113.297860
314.623000 0.909000 314.891000 111.379460
315.515000 0.892000 315.781000 110.750660
316.411000 0.896000 316.671000 110.919160
317.334000 0.923000 317.601000 110.111510
318.252000 0.918000 318.521000 108.955570
319.173000 0.921000 319.441000 107.732800
320.064000 0.891000 320.331000 107.519120
320.947000 0.883000 321.211000 107.979420
321.839000 0.892000 322.171000 109.023340
322.738000 0.899000 323.071000 109.573070
323.658000 0.920000 323.921000 109.236080
324.557000 0.899000 324.821000 109.247380
325.456000 0.899000 325.721000 109.325510
326.375000 0.919000 326.711000 109.718980
327.307000 0.931000 327.641000 108.978160
328.231000 0.924000 328.501000 107.867410
329.156000 0.926000 329.421000 107.261200
330.096000 0.940000 330.361000 105.757910
330.992000 0.895000 331.261000 105.645900
331.902000 0.910000 332.241000 107.541710
332.820000 0.918000 333.151000 107.833520
333.760000 0.940000 334.101000 107.205660
334.685000 0.925000 334.951000 106.206920
335.586000 0.901000 335.851000 107.340270
336.474000 0.887000 336.811000 107.979420
337.361000 0.887000 337.701000 109.190900
338.240000 0.880000 338.581000 109.797110
339.117000 0.877000 339.381000 110.907860
339.978000 0.861000 340.311000 113.421180
340.839000 0.861000 341.181000 116.383500
341.731000 0.892000 342.071000 117.247630
342.611000 0.880000 342.941000 116.854160
343.490000 0.880000 343.761000 116.787330
344.354000 0.863000 344.621000 117.437780
345.230000 0.876000 345.561000 117.987510
346.123000 0.893000 346.451000 117.628860
347.004000 0.882000 347.271000 115.822480
347.862000 0.858000 348.131000 115.519370
348.708000 0.846000 348.971000 116.327020
349.580000 0.872000 349.911000 117.168560
350.457000 0.877000 350.731000 116.978410
351.327000 0.871000 351.601000 116.518110
352.200000 0.873000 352.471000 117.651460
353.098000 0.898000 353.431000 118.347090
354.000000 0.902000 354.331000 116.978410
354.908000 0.908000 355.181000 115.541960
355.798000 0.890000 356.071000 114.206230
356.691000 0.893000 356.961000 113.858890
357.571000 0.880000 357.911000 113.398580
358.464000 0.893000 358.731000 112.916630
359.358000 0.894000 359.631000 111.726810
360.244000 0.886000 360.511000 111.423700
361.120000 0.876000 361.391000 111.188370
361.999000 0.879000 362.261000 112.209700
362.892000 0.893000 363.221000 112.534460
363.786000 0.894000 364.121000 112.355610
364.685000 0.899000 365.021000 111.446290
365.569000 0.883000 365.831000 111.356870
366.452000 0.883000 366.791000 112.445030
367.355000 0.903000 367.691000 114.060330
368.305000 0.950000 368.641000 114.195880
369.272000 0.967000 369.611000 113.174550
370.226000 0.954000 370.561000 111.356870
371.157000 0.932000 371.491000 111.199670
372.107000 0.950000 372.441000 111.345570
373.041000 0.933000 373.371000 109.730270
373.983000 0.942000 374.321000 108.585630
374.913000 0.930000 375.181000 107.395810
375.834000 0.922000 376.181000 107.665020
376.765000 0.930000 377.101000 108.271230
377.697000 0.933000 378.041000 108.282530
378.632000 0.935000 378.971000 106.633340
379.538000 0.906000 379.881000 105.634600
380.430000 0.892000 380.771000 106.341530
381.335000 0.906000 381.671000 107.059760
382.267000 0.931000 382.611000 106.846080
383.183000 0.916000 383.521000 105.881230
384.106000 0.923000 384.441000 104.658460
385.024000 0.918000 385.361000 104.916380
385.940000 0.916000 386.281000 105.769210
386.867000 0.928000 387.201000 105.185590
387.802000 0.935000 388.141000 103.962820
388.718000 0.916000 389.061000 103.188120
389.615000 0.897000 389.951000 103.816920
390.512000 0.898000 390.851000 105.409630
391.434000 0.921000 391.781000 106.352830
392.367000 0.933000 392.701000 106.610750
393.313000 0.946000 393.651000 106.218220
394.245000 0.933000 394.581000 106.161740
395.163000 0.918000 395.501000 107.295080
396.108000 0.946000 396.451000 107.665020
397.055000 0.946000 397.391000 106.980690
397.978000 0.923000 398.311000 106.419660
398.906000 0.928000 399.241000 107.609480
399.863000 0.957000 400.201000 107.687610
400.831000 0.968000 401.161000 106.622040
401.774000 0.943000 402.041000 105.140410
402.703000 0.929000 402.971000 105.253370
403.644000 0.941000 403.981000 106.779240
404.588000 0.943000 404.931000 106.251160
405.528000 0.940000 405.871000 105.668490
406.447000 0.919000 406.791000 105.409630
407.387000 0.940000 407.721000 107.306380
408.322000 0.934000 408.661000 107.721500
409.260000 0.938000 409.591000 106.790540
410.181000 0.921000 410.521000 106.846080
411.138000 0.957000 411.471000 108.282530
412.084000 0.945000 412.421000 107.856110
413.029000 0.945000 413.371000 107.238610
413.951000 0.922000 414.291000 108.742830
414.906000 0.955000 415.241000 109.651200
415.890000 0.983000 416.231000 108.910390
416.879000 0.989000 417.211000 106.521320
417.831000 0.952000 418.171000 107.071050
418.810000 0.979000 419.161000 106.936440
419.819000 1.009000 420.161000 106.341530
420.797000 0.978000 421.131000 104.568090
421.736000 0.938000 422.081000 106.364120
422.675000 0.939000 423.021000 109.190900
423.613000 0.938000 423.961000 110.616050
424.574000 0.961000 424.911000 111.480180
425.511000 0.938000 425.781000 111.446290
426.434000 0.923000 426.771000 113.151960
427.351000 0.917000 427.681000 114.543230
428.292000 0.941000 428.631000 114.655240
429.221000 0.929000 429.561000 114.082920
430.112000 0.891000 430.381000 114.340840
431.007000 0.895000 431.341000 116.584940
431.921000 0.913000 432.261000 118.750910
432.859000 0.939000 433.181000 119.031430
433.798000 0.938000 434.131000 118.616310
434.717000 0.919000 434.991000 118.268020
435.639000 0.923000 435.911000 117.998800
436.569000 0.930000 436.901000 117.225040
437.509000 0.940000 437.841000 116.057810
438.451000 0.942000 438.791000 113.937020
439.364000 0.913000 439.641000 112.445030
440.253000 0.888000 440.521000 112.624820
441.135000 0.882000 441.471000 114.307900
442.029000 0.894000 442.371000 115.553260
442.958000 0.929000 443.291000 116.148170
443.874000 0.916000 444.211000 115.272750
444.764000 0.889000 445.041000 116.843810
445.635000 0.871000 445.911000 117.752180
446.465000 0.831000 446.741000 118.650190
447.281000 0.816000 447.551000 119.098260
448.141000 0.860000 448.411000 119.524680
449.089000 0.948000 449.361000 118.324500
450.041000 0.952000 450.311000 115.564560
450.957000 0.916000 451.231000 114.913160
451.895000 0.938000 452.231000 114.139400
452.853000 0.958000 453.191000 112.905330
453.793000 0.940000 454.061000 112.086390
454.731000 0.938000 455.001000 111.838820
455.629000 0.898000 455.901000 111.289090
456.527000 0.898000 456.801000 112.378200
457.425000 0.898000 457.761000 114.846330
458.337000 0.912000 458.681000 115.631390
459.252000 0.915000 459.591000 115.597500
460.159000 0.907000 460.431000 116.293130
461.075000 0.916000 461.341000 116.461630
461.990000 0.916000 462.321000 117.325760
462.935000 0.945000 463.271000 116.383500
463.862000 0.926000 464.141000 114.958350
464.805000 0.944000 465.081000 113.106780
465.749000 0.943000 466.021000 112.568340
466.700000 0.951000 467.041000 112.568340
467.657000 0.958000 467.991000 111.334280
468.624000 0.966000 468.961000 109.819700
469.592000 0.968000 469.931000 108.832260
470.541000 0.950000 470.881000 106.655930
471.459000 0.918000 471.801000 106.834780
472.365000 0.906000 472.701000 107.744090
473.320000 0.954000 473.661000 108.316410
474.278000 0.959000 474.611000 108.775780
475.226000 0.947000 475.571000 109.213490
476.159000 0.933000 476.501000 108.159210
477.076000 0.917000 477.411000 109.999490
477.990000 0.914000 478.331000 111.872710
478.921000 0.930000 479.261000 112.253940
479.850000 0.929000 480.191000 111.311680
480.759000 0.909000 481.101000 110.818430
481.693000 0.933000 482.031000 112.075090
482.661000 0.968000 483.001000 111.087650
483.640000 0.979000 483.981000 108.877440
484.603000 0.963000 484.951000 106.790540
485.525000 0.922000 485.871000 106.083610
486.463000 0.938000 486.801000 107.788340
487.414000 0.950000 487.761000 107.249900
488.351000 0.938000 488.691000 106.834780
489.298000 0.946000 489.631000 104.893790
490.214000 0.916000 490.561000 105.960300
491.147000 0.933000 491.481000 106.958090
492.107000 0.960000 492.451000 106.184330
493.069000 0.962000 493.411000 104.400530
494.010000 0.940000 494.281000 103.053510
494.934000 0.924000 495.271000 103.996710
495.880000 0.946000 496.231000 104.859900
496.839000 0.959000 497.171000 103.457340
497.790000 0.951000 498.061000 101.987940
498.721000 0.931000 498.991000 103.143880
499.643000 0.922000 499.991000 104.781770
500.598000 0.954000 500.941000 104.961560
501.567000 0.969000 501.911000 104.882490
502.543000 0.976000 502.891000 104.590680
503.505000 0.962000 503.841000 103.794330
504.459000 0.954000 504.801000 105.208180
505.460000 1.002000 505.811000 104.938970
506.455000 0.994000 506.801000 104.613270
507.430000 0.976000 507.781000 103.435680
508.412000 0.982000 508.751000 104.366650
509.373000 0.960000 509.721000 105.949000
510.354000 0.981000 510.701000 105.824750
511.334000 0.981000 511.671000 104.658460
512.293000 0.958000 512.641000 104.243330
513.243000 0.950000 513.581000 106.072310
514.221000 0.978000 514.571000 106.891260
515.218000 0.997000 515.561000 105.679780
516.243000 1.024000 516.591000 104.938970
517.240000 0.997000 517.581000 103.009270
518.194000 0.954000 518.541000 103.828210
519.140000 0.946000 519.491000 105.387980
520.089000 0.949000 520.431000 105.858640
521.034000 0.944000 521.381000 106.655930
521.991000 0.958000 522.331000 108.608220
522.963000 0.972000 523.311000 111.008580
523.928000 0.965000 524.271000 111.131890
524.905000 0.976000 525.251000 110.414610
525.827000 0.922000 526.171000 109.943010
526.737000 0.910000 527.081000 112.108040
527.659000 0.922000 528.001000 112.793320
528.604000 0.945000 528.941000 113.106780
529.554000 0.950000 529.891000 112.378200
530.480000 0.925000 530.821000 111.996020
531.406000 0.927000 531.751000 112.736840
532.338000 0.932000 532.671000 112.916630
533.293000 0.956000 533.631000 111.637380
534.237000 0.944000 534.581000 110.178340
535.166000 0.929000 535.441000 108.237340
536.088000 0.922000 536.421000 108.214750
537.024000 0.936000 537.361000 109.651200
537.982000 0.958000 538.321000 108.843550
538.943000 0.961000 539.211000 107.822220
539.869000 0.926000 540.141000 106.419660
540.779000 0.910000 541.051000 107.507820
541.701000 0.922000 542.041000 109.516590
542.626000 0.926000 542.971000 110.526630
543.541000 0.914000 543.881000 111.300390
544.453000 0.913000 544.801000 111.726810
545.338000 0.885000 545.681000 112.714250
546.220000 0.881000 546.561000 116.012620
547.141000 0.921000 547.481000 117.718290
548.090000 0.949000 548.431000 117.404830
549.043000 0.954000 549.381000 115.788590
549.987000 0.944000 550.321000 114.666540
550.928000 0.941000 551.271000 114.868920
551.889000 0.961000 552.221000 112.814970
552.854000 0.965000 553.191000 110.818430
553.871000 1.018000 554.211000 108.742830
554.833000 0.962000 555.171000 106.094910
555.738000 0.904000 556.071000 107.710210
556.625000 0.888000 556.971000 108.921680
557.538000 0.913000 557.881000 111.480180
558.457000 0.919000 558.801000 112.467620
559.377000 0.919000 559.721000 113.746870
560.295000 0.918000 560.631000 113.140660
561.197000 0.902000 561.541000 114.734310
562.116000 0.919000 562.461000 116.012620
563.056000 0.940000 563.401000 116.192410
564.025000 0.969000 564.361000 115.182380
564.979000 0.954000 565.321000 113.510600
565.907000 0.928000 566.251000 112.164520
566.832000 0.924000 567.171000 112.949580
567.768000 0.936000 568.111000 112.490210
568.731000 0.963000 569.071000 111.884010
569.697000 0.966000 570.041000 110.425910
570.655000 0.958000 571.001000 109.359390
571.575000 0.920000 571.921000 109.124060
572.506000 0.931000 572.851000 111.154480
573.472000 0.966000 573.821000 111.536660
574.445000 0.972000 574.781000 110.975630
575.429000 0.985000 575.771000 110.155750
576.387000 0.958000 576.731000 108.720240
577.352000 0.965000 577.691000 109.707680
578.319000 0.967000 578.661000 108.989460
579.310000 0.991000 579.651000 108.159210
580.279000 0.969000 580.621000 106.677580
581.221000 0.942000 581.571000 108.293820
582.159000 0.938000 582.501000 109.348100
583.102000 0.943000 583.441000 109.774510
584.063000 0.961000 584.411000 109.594720
585.028000 0.965000 585.371000 108.708940
585.977000 0.950000 586.321000 109.281260
586.953000 0.976000 587.301000 109.169250
587.964000 1.010000 588.311000 108.125330
588.994000 1.030000 589.341000 107.283790
590.048000 1.054000 590.391000 105.949000
591.076000 1.027000 591.421000 103.176820
592.062000 0.986000 592.411000 104.478660
593.048000 0.987000 593.391000 105.981950
594.034000 0.986000 594.381000 105.993240
595.042000 1.008000 595.391000 105.926410
596.010000 0.968000 596.361000 106.285050
596.962000 0.952000 597.311000 108.652460
597.921000 0.959000 598.271000 109.594720
598.886000 0.966000 599.241000 110.212230
599.902000 1.016000 600.241000 110.134100
600.922000 1.020000 601.271000 108.125330
601.888000 0.966000 602.231000 109.179600
602.837000 0.949000 603.181000 110.458850
603.804000 0.967000 604.161000 111.165780
604.778000 0.974000 605.131000 111.671270
605.771000 0.993000 606.111000 111.267440
606.743000 0.972000 607.081000 112.333010
607.721000 0.979000 608.071000 112.916630
608.730000 1.008000 609.071000 111.345570
609.765000 1.035000 610.111000 109.247380
610.753000 0.988000 611.101000 106.958090
611.712000 0.959000 612.051000 107.665020
612.705000 0.993000 613.041000 108.136620
613.723000 1.019000 614.071000 107.732800
614.765000 1.041000 615.101000 106.980690
615.810000 1.045000 616.161000 105.062280
616.800000 0.990000 617.151000 105.028390
617.782000 0.982000 618.131000 107.418400
618.813000 1.031000 619.161000 107.351560
619.871000 1.058000 620.211000 106.262460
620.874000 1.003000 621.231000 105.443510
621.842000 0.969000 622.191000 108.091440
622.837000 0.995000 623.191000 109.909120
623.791000 0.954000 624.141000 111.311680
624.725000 0.933000 625.071000 112.848860
625.611000 0.886000 625.971000 117.247630
626.515000 0.904000 626.871000 121.364950
627.447000 0.933000 627.791000 124.024170
628.410000 0.963000 628.761000 124.630380
629.378000 0.968000 629.731000 123.642940
630.313000 0.934000 630.591000 122.913420
631.239000 0.927000 631.521000 122.856940
632.191000 0.952000 632.531000 121.410130
633.194000 1.003000 633.541000 118.885520
634.143000 0.948000 634.421000 116.282780
635.064000 0.921000 635.341000 115.878010
635.993000 0.929000 636.271000 115.564560
636.936000 0.942000 637.211000 114.846330
637.851000 0.915000 638.131000 113.443770
638.758000 0.907000 639.031000 112.736840
639.636000 0.879000 639.911000 113.331750
640.523000 0.887000 640.791000 115.047770
641.415000 0.892000 641.691000 115.620090
642.313000 0.898000 642.591000 115.754700
643.222000 0.909000 643.491000 115.384760
644.102000 0.880000 644.381000 115.452540
645.003000 0.901000 645.281000 115.631390
645.905000 0.902000 646.181000 115.620090
646.813000 0.908000 647.091000 114.520630
