295.928000 0.787000 296.294000 118.437840
296.705000 0.777000 297.047000 119.353170
297.432000 0.726000 297.795000 117.613500
298.132000 0.701000 298.495000 118.407150
298.834000 0.702000 299.174000 118.773280
299.534000 0.700000 299.881000 119.444160
300.285000 0.751000 300.643000 121.062150
301.015000 0.730000 301.354000 119.078030
301.735000 0.720000 302.083000 119.536240
302.482000 0.747000 302.842000 120.726710
303.285000 0.803000 303.615000 122.465280
304.173000 0.888000 304.515000 121.153130
305.048000 0.875000 305.403000 118.711890
305.925000 0.877000 306.274000 119.078030
306.815000 0.890000 307.159000 118.376460
307.672000 0.857000 308.063000 115.110880
308.459000 0.786000 308.840000 116.484420
309.221000 0.763000 309.575000 117.888650
309.978000 0.756000 310.335000 118.315070
310.776000 0.798000 311.155000 120.390180
311.644000 0.868000 312.015000 118.010330
312.503000 0.858000 312.861000 119.536240
313.375000 0.872000 313.716000 120.024050
314.277000 0.902000 314.663000 117.185980
315.172000 0.895000 315.563000 111.968070
316.008000 0.836000 316.359000 115.996610
316.784000 0.776000 317.163000 114.440000
317.544000 0.760000 317.903000 117.216680
318.368000 0.823000 318.723000 119.505540
319.190000 0.823000 319.550000 118.651600
320.022000 0.832000 320.381000 118.315070
320.873000 0.850000 321.218000 117.979630
321.777000 0.904000 322.152000 118.254780
322.714000 0.938000 323.080000 117.185980
323.598000 0.883000 323.992000 112.700330
324.440000 0.842000 324.802000 117.552110
325.247000 0.807000 325.610000 117.125690
326.063000 0.816000 326.429000 117.125690
326.866000 0.804000 327.222000 117.644200
327.645000 0.779000 328.016000 118.315070
328.442000 0.797000 328.798000 120.299190
329.353000 0.911000 329.708000 121.428280
330.287000 0.934000 330.668000 118.590220
331.172000 0.885000 331.544000 121.855800
332.067000 0.895000 332.416000 121.153130
332.983000 0.916000 333.349000 121.458970
333.898000 0.915000 334.268000 118.345760
334.769000 0.871000 335.137000 119.231490
335.602000 0.833000 335.996000 114.012480
336.393000 0.791000 336.757000 117.155290
337.140000 0.746000 337.497000 119.963760
337.871000 0.732000 338.225000 120.756310
338.606000 0.735000 338.984000 121.153130
339.486000 0.880000 339.845000 125.822940
340.512000 1.026000 340.866000 124.601780
341.449000 0.937000 341.818000 122.832510
342.334000 0.885000 342.705000 122.709740
343.193000 0.859000 343.577000 122.374300
344.004000 0.812000 344.377000 125.150970
344.750000 0.745000 345.116000 124.754150
345.450000 0.700000 345.817000 126.372140
346.184000 0.734000 346.545000 129.118120
347.024000 0.841000 347.377000 129.942460
347.781000 0.757000 348.137000 127.593310
348.453000 0.671000 348.817000 125.913930
349.143000 0.690000 349.497000 126.250460
349.882000 0.738000 350.257000 124.784840
350.661000 0.780000 351.038000 124.358420
351.558000 0.897000 351.896000 123.534080
352.470000 0.912000 352.837000 121.580650
353.319000 0.849000 353.664000 119.597620
354.127000 0.808000 354.480000 118.681200
354.913000 0.786000 355.257000 119.902370
355.728000 0.815000 356.084000 120.268500
356.531000 0.803000 356.893000 117.491820
357.318000 0.787000 357.662000 120.299190
358.120000 0.803000 358.458000 121.489670
358.989000 0.868000 359.345000 121.123530
359.866000 0.877000 360.233000 118.254780
360.702000 0.837000 361.078000 116.453720
361.520000 0.818000 361.893000 117.857950
362.360000 0.840000 362.710000 118.254780
363.267000 0.907000 363.618000 119.505540
364.145000 0.878000 364.499000 115.629380
364.990000 0.845000 365.346000 114.378620
365.842000 0.852000 366.178000 117.185980
366.711000 0.869000 367.062000 114.440000
367.582000 0.871000 367.973000 115.110880
368.399000 0.817000 368.770000 111.906680
369.208000 0.809000 369.573000 112.303510
369.999000 0.791000 370.361000 111.968070
370.810000 0.812000 371.173000 113.066460
371.640000 0.829000 372.018000 112.394490
372.363000 0.724000 372.718000 115.996610
373.027000 0.664000 373.371000 116.392340
373.708000 0.681000 374.052000 118.254780
374.483000 0.776000 374.837000 117.582810
375.399000 0.916000 375.741000 119.444160
376.334000 0.934000 376.678000 117.216680
377.241000 0.908000 377.608000 116.759560
378.076000 0.835000 378.459000 111.631540
378.874000 0.798000 379.237000 114.897120
379.661000 0.787000 380.018000 116.362740
380.483000 0.822000 380.865000 119.871670
381.279000 0.796000 381.638000 118.345760
382.077000 0.798000 382.449000 119.383870
382.964000 0.887000 383.298000 121.123530
383.897000 0.933000 384.269000 115.172260
384.791000 0.893000 385.157000 114.409310
385.635000 0.845000 386.010000 114.683360
386.475000 0.840000 386.826000 117.185980
387.350000 0.875000 387.699000 117.644200
388.199000 0.849000 388.565000 115.569090
389.040000 0.841000 389.385000 117.185980
389.903000 0.863000 390.259000 117.247370
390.793000 0.891000 391.158000 112.791320
391.635000 0.842000 392.025000 111.601940
392.481000 0.846000 392.845000 116.362740
393.320000 0.839000 393.687000 116.453720
394.204000 0.883000 394.565000 117.918250
395.070000 0.866000 395.439000 117.155290
395.916000 0.846000 396.279000 117.827260
396.736000 0.820000 397.105000 117.216680
397.557000 0.821000 397.916000 119.017730
398.370000 0.813000 398.757000 119.840980
399.185000 0.816000 399.541000 135.710670
400.103000 0.917000 400.452000 126.982720
401.072000 0.970000 401.445000 125.822940
401.998000 0.925000 402.375000 123.838820
402.878000 0.880000 403.240000 125.944620
403.767000 0.889000 404.123000 127.470530
404.666000 0.899000 405.056000 125.853640
405.528000 0.862000 405.896000 124.235650
406.336000 0.808000 406.716000 123.472690
407.129000 0.793000 407.490000 127.470530
407.955000 0.826000 408.316000 127.470530
408.837000 0.882000 409.193000 127.836660
409.716000 0.879000 410.061000 127.898050
410.596000 0.880000 410.983000 127.867360
411.494000 0.898000 411.862000 127.562610
412.398000 0.904000 412.771000 123.900210
413.251000 0.853000 413.623000 122.771120
414.096000 0.846000 414.463000 125.121380
414.950000 0.853000 415.291000 124.571080
415.798000 0.849000 416.144000 124.418710
416.599000 0.800000 416.991000 120.360580
417.413000 0.814000 417.764000 125.853640
418.272000 0.860000 418.623000 127.104400
419.204000 0.931000 419.564000 126.799660
420.108000 0.905000 420.483000 123.900210
420.967000 0.858000 421.344000 119.536240
421.701000 0.734000 422.079000 122.282220
422.406000 0.705000 422.772000 124.754150
423.137000 0.731000 423.485000 129.973160
424.043000 0.905000 424.381000 132.231330
425.041000 0.998000 425.403000 129.423960
426.049000 1.009000 426.400000 127.836660
427.006000 0.957000 427.390000 121.092840
427.914000 0.908000 428.282000 123.075870
428.811000 0.897000 429.179000 121.062150
429.704000 0.893000 430.047000 121.580650
430.572000 0.868000 430.967000 115.263250
431.393000 0.821000 431.761000 119.078030
432.208000 0.815000 432.576000 119.047330
433.059000 0.851000 433.408000 119.536240
433.999000 0.940000 434.356000 117.918250
434.929000 0.931000 435.289000 118.345760
435.833000 0.904000 436.209000 113.554270
436.676000 0.842000 437.049000 116.362740
437.488000 0.813000 437.849000 114.806130
438.286000 0.798000 438.649000 117.216680
439.124000 0.838000 439.456000 117.582810
439.947000 0.823000 440.309000 116.087590
440.802000 0.855000 441.148000 117.582810
441.688000 0.886000 442.036000 114.683360
442.601000 0.912000 442.989000 108.458040
443.482000 0.881000 443.833000 115.172260
444.305000 0.823000 444.656000 113.097160
445.089000 0.784000 445.447000 115.172260
445.867000 0.777000 446.216000 116.362740
446.635000 0.768000 447.012000 113.890810
447.411000 0.776000 447.768000 118.407150
448.231000 0.820000 448.568000 119.200800
449.110000 0.879000 449.453000 119.840980
450.000000 0.890000 450.355000 115.996610
450.849000 0.849000 451.207000 117.582810
451.693000 0.844000 452.048000 112.822010
452.544000 0.851000 452.895000 116.789160
453.379000 0.835000 453.754000 114.775440
454.178000 0.799000 454.587000 111.601940
454.949000 0.771000 455.314000 116.728870
455.693000 0.743000 456.066000 119.933060
456.495000 0.803000 456.867000 120.420870
457.346000 0.851000 457.693000 123.137250
458.174000 0.828000 458.554000 123.106560
459.009000 0.835000 459.366000 123.961600
459.860000 0.851000 460.206000 124.724550
460.708000 0.848000 461.066000 123.167950
461.481000 0.774000 461.865000 117.674890
462.234000 0.753000 462.593000 120.756310
462.986000 0.751000 463.344000 119.139410
463.767000 0.781000 464.133000 120.299190
464.514000 0.747000 464.864000 118.345760
465.237000 0.723000 465.605000 119.566930
465.998000 0.761000 466.370000 120.390180
466.807000 0.809000 467.164000 120.787000
467.659000 0.852000 468.032000 117.979630
468.483000 0.824000 468.828000 119.474850
469.269000 0.786000 469.645000 117.247370
470.029000 0.761000 470.365000 119.139410
470.799000 0.770000 471.152000 118.345760
471.542000 0.742000 471.893000 118.284380
472.270000 0.728000 472.625000 118.803980
473.028000 0.758000 473.384000 119.993350
473.919000 0.891000 474.264000 120.268500
474.797000 0.878000 475.164000 118.742590
475.626000 0.829000 475.992000 114.714050
476.425000 0.799000 476.787000 116.301350
477.209000 0.784000 477.564000 118.376460
478.012000 0.803000 478.352000 121.580650
478.807000 0.795000 479.160000 121.092840
479.591000 0.784000 479.985000 119.627220
480.399000 0.808000 480.758000 123.472690
481.264000 0.865000 481.629000 121.580650
482.137000 0.873000 482.492000 119.108720
482.979000 0.842000 483.359000 118.620910
483.839000 0.861000 484.210000 120.268500
484.729000 0.890000 485.068000 119.780690
485.617000 0.888000 485.998000 117.948940
486.453000 0.836000 486.824000 113.981790
487.269000 0.816000 487.628000 117.522520
488.109000 0.840000 488.468000 118.284380
489.029000 0.920000 489.388000 121.062150
489.925000 0.896000 490.319000 113.890810
490.800000 0.875000 491.187000 115.569090
491.678000 0.878000 492.068000 118.620910
492.583000 0.905000 492.943000 118.711890
493.477000 0.894000 493.843000 116.087590
494.336000 0.859000 494.695000 115.507700
495.170000 0.834000 495.543000 114.836830
496.034000 0.864000 496.403000 112.731030
496.861000 0.827000 497.254000 111.113040
497.631000 0.770000 498.016000 111.937380
498.389000 0.758000 498.750000 115.172260
499.128000 0.739000 499.462000 116.789160
499.889000 0.761000 500.276000 111.998770
500.632000 0.743000 501.006000 117.095000
501.427000 0.795000 501.763000 122.404990
502.237000 0.810000 502.581000 123.167950
503.110000 0.873000 503.475000 122.679040
503.956000 0.846000 504.301000 123.198640
504.782000 0.826000 505.161000 123.625060
505.625000 0.843000 505.996000 125.792250
506.505000 0.880000 506.866000 126.646190
507.365000 0.860000 507.721000 124.754150
508.171000 0.805000 508.534000 123.838820
508.952000 0.781000 509.307000 125.150970
509.724000 0.772000 510.085000 125.059990
510.451000 0.727000 510.823000 123.075870
511.165000 0.714000 511.566000 123.961600
511.878000 0.713000 512.214000 127.836660
512.582000 0.704000 512.962000 128.385860
513.297000 0.715000 513.659000 131.040860
513.971000 0.674000 514.351000 128.599620
514.604000 0.633000 514.992000 125.059990
515.250000 0.646000 515.602000 131.437680
515.956000 0.706000 516.298000 132.689540
516.809000 0.853000 517.151000 133.787930
517.725000 0.916000 518.071000 128.661010
518.625000 0.900000 518.999000 123.869520
519.446000 0.821000 519.811000 121.123530
520.226000 0.781000 520.582000 123.503390
520.994000 0.768000 521.373000 120.665320
521.763000 0.769000 522.119000 120.360580
522.482000 0.719000 522.866000 118.773280
523.165000 0.683000 523.521000 121.580650
523.858000 0.693000 524.214000 123.534080
524.609000 0.751000 524.959000 121.214520
525.518000 0.909000 525.860000 123.503390
526.381000 0.863000 526.759000 117.918250
527.195000 0.814000 527.573000 116.332040
527.984000 0.789000 528.318000 119.474850
528.751000 0.767000 529.119000 119.200800
529.471000 0.720000 529.867000 114.714050
530.186000 0.715000 530.539000 117.552110
530.908000 0.722000 531.251000 120.207110
531.664000 0.755000 532.023000 117.582810
532.468000 0.804000 532.812000 118.681200
533.265000 0.797000 533.639000 115.599780
534.074000 0.809000 534.451000 116.270660
534.907000 0.833000 535.252000 116.667480
535.804000 0.897000 536.167000 118.711890
536.653000 0.849000 537.028000 113.401900
537.448000 0.795000 537.807000 113.097160
538.183000 0.734000 538.539000 112.364900
538.900000 0.718000 539.268000 113.981790
539.592000 0.692000 539.961000 116.026200
540.279000 0.688000 540.625000 119.474850
540.995000 0.716000 541.368000 119.108720
541.837000 0.841000 542.188000 122.008170
542.740000 0.903000 543.088000 119.933060
543.570000 0.830000 543.921000 119.902370
544.313000 0.743000 544.667000 119.444160
544.976000 0.663000 545.368000 116.759560
545.613000 0.638000 546.000000 118.651600
546.256000 0.643000 546.605000 121.916090
546.937000 0.681000 547.300000 120.756310
547.655000 0.718000 548.028000 119.108720
548.437000 0.782000 548.787000 123.137250
549.225000 0.788000 549.568000 122.404990
550.019000 0.795000 550.368000 123.564770
550.730000 0.710000 551.086000 120.726710
551.433000 0.704000 551.787000 121.519260
552.135000 0.702000 552.493000 124.693860
552.881000 0.745000 553.221000 126.280060
553.682000 0.801000 554.016000 124.967910
554.543000 0.861000 554.895000 121.855800
555.419000 0.875000 555.776000 119.414560
556.272000 0.853000 556.655000 116.728870
557.099000 0.827000 557.464000 117.888650
557.918000 0.820000 558.276000 115.538400
558.726000 0.808000 559.087000 115.965910
559.534000 0.808000 559.893000 116.667480
560.310000 0.776000 560.674000 117.552110
561.060000 0.750000 561.420000 117.247370
561.802000 0.742000 562.160000 121.611340
562.606000 0.804000 562.981000 117.979630
563.551000 0.945000 563.904000 122.740430
564.486000 0.935000 564.860000 119.566930
565.378000 0.892000 565.764000 117.582810
566.221000 0.844000 566.592000 119.840980
567.004000 0.782000 567.374000 120.268500
567.748000 0.745000 568.115000 122.312910
568.487000 0.739000 568.864000 124.235650
569.260000 0.772000 569.620000 124.815540
570.053000 0.793000 570.401000 127.501230
570.839000 0.786000 571.194000 126.982720
571.729000 0.890000 572.066000 128.722390
572.716000 0.987000 573.040000 127.928750
573.695000 0.979000 574.044000 125.487510
574.604000 0.910000 574.994000 119.505540
575.443000 0.838000 575.800000 123.167950
576.233000 0.790000 576.593000 122.649450
577.013000 0.780000 577.380000 125.090680
577.846000 0.833000 578.208000 128.325570
578.756000 0.910000 579.120000 128.385860
579.685000 0.929000 580.071000 122.588060
580.621000 0.936000 581.008000 123.106560
581.524000 0.903000 581.899000 121.611340
582.379000 0.855000 582.770000 122.649450
583.214000 0.835000 583.573000 123.503390
584.057000 0.843000 584.420000 125.517100
584.933000 0.877000 585.291000 128.355170
585.789000 0.856000 586.160000 128.416550
586.611000 0.822000 587.007000 128.416550
587.402000 0.791000 587.759000 129.514950
588.291000 0.888000 588.651000 131.774220
589.265000 0.974000 589.619000 129.514950
590.168000 0.904000 590.527000 127.805970
591.036000 0.868000 591.387000 127.867360
591.881000 0.845000 592.260000 128.385860
592.726000 0.846000 593.087000 130.339290
593.584000 0.858000 593.999000 125.517100
594.442000 0.858000 594.798000 129.485350
595.297000 0.855000 595.659000 129.088520
596.187000 0.889000 596.570000 127.836660
597.095000 0.909000 597.458000 128.355170
597.986000 0.891000 598.366000 123.930900
598.856000 0.870000 599.206000 125.456810
599.700000 0.845000 600.079000 122.771120
600.568000 0.867000 600.918000 125.487510
601.382000 0.815000 601.759000 125.029300
602.161000 0.779000 602.537000 125.913930
602.959000 0.798000 603.307000 126.982720
603.885000 0.925000 604.242000 127.562610
604.856000 0.971000 605.197000 126.250460
605.756000 0.900000 606.125000 121.153130
606.606000 0.850000 606.997000 119.108720
607.440000 0.835000 607.785000 120.696020
608.303000 0.862000 608.677000 120.420870
609.163000 0.860000 609.536000 118.773280
609.986000 0.823000 610.337000 121.153130
610.813000 0.827000 611.164000 120.207110
611.637000 0.824000 612.004000 120.787000
612.486000 0.849000 612.843000 122.740430
613.324000 0.839000 613.696000 121.977470
614.168000 0.844000 614.523000 123.137250
615.051000 0.882000 615.395000 123.595470
616.007000 0.957000 616.376000 121.642040
616.923000 0.915000 617.306000 118.651600
617.789000 0.866000 618.142000 121.489670
618.630000 0.841000 619.005000 120.177510
619.493000 0.862000 619.874000 119.933060
620.348000 0.855000 620.702000 121.580650
621.183000 0.835000 621.541000 121.946780
622.043000 0.860000 622.381000 122.709740
622.962000 0.919000 623.353000 120.268500
623.849000 0.887000 624.201000 121.580650
624.693000 0.844000 625.080000 117.185980
625.563000 0.870000 625.973000 119.078030
626.481000 0.918000 626.832000 124.418710
627.388000 0.907000 627.764000 119.933060
628.230000 0.842000 628.631000 120.756310
629.023000 0.793000 629.403000 122.709740
629.843000 0.821000 630.191000 126.341450
630.742000 0.899000 631.100000 125.761560
631.638000 0.896000 632.011000 125.181670
632.516000 0.879000 632.879000 123.869520
633.406000 0.889000 633.781000 122.282220
634.295000 0.890000 634.671000 121.642040
635.193000 0.898000 635.578000 118.651600
636.044000 0.851000 636.410000 121.946780
636.843000 0.799000 637.199000 121.123530
637.628000 0.785000 637.996000 121.855800
638.444000 0.816000 638.799000 123.838820
639.338000 0.894000 639.690000 123.961600
640.229000 0.891000 640.590000 121.489670
641.121000 0.892000 641.477000 122.679040
642.035000 0.914000 642.398000 121.123530
642.962000 0.927000 643.317000 120.665320
643.870000 0.909000 644.237000 122.038860
644.734000 0.863000 645.098000 122.435690
645.619000 0.885000 645.991000 123.961600
646.534000 0.916000 646.910000 124.724550
647.413000 0.879000 647.777000 123.534080
648.245000 0.832000 648.617000 125.913930
649.052000 0.807000 649.409000 125.884330
649.875000 0.823000 650.233000 129.057830
650.688000 0.813000 651.076000 125.913930
651.495000 0.808000 651.850000 127.928750
652.345000 0.850000 652.689000 130.003850
653.244000 0.899000 653.597000 129.118120
654.150000 0.906000 654.529000 127.562610
655.010000 0.861000 655.388000 123.534080
655.853000 0.843000 656.196000 125.884330
656.671000 0.818000 657.029000 124.754150
657.485000 0.813000 657.848000 124.418710
658.271000 0.786000 658.648000 122.435690
659.061000 0.790000 659.416000 126.676880
659.858000 0.797000 660.215000 128.813380
660.678000 0.820000 661.068000 128.355170
661.497000 0.819000 661.875000 125.487510
662.318000 0.821000 662.676000 127.867360
663.168000 0.850000 663.528000 129.118120
664.048000 0.880000 664.414000 126.646190
664.888000 0.840000 665.275000 121.183830
665.654000 0.766000 666.028000 123.228240
666.401000 0.747000 666.750000 127.531920
667.161000 0.760000 667.516000 127.501230
667.986000 0.825000 668.355000 127.959440
668.783000 0.797000 669.149000 119.566930
669.532000 0.749000 669.881000 124.266340
670.296000 0.764000 670.660000 124.297030
671.085000 0.789000 671.424000 125.029300
671.863000 0.778000 672.228000 120.329890
672.599000 0.736000 672.947000 121.123530
673.349000 0.750000 673.696000 119.871670
674.100000 0.751000 674.435000 122.740430
674.904000 0.804000 675.248000 122.832510
675.670000 0.766000 676.052000 116.332040
676.402000 0.732000 676.755000 117.247370
677.154000 0.752000 677.503000 119.840980
677.946000 0.792000 678.283000 121.519260
678.827000 0.880000 679.182000 116.789160
679.687000 0.861000 680.043000 114.653760
680.542000 0.855000 680.880000 116.332040
681.406000 0.864000 681.755000 113.127850
682.265000 0.859000 682.653000 112.761720
683.084000 0.819000 683.472000 110.380770
683.870000 0.786000 684.248000 115.263250
684.659000 0.788000 685.047000 116.118290
685.467000 0.809000 685.828000 118.345760
686.303000 0.836000 686.660000 120.696020
687.139000 0.836000 687.503000 121.062150
688.048000 0.909000 688.411000 123.564770
688.996000 0.948000 689.360000 123.075870
689.888000 0.892000 690.262000 123.564770
690.736000 0.848000 691.099000 124.693860
691.500000 0.764000 691.867000 124.693860
692.170000 0.671000 692.546000 125.884330
692.812000 0.642000 693.162000 127.836660
693.474000 0.662000 693.836000 130.553050
694.212000 0.738000 694.567000 130.705420
695.045000 0.834000 695.386000 130.736110
695.977000 0.932000 696.326000 130.369980
696.917000 0.939000 697.280000 127.439840
697.750000 0.834000 698.121000 124.266340
698.523000 0.773000 698.873000 125.853640
699.254000 0.731000 699.607000 127.104400
700.006000 0.752000 700.346000 131.499070
700.828000 0.822000 701.186000 130.003850
701.723000 0.895000 702.067000 131.834510
702.687000 0.964000 703.058000 131.651440
703.712000 1.025000 704.078000 127.013420
704.638000 0.926000 705.017000 123.045170
705.549000 0.911000 705.907000 124.693860
706.450000 0.901000 706.806000 125.121380
707.293000 0.842000 707.665000 119.505540
708.051000 0.758000 708.458000 121.916090
708.771000 0.720000 709.147000 126.341450
709.520000 0.749000 709.866000 130.369980
710.473000 0.953000 710.807000 131.437680
711.387000 0.914000 711.747000 127.653600
712.274000 0.888000 712.635000 125.029300
713.151000 0.877000 713.506000 126.707580
714.019000 0.868000 714.386000 125.121380
714.887000 0.868000 715.234000 125.853640
715.723000 0.836000 716.094000 123.075870
716.541000 0.818000 716.906000 125.913930
717.363000 0.822000 717.715000 125.426120
718.205000 0.841000 718.565000 125.884330
719.028000 0.823000 719.385000 123.534080
719.820000 0.792000 720.185000 120.726710
720.601000 0.782000 720.966000 118.773280
721.397000 0.795000 721.766000 119.139410
722.178000 0.781000 722.566000 119.505540
722.930000 0.753000 723.285000 120.817700
723.714000 0.784000 724.065000 122.008170
724.518000 0.804000 724.873000 119.840980
725.344000 0.826000 725.692000 118.711890
726.141000 0.797000 726.485000 117.552110
726.916000 0.775000 727.252000 120.390180
727.687000 0.771000 728.065000 117.644200
728.479000 0.793000 728.832000 117.918250
729.248000 0.769000 729.604000 117.918250
729.985000 0.737000 730.344000 114.897120
730.739000 0.754000 731.084000 117.216680
731.522000 0.783000 731.864000 117.613500
732.408000 0.886000 732.764000 118.010330
733.274000 0.866000 733.650000 116.332040
734.079000 0.805000 734.444000 116.759560
734.843000 0.765000 735.211000 119.108720
735.581000 0.737000 735.983000 121.946780
736.315000 0.735000 736.663000 126.310750
737.034000 0.718000 737.402000 125.822940
737.772000 0.738000 738.163000 127.928750
738.640000 0.869000 739.003000 130.339290
739.665000 1.024000 740.042000 129.637720
740.696000 1.031000 741.082000 128.691700
741.664000 0.968000 742.062000 122.008170
742.577000 0.913000 742.990000 121.611340
743.456000 0.878000 743.822000 119.139410
744.272000 0.816000 744.622000 119.902370
745.006000 0.735000 745.381000 116.759560
745.708000 0.702000 746.050000 121.458970
746.416000 0.707000 746.769000 123.106560
747.193000 0.777000 747.570000 126.952030
748.108000 0.915000 748.463000 129.942460
749.004000 0.896000 749.368000 125.456810
749.918000 0.914000 750.281000 126.280060
750.863000 0.945000 751.209000 127.501230
751.773000 0.909000 752.168000 123.625060
752.638000 0.865000 753.020000 123.961600
753.459000 0.822000 753.820000 123.564770
754.261000 0.802000 754.620000 125.090680
755.031000 0.770000 755.400000 124.327730
755.765000 0.735000 756.143000 122.374300
756.511000 0.745000 756.867000 125.853640
757.300000 0.789000 757.669000 122.709740
758.058000 0.759000 758.406000 123.137250
758.788000 0.729000 759.127000 124.266340
759.450000 0.663000 759.799000 121.549960
760.087000 0.637000 760.440000 123.167950
760.760000 0.673000 761.108000 123.137250
761.588000 0.828000 761.919000 125.395430
762.446000 0.858000 762.793000 119.414560
763.333000 0.888000 763.665000 121.153130
764.215000 0.881000 764.567000 117.522520
765.046000 0.832000 765.394000 116.698180
765.803000 0.757000 766.168000 111.631540
766.548000 0.745000 766.895000 117.185980
767.294000 0.747000 767.641000 112.731030
768.067000 0.773000 768.415000 115.110880
768.837000 0.770000 769.194000 115.904530
769.582000 0.745000 769.987000 114.775440
770.388000 0.806000 770.741000 115.110880
771.263000 0.875000 771.614000 114.317230
772.106000 0.844000 772.461000 116.087590
772.896000 0.789000 773.261000 114.012480
773.652000 0.756000 774.025000 117.216680
774.414000 0.762000 774.765000 118.711890
775.198000 0.784000 775.575000 116.728870
775.952000 0.754000 776.323000 117.979630
776.697000 0.745000 777.061000 120.756310
777.471000 0.774000 777.802000 129.973160
778.279000 0.808000 778.622000 122.008170
779.110000 0.831000 779.470000 119.933060
779.909000 0.800000 780.250000 122.771120
780.695000 0.785000 781.043000 123.564770
781.461000 0.766000 781.821000 121.549960
782.250000 0.789000 782.603000 121.123530
782.998000 0.748000 783.363000 122.374300
783.709000 0.711000 784.064000 123.137250
784.421000 0.712000 784.762000 125.121380
785.178000 0.757000 785.522000 126.738270
786.034000 0.856000 786.382000 128.722390
786.848000 0.814000 787.203000 124.693860
787.610000 0.762000 787.971000 127.501230
788.377000 0.767000 788.722000 127.501230
789.156000 0.779000 789.511000 129.514950
789.944000 0.788000 790.303000 127.531920
790.760000 0.816000 791.123000 125.822940
791.519000 0.760000 791.882000 122.771120
792.245000 0.725000 792.610000 124.235650
792.978000 0.734000 793.343000 128.019730
793.711000 0.733000 794.064000 129.118120
794.528000 0.817000 794.871000 131.346700
795.382000 0.854000 795.750000 127.867360
796.206000 0.824000 796.563000 127.531920
796.984000 0.778000 797.362000 127.013420
797.663000 0.679000 798.024000 124.358420
798.302000 0.639000 798.649000 128.264180
798.944000 0.642000 799.300000 129.393270
799.611000 0.667000 799.991000 131.437680
800.330000 0.719000 800.679000 130.980570
801.128000 0.798000 801.466000 132.658850
801.998000 0.870000 802.357000 131.285310
802.891000 0.893000 803.264000 128.782690
803.716000 0.825000 804.078000 123.075870
804.502000 0.786000 804.859000 126.189080
805.241000 0.739000 805.605000 125.913930
805.981000 0.740000 806.333000 127.928750
806.700000 0.719000 807.053000 127.013420
807.436000 0.736000 807.787000 128.751990
808.218000 0.782000 808.566000 131.406990
809.041000 0.823000 809.386000 129.088520
809.837000 0.795000 810.197000 126.524510
810.635000 0.798000 811.006000 125.426120
811.457000 0.822000 811.819000 129.485350
812.284000 0.827000 812.666000 128.355170
813.085000 0.801000 813.467000 128.355170
813.881000 0.796000 814.234000 129.911770
814.697000 0.816000 815.047000 130.308600
815.564000 0.867000 815.914000 128.722390
816.399000 0.835000 816.755000 125.822940
817.212000 0.814000 817.566000 125.884330
818.029000 0.816000 818.388000 125.456810
818.888000 0.860000 819.254000 124.571080
819.730000 0.841000 820.088000 123.930900
820.545000 0.815000 820.895000 123.900210
821.368000 0.823000 821.727000 125.090680
822.222000 0.854000 822.567000 125.090680
823.066000 0.844000 823.435000 120.787000
823.874000 0.808000 824.215000 122.740430
824.667000 0.793000 825.036000 121.916090
825.514000 0.847000 825.868000 124.724550
826.355000 0.841000 826.715000 123.930900
827.175000 0.820000 827.524000 126.158380
828.014000 0.839000 828.375000 125.059990
828.910000 0.896000 829.251000 126.707580
829.779000 0.870000 830.147000 124.327730
830.562000 0.783000 830.922000 123.838820
831.337000 0.775000 831.687000 125.517100
832.134000 0.797000 832.475000 127.867360
833.057000 0.923000 833.395000 129.088520
833.971000 0.913000 834.328000 127.928750
834.925000 0.954000 835.275000 128.751990
835.893000 0.968000 836.241000 126.219770
836.806000 0.913000 837.171000 122.312910
837.667000 0.861000 838.027000 122.404990
838.486000 0.819000 838.867000 119.078030
839.275000 0.789000 839.661000 121.855800
840.012000 0.736000 840.368000 124.754150
840.742000 0.731000 841.094000 126.646190
841.559000 0.817000 841.914000 129.485350
842.605000 1.046000 842.984000 131.346700
843.583000 0.979000 843.948000 119.933060
844.501000 0.918000 844.867000 127.104400
845.416000 0.915000 845.762000 124.998600
846.310000 0.894000 846.672000 124.998600
847.154000 0.844000 847.551000 120.237810
847.947000 0.793000 848.309000 121.916090
848.732000 0.785000 849.089000 122.771120
849.525000 0.793000 849.882000 122.618750
850.336000 0.811000 850.700000 120.696020
851.106000 0.770000 851.469000 119.933060
851.889000 0.783000 852.248000 121.549960
852.655000 0.766000 853.029000 119.536240
853.428000 0.773000 853.781000 121.855800
854.174000 0.746000 854.549000 121.519260
854.920000 0.746000 855.269000 125.913930
855.712000 0.791000 856.090000 128.355170
856.635000 0.924000 856.997000 128.996440
857.566000 0.931000 857.935000 123.991190
858.481000 0.914000 858.836000 125.853640
859.411000 0.930000 859.769000 124.724550
860.341000 0.930000 860.696000 122.740430
861.215000 0.874000 861.570000 122.404990
862.048000 0.833000 862.397000 123.534080
862.888000 0.840000 863.249000 125.121380
863.789000 0.901000 864.150000 126.738270
864.721000 0.932000 865.089000 125.792250
865.635000 0.914000 866.017000 125.059990
866.559000 0.923000 866.909000 127.501230
867.492000 0.933000 867.852000 127.867360
868.412000 0.919000 868.770000 126.707580
869.277000 0.865000 869.657000 126.646190
870.133000 0.856000 870.488000 128.294880
871.001000 0.868000 871.354000 128.661010
871.871000 0.870000 872.264000 126.189080
