22.539000 1.204000 22.930000 114.012810
23.678000 1.139000 24.075000 112.486350
24.684000 1.006000 25.108000 109.709550
25.657000 0.973000 26.059000 110.533610
26.601000 0.944000 26.992000 113.249150
27.733000 1.132000 28.126000 114.408880
28.889000 1.156000 29.297000 112.456150
29.995000 1.105000 30.394000 110.106480
31.001000 1.006000 31.395000 108.915680
31.999000 0.998000 32.376000 111.693350
33.108000 1.110000 33.504000 111.326610
34.230000 1.121000 34.616000 109.343680
35.332000 1.102000 35.699000 106.077610
36.303000 0.971000 36.678000 105.345880
37.258000 0.955000 37.665000 109.343680
38.305000 1.047000 38.698000 109.739750
39.347000 1.042000 39.739000 109.373880
40.382000 1.035000 40.780000 107.725750
41.275000 0.893000 41.662000 109.709550
42.179000 0.904000 42.582000 112.456150
43.209000 1.030000 43.583000 112.822010
44.358000 1.148000 44.744000 111.753750
45.414000 1.056000 45.824000 109.373880
46.351000 0.937000 46.770000 110.472350
47.386000 1.035000 47.789000 110.136680
48.442000 1.056000 48.826000 108.519610
49.450000 1.009000 49.868000 106.901680
50.331000 0.881000 50.730000 109.343680
51.280000 0.949000 51.671000 112.394880
52.507000 1.227000 52.889000 114.012810
53.546000 1.039000 53.969000 113.554610
54.453000 0.906000 54.850000 115.691150
55.413000 0.960000 55.815000 117.674950
56.635000 1.222000 57.028000 116.087220
57.721000 1.087000 58.127000 113.218950
58.666000 0.945000 59.069000 113.218950
59.644000 0.978000 60.052000 114.043010
60.728000 1.084000 61.112000 113.646080
61.779000 1.051000 62.190000 112.791810
62.674000 0.894000 63.070000 114.867080
63.705000 1.031000 64.119000 116.148480
64.883000 1.178000 65.279000 115.294210
65.938000 1.055000 66.352000 113.218950
66.903000 0.965000 67.293000 114.500350
68.001000 1.098000 68.392000 114.470150
69.179000 1.177000 69.573000 112.089420
70.172000 0.993000 70.565000 112.059210
71.228000 1.056000 71.611000 114.012810
72.299000 1.070000 72.677000 112.822010
73.303000 1.004000 73.719000 111.326610
74.191000 0.888000 74.576000 112.089420
75.106000 0.915000 75.501000 114.867080
76.164000 1.058000 76.581000 115.294210
77.235000 1.071000 77.618000 114.867080
78.132000 0.897000 78.558000 114.500350
79.002000 0.870000 79.404000 117.674950
79.967000 0.965000 80.406000 118.864880
80.987000 1.020000 81.380000 117.674950
81.939000 0.951000 82.366000 117.674950
82.952000 1.013000 83.382000 118.833820
84.054000 1.102000 84.464000 117.308210
85.130000 1.076000 85.521000 114.897280
86.052000 0.921000 86.425000 115.721350
87.105000 1.053000 87.524000 116.087220
88.241000 1.136000 88.623000 114.531410
89.224000 0.983000 89.622000 112.791810
90.132000 0.909000 90.531000 114.470150
91.133000 1.001000 91.526000 115.691150
92.186000 1.053000 92.583000 114.897280
93.124000 0.938000 93.526000 115.294210
94.169000 1.045000 94.546000 116.484150
95.285000 1.116000 95.672000 115.264010
96.347000 1.063000 96.753000 113.280210
97.258000 0.911000 97.645000 112.853080
98.148000 0.890000 98.547000 114.073210
99.218000 1.069000 99.586000 114.470150
100.373000 1.156000 100.775000 112.822010
101.494000 1.121000 101.912000 110.533610
102.425000 0.931000 102.823000 109.709550
103.281000 0.856000 103.672000 110.563810
104.088000 0.807000 104.499000 111.997950
104.918000 0.831000 105.311000 114.470150
106.214000 1.295000 106.589000 114.867080
107.367000 1.154000 107.751000 114.958550
108.442000 1.075000 108.818000 114.104280
109.421000 0.978000 109.792000 113.249150
110.334000 0.913000 110.711000 113.218950
111.237000 0.903000 111.631000 114.134480
112.254000 1.017000 112.649000 114.897280
113.401000 1.147000 113.792000 112.853080
114.558000 1.157000 114.957000 112.059210
115.632000 1.075000 116.020000 109.739750
116.582000 0.950000 116.978000 107.695550
117.476000 0.894000 117.854000 108.488550
118.347000 0.871000 118.734000 109.343680
119.252000 0.905000 119.650000 111.632080
120.364000 1.112000 120.758000 110.136680
121.501000 1.138000 121.882000 108.152880
122.614000 1.112000 123.002000 106.474550
123.624000 1.010000 124.001000 104.186140
124.506000 0.882000 124.881000 104.186140
125.346000 0.840000 125.738000 105.345880
126.200000 0.854000 126.589000 107.145880
127.220000 1.020000 127.620000 108.519610
128.317000 1.097000 128.719000 106.962950
129.435000 1.118000 129.806000 105.314810
130.482000 1.047000 130.864000 104.093810
131.394000 0.912000 131.766000 103.392280
132.275000 0.881000 132.667000 103.758150
133.251000 0.976000 133.598000 106.077610
134.482000 1.231000 134.843000 104.613280
135.658000 1.175000 135.997000 104.063610
136.778000 1.120000 137.169000 101.317010
137.735000 0.957000 138.118000 100.035610
138.612000 0.877000 138.981000 102.568210
139.526000 0.914000 139.907000 105.741950
140.825000 1.299000 141.187000 106.108680
141.871000 1.047000 142.286000 106.871480
142.849000 0.978000 143.266000 107.298610
143.727000 0.879000 144.127000 108.152880
144.563000 0.835000 144.971000 111.693350
145.387000 0.824000 145.787000 114.897280
146.372000 0.985000 146.775000 116.911280
147.632000 1.261000 148.033000 114.500350
148.764000 1.131000 149.169000 113.249150
149.873000 1.109000 150.254000 110.502550
150.801000 0.929000 151.214000 109.343680
151.683000 0.882000 152.072000 111.266210
152.595000 0.912000 152.979000 114.378680
153.840000 1.245000 154.256000 114.531410
154.976000 1.136000 155.358000 111.693350
155.950000 0.974000 156.375000 110.166880
156.905000 0.956000 157.303000 110.899480
157.962000 1.056000 158.383000 112.089420
159.224000 1.262000 159.635000 110.472350
160.370000 1.146000 160.798000 108.152880
161.444000 1.074000 161.841000 105.345880
162.381000 0.938000 162.781000 106.077610
163.313000 0.932000 163.715000 112.059210
164.428000 1.115000 164.821000 113.280210
165.603000 1.175000 166.001000 112.486350
166.767000 1.164000 167.161000 109.709550
167.753000 0.986000 168.163000 110.533610
168.857000 1.104000 169.270000 110.533610
170.033000 1.176000 170.445000 109.404080
171.081000 1.048000 171.501000 107.634280
172.018000 0.937000 172.418000 110.045210
173.058000 1.040000 173.490000 112.456150
174.141000 1.083000 174.530000 114.439950
175.254000 1.114000 175.692000 113.127480
176.222000 0.968000 176.627000 115.691150
177.416000 1.194000 177.813000 115.264010
178.618000 1.202000 179.013000 111.723550
179.630000 1.012000 180.055000 110.899480
180.757000 1.127000 181.196000 111.723550
181.943000 1.185000 182.365000 111.204950
183.010000 1.067000 183.414000 110.106480
183.987000 0.977000 184.377000 112.059210
185.112000 1.125000 185.489000 112.059210
186.164000 1.052000 186.553000 110.502550
187.108000 0.945000 187.514000 112.517410
188.114000 1.006000 188.507000 113.524410
189.180000 1.065000 189.576000 112.089420
190.149000 0.969000 190.567000 110.930550
191.029000 0.880000 191.416000 113.677150
191.998000 0.969000 192.399000 114.897280
193.101000 1.103000 193.484000 114.043010
194.096000 0.995000 194.525000 113.249150
195.008000 0.911000 195.400000 116.881080
196.064000 1.056000 196.498000 116.423750
197.182000 1.118000 197.580000 113.677150
198.117000 0.935000 198.541000 115.660080
199.128000 1.011000 199.501000 116.057010
200.240000 1.112000 200.629000 113.677150
201.284000 1.044000 201.680000 111.326610
202.211000 0.927000 202.609000 112.059210
203.301000 1.090000 203.686000 111.326610
204.328000 1.028000 204.730000 108.885480
205.237000 0.909000 205.646000 107.695550
206.086000 0.849000 206.505000 110.869280
207.005000 0.919000 207.389000 116.819820
207.974000 0.969000 208.372000 117.308210
209.024000 1.050000 209.453000 114.897280
209.955000 0.930000 210.348000 116.515210
210.961000 1.006000 211.365000 117.643880
212.078000 1.118000 212.488000 114.867080
213.015000 0.936000 213.420000 114.378680
213.952000 0.938000 214.331000 116.515210
215.060000 1.108000 215.490000 115.691150
216.120000 1.060000 216.516000 113.249150
217.017000 0.898000 217.415000 114.897280
217.988000 0.971000 218.371000 116.148480
219.065000 1.077000 219.451000 113.677150
220.012000 0.947000 220.415000 113.646080
220.929000 0.917000 221.331000 115.751550
221.970000 1.041000 222.353000 116.057010
223.116000 1.145000 223.520000 113.584820
224.033000 0.918000 224.438000 115.294210
225.029000 0.996000 225.432000 116.819820
226.122000 1.093000 226.519000 115.264010
227.041000 0.919000 227.455000 114.470150
227.929000 0.888000 228.319000 117.308210
229.031000 1.102000 229.396000 116.087220
230.125000 1.094000 230.517000 113.218950
231.042000 0.917000 231.461000 114.470150
232.039000 0.996000 232.458000 114.500350
233.110000 1.071000 233.501000 112.822010
234.101000 0.992000 234.497000 110.899480
234.968000 0.867000 235.383000 113.615880
236.012000 1.044000 236.406000 113.707350
237.148000 1.136000 237.563000 111.662280
238.064000 0.916000 238.480000 111.723550
238.985000 0.921000 239.381000 114.531410
240.050000 1.065000 240.424000 113.707350
241.150000 1.101000 241.548000 111.357680
242.050000 0.899000 242.502000 112.853080
243.027000 0.977000 243.425000 113.677150
244.101000 1.075000 244.504000 112.059210
245.122000 1.020000 245.525000 109.739750
245.997000 0.875000 246.383000 110.502550
246.833000 0.837000 247.226000 114.043010
247.839000 1.006000 248.224000 115.691150
249.084000 1.245000 249.512000 111.662280
250.195000 1.111000 250.586000 109.007150
251.171000 0.976000 251.545000 107.695550
252.063000 0.892000 252.498000 108.488550
252.962000 0.898000 253.388000 110.899480
253.992000 1.030000 254.407000 112.059210
255.094000 1.102000 255.504000 111.601880
256.161000 1.067000 256.593000 109.373880
257.082000 0.921000 257.511000 108.946750
257.938000 0.857000 258.350000 111.753750
258.838000 0.900000 259.233000 114.073210
260.091000 1.252000 260.510000 114.104280
261.261000 1.171000 261.692000 112.059210
262.323000 1.062000 262.718000 108.458350
263.284000 0.961000 263.681000 108.061410
264.200000 0.916000 264.582000 109.312610
265.298000 1.098000 265.700000 108.915680
266.440000 1.142000 266.823000 106.901680
267.545000 1.105000 267.915000 104.063610
268.488000 0.943000 268.863000 104.186140
269.394000 0.906000 269.764000 104.948950
270.373000 0.979000 270.758000 106.108680
271.548000 1.175000 271.941000 105.711750
272.692000 1.144000 273.062000 104.917880
273.766000 1.074000 274.161000 103.789210
274.712000 0.947000 275.082000 103.392280
275.594000 0.882000 275.983000 104.979150
276.580000 0.986000 276.989000 106.932740
277.776000 1.197000 278.165000 106.474550
278.931000 1.155000 279.290000 106.138880
280.024000 1.093000 280.401000 104.887680
280.993000 0.969000 281.380000 103.666680
281.915000 0.922000 282.289000 106.474550
282.841000 0.926000 283.245000 110.472350
284.029000 1.188000 284.412000 111.326610
285.147000 1.118000 285.553000 110.533610
286.044000 0.897000 286.475000 110.808010
286.894000 0.849000 287.287000 113.218950
287.774000 0.880000 288.174000 117.308210
289.024000 1.250000 289.408000 117.674950
290.207000 1.184000 290.609000 115.721350
291.340000 1.132000 291.734000 113.218950
292.301000 0.961000 292.697000 112.059210
293.226000 0.925000 293.609000 114.104280
294.291000 1.065000 294.689000 115.721350
295.485000 1.194000 295.866000 114.867080
296.599000 1.113000 296.998000 112.822010
297.537000 0.939000 297.952000 112.822010
298.445000 0.908000 298.859000 114.470150
299.471000 1.026000 299.888000 115.264010
300.611000 1.139000 300.986000 113.493350
301.734000 1.123000 302.133000 111.266210
302.709000 0.975000 303.112000 108.915680
303.628000 0.919000 304.032000 111.326610
304.643000 1.014000 305.032000 113.646080
305.782000 1.139000 306.173000 114.012810
306.881000 1.099000 307.298000 112.486350
307.893000 1.012000 308.286000 111.204950
308.791000 0.898000 309.174000 112.822010
309.754000 0.963000 310.158000 114.897280
310.861000 1.107000 311.233000 114.439950
311.918000 1.058000 312.321000 113.218950
312.848000 0.930000 313.273000 111.997950
313.750000 0.901000 314.136000 113.646080
314.733000 0.983000 315.118000 115.691150
315.815000 1.082000 316.202000 116.423750
316.895000 1.080000 317.301000 113.646080
317.854000 0.959000 318.242000 112.486350
318.780000 0.926000 319.174000 114.104280
319.868000 1.088000 320.257000 114.867080
321.024000 1.156000 321.418000 112.486350
322.090000 1.067000 322.530000 109.648280
323.007000 0.917000 323.413000 111.296410
323.951000 0.943000 324.375000 115.691150
324.936000 0.986000 325.340000 115.751550
326.029000 1.092000 326.411000 112.791810
326.956000 0.928000 327.372000 113.584820
327.933000 0.976000 328.331000 115.232950
329.136000 1.203000 329.530000 113.584820
330.219000 1.083000 330.620000 110.899480
331.117000 0.898000 331.518000 111.296410
332.029000 0.913000 332.439000 113.646080
333.031000 1.002000 333.437000 113.218950
334.092000 1.060000 334.508000 112.394880
334.983000 0.891000 335.387000 113.188750
335.911000 0.929000 336.298000 115.294210
337.134000 1.223000 337.541000 114.043010
338.209000 1.075000 338.616000 111.296410
339.111000 0.901000 339.520000 111.693350
340.113000 1.003000 340.495000 113.310410
341.241000 1.127000 341.655000 112.089420
342.334000 1.094000 342.739000 109.373880
343.240000 0.906000 343.615000 110.533610
344.263000 1.023000 344.655000 111.296410
345.411000 1.148000 345.798000 109.343680
346.434000 1.023000 346.818000 107.664480
347.411000 0.977000 347.778000 109.343680
348.488000 1.078000 348.879000 109.312610
349.626000 1.137000 349.996000 107.298610
350.566000 0.940000 350.956000 106.871480
351.554000 0.988000 351.914000 108.855280
352.676000 1.122000 353.066000 107.145880
353.652000 0.976000 354.018000 107.268410
354.577000 0.925000 354.955000 108.885480
355.604000 1.027000 355.994000 107.268410
356.653000 1.049000 357.054000 106.840410
357.548000 0.895000 357.956000 111.296410
358.467000 0.919000 358.873000 116.118280
359.602000 1.135000 360.009000 115.691150
360.757000 1.155000 361.151000 113.646080
361.686000 0.929000 362.104000 115.232950
362.703000 1.017000 363.091000 116.087220
363.803000 1.100000 364.197000 113.249150
364.749000 0.946000 365.153000 113.615880
365.748000 0.999000 366.131000 114.867080
366.948000 1.200000 367.348000 113.249150
367.977000 1.029000 368.389000 110.869280
368.904000 0.927000 369.311000 110.106480
369.984000 1.080000 370.382000 110.106480
371.183000 1.198000 371.593000 106.444350
372.182000 1.000000 372.588000 108.091620
373.283000 1.101000 373.674000 108.488550
374.486000 1.203000 374.864000 106.413280
375.488000 1.002000 375.852000 106.108680
376.395000 0.907000 376.792000 107.237350
377.494000 1.099000 377.865000 107.298610
378.685000 1.191000 379.083000 106.047410
379.637000 0.952000 380.011000 107.604080
380.650000 1.013000 381.071000 110.502550
381.903000 1.253000 382.304000 109.373880
382.934000 1.031000 383.347000 108.519610
383.846000 0.913000 384.266000 111.326610
384.927000 1.080000 385.347000 111.266210
386.089000 1.162000 386.506000 108.885480
387.119000 1.030000 387.521000 108.946750
388.200000 1.081000 388.582000 109.373880
389.292000 1.092000 389.705000 108.976950
390.348000 1.056000 390.761000 107.664480
391.289000 0.941000 391.685000 109.739750
392.370000 1.081000 392.778000 110.106480
393.519000 1.149000 393.900000 108.488550
394.491000 0.972000 394.899000 108.580010
395.490000 0.999000 395.897000 110.899480
396.585000 1.095000 396.998000 110.502550
397.631000 1.046000 398.038000 110.166880
398.560000 0.929000 398.980000 112.486350
399.681000 1.121000 400.098000 112.059210
400.839000 1.158000 401.236000 108.091620
401.799000 0.961000 402.196000 109.312610
402.887000 1.087000 403.278000 109.404080
404.017000 1.130000 404.417000 107.725750
404.979000 0.962000 405.356000 107.298610
405.878000 0.899000 406.276000 110.136680
406.936000 1.058000 407.340000 110.106480
407.979000 1.043000 408.381000 109.282410
408.875000 0.896000 409.274000 110.502550
409.698000 0.823000 410.117000 112.822010
410.537000 0.839000 410.941000 116.087220
411.624000 1.087000 411.993000 116.179550
412.762000 1.138000 413.173000 114.439950
413.808000 1.047000 414.192000 112.029010
414.740000 0.932000 415.154000 112.089420
415.642000 0.902000 416.052000 114.897280
416.746000 1.104000 417.172000 113.707350
417.897000 1.151000 418.293000 112.089420
418.948000 1.050000 419.351000 108.946750
419.889000 0.941000 420.291000 109.343680
420.819000 0.930000 421.206000 112.456150
421.969000 1.150000 422.370000 112.456150
423.072000 1.103000 423.499000 110.869280
424.097000 1.025000 424.490000 108.855280
424.988000 0.890000 425.373000 110.106480
425.927000 0.939000 426.313000 112.456150
426.959000 1.032000 427.351000 113.218950
428.048000 1.089000 428.477000 112.029010
428.984000 0.935000 429.370000 111.753750
429.842000 0.858000 430.230000 112.456150
430.654000 0.813000 431.056000 114.500350
431.487000 0.832000 431.890000 116.881080
432.650000 1.163000 433.052000 117.369480
433.829000 1.179000 434.232000 115.324420
434.979000 1.150000 435.389000 112.853080
435.977000 0.998000 436.386000 110.899480
436.895000 0.918000 437.311000 110.563810
437.796000 0.901000 438.201000 112.059210
438.937000 1.141000 439.328000 111.662280
440.116000 1.179000 440.528000 108.152880
441.245000 1.129000 441.606000 106.077610
442.209000 0.964000 442.571000 104.552010
443.127000 0.918000 443.508000 104.490750
444.043000 0.916000 444.410000 106.871480
445.241000 1.198000 445.628000 106.108680
446.426000 1.185000 446.801000 105.193150
447.565000 1.139000 447.929000 102.965150
448.553000 0.988000 448.929000 102.110880
449.519000 0.966000 449.894000 105.314810
450.536000 1.017000 450.912000 104.948950
451.624000 1.088000 451.987000 104.155080
452.611000 0.987000 452.986000 103.758150
453.616000 1.006000 453.973000 105.314810
454.686000 1.070000 455.077000 105.314810
455.774000 1.088000 456.181000 103.727950
456.742000 0.968000 457.106000 102.599280
457.613000 0.872000 458.002000 104.948950
458.599000 0.985000 459.005000 108.061410
459.853000 1.255000 460.269000 107.695550
460.997000 1.144000 461.389000 106.108680
461.933000 0.936000 462.326000 105.741950
462.792000 0.859000 463.205000 107.695550
463.698000 0.906000 464.089000 111.296410
464.683000 0.985000 465.087000 112.822010
465.731000 1.048000 466.132000 112.486350
466.628000 0.897000 467.051000 113.157680
467.558000 0.930000 467.984000 115.691150
468.674000 1.116000 469.071000 114.897280
469.777000 1.103000 470.174000 113.280210
470.741000 0.964000 471.147000 112.517410
471.726000 0.985000 472.107000 113.249150
472.736000 1.010000 473.114000 112.029010
473.729000 0.993000 474.107000 110.899480
474.636000 0.906000 475.013000 109.770810
475.460000 0.825000 475.853000 111.266210
476.229000 0.768000 476.650000 112.822010
477.000000 0.772000 477.390000 116.087220
478.346000 1.346000 478.726000 117.278010
479.495000 1.149000 479.885000 115.691150
480.605000 1.110000 481.008000 114.439950
481.700000 1.096000 482.063000 111.326610
482.649000 0.948000 483.065000 110.502550
483.519000 0.871000 483.907000 111.296410
484.349000 0.829000 484.722000 111.723550
485.205000 0.856000 485.569000 112.822010
486.486000 1.281000 486.862000 112.822010
487.638000 1.153000 488.021000 110.166880
488.738000 1.099000 489.130000 108.885480
489.756000 1.018000 490.141000 106.504750
490.768000 1.012000 491.157000 108.091620
491.768000 1.000000 492.180000 107.359880
492.707000 0.939000 493.100000 106.108680
493.613000 0.906000 494.021000 108.549810
494.717000 1.103000 495.104000 109.373880
495.923000 1.206000 496.327000 106.871480
497.068000 1.145000 497.443000 104.155080
498.015000 0.948000 498.380000 102.995350
498.938000 0.923000 499.324000 106.444350
499.989000 1.051000 500.398000 105.711750
501.150000 1.161000 501.518000 105.253550
502.094000 0.944000 502.506000 104.490750
502.962000 0.868000 503.358000 108.549810
503.952000 0.990000 504.370000 110.197950
505.229000 1.277000 505.617000 108.549810
506.332000 1.103000 506.738000 106.474550
507.269000 0.936000 507.684000 108.549810
508.291000 1.022000 508.684000 109.739750
509.498000 1.207000 509.894000 106.840410
510.587000 1.089000 510.997000 103.819410
511.501000 0.914000 511.918000 106.871480
512.478000 0.977000 512.876000 108.091620
513.673000 1.195000 514.082000 108.946750
514.748000 1.075000 515.156000 108.122680
515.653000 0.904000 516.097000 111.326610
516.732000 1.079000 517.134000 111.693350
517.940000 1.208000 518.338000 109.373880
519.024000 1.085000 519.425000 105.773010
519.968000 0.943000 520.360000 108.091620
521.042000 1.074000 521.424000 109.343680
522.157000 1.115000 522.584000 107.664480
523.106000 0.949000 523.494000 108.885480
524.106000 1.000000 524.527000 110.502550
525.305000 1.200000 525.681000 109.343680
526.464000 1.159000 526.841000 104.948950
527.431000 0.967000 527.826000 105.345880
528.437000 1.006000 528.837000 106.413280
529.623000 1.186000 530.001000 105.345880
530.763000 1.140000 531.121000 103.727950
531.702000 0.939000 532.101000 105.345880
532.736000 1.034000 533.104000 106.871480
533.851000 1.114000 534.263000 105.376080
534.834000 0.983000 535.223000 105.345880
535.809000 0.975000 536.207000 107.695550
536.896000 1.087000 537.292000 106.138880
537.892000 0.996000 538.270000 103.270610
538.764000 0.872000 539.164000 104.186140
539.582000 0.819000 539.986000 107.268410
540.520000 0.938000 540.913000 111.296410
541.823000 1.303000 542.212000 110.899480
542.935000 1.111000 543.358000 110.045210
543.889000 0.954000 544.287000 109.770810
544.813000 0.923000 545.208000 110.899480
545.823000 1.011000 546.235000 111.326610
547.002000 1.178000 547.391000 110.533610
548.105000 1.103000 548.515000 107.145880
549.030000 0.926000 549.433000 108.915680
549.933000 0.902000 550.330000 114.439950
551.064000 1.132000 551.458000 115.294210
552.236000 1.172000 552.654000 113.615880
553.233000 0.997000 553.653000 112.853080
554.308000 1.075000 554.702000 113.646080
555.462000 1.154000 555.875000 112.425950
556.573000 1.111000 556.956000 109.801010
557.503000 0.930000 557.903000 110.899480
558.471000 0.968000 558.877000 114.012810
559.529000 1.057000 559.921000 114.012810
560.590000 1.061000 560.978000 112.425950
561.489000 0.899000 561.885000 112.059210
562.356000 0.867000 562.767000 115.294210
563.390000 1.034000 563.779000 115.751550
564.673000 1.283000 565.087000 112.456150
565.782000 1.110000 566.163000 110.106480
566.686000 0.904000 567.086000 112.059210
567.670000 0.984000 568.049000 113.218950
568.772000 1.102000 569.165000 112.486350
569.898000 1.126000 570.284000 110.166880
570.816000 0.918000 571.224000 111.296410
571.763000 0.947000 572.152000 112.517410
572.808000 1.045000 573.190000 112.425950
573.926000 1.118000 574.306000 110.930550
574.856000 0.929000 575.272000 110.930550
575.774000 0.918000 576.154000 112.822010
576.757000 0.983000 577.172000 112.456150
577.781000 1.024000 578.171000 111.296410
578.688000 0.907000 579.069000 110.960750
579.618000 0.930000 580.037000 113.249150
580.713000 1.096000 581.129000 112.456150
581.819000 1.106000 582.213000 110.106480
582.747000 0.928000 583.155000 109.739750
583.587000 0.839000 583.971000 111.296410
584.401000 0.814000 584.778000 113.584820
585.363000 0.962000 585.733000 115.355480
586.661000 1.298000 587.075000 114.043010
587.812000 1.151000 588.212000 111.266210
588.763000 0.951000 589.153000 110.502550
589.637000 0.874000 590.033000 111.723550
590.661000 1.024000 591.078000 112.486350
591.835000 1.174000 592.222000 110.106480
592.999000 1.164000 593.399000 106.535810
593.981000 0.982000 594.393000 104.887680
594.885000 0.903000 595.279000 107.695550
595.933000 1.049000 596.323000 108.519610
597.062000 1.128000 597.478000 108.152880
598.172000 1.111000 598.597000 106.138880
599.114000 0.942000 599.516000 107.207150
600.085000 0.971000 600.497000 110.106480
601.226000 1.140000 601.620000 108.061410
602.355000 1.129000 602.782000 106.108680
603.297000 0.942000 603.722000 105.711750
604.206000 0.909000 604.599000 109.312610
605.255000 1.049000 605.640000 110.106480
606.410000 1.156000 606.800000 108.915680
607.375000 0.965000 607.785000 109.343680
608.316000 0.941000 608.704000 112.059210
609.294000 0.978000 609.676000 114.043010
610.352000 1.058000 610.764000 113.677150
611.294000 0.942000 611.701000 115.264010
612.336000 1.042000 612.742000 116.484150
613.615000 1.279000 614.015000 114.378680
614.741000 1.126000 615.128000 110.899480
615.696000 0.955000 616.107000 110.533610
616.566000 0.870000 616.969000 110.899480
617.376000 0.810000 617.786000 113.188750
618.292000 0.916000 618.687000 115.294210
619.568000 1.275000 619.971000 114.836020
620.665000 1.097000 621.069000 112.822010
621.639000 0.974000 622.066000 112.120480
622.519000 0.880000 622.913000 112.425950
623.348000 0.829000 623.753000 113.707350
624.257000 0.909000 624.629000 115.294210
625.556000 1.299000 625.953000 114.439950
626.757000 1.201000 627.133000 112.456150
627.888000 1.131000 628.274000 110.106480
628.850000 0.962000 629.249000 109.739750
629.754000 0.904000 630.136000 111.723550
630.665000 0.911000 631.074000 113.218950
631.917000 1.251000 632.292000 113.280210
633.100000 1.183000 633.511000 110.502550
634.117000 1.017000 634.515000 108.885480
635.122000 1.005000 635.513000 111.693350
636.326000 1.204000 636.700000 110.869280
637.524000 1.197000 637.914000 109.373880
638.695000 1.171000 639.078000 106.901680
639.763000 1.068000 640.158000 105.376080
640.849000 1.086000 641.259000 108.519610
641.899000 1.050000 642.283000 108.976950
643.067000 1.168000 643.501000 108.519610
644.210000 1.143000 644.597000 107.268410
645.221000 1.011000 645.642000 109.739750
646.346000 1.125000 646.758000 108.915680
647.560000 1.213000 647.958000 107.268410
648.612000 1.052000 649.006000 106.108680
649.535000 0.923000 649.943000 108.091620
650.467000 0.932000 650.844000 110.533610
651.669000 1.202000 652.061000 110.106480
652.883000 1.214000 653.289000 108.091620
654.013000 1.130000 654.428000 105.650480
654.943000 0.931000 655.343000 105.711750
655.917000 0.973000 656.330000 108.091620
657.073000 1.157000 657.504000 107.664480
658.250000 1.177000 658.660000 105.253550
659.220000 0.970000 659.624000 106.474550
660.219000 0.999000 660.626000 107.695550
661.361000 1.142000 661.775000 106.444350
662.488000 1.127000 662.887000 104.186140
663.431000 0.943000 663.849000 104.216350
664.326000 0.895000 664.708000 106.901680
665.355000 1.029000 665.772000 107.695550
666.519000 1.165000 666.928000 107.634280
667.535000 1.015000 667.949000 108.122680
668.476000 0.941000 668.870000 111.296410
669.586000 1.110000 669.998000 111.693350
670.797000 1.211000 671.193000 109.312610
671.779000 0.981000 672.211000 109.770810
672.773000 0.995000 673.175000 111.357680
673.873000 1.100000 674.272000 109.312610
674.841000 0.968000 675.273000 108.122680
675.718000 0.878000 676.094000 110.899480
676.662000 0.944000 677.055000 113.218950
677.741000 1.078000 678.137000 113.981750
678.754000 1.014000 679.155000 111.753750
679.632000 0.878000 680.054000 113.157680
680.575000 0.943000 680.954000 115.691150
681.692000 1.117000 682.076000 114.470150
682.712000 1.020000 683.122000 112.486350
683.596000 0.884000 683.979000 112.853080
684.489000 0.893000 684.880000 115.294210
685.468000 0.979000 685.864000 115.264010
686.460000 0.992000 686.871000 113.646080
687.368000 0.908000 687.763000 113.249150
688.215000 0.847000 688.603000 115.691150
689.172000 0.957000 689.585000 116.087220
690.285000 1.113000 690.674000 115.141480
691.272000 0.986000 691.658000 113.249150
692.148000 0.876000 692.573000 113.127480
692.988000 0.840000 693.391000 116.392680
693.872000 0.885000 694.259000 116.850880
694.740000 0.868000 695.122000 116.881080
695.581000 0.841000 695.976000 116.850880
696.404000 0.823000 696.788000 116.515210
697.283000 0.879000 697.663000 114.867080
698.119000 0.837000 698.520000 115.721350
699.043000 0.924000 699.466000 116.118280
700.141000 1.098000 700.519000 114.805810
701.167000 1.025000 701.544000 112.456150
702.082000 0.915000 702.490000 113.249150
703.077000 0.995000 703.462000 114.073210
704.151000 1.074000 704.527000 112.456150
705.135000 0.984000 705.524000 110.533610
706.040000 0.906000 706.450000 113.249150
707.119000 1.079000 707.489000 112.791810
708.236000 1.117000 708.607000 112.791810
709.173000 0.937000 709.573000 110.533610
710.095000 0.922000 710.499000 112.730550
711.236000 1.141000 711.627000 112.089420
712.392000 1.156000 712.788000 108.976950
713.335000 0.943000 713.726000 110.075410
714.312000 0.977000 714.709000 111.662280
715.405000 1.093000 715.783000 111.693350
716.457000 1.053000 716.850000 110.899480
717.414000 0.957000 717.812000 112.822010
718.525000 1.111000 718.908000 114.043010
719.765000 1.240000 720.175000 112.059210
720.727000 0.962000 721.139000 111.296410
721.652000 0.925000 722.078000 114.470150
722.729000 1.077000 723.097000 114.043010
723.847000 1.118000 724.213000 112.791810
724.792000 0.945000 725.176000 113.646080
725.788000 0.995000 726.161000 116.453950
726.928000 1.140000 727.338000 114.836020
727.948000 1.021000 728.357000 113.280210
728.855000 0.906000 729.264000 115.721350
729.894000 1.040000 730.284000 116.148480
731.034000 1.139000 731.401000 113.218950
731.968000 0.934000 732.360000 114.439950
732.988000 1.019000 733.366000 116.118280
734.105000 1.117000 734.514000 114.348480
735.046000 0.941000 735.441000 113.646080
735.970000 0.924000 736.383000 116.118280
737.078000 1.109000 737.505000 115.264010
738.270000 1.192000 738.671000 112.791810
