0.835000 0.714000 1.111000 69.954293
1.531000 0.696000 1.801000 70.044275
2.229000 0.698000 2.501000 69.999682
2.934000 0.704000 3.201000 70.302277
3.654000 0.720000 3.921000 69.337159
4.372000 0.719000 4.651000 69.438290
5.080000 0.707000 5.351000 69.124547
5.801000 0.722000 6.071000 69.539420
6.530000 0.729000 6.801000 69.673995
7.268000 0.737000 7.531000 68.327449
8.001000 0.733000 8.271000 67.508851
8.719000 0.718000 9.011000 66.352621
9.428000 0.710000 9.711000 64.928038
10.147000 0.718000 10.411000 65.174891
10.871000 0.725000 11.141000 64.849204
11.601000 0.729000 11.871000 65.971193
12.318000 0.717000 12.591000 67.531148
13.023000 0.705000 13.301000 67.979465
13.719000 0.696000 13.991000 67.979465
14.415000 0.696000 14.681000 66.980903
15.121000 0.707000 15.391000 67.205460
15.843000 0.722000 16.111000 67.878335
16.569000 0.726000 16.831000 68.865749
17.290000 0.721000 17.561000 69.740884
18.000000 0.710000 18.281000 69.427141
18.712000 0.712000 18.971000 69.673995
19.430000 0.719000 19.701000 68.507413
20.153000 0.723000 20.421000 67.676871
20.875000 0.722000 21.141000 67.553444
21.587000 0.712000 21.861000 67.273146
22.283000 0.696000 22.561000 67.059737
22.975000 0.692000 23.241000 68.473172
23.674000 0.698000 23.941000 69.012268
24.379000 0.706000 24.651000 68.495469
25.089000 0.709000 25.351000 69.224881
25.785000 0.697000 26.061000 67.598037
26.479000 0.693000 26.751000 66.756346
27.166000 0.687000 27.431000 67.688019
27.857000 0.691000 28.121000 67.665722
28.555000 0.698000 28.821000 69.191436
29.267000 0.712000 29.551000 70.111164
29.982000 0.715000 30.261000 70.335722
30.686000 0.705000 30.961000 69.471734
31.378000 0.691000 31.651000 67.979465
32.065000 0.687000 32.331000 67.766853
32.755000 0.691000 33.021000 68.215171
33.452000 0.697000 33.721000 67.901428
34.154000 0.703000 34.421000 68.529710
34.748000 0.593000 35.031000 68.529710
35.510000 0.762000 35.771000 69.146843
36.204000 0.694000 36.481000 67.755705
36.905000 0.701000 37.181000 67.104330
37.610000 0.705000 37.881000 65.421745
38.326000 0.716000 38.591000 66.116916
39.028000 0.702000 39.301000 65.488634
39.719000 0.691000 39.991000 64.905741
40.413000 0.693000 40.681000 64.905741
41.106000 0.694000 41.381000 65.276022
41.803000 0.697000 42.071000 65.713191
42.487000 0.684000 42.761000 65.993489
43.167000 0.680000 43.441000 66.061175
43.854000 0.687000 44.121000 65.522875
44.545000 0.691000 44.811000 65.735488
45.252000 0.707000 45.521000 65.702043
45.962000 0.710000 46.231000 65.904304
46.670000 0.708000 46.941000 65.051465
47.377000 0.707000 47.641000 64.568906
48.097000 0.720000 48.361000 64.490072
48.832000 0.735000 49.101000 64.052902
49.566000 0.733000 49.821000 65.926600
50.282000 0.717000 50.551000 65.757784
50.968000 0.686000 51.241000 65.510931
51.691000 0.722000 51.961000 65.578616
52.404000 0.714000 52.671000 65.309466
53.124000 0.720000 53.391000 65.510931
53.843000 0.719000 54.121000 65.825470
54.554000 0.710000 54.821000 66.094620
55.266000 0.712000 55.531000 66.374918
55.991000 0.725000 56.261000 67.811446
56.727000 0.736000 56.991000 69.068009
57.462000 0.736000 57.751000 67.844890
58.185000 0.722000 58.471000 67.564592
58.897000 0.712000 59.161000 67.609185
59.609000 0.713000 59.881000 67.238905
60.323000 0.714000 60.601000 68.047151
61.038000 0.715000 61.311000 69.124547
61.672000 0.634000 61.941000 70.436852
62.416000 0.744000 62.691000 70.661409
63.117000 0.701000 63.391000 70.403407
63.823000 0.706000 64.091000 70.740243
64.538000 0.715000 64.811000 70.863669
65.254000 0.716000 65.531000 70.639112
65.958000 0.704000 66.231000 69.920848
66.664000 0.706000 66.931000 69.561716
67.382000 0.718000 67.651000 69.314863
68.112000 0.729000 68.391000 68.843452
68.832000 0.720000 69.111000 68.091744
69.540000 0.708000 69.811000 67.609185
70.254000 0.715000 70.521000 67.407721
70.972000 0.718000 71.241000 67.531148
71.693000 0.721000 71.961000 67.620333
72.397000 0.704000 72.671000 67.418869
73.093000 0.695000 73.361000 67.037441
73.790000 0.698000 74.051000 67.474610
74.492000 0.702000 74.761000 67.261998
75.201000 0.709000 75.471000 68.102892
75.896000 0.695000 76.171000 67.598037
76.587000 0.691000 76.851000 67.990614
77.273000 0.686000 77.541000 68.765415
77.968000 0.695000 78.231000 69.371400
78.671000 0.703000 78.941000 69.449438
79.364000 0.693000 79.641000 69.001120
80.049000 0.685000 80.311000 68.810008
80.725000 0.676000 80.991000 68.395135
81.403000 0.678000 81.671000 68.540858
82.083000 0.680000 82.351000 68.294004
82.765000 0.682000 83.041000 69.359456
83.441000 0.675000 83.711000 69.528272
84.108000 0.667000 84.381000 68.843452
84.773000 0.666000 85.041000 68.360894
85.441000 0.667000 85.711000 66.621771
86.114000 0.673000 86.391000 65.881211
86.794000 0.680000 87.061000 65.477486
87.473000 0.679000 87.751000 64.782315
88.146000 0.673000 88.421000 64.928038
88.813000 0.667000 89.081000 64.826908
89.472000 0.659000 89.741000 63.794901
90.126000 0.654000 90.391000 64.075199
90.790000 0.665000 91.061000 64.075199
91.476000 0.686000 91.751000 64.377793
92.157000 0.681000 92.431000 64.557758
92.838000 0.680000 93.111000 64.220922
93.520000 0.682000 93.791000 64.344349
94.201000 0.681000 94.481000 63.671474
94.892000 0.691000 95.161000 63.222360
95.595000 0.703000 95.861000 62.560633
96.311000 0.716000 96.571000 62.324928
97.019000 0.709000 97.291000 61.606664
97.715000 0.696000 97.991000 61.584368
98.398000 0.683000 98.681000 61.202939
99.077000 0.679000 99.371000 61.180643
99.749000 0.672000 100.021000 61.538979
100.426000 0.676000 100.691000 62.044630
101.110000 0.684000 101.381000 62.515244
101.787000 0.678000 102.051000 63.671474
102.459000 0.671000 102.731000 63.356935
103.126000 0.668000 103.391000 63.648381
103.792000 0.666000 104.061000 63.749512
104.474000 0.681000 104.741000 63.266953
105.168000 0.695000 105.431000 63.626085
105.873000 0.705000 106.141000 63.188915
106.567000 0.694000 106.841000 63.469213
107.250000 0.683000 107.531000 63.043192
107.924000 0.674000 108.191000 63.738363
108.584000 0.660000 108.851000 63.065489
109.242000 0.659000 109.501000 64.142088
109.896000 0.654000 110.161000 64.535461
110.529000 0.633000 110.801000 65.410597
111.144000 0.615000 111.151000 56.714984
111.754000 0.609000 111.981000 60.922641
112.365000 0.611000 112.611000 59.340390
112.980000 0.615000 113.241000 58.431014
113.613000 0.632000 113.871000 58.487551
114.275000 0.663000 114.541000 58.207253
114.972000 0.697000 115.241000 58.027289
115.665000 0.694000 115.931000 57.297877
116.354000 0.688000 116.641000 57.758139
117.039000 0.685000 117.321000 56.905300
117.724000 0.686000 118.001000 56.299314
118.415000 0.691000 118.681000 55.379586
119.115000 0.699000 119.381000 55.974423
119.802000 0.688000 120.071000 56.860707
120.482000 0.679000 120.771000 57.780435
121.056000 0.575000 121.361000 56.490427
121.793000 0.737000 122.071000 57.028727
122.492000 0.698000 122.771000 56.770725
123.203000 0.711000 123.461000 57.848121
123.911000 0.709000 124.201000 58.038437
124.613000 0.702000 124.901000 58.139567
125.290000 0.677000 125.591000 56.961837
126.031000 0.741000 126.321000 56.961837
126.762000 0.730000 127.021000 56.546168
127.506000 0.745000 127.761000 56.658446
128.249000 0.743000 128.511000 56.793021
128.980000 0.731000 129.251000 57.859269
129.605000 0.625000 129.881000 57.612416
130.405000 0.800000 130.671000 58.229549
131.146000 0.741000 131.441000 57.051023
131.900000 0.755000 132.191000 57.017578
132.661000 0.761000 132.951000 57.129857
133.406000 0.745000 133.701000 58.004992
134.137000 0.731000 134.401000 59.564947
134.856000 0.719000 135.141000 59.126981
135.566000 0.710000 135.861000 58.655571
136.276000 0.710000 136.541000 58.868979
136.995000 0.719000 137.291000 58.756701
137.726000 0.731000 138.021000 59.171574
138.469000 0.743000 138.731000 59.935227
139.199000 0.730000 139.481000 60.114395
139.920000 0.721000 140.221000 60.338952
140.637000 0.717000 140.921000 59.923283
141.343000 0.706000 141.641000 60.596954
142.046000 0.703000 142.291000 64.703481
142.742000 0.696000 143.011000 63.749512
143.443000 0.701000 143.711000 61.068364
144.160000 0.716000 144.411000 59.878690
144.897000 0.737000 145.161000 59.721818
145.655000 0.758000 145.911000 59.194667
146.432000 0.776000 146.721000 57.141005
147.212000 0.780000 147.471000 56.714984
147.981000 0.769000 148.281000 54.762453
148.726000 0.745000 148.981000 54.189912
149.432000 0.705000 149.681000 52.574216
150.114000 0.683000 150.371000 52.249325
150.781000 0.667000 151.071000 51.879045
151.440000 0.659000 151.701000 53.314776
152.104000 0.664000 152.401000 52.809921
152.772000 0.668000 153.031000 53.730446
153.452000 0.680000 153.731000 53.314776
154.149000 0.697000 154.441000 52.619605
154.873000 0.724000 155.141000 53.202498
155.632000 0.760000 155.881000 53.853872
156.403000 0.770000 156.681000 54.291042
157.155000 0.752000 157.431000 55.042751
157.898000 0.743000 158.171000 54.818194
158.639000 0.742000 158.911000 54.414469
159.381000 0.742000 159.661000 54.268746
160.121000 0.740000 160.411000 54.369876
160.857000 0.736000 161.161000 54.818194
161.580000 0.723000 161.861000 55.682181
162.291000 0.710000 162.581000 56.669595
162.991000 0.701000 163.281000 57.017578
163.690000 0.699000 163.971000 56.793021
164.397000 0.706000 164.671000 56.827262
165.114000 0.718000 165.401000 57.118709
165.840000 0.726000 166.101000 57.691250
166.568000 0.727000 166.851000 58.072678
167.279000 0.711000 167.541000 58.274142
167.987000 0.708000 168.251000 58.240698
168.696000 0.709000 168.951000 56.714984
169.412000 0.716000 169.701000 56.052461
170.141000 0.728000 170.401000 55.671033
170.875000 0.735000 171.131000 55.917886
171.606000 0.731000 171.881000 55.458420
172.320000 0.714000 172.581000 56.333555
173.023000 0.703000 173.331000 56.680743
173.713000 0.690000 173.971000 57.848121
174.399000 0.687000 174.681000 56.838411
175.088000 0.688000 175.381000 56.355852
175.780000 0.692000 176.071000 56.198184
176.480000 0.700000 176.751000 56.468130
177.187000 0.708000 177.491000 56.535020
177.893000 0.706000 178.171000 57.129857
178.601000 0.707000 178.851000 58.150716
179.307000 0.706000 179.601000 57.421303
180.018000 0.711000 180.281000 56.737280
180.732000 0.714000 180.981000 56.433889
181.458000 0.726000 181.751000 55.816756
182.193000 0.734000 182.451000 55.862145
182.929000 0.737000 183.201000 55.390734
183.653000 0.723000 183.931000 56.299314
184.353000 0.701000 184.611000 57.141005
185.045000 0.692000 185.311000 57.185598
185.731000 0.686000 186.001000 57.039875
186.414000 0.683000 186.701000 57.387859
187.105000 0.691000 187.391000 57.006430
187.805000 0.700000 188.061000 57.129857
188.517000 0.712000 188.781000 58.072678
189.226000 0.709000 189.521000 58.027289
189.929000 0.704000 190.221000 58.218401
190.631000 0.702000 190.931000 58.016141
191.336000 0.704000 191.601000 57.511285
192.048000 0.713000 192.351000 56.883003
192.769000 0.721000 193.061000 56.254722
193.506000 0.737000 193.811000 54.852435
194.250000 0.744000 194.511000 56.411593
194.983000 0.733000 195.271000 55.323049
195.702000 0.719000 195.961000 55.895590
196.411000 0.709000 196.711000 55.311901
197.116000 0.705000 197.411000 53.931910
197.825000 0.709000 198.091000 53.842724
198.543000 0.719000 198.841000 53.651612
199.272000 0.728000 199.571000 54.841286
200.004000 0.732000 200.271000 55.648736
200.732000 0.728000 201.021000 55.446476
201.452000 0.720000 201.711000 56.972986
202.174000 0.722000 202.481000 57.152153
202.902000 0.727000 203.171000 55.659884
203.643000 0.742000 203.921000 55.042751
204.391000 0.748000 204.671000 54.987010
205.141000 0.750000 205.411000 54.818194
205.875000 0.734000 206.161000 55.929034
206.594000 0.719000 206.861000 55.256159
207.314000 0.720000 207.611000 55.300752
208.032000 0.719000 208.331000 55.199622
208.762000 0.730000 209.031000 55.346142
209.503000 0.740000 209.811000 55.884441
210.241000 0.738000 210.541000 55.525309
210.969000 0.728000 211.231000 55.828700
211.700000 0.731000 211.981000 53.865021
212.442000 0.742000 212.721000 53.427055
213.194000 0.751000 213.491000 52.866459
213.949000 0.756000 214.231000 53.719297
214.691000 0.742000 214.991000 54.347579
215.424000 0.733000 215.691000 55.873293
216.154000 0.730000 216.431000 53.842724
216.891000 0.737000 217.181000 53.292480
217.634000 0.743000 217.921000 53.741594
218.379000 0.745000 218.671000 53.898465
219.115000 0.737000 219.411000 54.414469
219.834000 0.719000 220.111000 55.076195
220.537000 0.703000 220.811000 55.278456
221.238000 0.701000 221.511000 55.099288
221.946000 0.708000 222.201000 55.379586
222.665000 0.719000 222.961000 56.097850
223.387000 0.722000 223.671000 56.815318
224.113000 0.725000 224.391000 56.389297
224.833000 0.720000 225.101000 55.547606
225.563000 0.730000 225.841000 55.245011
226.293000 0.731000 226.591000 54.425617
227.006000 0.713000 227.291000 54.403321
227.697000 0.691000 227.971000 55.088140
228.368000 0.670000 228.641000 54.874731
229.032000 0.665000 229.331000 53.931910
229.693000 0.661000 229.961000 54.324487
230.358000 0.665000 230.641000 53.830780
231.032000 0.674000 231.301000 54.874731
231.698000 0.666000 231.981000 54.324487
232.361000 0.662000 232.611000 54.291042
233.027000 0.666000 233.301000 53.034478
233.700000 0.673000 233.991000 51.508764
234.373000 0.673000 234.641000 51.789063
235.016000 0.643000 235.271000 50.947372
235.650000 0.635000 235.901000 51.429931
236.284000 0.633000 236.531000 51.531061
236.917000 0.634000 237.161000 52.271621
237.554000 0.636000 237.801000 52.103602
238.199000 0.645000 238.481000 51.374189
238.857000 0.658000 239.121000 50.801649
239.542000 0.685000 239.811000 50.352535
240.242000 0.700000 240.501000 50.700518
240.940000 0.698000 241.191000 51.127336
241.624000 0.684000 241.891000 51.026206
242.301000 0.677000 242.591000 50.734759
242.969000 0.668000 243.221000 50.779352
243.637000 0.668000 243.911000 49.713105
244.314000 0.677000 244.601000 49.959958
245.000000 0.686000 245.291000 50.217960
245.684000 0.684000 245.981000 50.823945
246.357000 0.673000 246.621000 51.351097
247.024000 0.667000 247.321000 51.317652
247.688000 0.663000 247.961000 51.104243
248.351000 0.664000 248.601000 51.351097
249.031000 0.680000 249.301000 50.296794
249.725000 0.694000 249.991000 50.083385
250.419000 0.695000 250.671000 50.565943
251.106000 0.687000 251.361000 50.431368
251.786000 0.680000 252.041000 47.929389
252.471000 0.685000 252.731000 49.040230
253.163000 0.692000 253.461000 48.299669
253.860000 0.697000 254.151000 48.793376
254.555000 0.695000 254.851000 49.511640
255.242000 0.686000 255.541000 49.713105
255.921000 0.679000 256.171000 50.229108
256.599000 0.678000 256.861000 49.646215
257.279000 0.680000 257.551000 49.556233
257.964000 0.685000 258.251000 49.287083
258.649000 0.685000 258.931000 50.397924
259.320000 0.671000 259.621000 51.531061
259.979000 0.659000 260.261000 50.812797
260.630000 0.651000 260.891000 51.149632
261.281000 0.651000 261.531000 51.564506
261.943000 0.662000 262.231000 51.374189
262.610000 0.667000 262.871000 52.597309
263.272000 0.661000 263.541000 52.989885
263.932000 0.660000 264.211000 52.002471
264.605000 0.673000 264.861000 51.205374
265.289000 0.684000 265.551000 50.711667
265.979000 0.690000 266.241000 51.396486
266.666000 0.688000 266.941000 50.464813
267.349000 0.683000 267.621000 48.489985
268.037000 0.688000 268.311000 48.557671
268.731000 0.695000 269.021000 48.333114
269.430000 0.699000 269.711000 49.342824
270.120000 0.690000 270.401000 49.858828
270.797000 0.677000 271.071000 50.453665
271.467000 0.670000 271.741000 49.062526
272.142000 0.675000 272.421000 49.185953
272.820000 0.678000 273.111000 49.174805
273.504000 0.684000 273.741000 49.230546
274.185000 0.681000 274.431000 50.252201
274.860000 0.675000 275.121000 51.273059
275.527000 0.667000 275.821000 51.800211
276.190000 0.663000 276.451000 50.812797
276.855000 0.665000 277.131000 49.847679
277.531000 0.676000 277.821000 50.274497
278.225000 0.694000 278.511000 50.038792
278.933000 0.707000 279.191000 51.015058
279.635000 0.702000 279.881000 51.452227
280.330000 0.695000 280.591000 50.936224
281.026000 0.696000 281.271000 50.195663
281.728000 0.702000 281.971000 49.208249
282.438000 0.710000 282.701000 49.477399
283.149000 0.712000 283.441000 49.948810
283.846000 0.697000 284.131000 50.072236
284.536000 0.690000 284.821000 49.758494
285.229000 0.693000 285.511000 49.589678
285.922000 0.694000 286.211000 48.636505
286.623000 0.701000 286.911000 48.187391
287.330000 0.707000 287.581000 49.982254
288.019000 0.689000 288.271000 51.048502
288.706000 0.687000 288.961000 52.148195
289.387000 0.681000 289.641000 51.227670
290.074000 0.687000 290.331000 50.375627
290.774000 0.700000 291.061000 50.823945
291.487000 0.713000 291.751000 51.575654
292.194000 0.707000 292.481000 51.486468
292.894000 0.700000 293.181000 51.474523
293.603000 0.709000 293.881000 50.397924
294.314000 0.712000 294.581000 49.342824
295.046000 0.732000 295.331000 49.589678
295.786000 0.740000 296.071000 49.611974
296.522000 0.736000 296.801000 50.117626
297.250000 0.728000 297.531000 49.937662
297.981000 0.731000 298.271000 48.692246
298.722000 0.741000 299.021000 48.837969
299.474000 0.752000 299.771000 48.916803
300.241000 0.767000 300.521000 49.073674
300.990000 0.749000 301.291000 48.355410
301.740000 0.750000 301.991000 48.456541
302.502000 0.762000 302.801000 48.972544
303.260000 0.758000 303.551000 49.735401
303.997000 0.738000 304.301000 49.443955
304.724000 0.727000 304.991000 51.216522
305.445000 0.721000 305.741000 51.755618
306.166000 0.721000 306.431000 52.832218
306.898000 0.732000 307.171000 52.103602
307.657000 0.759000 307.921000 52.058213
308.447000 0.791000 308.711000 50.644777
309.246000 0.798000 309.501000 51.934786
310.019000 0.774000 310.281000 52.439641
310.766000 0.747000 311.021000 52.708791
311.500000 0.733000 311.771000 53.191350
312.223000 0.723000 312.511000 53.360166
312.935000 0.712000 313.211000 53.786187
313.657000 0.722000 313.951000 52.338511
314.394000 0.737000 314.701000 52.271621
315.161000 0.767000 315.461000 52.563068
315.950000 0.789000 316.251000 52.630753
316.731000 0.780000 316.991000 53.079071
317.496000 0.765000 317.791000 52.933348
318.239000 0.743000 318.531000 52.574216
318.972000 0.733000 319.281000 52.125898
319.705000 0.733000 319.971000 52.597309
320.440000 0.735000 320.731000 52.203936
321.179000 0.739000 321.481000 52.776476
321.916000 0.737000 322.171000 53.292480
322.644000 0.728000 322.921000 52.888755
323.364000 0.719000 323.661000 52.540771
324.082000 0.719000 324.341000 52.563068
324.825000 0.743000 325.071000 51.497616
325.590000 0.765000 325.871000 50.678222
326.375000 0.785000 326.661000 50.307942
327.154000 0.779000 327.461000 50.319090
327.913000 0.759000 328.211000 50.790500
328.664000 0.751000 328.961000 50.285645
329.411000 0.747000 329.711000 49.758494
330.163000 0.752000 330.451000 49.679660
330.918000 0.755000 331.181000 49.377065
331.680000 0.762000 331.971000 49.095971
332.437000 0.757000 332.721000 49.701956
333.185000 0.749000 333.471000 49.017933
333.925000 0.740000 334.211000 49.657363
334.663000 0.738000 334.911000 48.658801
335.411000 0.748000 335.661000 49.331676
336.169000 0.758000 336.411000 48.333114
336.941000 0.772000 337.211000 47.391089
337.718000 0.777000 337.991000 48.826821
338.476000 0.758000 338.731000 49.522788
339.217000 0.740000 339.481000 51.385338
339.947000 0.731000 340.241000 48.568819
340.685000 0.737000 340.941000 49.971106
341.443000 0.758000 341.711000 49.545085
342.224000 0.781000 342.501000 44.484589
343.026000 0.802000 343.731000 45.718856
343.816000 0.790000 344.121000 48.591116
344.593000 0.777000 344.891000 48.961396
345.387000 0.793000 345.661000 49.971106
346.176000 0.789000 346.471000 47.211125
346.959000 0.784000 347.221000 48.063964
347.725000 0.766000 347.981000 49.130212
348.471000 0.746000 348.751000 48.086260
349.211000 0.740000 349.511000 47.783666
349.959000 0.748000 350.251000 46.695122
350.723000 0.763000 350.971000 47.592554
351.507000 0.784000 351.771000 46.997716
352.294000 0.787000 352.571000 47.367996
353.071000 0.777000 353.321000 47.671387
353.830000 0.758000 354.081000 48.400800
354.575000 0.746000 354.831000 48.355410
355.327000 0.752000 355.581000 47.727128
356.097000 0.770000 356.391000 47.457979
356.877000 0.780000 357.131000 48.568819
357.652000 0.776000 357.921000 47.918241
358.421000 0.769000 358.721000 48.187391
359.190000 0.769000 359.461000 47.323404
359.964000 0.774000 360.211000 46.975420
360.743000 0.779000 361.031000 46.269100
361.520000 0.776000 361.781000 46.986568
362.274000 0.755000 362.581000 45.416261
363.010000 0.735000 363.261000 47.413386
363.731000 0.722000 364.011000 46.739715
364.454000 0.723000 364.701000 46.437120
365.190000 0.736000 365.451000 46.549399
365.947000 0.757000 366.201000 46.863141
366.722000 0.775000 367.011000 46.492861
367.487000 0.765000 367.771000 45.797690
368.236000 0.748000 368.531000 45.337428
368.983000 0.748000 369.231000 44.854869
369.726000 0.743000 369.981000 45.326279
370.464000 0.738000 370.731000 44.742590
371.187000 0.723000 371.481000 44.686849
371.892000 0.704000 372.191000 45.247446
372.586000 0.695000 372.831000 45.124019
373.281000 0.695000 373.531000 45.382020
373.980000 0.699000 374.231000 45.786542
374.686000 0.706000 374.941000 45.584281
375.398000 0.712000 375.861000 44.900258
376.104000 0.706000 376.351000 45.921117
376.810000 0.706000 377.091000 44.900258
377.516000 0.706000 377.781000 44.686849
378.193000 0.676000 378.471000 44.125457
378.843000 0.651000 379.121000 44.630312
379.491000 0.647000 379.761000 44.372310
380.141000 0.651000 380.411000 45.101722
380.793000 0.651000 381.061000 45.382020
381.448000 0.655000 381.711000 45.640818
382.111000 0.663000 382.351000 45.214001
382.793000 0.683000 383.051000 44.911406
383.494000 0.701000 383.741000 44.821424
384.202000 0.708000 384.441000 44.204291
384.902000 0.699000 385.201000 43.889751
385.591000 0.689000 385.841000 44.922555
386.274000 0.683000 386.541000 44.753739
386.964000 0.690000 387.251000 43.576009
387.656000 0.692000 387.901000 44.843721
388.348000 0.692000 388.611000 45.359724
389.027000 0.679000 389.311000 44.888314
389.702000 0.675000 389.951000 45.057129
390.377000 0.675000 390.651000 44.305421
391.058000 0.682000 391.341000 44.069716
391.753000 0.694000 391.991000 44.451144
392.449000 0.696000 392.691000 44.327717
393.137000 0.688000 393.391000 45.460854
393.822000 0.685000 394.091000 44.338865
394.519000 0.697000 394.801000 43.553712
395.226000 0.707000 395.491000 43.642898
395.945000 0.720000 396.201000 44.529978
396.659000 0.714000 396.941000 44.686849
397.370000 0.711000 397.631000 44.709146
398.092000 0.722000 398.331000 44.036271
398.822000 0.730000 399.091000 43.519471
399.555000 0.733000 399.841000 44.608015
400.274000 0.719000 400.541000 45.494299
400.986000 0.712000 401.251000 45.000592
401.699000 0.714000 401.951000 45.079426
402.422000 0.723000 402.711000 43.845159
403.156000 0.733000 403.401000 44.799128
403.892000 0.736000 404.151000 45.370872
404.625000 0.733000 404.901000 45.045981
405.363000 0.737000 405.651000 44.069716
406.104000 0.741000 406.351000 44.641460
406.846000 0.742000 407.111000 44.294273
407.578000 0.732000 407.861000 45.326279
408.293000 0.715000 408.571000 45.685411
409.006000 0.713000 409.271000 45.191704
409.725000 0.719000 409.971000 44.720294
410.462000 0.737000 410.711000 45.472003
411.216000 0.754000 411.511000 44.630312
411.971000 0.755000 412.251000 45.169408
412.741000 0.769000 413.001000 45.057129
413.546000 0.805000 413.791000 44.753739
414.370000 0.824000 414.661000 44.103160
415.195000 0.826000 415.471000 45.147112
415.982000 0.787000 416.271000 44.832572
416.741000 0.759000 417.021000 44.832572
417.498000 0.757000 417.751000 44.854869
418.259000 0.762000 418.551000 43.811714
419.027000 0.768000 419.291000 44.462292
419.792000 0.765000 420.051000 45.786542
420.548000 0.757000 420.801000 44.742590
421.130000 0.581000 421.391000 44.036271
422.038000 0.909000 422.311000 43.800566
422.834000 0.796000 423.121000 42.610891
423.633000 0.799000 423.921000 44.226587
424.411000 0.778000 424.661000 43.766325
425.171000 0.760000 425.461000 43.778269
425.947000 0.777000 426.211000 44.776831
426.733000 0.786000 427.031000 43.800566
427.526000 0.792000 427.781000 44.978296
428.298000 0.773000 428.601000 44.484589
429.055000 0.757000 429.351000 44.473440
429.809000 0.754000 430.101000 44.283124
430.580000 0.771000 430.831000 44.888314
431.373000 0.792000 431.631000 45.752301
432.152000 0.779000 432.441000 45.370872
432.928000 0.776000 433.191000 44.967147
433.702000 0.775000 433.951000 44.799128
434.478000 0.776000 434.761000 42.644336
435.255000 0.777000 435.521000 44.720294
436.017000 0.762000 436.281000 44.148549
436.705000 0.688000 436.971000 44.181994
437.525000 0.820000 437.781000 43.721732
438.299000 0.774000 438.531000 42.184870
439.077000 0.779000 439.341000 44.787980
439.844000 0.767000 440.101000 43.318007
440.615000 0.771000 440.911000 41.949165
441.413000 0.798000 441.661000 45.034833
442.219000 0.806000 442.481000 45.112871
443.012000 0.793000 443.281000 43.553712
443.777000 0.765000 444.031000 44.787980
444.527000 0.750000 444.781000 43.351452
445.281000 0.754000 445.521000 43.082302
446.046000 0.765000 446.321000 42.846596
446.825000 0.779000 447.071000 43.912844
447.599000 0.774000 447.881000 43.486027
448.377000 0.778000 448.631000 44.047419
449.183000 0.805000 449.441000 42.756614
449.992000 0.810000 450.241000 42.588595
450.798000 0.806000 451.041000 41.903775
451.592000 0.794000 451.891000 40.748342
452.385000 0.793000 452.631000 42.016054
453.185000 0.800000 453.441000 42.072591
453.995000 0.810000 454.241000 41.814590
454.789000 0.793000 455.051000 41.309734
455.564000 0.776000 455.841000 40.692601
456.337000 0.772000 456.591000 41.702311
457.117000 0.781000 457.391000 41.006344
457.908000 0.791000 458.181000 40.131208
458.688000 0.780000 458.981000 40.849472
459.462000 0.774000 459.731000 41.803441
460.248000 0.786000 460.521000 41.533495
461.027000 0.780000 461.321000 40.961751
461.817000 0.789000 462.071000 42.218315
462.584000 0.767000 462.871000 41.691163
463.344000 0.760000 463.611000 41.354327
464.128000 0.784000 464.401000 40.041226
464.939000 0.812000 465.191000 40.468044
465.767000 0.828000 466.031000 40.613767
466.584000 0.817000 466.881000 39.278369
467.389000 0.805000 467.671000 38.482068
468.033000 0.644000 468.311000 38.526661
469.024000 0.992000 469.271000 41.477754
469.849000 0.825000 470.121000 40.041226
470.635000 0.785000 470.911000 40.804879
471.381000 0.746000 471.651000 40.591470
472.107000 0.726000 472.381000 40.411506
472.822000 0.714000 473.071000 41.455458
473.555000 0.734000 473.811000 41.332031
474.332000 0.777000 474.601000 42.004906
475.151000 0.819000 475.401000 41.825738
475.990000 0.839000 476.241000 41.006344
476.664000 0.674000 476.911000 39.154943
477.872000 1.208000 478.121000 39.222628
478.980000 1.108000 479.231000 39.436037
479.974000 0.994000 480.251000 38.908089
480.836000 0.862000 481.111000 38.795811
481.656000 0.820000 481.921000 40.423451
482.456000 0.800000 482.741000 39.256073
483.228000 0.772000 483.491000 39.783224
483.979000 0.751000 484.231000 39.357203
484.733000 0.755000 484.981000 38.650087
485.501000 0.767000 485.771000 38.919237
486.288000 0.787000 486.521000 39.166091
487.095000 0.807000 487.361000 40.041226
487.898000 0.803000 488.151000 39.817465
488.685000 0.786000 488.941000 39.312610
489.484000 0.799000 489.731000 40.075467
490.301000 0.817000 490.791000 39.659798
491.125000 0.824000 491.371000 39.211480
491.923000 0.798000 492.211000 38.032954
492.698000 0.775000 492.951000 39.009219
493.474000 0.776000 493.741000 39.065757
494.257000 0.782000 494.491000 38.896941
495.039000 0.782000 495.301000 38.942330
495.806000 0.767000 496.061000 40.018930
496.563000 0.757000 496.811000 39.436037
497.304000 0.741000 497.551000 39.559464
498.060000 0.756000 498.301000 39.716335
498.832000 0.773000 499.111000 39.200332
499.628000 0.795000 499.861000 39.099201
500.414000 0.787000 500.661000 39.952040
501.180000 0.765000 501.411000 39.401796
501.962000 0.782000 502.231000 40.108912
502.750000 0.788000 502.991000 40.781787
503.551000 0.801000 503.801000 39.850910
504.349000 0.798000 504.601000 40.030078
505.139000 0.789000 505.401000 39.783224
505.934000 0.796000 506.201000 40.423451
506.729000 0.794000 507.011000 39.705187
