16.062000 1.271000 16.398000 85.997418
17.305000 1.244000 17.623000 86.516202
18.573000 1.268000 18.893000 86.058494
19.857000 1.284000 20.221000 86.424229
21.093000 1.236000 21.401000 87.583949
22.411000 1.319000 22.711000 85.997418
23.655000 1.244000 24.006000 86.027597
24.883000 1.228000 25.222000 86.485305
26.213000 1.330000 26.529000 86.394051
27.437000 1.224000 27.748000 86.821580
28.787000 1.350000 29.127000 86.851759
30.049000 1.262000 30.367000 86.912835
31.281000 1.232000 31.607000 87.981300
32.581000 1.300000 32.906000 86.912835
33.773000 1.193000 34.115000 88.774565
35.102000 1.329000 35.427000 88.408111
36.321000 1.218000 36.629000 88.469186
37.528000 1.207000 37.834000 89.567830
38.824000 1.296000 39.158000 89.598727
40.058000 1.234000 40.365000 89.659084
41.339000 1.281000 41.653000 90.575219
42.556000 1.217000 42.867000 90.879879
43.793000 1.237000 44.127000 89.689981
45.014000 1.222000 45.345000 88.835640
46.222000 1.207000 46.523000 91.673863
47.499000 1.277000 47.807000 90.483247
48.712000 1.212000 49.020000 91.307409
50.021000 1.309000 50.355000 90.086614
51.242000 1.221000 51.553000 91.368484
52.503000 1.261000 52.814000 91.276512
53.739000 1.236000 54.067000 92.100674
54.975000 1.236000 55.335000 92.375155
56.227000 1.252000 56.547000 91.246333
57.457000 1.230000 57.793000 91.704041
58.696000 1.239000 59.014000 89.720160
59.881000 1.185000 60.200000 90.818803
61.163000 1.282000 61.495000 90.940955
62.406000 1.243000 62.723000 91.673863
63.614000 1.208000 63.952000 92.467128
64.859000 1.245000 65.183000 91.246333
66.018000 1.159000 66.344000 92.436231
67.289000 1.271000 67.611000 93.260393
68.501000 1.212000 68.839000 91.246333
69.731000 1.230000 70.052000 92.893939
70.936000 1.205000 71.259000 90.514144
72.114000 1.177000 72.436000 92.100674
73.362000 1.248000 73.699000 92.436231
74.545000 1.183000 74.848000 91.216155
75.813000 1.268000 76.140000 91.734938
77.032000 1.219000 77.360000 90.483247
78.262000 1.230000 78.591000 92.436231
79.554000 1.292000 79.901000 90.483247
80.769000 1.215000 81.139000 85.997418
82.045000 1.275000 82.382000 90.086614
83.237000 1.192000 83.539000 90.391992
84.404000 1.167000 84.720000 90.056435
85.613000 1.209000 85.940000 89.262452
86.840000 1.227000 87.167000 85.234332
88.083000 1.243000 88.405000 89.262452
89.262000 1.179000 89.640000 87.157137
90.451000 1.189000 90.780000 88.469186
91.716000 1.266000 92.037000 91.673863
92.902000 1.186000 93.243000 89.659084
94.169000 1.268000 94.507000 90.879879
95.434000 1.264000 95.765000 89.689981
96.659000 1.225000 97.046000 91.673863
97.970000 1.311000 98.293000 93.230215
99.251000 1.281000 99.565000 91.337587
100.559000 1.308000 100.907000 91.276512
101.773000 1.214000 102.126000 91.734938
103.063000 1.290000 103.401000 90.117511
104.315000 1.252000 104.634000 90.453068
105.598000 1.282000 105.921000 90.575219
106.849000 1.251000 107.182000 89.659084
108.063000 1.214000 108.376000 91.612787
109.302000 1.239000 109.623000 90.056435
110.473000 1.171000 110.802000 90.056435
111.714000 1.241000 112.045000 89.659084
112.881000 1.167000 113.224000 87.583949
114.136000 1.255000 114.461000 88.439008
115.362000 1.226000 115.701000 88.439008
116.572000 1.210000 116.893000 89.171197
117.836000 1.264000 118.185000 87.614846
119.047000 1.211000 119.382000 90.483247
120.289000 1.242000 120.602000 92.497307
121.519000 1.230000 121.862000 90.940955
122.764000 1.245000 123.102000 87.614846
124.028000 1.264000 124.383000 85.325586
125.239000 1.212000 125.570000 86.455126
126.520000 1.281000 126.844000 89.659084
127.750000 1.230000 128.080000 90.453068
129.018000 1.269000 129.349000 89.628906
130.280000 1.261000 130.602000 88.865819
131.524000 1.244000 131.842000 88.408111
132.802000 1.278000 133.146000 89.659084
133.993000 1.191000 134.330000 89.262452
135.268000 1.275000 135.602000 87.614846
136.506000 1.238000 136.841000 89.659084
137.748000 1.242000 138.110000 89.720160
138.987000 1.239000 139.328000 88.804743
140.197000 1.211000 140.520000 90.483247
141.462000 1.264000 141.787000 91.704041
142.621000 1.160000 142.960000 89.232273
143.821000 1.200000 144.150000 90.025538
145.046000 1.226000 145.377000 86.790683
146.236000 1.190000 146.552000 89.567830
147.498000 1.262000 147.796000 90.056435
148.673000 1.174000 149.011000 90.544322
149.937000 1.264000 150.266000 86.424229
151.132000 1.196000 151.474000 88.774565
152.374000 1.242000 152.726000 87.279289
153.626000 1.252000 153.947000 87.553770
154.828000 1.202000 155.166000 88.439008
156.029000 1.201000 156.351000 88.835640
157.241000 1.212000 157.573000 87.157137
158.493000 1.251000 158.807000 87.614846
159.665000 1.173000 160.007000 88.347035
160.939000 1.274000 161.276000 85.692040
162.153000 1.214000 162.493000 87.614846
163.346000 1.192000 163.666000 87.950403
164.616000 1.270000 164.952000 87.157137
165.842000 1.227000 166.162000 85.173256
167.108000 1.266000 167.436000 84.502142
168.293000 1.186000 168.613000 86.912835
169.521000 1.228000 169.834000 87.126240
170.760000 1.238000 171.111000 86.027597
171.979000 1.219000 172.332000 86.088672
173.292000 1.313000 173.633000 85.600786
174.498000 1.207000 174.811000 85.997418
175.748000 1.249000 176.059000 86.455126
176.995000 1.248000 177.319000 86.088672
178.226000 1.231000 178.553000 85.630964
179.477000 1.251000 179.820000 86.119569
180.638000 1.161000 180.959000 87.583949
181.859000 1.221000 182.201000 84.806802
183.047000 1.188000 183.382000 87.583949
184.243000 1.196000 184.560000 89.262452
185.557000 1.314000 185.921000 89.659084
186.769000 1.212000 187.120000 90.086614
188.062000 1.293000 188.407000 90.025538
189.242000 1.180000 189.565000 89.598727
190.531000 1.289000 190.861000 88.926895
191.744000 1.213000 192.076000 88.408111
192.987000 1.243000 193.339000 88.865819
194.203000 1.216000 194.524000 88.347035
195.341000 1.138000 195.678000 89.262452
196.557000 1.216000 196.900000 89.293349
197.675000 1.118000 197.998000 92.131571
199.040000 1.365000 199.366000 92.467128
200.279000 1.239000 200.606000 91.734938
201.637000 1.358000 201.959000 91.276512
202.874000 1.237000 203.206000 89.689981
204.188000 1.315000 204.538000 88.743668
205.429000 1.240000 205.757000 89.201376
206.658000 1.229000 207.001000 86.058494
207.885000 1.228000 208.208000 88.408111
209.109000 1.224000 209.425000 86.882656
210.376000 1.267000 210.707000 87.614846
211.551000 1.175000 211.863000 87.645024
212.787000 1.236000 213.130000 87.889327
213.969000 1.181000 214.336000 87.096062
215.191000 1.222000 215.506000 88.041657
216.396000 1.204000 216.726000 87.187316
217.603000 1.207000 217.923000 87.981300
218.858000 1.255000 219.205000 84.837699
220.014000 1.156000 220.363000 84.837699
221.259000 1.244000 221.602000 86.912835
222.437000 1.179000 222.761000 86.760505
223.647000 1.210000 223.961000 86.790683
224.855000 1.207000 225.204000 84.044434
226.033000 1.178000 226.364000 86.516202
227.254000 1.221000 227.572000 88.408111
228.409000 1.156000 228.730000 86.851759
229.635000 1.225000 229.950000 86.119569
230.853000 1.219000 231.183000 83.129017
232.029000 1.175000 232.363000 85.966521
233.250000 1.221000 233.569000 86.455126
234.398000 1.148000 234.722000 85.600786
235.638000 1.240000 235.972000 86.088672
236.832000 1.194000 237.184000 84.441066
238.109000 1.277000 238.438000 86.363872
239.367000 1.258000 239.710000 86.455126
240.624000 1.256000 240.951000 85.936342
241.896000 1.273000 242.240000 86.027597
243.151000 1.255000 243.486000 86.851759
244.442000 1.291000 244.788000 87.614846
245.666000 1.224000 246.008000 87.157137
246.971000 1.305000 247.311000 86.424229
248.181000 1.210000 248.528000 88.041657
249.441000 1.260000 249.747000 88.469186
250.634000 1.193000 250.975000 85.997418
251.880000 1.246000 252.205000 87.126240
253.139000 1.259000 253.490000 87.248392
254.361000 1.222000 254.688000 87.218213
255.656000 1.294000 255.994000 86.424229
256.888000 1.232000 257.208000 85.661861
258.178000 1.290000 258.508000 85.265229
259.416000 1.239000 259.755000 85.325586
260.671000 1.255000 261.009000 83.250450
261.924000 1.253000 262.255000 84.806802
263.157000 1.233000 263.493000 84.502142
264.447000 1.290000 264.774000 82.853817
265.684000 1.237000 266.013000 85.295407
266.969000 1.286000 267.295000 85.692040
268.182000 1.213000 268.514000 85.265229
269.443000 1.261000 269.770000 84.928953
270.642000 1.199000 270.956000 85.630964
271.869000 1.227000 272.214000 84.013537
273.140000 1.272000 273.471000 88.011478
274.378000 1.238000 274.713000 88.102732
275.673000 1.295000 275.998000 90.483247
276.944000 1.271000 277.254000 89.232273
278.263000 1.320000 278.616000 86.851759
279.505000 1.242000 279.821000 87.981300
280.820000 1.315000 281.161000 87.065165
282.126000 1.306000 282.453000 88.865819
283.398000 1.272000 283.710000 88.439008
284.700000 1.303000 285.030000 88.072554
285.934000 1.234000 286.256000 87.187316
287.212000 1.278000 287.528000 86.424229
288.419000 1.207000 288.745000 86.027597
289.706000 1.286000 290.056000 84.013537
290.946000 1.240000 291.258000 86.455126
292.183000 1.238000 292.497000 85.966521
293.488000 1.305000 293.798000 86.424229
294.689000 1.200000 295.016000 85.630964
295.946000 1.257000 296.270000 84.471245
297.191000 1.245000 297.529000 85.173256
298.409000 1.218000 298.724000 86.760505
299.708000 1.299000 300.036000 85.204153
300.901000 1.192000 301.198000 86.485305
302.184000 1.284000 302.518000 86.851759
303.422000 1.238000 303.758000 85.997418
304.611000 1.188000 304.937000 85.630964
305.813000 1.202000 306.156000 84.318915
307.009000 1.196000 307.327000 87.950403
308.301000 1.293000 308.622000 86.882656
309.499000 1.198000 309.832000 87.157137
310.769000 1.270000 311.113000 87.981300
311.993000 1.224000 312.319000 87.583949
313.210000 1.217000 313.522000 87.950403
314.493000 1.283000 314.837000 84.441066
315.662000 1.169000 315.964000 88.011478
316.853000 1.190000 317.175000 87.614846
318.104000 1.251000 318.436000 88.896716
319.337000 1.233000 319.705000 88.743668
320.734000 1.397000 321.056000 88.011478
322.022000 1.288000 322.357000 87.126240
323.395000 1.373000 323.715000 86.760505
324.685000 1.291000 325.003000 85.325586
326.043000 1.358000 326.357000 85.356483
327.351000 1.308000 327.706000 84.471245
328.609000 1.258000 328.912000 84.410169
329.918000 1.309000 330.265000 84.044434
331.140000 1.221000 331.451000 85.630964
332.425000 1.285000 332.751000 84.441066
333.637000 1.212000 333.947000 85.204153
334.891000 1.254000 335.211000 85.661861
336.178000 1.287000 336.529000 85.997418
337.408000 1.230000 337.720000 86.088672
338.691000 1.284000 339.020000 86.058494
339.898000 1.207000 340.222000 84.837699
341.179000 1.281000 341.501000 86.088672
342.431000 1.252000 342.747000 85.325586
343.701000 1.269000 344.042000 83.647801
344.999000 1.298000 345.326000 84.502142
346.214000 1.215000 346.530000 84.837699
347.438000 1.224000 347.746000 86.455126
348.734000 1.296000 349.108000 85.722937
349.988000 1.254000 350.309000 87.187316
351.292000 1.304000 351.606000 87.157137
352.553000 1.261000 352.896000 85.569888
353.798000 1.245000 354.148000 86.882656
355.086000 1.288000 355.438000 84.379991
356.330000 1.244000 356.648000 87.248392
357.634000 1.304000 357.946000 88.835640
358.852000 1.218000 359.206000 86.058494
360.106000 1.254000 360.429000 87.614846
361.457000 1.352000 361.805000 86.790683
362.710000 1.252000 363.023000 87.553770
364.052000 1.342000 364.365000 86.455126
365.377000 1.325000 365.697000 86.821580
366.650000 1.274000 366.966000 86.821580
367.981000 1.331000 368.314000 84.105509
369.280000 1.299000 369.612000 86.455126
370.552000 1.272000 370.895000 86.027597
371.763000 1.211000 372.070000 85.692040
373.088000 1.325000 373.444000 86.027597
374.326000 1.238000 374.646000 86.027597
375.550000 1.224000 375.866000 86.027597
376.861000 1.312000 377.215000 83.647801
378.104000 1.243000 378.410000 85.630964
379.375000 1.271000 379.748000 82.030374
380.653000 1.278000 380.993000 85.630964
381.894000 1.242000 382.213000 86.485305
383.146000 1.251000 383.480000 86.760505
384.314000 1.168000 384.629000 86.088672
385.570000 1.256000 385.877000 87.522873
386.830000 1.260000 387.171000 85.630964
388.075000 1.245000 388.390000 87.981300
389.442000 1.367000 389.760000 87.522873
390.765000 1.323000 391.116000 87.157137
392.139000 1.374000 392.463000 86.790683
393.403000 1.264000 393.719000 87.126240
394.732000 1.329000 395.049000 84.074612
396.036000 1.304000 396.381000 83.189374
397.351000 1.315000 397.668000 84.105509
398.666000 1.315000 398.997000 84.044434
399.916000 1.250000 400.250000 84.867878
401.178000 1.262000 401.497000 85.630964
402.415000 1.236000 402.736000 84.532321
403.706000 1.291000 404.036000 84.410169
404.925000 1.219000 405.250000 84.471245
406.148000 1.223000 406.469000 84.105509
407.431000 1.283000 407.789000 82.792742
408.652000 1.221000 408.989000 86.088672
409.931000 1.279000 410.245000 87.157137
411.222000 1.291000 411.533000 85.204153
412.500000 1.279000 412.814000 86.455126
413.806000 1.305000 414.148000 84.959850
415.015000 1.209000 415.328000 85.630964
416.276000 1.261000 416.593000 86.027597
417.527000 1.251000 417.832000 86.058494
418.786000 1.260000 419.132000 87.248392
420.060000 1.274000 420.392000 86.851759
421.294000 1.234000 421.626000 85.295407
422.547000 1.253000 422.874000 87.187316
423.774000 1.227000 424.126000 86.790683
425.056000 1.282000 425.414000 86.088672
426.298000 1.242000 426.626000 85.204153
427.539000 1.240000 427.873000 85.204153
428.828000 1.290000 429.164000 85.539710
430.045000 1.216000 430.404000 86.027597
431.304000 1.260000 431.625000 85.265229
432.601000 1.297000 432.932000 86.058494
433.821000 1.220000 434.165000 84.074612
435.125000 1.305000 435.450000 88.011478
436.374000 1.249000 436.732000 84.044434
437.635000 1.260000 437.944000 87.157137
438.945000 1.310000 439.288000 86.851759
440.169000 1.225000 440.499000 87.126240
441.453000 1.284000 441.771000 85.630964
442.701000 1.248000 443.026000 85.295407
443.970000 1.269000 444.300000 84.746445
445.219000 1.248000 445.550000 84.837699
446.474000 1.256000 446.812000 86.058494
447.741000 1.267000 448.065000 84.532321
448.934000 1.193000 449.259000 85.539710
450.188000 1.254000 450.512000 85.265229
451.427000 1.239000 451.748000 86.058494
452.696000 1.269000 453.013000 86.058494
454.020000 1.324000 454.350000 86.455126
455.322000 1.302000 455.649000 85.997418
456.659000 1.337000 457.000000 83.983358
457.921000 1.262000 458.246000 83.616904
459.247000 1.325000 459.578000 84.776623
460.534000 1.288000 460.874000 84.044434
461.809000 1.274000 462.149000 84.441066
463.122000 1.313000 463.468000 84.044434
464.366000 1.245000 464.697000 86.058494
465.715000 1.349000 466.061000 86.027597
466.982000 1.267000 467.335000 83.983358
468.277000 1.294000 468.633000 81.450514
469.535000 1.258000 469.876000 84.013537
470.712000 1.177000 471.045000 84.471245
471.965000 1.253000 472.324000 83.616904
473.219000 1.254000 473.543000 86.058494
474.491000 1.272000 474.803000 85.265229
475.766000 1.276000 476.123000 83.708158
476.987000 1.221000 477.308000 84.471245
478.260000 1.274000 478.565000 85.265229
479.572000 1.312000 479.901000 84.837699
480.824000 1.252000 481.170000 84.867878
482.147000 1.324000 482.488000 87.248392
483.390000 1.243000 483.720000 86.455126
484.706000 1.316000 485.031000 86.394051
486.000000 1.294000 486.345000 86.088672
487.306000 1.306000 487.620000 85.295407
488.659000 1.353000 489.011000 83.983358
489.943000 1.284000 490.268000 82.853817
491.284000 1.341000 491.622000 82.365931
492.512000 1.228000 492.832000 84.379991
493.818000 1.306000 494.153000 85.143077
495.082000 1.263000 495.406000 84.806802
496.350000 1.269000 496.679000 85.295407
497.635000 1.285000 497.979000 83.647801
498.928000 1.293000 499.238000 84.471245
500.262000 1.334000 500.586000 83.647801
501.473000 1.210000 501.820000 84.135688
502.690000 1.218000 503.022000 84.044434
503.971000 1.281000 504.307000 85.265229
505.188000 1.216000 505.506000 85.600786
506.508000 1.320000 506.847000 84.867878
507.779000 1.272000 508.127000 85.204153
509.092000 1.312000 509.407000 85.661861
510.360000 1.268000 510.698000 85.722937
511.597000 1.237000 511.924000 86.058494
512.902000 1.305000 513.227000 83.250450
514.136000 1.234000 514.466000 87.126240
515.484000 1.348000 515.820000 85.661861
516.751000 1.267000 517.123000 85.722937
518.044000 1.293000 518.405000 82.823639
519.325000 1.281000 519.647000 84.166585
520.528000 1.203000 520.844000 83.647801
521.848000 1.320000 522.185000 82.823639
523.122000 1.274000 523.459000 83.220271
524.434000 1.313000 524.751000 83.159196
525.768000 1.334000 526.123000 84.441066
527.087000 1.319000 527.422000 83.220271
528.396000 1.309000 528.726000 82.853817
529.632000 1.236000 529.945000 82.427006
530.934000 1.302000 531.261000 83.647801
532.199000 1.265000 532.517000 83.952461
533.538000 1.338000 533.853000 91.185257
534.849000 1.311000 535.184000 84.837699
536.187000 1.338000 536.518000 85.997418
537.485000 1.298000 537.802000 84.806802
538.726000 1.242000 539.041000 86.455126
540.060000 1.334000 540.375000 86.424229
541.363000 1.303000 541.721000 85.265229
542.630000 1.268000 542.981000 84.837699
544.010000 1.380000 544.332000 86.424229
545.285000 1.275000 545.641000 85.692040
546.588000 1.303000 546.943000 86.455126
547.928000 1.340000 548.277000 83.739055
549.135000 1.207000 549.460000 86.455126
550.461000 1.325000 550.793000 87.126240
551.785000 1.325000 552.131000 88.804743
553.134000 1.348000 553.491000 87.126240
554.495000 1.362000 554.828000 87.522873
555.809000 1.314000 556.148000 86.363872
557.100000 1.291000 557.428000 83.555828
558.337000 1.237000 558.655000 85.630964
559.628000 1.291000 559.949000 83.586726
560.865000 1.237000 561.208000 82.670590
562.094000 1.230000 562.405000 86.363872
563.406000 1.312000 563.740000 85.630964
564.678000 1.272000 565.020000 84.471245
566.017000 1.339000 566.355000 87.553770
567.271000 1.254000 567.613000 86.516202
568.582000 1.312000 568.897000 86.851759
569.930000 1.347000 570.259000 86.851759
571.169000 1.240000 571.525000 85.630964
572.420000 1.250000 572.756000 86.821580
573.762000 1.342000 574.095000 85.661861
575.009000 1.246000 575.338000 86.882656
576.383000 1.374000 576.694000 86.058494
577.667000 1.284000 578.002000 87.157137
579.037000 1.370000 579.337000 86.821580
580.278000 1.241000 580.623000 85.936342
581.542000 1.264000 581.854000 86.821580
582.823000 1.281000 583.174000 85.295407
584.050000 1.227000 584.395000 85.630964
585.369000 1.319000 585.695000 84.837699
586.673000 1.304000 587.003000 85.173256
587.918000 1.245000 588.243000 85.600786
589.232000 1.313000 589.589000 82.396109
590.522000 1.290000 590.844000 86.729608
591.805000 1.283000 592.152000 80.412946
593.050000 1.245000 593.393000 82.396109
594.309000 1.259000 594.641000 83.616904
595.563000 1.254000 595.894000 83.189374
596.765000 1.202000 597.121000 84.441066
598.131000 1.366000 598.452000 84.441066
599.369000 1.238000 599.697000 84.471245
600.671000 1.302000 601.010000 86.027597
602.004000 1.333000 602.322000 87.553770
603.318000 1.315000 603.650000 86.851759
604.631000 1.313000 604.949000 84.410169
605.848000 1.217000 606.211000 82.396109
607.125000 1.277000 607.437000 86.394051
608.398000 1.273000 608.717000 86.821580
609.650000 1.252000 609.969000 83.647801
611.003000 1.353000 611.333000 83.250450
612.305000 1.303000 612.629000 87.187316
613.557000 1.252000 613.896000 87.553770
614.802000 1.245000 615.137000 86.882656
616.055000 1.253000 616.388000 86.088672
617.365000 1.310000 617.708000 87.981300
618.640000 1.274000 618.967000 89.262452
619.973000 1.333000 620.308000 86.821580
621.261000 1.288000 621.593000 86.088672
622.541000 1.280000 622.874000 85.997418
623.794000 1.253000 624.145000 84.471245
625.018000 1.224000 625.353000 84.379991
626.312000 1.293000 626.632000 85.204153
627.546000 1.234000 627.872000 85.234332
628.814000 1.269000 629.145000 84.471245
630.141000 1.327000 630.484000 86.485305
631.434000 1.293000 631.764000 84.928953
632.778000 1.344000 633.125000 84.105509
634.088000 1.310000 634.411000 85.630964
635.467000 1.379000 635.811000 80.717606
636.759000 1.291000 637.104000 84.928953
638.038000 1.279000 638.366000 85.265229
639.261000 1.224000 639.602000 82.365931
640.477000 1.216000 640.821000 84.105509
641.765000 1.288000 642.083000 84.471245
642.989000 1.224000 643.322000 84.502142
644.339000 1.350000 644.664000 84.441066
645.611000 1.272000 645.928000 84.806802
646.959000 1.348000 647.292000 85.997418
648.328000 1.370000 648.643000 85.265229
649.633000 1.304000 649.947000 86.760505
650.957000 1.324000 651.293000 82.762563
652.173000 1.216000 652.530000 85.569888
653.437000 1.264000 653.751000 84.776623
654.755000 1.317000 655.123000 84.074612
655.998000 1.243000 656.328000 84.806802
657.366000 1.368000 657.701000 86.058494
658.646000 1.280000 658.975000 86.455126
660.035000 1.389000 660.354000 84.867878
661.353000 1.318000 661.711000 83.952461
662.655000 1.302000 662.971000 85.569888
663.918000 1.263000 664.260000 82.427006
665.161000 1.243000 665.477000 83.616904
666.507000 1.346000 666.829000 84.379991
667.828000 1.321000 668.177000 83.677980
669.175000 1.347000 669.511000 85.630964
670.437000 1.262000 670.757000 84.867878
671.730000 1.293000 672.055000 86.851759
673.063000 1.332000 673.385000 85.997418
674.376000 1.314000 674.715000 84.898775
675.645000 1.269000 675.972000 84.837699
676.832000 1.188000 677.174000 83.616904
678.182000 1.349000 678.521000 86.455126
679.534000 1.352000 679.875000 85.295407
680.918000 1.385000 681.254000 85.234332
682.276000 1.358000 682.628000 84.441066
683.522000 1.246000 683.855000 83.983358
684.841000 1.318000 685.176000 85.234332
686.112000 1.271000 686.451000 87.920224
687.468000 1.356000 687.806000 85.295407
688.778000 1.310000 689.132000 89.232273
690.089000 1.311000 690.409000 87.614846
691.399000 1.310000 691.721000 86.424229
692.602000 1.203000 692.928000 84.074612
693.929000 1.327000 694.248000 86.394051
695.193000 1.264000 695.521000 86.058494
696.500000 1.307000 696.805000 85.265229
697.796000 1.296000 698.142000 83.220271
699.086000 1.290000 699.407000 83.098120
700.398000 1.313000 700.722000 83.220271
701.654000 1.255000 701.973000 84.441066
702.999000 1.346000 703.323000 83.677980
704.257000 1.258000 704.572000 84.410169
705.589000 1.332000 705.943000 84.074612
706.889000 1.300000 707.211000 84.410169
708.247000 1.358000 708.598000 82.396109
709.546000 1.299000 709.881000 84.074612
710.778000 1.232000 711.132000 86.424229
712.058000 1.279000 712.418000 80.351871
713.312000 1.255000 713.651000 84.837699
714.666000 1.354000 714.991000 85.173256
716.015000 1.350000 716.351000 85.600786
717.342000 1.327000 717.677000 81.999477
718.689000 1.347000 719.016000 81.114239
719.945000 1.256000 720.298000 81.969298
721.202000 1.257000 721.528000 81.908222
722.516000 1.314000 722.834000 84.410169
723.791000 1.275000 724.135000 84.044434
725.171000 1.380000 725.509000 84.867878
726.467000 1.295000 726.817000 82.762563
727.789000 1.323000 728.135000 85.600786
729.089000 1.299000 729.393000 85.630964
730.352000 1.264000 730.707000 85.692040
731.719000 1.367000 732.046000 85.661861
733.055000 1.336000 733.411000 81.938401
734.408000 1.353000 734.728000 84.867878
735.653000 1.245000 735.985000 81.969298
736.933000 1.279000 737.252000 86.027597
738.218000 1.285000 738.550000 85.569888
739.419000 1.201000 739.723000 84.837699
740.705000 1.286000 741.016000 85.936342
741.948000 1.244000 742.282000 84.502142
743.236000 1.287000 743.544000 90.483247
744.586000 1.350000 744.923000 86.058494
745.865000 1.279000 746.205000 81.511590
747.213000 1.348000 747.521000 87.614846
748.535000 1.322000 748.865000 88.408111
749.834000 1.299000 750.180000 85.295407
751.031000 1.197000 751.352000 86.790683
752.362000 1.332000 752.680000 86.882656
753.635000 1.273000 753.972000 86.027597
754.933000 1.298000 755.261000 84.044434
756.305000 1.372000 756.640000 82.762563
757.667000 1.362000 758.017000 82.823639
758.994000 1.327000 759.342000 84.471245
760.292000 1.298000 760.601000 83.616904
761.694000 1.402000 762.033000 82.853817
762.996000 1.303000 763.318000 83.586726
764.321000 1.325000 764.628000 83.983358
765.636000 1.315000 765.967000 82.701488
766.862000 1.226000 767.211000 80.656530
768.212000 1.349000 768.552000 83.616904
769.493000 1.282000 769.816000 83.616904
770.847000 1.354000 771.170000 84.441066
772.228000 1.380000 772.558000 83.220271
773.614000 1.386000 773.916000 80.687428
774.948000 1.334000 775.288000 80.351871
776.291000 1.343000 776.648000 82.731666
777.645000 1.354000 777.994000 79.527708
778.891000 1.246000 779.229000 81.999477
780.122000 1.231000 780.445000 82.396109
781.444000 1.322000 781.805000 81.084060
782.655000 1.211000 782.969000 82.853817
784.017000 1.361000 784.345000 81.999477
785.250000 1.234000 785.583000 81.145136
786.579000 1.329000 786.904000 81.114239
787.862000 1.283000 788.204000 81.450514
789.197000 1.335000 789.544000 80.656530
790.549000 1.352000 790.886000 80.351871
791.774000 1.225000 792.080000 82.427006
793.079000 1.305000 793.433000 82.701488
794.342000 1.263000 794.657000 83.647801
795.689000 1.347000 796.043000 84.502142
796.982000 1.293000 797.341000 82.762563
798.274000 1.292000 798.596000 83.983358
799.603000 1.330000 799.914000 84.044434
800.871000 1.268000 801.209000 85.630964
802.198000 1.327000 802.520000 83.189374
803.492000 1.294000 803.802000 84.044434
804.817000 1.325000 805.154000 88.835640
806.140000 1.322000 806.481000 87.981300
807.380000 1.240000 807.730000 86.302797
808.674000 1.294000 809.012000 82.762563
809.909000 1.235000 810.240000 85.661861
811.219000 1.310000 811.538000 84.806802
812.531000 1.313000 812.873000 85.661861
813.837000 1.306000 814.172000 83.250450
815.175000 1.337000 815.531000 89.689981
816.372000 1.197000 816.710000 83.677980
817.722000 1.350000 818.071000 84.959850
819.027000 1.304000 819.371000 85.661861
820.360000 1.333000 820.676000 86.058494
821.721000 1.361000 822.036000 86.851759
823.051000 1.329000 823.388000 84.563218
824.425000 1.374000 824.747000 85.325586
825.723000 1.298000 826.056000 84.410169
827.036000 1.313000 827.367000 84.532321
828.288000 1.252000 828.627000 81.114239
829.563000 1.274000 829.891000 86.088672
830.793000 1.231000 831.139000 86.699429
832.095000 1.302000 832.418000 87.157137
833.445000 1.350000 833.785000 81.969298
834.732000 1.287000 835.065000 83.159196
836.019000 1.288000 836.376000 81.175314
837.342000 1.322000 837.668000 84.105509
838.753000 1.411000 839.068000 84.471245
840.100000 1.347000 840.434000 82.304855
841.488000 1.388000 841.800000 83.708158
842.803000 1.315000 843.155000 81.908222
843.998000 1.195000 844.326000 81.114239
845.272000 1.274000 845.585000 81.571947
846.558000 1.287000 846.922000 84.532321
847.904000 1.346000 848.242000 79.557887
849.279000 1.375000 849.625000 83.250450
850.621000 1.342000 850.946000 84.471245
851.967000 1.346000 852.298000 83.250450
853.241000 1.274000 853.552000 84.746445
854.659000 1.418000 854.979000 84.532321
855.978000 1.319000 856.345000 82.823639
857.328000 1.350000 857.673000 80.626352
858.663000 1.335000 858.996000 81.969298
859.971000 1.309000 860.301000 84.837699
861.314000 1.342000 861.655000 84.441066
862.539000 1.225000 862.871000 83.067942
863.827000 1.288000 864.162000 80.351871
865.053000 1.226000 865.369000 82.701488
866.279000 1.226000 866.606000 84.013537
867.607000 1.328000 867.952000 83.220271
868.820000 1.213000 869.162000 82.823639
870.196000 1.376000 870.509000 83.098120
871.563000 1.366000 871.915000 81.969298
872.890000 1.328000 873.207000 83.189374
874.245000 1.355000 874.577000 81.511590
875.531000 1.285000 875.867000 82.731666
876.853000 1.322000 877.176000 81.908222
878.074000 1.221000 878.421000 83.220271
879.402000 1.328000 879.715000 84.044434
880.650000 1.248000 881.000000 82.853817
881.971000 1.322000 882.295000 85.234332
883.314000 1.342000 883.641000 84.532321
884.625000 1.311000 884.959000 83.616904
885.982000 1.358000 886.314000 84.502142
887.217000 1.235000 887.542000 83.159196
888.423000 1.206000 888.758000 83.677980
889.757000 1.334000 890.100000 81.145136
891.036000 1.279000 891.377000 82.396109
892.386000 1.350000 892.745000 84.379991
893.680000 1.294000 894.017000 83.677980
894.966000 1.286000 895.275000 84.105509
896.260000 1.294000 896.607000 84.776623
897.536000 1.276000 897.875000 82.731666
898.859000 1.322000 899.197000 82.762563
900.115000 1.256000 900.432000 85.295407
901.520000 1.405000 901.832000 84.441066
902.842000 1.321000 903.186000 83.189374
904.202000 1.360000 904.521000 82.304855
905.535000 1.334000 905.911000 81.175314
