1.238000 0.948000 1.551000 136.656540
2.188000 0.950000 2.489000 139.524850
3.161000 0.973000 3.489000 135.466020
4.130000 0.969000 4.432000 142.699550
5.072000 0.942000 5.397000 143.828790
6.033000 0.961000 6.337000 142.607640
7.013000 0.980000 7.322000 138.121330
7.984000 0.971000 8.309000 127.837110
8.963000 0.979000 9.288000 134.702990
9.944000 0.981000 10.283000 124.175120
10.913000 0.970000 11.237000 114.989500
11.888000 0.975000 12.233000 129.453640
12.871000 0.982000 13.208000 131.742750
13.833000 0.963000 14.136000 136.656540
14.815000 0.982000 15.119000 147.429510
15.791000 0.976000 16.089000 146.727750
16.750000 0.960000 17.056000 145.109760
17.721000 0.971000 18.013000 144.774200
18.700000 0.979000 19.016000 144.346720
19.660000 0.960000 19.978000 143.857970
20.633000 0.973000 20.961000 143.828790
21.598000 0.965000 21.918000 138.610090
22.547000 0.949000 22.854000 143.156210
23.505000 0.958000 23.814000 142.790010
24.485000 0.980000 24.794000 143.217490
25.452000 0.968000 25.758000 141.967160
26.421000 0.968000 26.707000 142.638280
27.389000 0.968000 27.709000 141.447770
28.340000 0.951000 28.647000 140.592810
29.115000 0.774000 29.418000 142.820650
30.252000 1.137000 30.543000 144.561190
31.194000 0.942000 31.506000 140.592810
32.132000 0.938000 32.427000 143.125570
33.085000 0.953000 33.382000 144.164350
34.017000 0.931000 34.338000 142.759370
34.968000 0.952000 35.273000 146.330910
35.935000 0.967000 36.234000 145.140400
36.877000 0.941000 37.196000 143.186850
37.797000 0.920000 38.098000 144.011160
38.716000 0.919000 39.022000 145.842160
39.620000 0.904000 39.957000 144.346720
40.503000 0.883000 40.800000 146.697110
41.409000 0.906000 41.716000 148.344280
42.332000 0.923000 42.643000 147.124580
43.241000 0.909000 43.537000 148.344280
44.178000 0.937000 44.495000 147.124580
45.089000 0.911000 45.396000 146.361550
45.986000 0.898000 46.280000 146.697110
46.886000 0.900000 47.196000 149.534790
47.794000 0.907000 48.113000 142.638280
48.681000 0.887000 48.985000 149.839710
49.572000 0.891000 49.902000 151.427060
50.452000 0.880000 50.754000 148.679840
51.298000 0.846000 51.600000 151.885180
52.139000 0.841000 52.440000 151.885180
52.968000 0.829000 53.285000 150.725300
53.786000 0.818000 54.089000 151.731980
54.597000 0.811000 54.934000 155.119690
55.421000 0.824000 55.722000 153.045050
56.236000 0.815000 56.540000 151.488340
57.038000 0.803000 57.340000 154.845410
57.852000 0.813000 58.152000 156.218290
58.675000 0.823000 59.001000 150.297830
59.488000 0.813000 59.804000 151.122140
60.294000 0.806000 60.593000 152.586940
61.101000 0.807000 61.389000 150.999590
61.891000 0.790000 62.181000 151.091500
62.658000 0.767000 63.002000 145.475960
63.438000 0.780000 63.740000 154.264740
64.227000 0.789000 64.521000 151.091500
64.990000 0.763000 65.303000 151.915810
65.749000 0.759000 66.046000 155.150330
66.511000 0.761000 66.809000 153.898540
67.263000 0.752000 67.581000 152.282010
68.014000 0.752000 68.322000 155.455250
68.779000 0.764000 69.087000 156.707040
69.547000 0.768000 69.862000 154.722850
70.279000 0.732000 70.582000 150.602750
70.988000 0.709000 71.300000 148.649200
71.718000 0.730000 72.027000 152.282010
72.461000 0.743000 72.748000 155.944010
73.227000 0.766000 73.530000 153.104870
73.980000 0.753000 74.280000 150.633390
74.720000 0.740000 75.029000 152.341830
75.482000 0.762000 75.790000 154.753490
76.249000 0.767000 76.550000 149.900990
76.995000 0.746000 77.283000 149.137950
77.740000 0.745000 78.028000 153.532340
78.496000 0.756000 78.787000 154.326020
79.239000 0.743000 79.550000 150.297830
79.972000 0.733000 80.286000 151.854540
80.716000 0.744000 81.006000 157.163700
81.459000 0.743000 81.766000 154.387290
82.191000 0.732000 82.496000 152.953130
82.929000 0.738000 83.225000 156.310200
83.679000 0.750000 83.989000 158.659130
84.430000 0.751000 84.745000 155.150330
85.162000 0.732000 85.485000 154.295380
85.898000 0.736000 86.197000 158.171840
86.669000 0.770000 87.019000 140.989650
87.490000 0.821000 87.792000 157.011970
88.320000 0.831000 88.627000 154.356660
89.097000 0.776000 89.397000 155.913370
89.873000 0.776000 90.178000 153.716170
90.642000 0.769000 90.987000 143.186850
91.390000 0.748000 91.693000 154.234100
92.163000 0.773000 92.471000 156.645770
92.968000 0.805000 93.277000 153.837270
93.745000 0.777000 94.045000 151.885180
94.493000 0.748000 94.792000 153.411250
95.245000 0.752000 95.550000 155.516530
95.979000 0.734000 96.285000 150.694660
96.701000 0.722000 97.011000 152.556300
97.440000 0.739000 97.744000 149.534790
98.195000 0.755000 98.510000 157.408800
98.942000 0.747000 99.271000 151.091500
99.674000 0.732000 99.987000 151.243230
100.397000 0.723000 100.706000 153.135500
101.120000 0.723000 101.423000 155.180970
101.835000 0.715000 102.146000 153.074230
102.541000 0.706000 102.831000 155.852090
103.254000 0.713000 103.550000 159.055970
103.975000 0.721000 104.285000 157.836280
104.690000 0.715000 104.972000 155.455250
105.406000 0.716000 105.689000 159.360890
106.137000 0.731000 106.423000 160.338400
106.892000 0.755000 107.213000 159.514080
107.630000 0.738000 107.952000 151.762620
108.332000 0.702000 108.643000 151.488340
109.023000 0.691000 109.343000 152.251370
109.714000 0.691000 110.024000 157.134520
110.415000 0.701000 110.703000 157.836280
111.135000 0.720000 111.432000 148.649200
111.845000 0.710000 112.141000 153.929180
112.553000 0.709000 112.847000 159.483450
113.272000 0.719000 113.590000 158.171840
114.001000 0.729000 114.301000 155.211610
114.719000 0.718000 115.023000 157.470080
115.446000 0.727000 115.740000 161.619370
116.187000 0.742000 116.498000 159.575360
116.925000 0.738000 117.236000 155.119690
117.662000 0.737000 117.962000 156.340840
118.409000 0.746000 118.700000 160.369040
119.164000 0.755000 119.458000 157.103880
119.908000 0.744000 120.208000 157.775000
120.655000 0.746000 120.956000 149.565430
121.412000 0.758000 121.709000 159.849650
122.162000 0.750000 122.472000 156.645770
122.906000 0.744000 123.209000 159.819010
123.679000 0.773000 123.992000 160.185210
124.516000 0.837000 124.819000 156.707040
125.399000 0.882000 125.699000 153.104870
126.223000 0.825000 126.531000 150.725300
127.019000 0.796000 127.339000 148.710480
127.778000 0.759000 128.091000 149.107310
128.543000 0.766000 128.851000 154.356660
129.329000 0.786000 129.638000 150.664020
130.106000 0.776000 130.409000 149.931630
130.875000 0.769000 131.177000 153.380610
131.695000 0.820000 131.989000 152.617570
132.612000 0.917000 132.936000 149.931630
133.727000 1.116000 134.050000 146.361550
134.706000 0.978000 135.049000 140.776640
135.651000 0.945000 135.971000 148.802390
136.581000 0.929000 136.913000 153.104870
137.493000 0.912000 137.827000 146.789020
138.360000 0.868000 138.694000 146.361550
139.183000 0.822000 139.495000 145.353400
139.969000 0.786000 140.286000 143.583680
140.720000 0.751000 141.028000 142.363990
141.485000 0.765000 141.786000 142.820650
142.240000 0.756000 142.546000 141.630140
143.018000 0.778000 143.305000 144.316080
143.870000 0.852000 144.178000 142.272080
144.886000 1.015000 145.197000 139.799140
145.927000 1.041000 146.230000 138.305160
146.890000 0.963000 147.203000 133.818860
147.824000 0.934000 148.131000 134.948090
148.751000 0.928000 149.045000 137.847050
149.659000 0.907000 149.986000 137.480850
150.534000 0.875000 150.853000 139.373120
151.398000 0.864000 151.685000 142.790010
152.300000 0.902000 152.592000 142.607640
153.193000 0.892000 153.515000 131.987860
154.062000 0.870000 154.366000 142.759370
154.959000 0.897000 155.256000 143.096390
155.875000 0.916000 156.175000 140.654090
156.742000 0.867000 157.053000 140.623450
157.572000 0.831000 157.912000 143.035120
158.417000 0.844000 158.725000 142.759370
159.243000 0.826000 159.565000 141.539680
160.027000 0.784000 160.321000 145.537230
160.819000 0.792000 161.121000 148.344280
161.670000 0.851000 162.004000 144.285450
162.581000 0.911000 162.884000 145.109760
163.411000 0.830000 163.702000 146.269630
164.212000 0.801000 164.514000 144.621010
164.997000 0.785000 165.303000 143.186850
165.762000 0.765000 166.060000 146.300270
166.534000 0.772000 166.842000 149.137950
167.352000 0.818000 167.660000 149.137950
168.218000 0.865000 168.527000 146.269630
168.989000 0.772000 169.281000 147.521420
169.763000 0.774000 170.061000 150.694660
170.546000 0.782000 170.849000 148.344280
171.312000 0.766000 171.609000 147.429510
172.068000 0.755000 172.368000 149.931630
172.848000 0.780000 173.142000 147.581240
173.627000 0.780000 173.961000 143.522410
174.381000 0.754000 174.702000 149.076670
175.134000 0.752000 175.430000 153.074230
175.892000 0.758000 176.182000 151.030220
176.638000 0.746000 176.962000 138.274520
177.370000 0.732000 177.681000 152.190100
178.123000 0.753000 178.403000 154.814770
178.899000 0.776000 179.208000 149.565430
179.679000 0.779000 179.988000 151.762620
180.462000 0.783000 180.764000 154.784130
181.295000 0.833000 181.599000 154.295380
182.124000 0.829000 182.441000 149.870350
182.878000 0.754000 183.177000 149.076670
183.637000 0.759000 183.959000 138.548810
184.394000 0.757000 184.691000 148.710480
185.137000 0.743000 185.449000 149.534790
185.878000 0.740000 186.190000 152.282010
186.629000 0.751000 186.956000 152.922500
187.382000 0.753000 187.707000 149.534790
188.116000 0.734000 188.418000 148.620020
188.839000 0.723000 189.142000 152.128820
189.570000 0.731000 189.919000 152.983770
190.291000 0.721000 190.609000 150.694660
191.009000 0.718000 191.307000 151.793260
191.738000 0.730000 192.047000 154.326020
192.494000 0.756000 192.807000 154.784130
193.238000 0.744000 193.552000 150.175270
193.973000 0.736000 194.292000 151.762620
194.712000 0.738000 194.998000 155.424620
195.467000 0.756000 195.785000 153.898540
196.211000 0.743000 196.505000 151.854540
196.951000 0.740000 197.254000 151.762620
197.709000 0.758000 198.006000 153.898540
198.467000 0.758000 198.785000 149.534790
199.215000 0.748000 199.526000 150.725300
199.976000 0.761000 200.292000 153.867900
200.767000 0.790000 201.090000 151.915810
201.536000 0.769000 201.834000 149.168590
202.293000 0.757000 202.607000 152.617570
203.072000 0.779000 203.374000 154.387290
203.893000 0.821000 204.193000 151.823900
204.780000 0.886000 205.083000 150.907670
205.670000 0.890000 205.984000 140.562180
206.538000 0.868000 206.832000 146.269630
207.345000 0.806000 207.686000 143.798150
208.117000 0.772000 208.435000 146.238990
208.889000 0.773000 209.204000 148.986220
209.651000 0.762000 210.004000 134.520620
210.399000 0.748000 210.706000 150.572110
211.153000 0.754000 211.462000 152.190100
211.911000 0.758000 212.215000 149.931630
212.668000 0.758000 213.012000 130.156860
213.429000 0.760000 213.715000 150.359100
214.201000 0.772000 214.503000 149.473510
214.968000 0.767000 215.298000 147.887620
215.737000 0.769000 216.042000 151.335150
216.533000 0.796000 216.852000 147.978080
217.321000 0.788000 217.632000 144.377360
218.057000 0.735000 218.380000 144.194990
218.793000 0.737000 219.111000 149.565430
219.537000 0.744000 219.833000 149.931630
220.266000 0.729000 220.571000 144.316080
220.986000 0.720000 221.291000 149.504150
221.721000 0.736000 222.033000 149.931630
222.471000 0.750000 222.780000 146.238990
223.216000 0.745000 223.519000 146.666470
223.960000 0.744000 224.252000 147.947440
224.715000 0.755000 225.011000 148.344280
225.458000 0.743000 225.751000 144.682280
226.190000 0.731000 226.492000 145.506600
226.909000 0.719000 227.200000 149.534790
227.637000 0.729000 227.960000 142.272080
228.361000 0.724000 228.672000 145.903430
229.077000 0.716000 229.392000 147.155220
229.802000 0.725000 230.093000 150.205910
230.540000 0.738000 230.852000 146.330910
231.263000 0.723000 231.572000 145.445320
231.971000 0.708000 232.277000 147.215040
232.688000 0.717000 232.980000 148.283000
233.417000 0.729000 233.708000 147.368230
234.128000 0.711000 234.437000 138.182610
234.844000 0.716000 235.160000 148.741110
235.563000 0.719000 235.899000 148.741110
236.277000 0.714000 236.587000 145.414680
236.982000 0.705000 237.298000 145.537230
237.685000 0.703000 237.990000 150.297830
238.391000 0.706000 238.694000 150.297830
239.092000 0.701000 239.430000 150.175270
239.780000 0.689000 240.079000 152.282010
240.476000 0.696000 240.758000 154.784130
241.187000 0.711000 241.479000 155.150330
241.898000 0.712000 242.196000 155.119690
242.615000 0.717000 242.916000 157.439440
243.348000 0.732000 243.643000 157.744360
244.062000 0.714000 244.348000 155.027780
244.755000 0.694000 245.075000 148.008710
245.451000 0.696000 245.749000 152.983770
246.149000 0.698000 246.443000 156.766860
246.869000 0.720000 247.163000 155.516530
247.591000 0.722000 247.896000 149.565430
248.311000 0.720000 248.597000 150.267190
249.042000 0.731000 249.343000 152.220740
249.800000 0.758000 250.103000 149.809070
250.554000 0.754000 250.917000 128.142040
251.287000 0.733000 251.597000 131.345920
252.024000 0.737000 252.324000 147.916800
252.771000 0.747000 253.064000 147.032670
253.503000 0.732000 253.803000 143.919250
254.242000 0.739000 254.537000 147.978080
255.012000 0.771000 255.317000 149.870350
255.804000 0.792000 256.104000 146.269630
256.563000 0.758000 256.865000 144.712920
257.295000 0.733000 257.597000 147.856980
258.045000 0.750000 258.341000 148.833030
258.810000 0.765000 259.135000 146.971390
259.563000 0.753000 259.860000 148.344280
260.311000 0.748000 260.720000 143.980520
261.092000 0.781000 261.403000 146.758380
261.906000 0.814000 262.225000 138.305160
262.705000 0.799000 263.032000 133.207550
263.500000 0.794000 263.803000 130.613520
264.327000 0.827000 264.642000 135.862860
265.162000 0.835000 265.461000 157.470080
266.302000 1.140000 266.584000 156.707040
267.296000 0.994000 267.581000 148.313640
268.265000 0.969000 268.569000 150.938310
269.228000 0.963000 269.519000 151.457700
270.161000 0.933000 270.460000 147.916800
271.086000 0.925000 271.403000 152.648210
272.031000 0.945000 272.329000 152.098180
272.959000 0.928000 273.273000 150.267190
273.861000 0.902000 274.167000 152.953130
274.776000 0.914000 275.063000 155.180970
275.685000 0.910000 275.994000 151.946450
276.548000 0.863000 276.860000 153.074230
277.356000 0.808000 277.660000 157.103880
278.131000 0.775000 278.428000 157.011970
278.865000 0.734000 279.180000 158.292930
279.594000 0.729000 279.928000 158.689770
280.326000 0.733000 280.622000 162.382400
281.081000 0.755000 281.380000 163.542280
281.875000 0.794000 282.189000 160.277120
282.703000 0.828000 283.000000 157.896100
283.546000 0.843000 283.840000 154.753490
284.361000 0.815000 284.659000 155.485890
285.255000 0.894000 285.548000 152.556300
286.354000 1.099000 286.647000 150.267190
287.329000 0.975000 287.640000 148.710480
288.260000 0.932000 288.567000 145.414680
289.167000 0.906000 289.484000 148.374910
290.072000 0.905000 290.380000 149.962260
290.954000 0.882000 291.267000 148.223180
291.793000 0.839000 292.099000 150.664020
292.640000 0.847000 292.960000 144.743560
293.491000 0.851000 293.788000 150.359100
294.294000 0.803000 294.600000 152.220740
295.075000 0.781000 295.367000 154.753490
295.904000 0.829000 296.206000 156.707040
297.010000 1.106000 297.320000 153.441890
297.988000 0.978000 298.301000 149.565430
298.947000 0.959000 299.256000 148.620020
299.882000 0.935000 300.196000 146.177720
300.806000 0.924000 301.109000 147.550600
301.763000 0.957000 302.065000 147.550600
302.705000 0.942000 303.007000 140.349170
303.613000 0.909000 304.010000 139.921690
304.522000 0.909000 304.958000 148.313640
305.476000 0.954000 305.809000 137.847050
306.418000 0.942000 306.755000 130.858620
307.361000 0.942000 307.784000 144.743560
308.298000 0.938000 308.729000 142.423810
309.188000 0.890000 309.505000 155.485890
310.019000 0.832000 310.313000 155.424620
310.804000 0.784000 311.093000 152.220740
311.549000 0.745000 311.854000 150.725300
312.293000 0.744000 312.596000 153.746810
313.029000 0.736000 313.332000 155.089050
313.787000 0.758000 314.066000 155.211610
314.566000 0.779000 314.866000 153.441890
315.339000 0.773000 315.644000 151.762620
316.099000 0.760000 316.392000 153.867900
316.881000 0.781000 317.188000 153.166140
317.661000 0.780000 317.995000 146.482640
318.412000 0.751000 318.709000 149.504150
319.163000 0.751000 319.452000 153.074230
319.940000 0.777000 320.251000 149.137950
320.726000 0.786000 321.031000 147.978080
321.485000 0.759000 321.794000 150.725300
322.252000 0.767000 322.543000 151.304510
323.047000 0.795000 323.347000 147.155220
323.840000 0.793000 324.153000 140.684730
324.628000 0.788000 324.940000 150.541470
325.466000 0.838000 325.760000 149.809070
326.408000 0.942000 326.702000 147.429510
327.519000 1.111000 327.820000 148.620020
328.499000 0.981000 328.813000 143.553050
329.447000 0.947000 329.751000 142.790010
330.377000 0.930000 330.690000 146.330910
331.317000 0.940000 331.628000 143.186850
332.230000 0.913000 332.536000 144.651640
333.130000 0.900000 333.428000 147.521420
334.065000 0.935000 334.370000 147.063310
334.998000 0.933000 335.308000 145.109760
335.919000 0.921000 336.220000 147.856980
336.861000 0.942000 337.161000 148.620020
337.814000 0.953000 338.116000 146.238990
338.726000 0.912000 339.028000 147.490780
339.655000 0.928000 339.961000 146.574560
340.589000 0.935000 340.908000 149.534790
341.498000 0.909000 341.797000 149.442870
342.418000 0.920000 342.707000 151.060860
343.361000 0.943000 343.669000 152.251370
344.263000 0.901000 344.588000 148.344280
345.148000 0.885000 345.436000 151.762620
346.026000 0.878000 346.315000 153.867900
346.991000 0.964000 347.293000 152.708030
347.928000 0.937000 348.229000 150.755940
348.829000 0.901000 349.131000 151.488340
349.705000 0.875000 350.010000 151.030220
350.546000 0.841000 350.853000 151.030220
351.356000 0.811000 351.670000 153.411250
352.175000 0.818000 352.488000 155.424620
352.971000 0.797000 353.296000 152.617570
353.725000 0.754000 354.033000 152.220740
354.471000 0.746000 354.755000 156.707040
355.237000 0.766000 355.547000 158.141200
356.026000 0.788000 356.327000 154.234100
356.808000 0.782000 357.104000 154.966500
357.577000 0.769000 357.878000 156.310200
358.380000 0.804000 358.694000 154.356660
359.219000 0.839000 359.517000 151.854540
359.991000 0.772000 360.297000 152.708030
360.735000 0.743000 361.022000 155.852090
361.462000 0.727000 361.767000 151.335150
362.168000 0.706000 362.476000 151.091500
362.875000 0.707000 363.196000 150.694660
363.587000 0.713000 363.900000 151.427060
364.325000 0.737000 364.617000 159.117250
365.088000 0.764000 365.393000 152.220740
365.832000 0.743000 366.134000 150.297830
366.560000 0.728000 366.854000 152.648210
367.305000 0.745000 367.602000 154.356660
368.053000 0.748000 368.363000 151.335150
368.772000 0.719000 369.102000 152.128820
369.495000 0.723000 369.783000 158.202480
370.226000 0.732000 370.523000 145.750240
370.961000 0.734000 371.294000 153.135500
371.678000 0.717000 372.015000 155.485890
372.399000 0.721000 372.694000 161.162710
373.137000 0.738000 373.434000 160.735230
373.866000 0.729000 374.173000 158.689770
374.600000 0.734000 374.934000 162.046840
375.351000 0.750000 375.638000 162.230670
375.916000 0.565000 375.954000 111.937350
376.902000 0.987000 377.193000 155.150330
377.660000 0.758000 378.021000 135.404750
378.399000 0.739000 378.734000 152.312650
379.116000 0.716000 379.433000 151.427060
379.826000 0.711000 380.182000 130.523060
380.539000 0.713000 380.862000 149.383060
381.279000 0.740000 381.561000 152.617570
382.060000 0.782000 382.359000 150.175270
382.839000 0.778000 383.131000 146.666470
383.595000 0.757000 383.920000 149.504150
384.375000 0.780000 384.694000 149.137950
385.167000 0.792000 385.455000 146.361550
385.923000 0.756000 386.233000 147.581240
386.693000 0.770000 386.978000 149.534790
387.498000 0.805000 387.813000 147.093950
388.284000 0.785000 388.600000 145.353400
389.036000 0.753000 389.332000 149.137950
389.796000 0.760000 390.091000 149.534790
390.571000 0.775000 390.918000 146.666470
391.332000 0.761000 391.638000 149.107310
392.098000 0.766000 392.411000 150.694660
392.902000 0.804000 393.190000 149.473510
393.747000 0.845000 394.031000 148.710480
394.541000 0.794000 394.841000 148.649200
395.305000 0.764000 395.598000 147.978080
396.027000 0.721000 396.350000 146.666470
396.733000 0.706000 397.051000 145.903430
397.445000 0.712000 397.755000 149.534790
398.166000 0.721000 398.469000 152.586940
398.906000 0.740000 399.210000 151.365780
399.645000 0.739000 399.970000 137.877690
400.380000 0.736000 400.688000 152.678850
401.132000 0.752000 401.429000 154.295380
401.902000 0.769000 402.209000 151.091500
402.673000 0.772000 402.999000 146.910120
403.454000 0.781000 403.747000 154.722850
404.269000 0.815000 404.580000 151.793260
405.091000 0.822000 405.387000 150.267190
405.863000 0.772000 406.167000 151.427060
406.648000 0.786000 406.968000 144.285450
407.454000 0.806000 407.748000 150.267190
408.256000 0.802000 408.547000 149.839710
409.046000 0.791000 409.332000 150.267190
409.865000 0.818000 410.187000 146.697110
410.661000 0.797000 411.006000 146.666470
411.411000 0.750000 411.706000 149.931630
412.156000 0.745000 412.466000 152.648210
412.904000 0.749000 413.209000 152.282010
413.621000 0.716000 413.946000 146.392190
414.331000 0.710000 414.625000 147.916800
415.057000 0.726000 415.347000 150.328460
415.815000 0.758000 416.105000 151.304510
416.623000 0.807000 416.955000 147.002030
417.414000 0.791000 417.705000 145.445320
418.156000 0.742000 418.466000 146.758380
418.918000 0.762000 419.211000 147.826340
419.668000 0.750000 420.016000 125.944840
420.399000 0.730000 420.695000 145.780880
421.147000 0.748000 421.451000 150.175270
421.923000 0.776000 422.231000 149.839710
422.690000 0.767000 422.984000 149.534790
423.440000 0.750000 423.745000 152.251370
424.216000 0.776000 424.510000 152.983770
425.019000 0.803000 425.329000 150.297830
425.818000 0.798000 426.124000 150.694660
426.601000 0.784000 426.932000 150.541470
427.421000 0.820000 427.724000 143.553050
428.321000 0.900000 428.629000 147.490780
429.442000 1.121000 429.743000 148.344280
430.433000 0.991000 430.769000 132.078320
431.378000 0.945000 431.708000 143.096390
432.292000 0.914000 432.705000 138.305160
433.197000 0.906000 433.511000 130.979720
434.092000 0.894000 434.424000 136.717810
434.942000 0.851000 435.367000 142.363990
435.808000 0.866000 436.104000 154.722850
436.695000 0.886000 436.991000 153.837270
437.522000 0.827000 437.812000 152.708030
438.346000 0.825000 438.651000 151.030220
439.163000 0.816000 439.489000 149.137950
439.952000 0.789000 440.267000 143.125570
440.733000 0.781000 441.037000 150.938310
441.524000 0.791000 441.818000 151.335150
442.291000 0.768000 442.600000 150.999590
443.048000 0.756000 443.339000 154.234100
443.817000 0.769000 444.142000 149.778430
444.580000 0.764000 444.931000 153.532340
445.342000 0.762000 445.639000 154.966500
446.120000 0.778000 446.410000 155.944010
446.916000 0.797000 447.199000 151.701350
447.695000 0.779000 447.972000 151.122140
448.472000 0.777000 448.758000 153.074230
449.260000 0.788000 449.554000 150.236550
450.012000 0.753000 450.318000 148.986220
450.755000 0.742000 451.055000 152.251370
451.515000 0.760000 451.810000 152.586940
452.283000 0.768000 452.590000 149.870350
453.026000 0.743000 453.331000 149.076670
453.765000 0.740000 454.076000 152.678850
454.517000 0.752000 454.827000 153.808090
455.240000 0.723000 455.550000 145.322770
455.945000 0.704000 456.257000 149.137950
456.656000 0.712000 456.978000 142.759370
457.380000 0.724000 457.695000 152.678850
458.137000 0.757000 458.437000 152.190100
458.925000 0.787000 459.235000 147.460150
459.677000 0.752000 460.009000 129.942400
460.414000 0.737000 460.698000 148.374910
461.166000 0.752000 461.476000 149.931630
461.943000 0.778000 462.256000 146.238990
462.685000 0.742000 463.001000 146.300270
463.414000 0.729000 463.709000 149.657340
464.166000 0.752000 464.463000 150.236550
464.918000 0.752000 465.218000 149.107310
465.666000 0.748000 465.986000 142.272080
466.450000 0.784000 466.744000 152.617570
467.284000 0.834000 467.581000 150.267190
468.072000 0.788000 468.396000 145.811520
468.834000 0.762000 469.132000 148.589380
469.609000 0.775000 469.924000 143.096390
470.375000 0.766000 470.674000 145.780880
471.129000 0.754000 471.424000 147.155220
471.904000 0.775000 472.221000 138.274520
472.747000 0.843000 473.056000 141.447770
473.188000 0.441000 473.189000 136.382250
474.361000 1.173000 474.664000 132.108950
475.164000 0.803000 475.489000 133.818860
475.993000 0.830000 476.305000 134.581890
476.808000 0.815000 477.125000 144.316080
477.574000 0.766000 477.930000 147.124580
478.346000 0.772000 478.666000 144.682280
479.111000 0.765000 479.405000 157.744360
479.883000 0.772000 480.193000 155.852090
480.687000 0.804000 480.994000 155.882730
481.493000 0.805000 481.791000 151.427060
482.260000 0.767000 482.556000 150.328460
483.031000 0.771000 483.330000 153.471070
483.841000 0.810000 484.150000 151.457700
484.666000 0.825000 485.001000 148.100630
485.430000 0.765000 485.711000 149.839710
486.212000 0.781000 486.512000 152.738670
487.015000 0.804000 487.319000 147.795710
487.791000 0.776000 488.091000 148.679840
488.553000 0.761000 488.856000 152.282010
489.325000 0.772000 489.634000 152.128820
490.106000 0.781000 490.410000 149.046040
490.868000 0.762000 491.174000 150.602750
491.635000 0.768000 491.952000 151.335150
492.434000 0.799000 492.760000 143.522410
493.209000 0.775000 493.531000 147.398870
493.965000 0.756000 494.262000 150.633390
494.751000 0.786000 495.048000 150.938310
495.539000 0.788000 495.846000 148.253820
496.304000 0.765000 496.609000 150.938310
497.081000 0.777000 497.399000 150.694660
497.844000 0.762000 498.147000 149.809070
498.597000 0.753000 498.919000 152.708030
499.356000 0.759000 499.660000 153.471070
500.087000 0.731000 500.401000 149.137950
500.789000 0.702000 501.102000 147.521420
501.491000 0.702000 501.809000 150.968950
502.199000 0.707000 502.509000 155.150330
502.933000 0.734000 503.228000 157.073240
503.688000 0.755000 504.000000 153.349970
504.447000 0.759000 504.727000 155.913370
505.222000 0.775000 505.517000 158.141200
506.046000 0.824000 506.346000 155.119690
506.884000 0.838000 507.208000 152.251370
507.634000 0.750000 507.950000 149.870350
508.390000 0.756000 508.697000 153.411250
509.145000 0.755000 509.435000 152.098180
509.889000 0.744000 510.193000 154.630940
510.651000 0.762000 510.999000 138.915010
511.421000 0.770000 511.733000 152.190100
512.171000 0.750000 512.488000 157.439440
512.934000 0.763000 513.247000 157.836280
513.716000 0.782000 514.017000 155.698900
514.492000 0.776000 514.808000 143.798150
515.246000 0.754000 515.556000 156.279570
516.005000 0.759000 516.326000 147.795710
516.741000 0.736000 517.074000 151.823900
517.459000 0.718000 517.777000 147.490780
518.178000 0.719000 518.491000 145.017840
518.914000 0.736000 519.231000 140.287890
519.642000 0.728000 519.965000 140.531540
520.360000 0.718000 520.666000 165.434550
521.064000 0.704000 521.366000 164.945800
521.765000 0.701000 522.074000 161.619370
522.451000 0.686000 522.761000 158.599320
523.150000 0.700000 523.474000 161.193350
523.864000 0.713000 524.155000 162.261310
524.615000 0.751000 524.944000 162.200030
525.377000 0.762000 525.698000 157.470080
526.120000 0.743000 526.423000 157.042600
526.868000 0.748000 527.160000 159.941560
527.641000 0.773000 527.953000 144.927390
528.394000 0.753000 528.704000 153.045050
529.136000 0.741000 529.505000 157.103880
529.882000 0.746000 530.264000 157.134520
530.630000 0.748000 530.994000 140.989650
531.366000 0.736000 531.673000 153.349970
532.111000 0.745000 532.405000 158.323570
532.866000 0.755000 533.175000 158.202480
533.596000 0.729000 533.914000 154.509850
534.320000 0.725000 534.611000 159.819010
535.063000 0.743000 535.362000 160.307760
535.821000 0.758000 536.129000 155.882730
536.568000 0.746000 536.873000 155.455250
537.303000 0.736000 537.590000 158.171840
538.039000 0.736000 538.350000 159.849650
538.750000 0.712000 539.051000 155.119690
539.441000 0.690000 539.742000 153.837270
540.130000 0.690000 540.432000 156.737680
540.830000 0.699000 541.120000 161.772560
541.558000 0.729000 541.850000 163.481000
542.298000 0.739000 542.601000 159.788370
543.030000 0.732000 543.330000 160.673960
543.773000 0.743000 544.062000 163.419720
544.539000 0.765000 544.838000 159.727090
545.293000 0.755000 545.592000 158.659130
546.042000 0.748000 546.329000 161.498270
546.832000 0.791000 547.131000 161.588730
547.601000 0.768000 547.920000 158.599320
548.345000 0.745000 548.651000 159.391530
549.125000 0.779000 549.412000 160.704600
549.907000 0.782000 550.210000 157.378160
550.648000 0.741000 550.960000 149.504150
551.385000 0.737000 551.698000 160.369040
552.136000 0.750000 552.428000 158.141200
552.868000 0.732000 553.201000 157.529900
553.587000 0.719000 553.915000 159.575360
554.316000 0.729000 554.620000 160.704600
555.037000 0.721000 555.340000 157.896100
555.729000 0.692000 556.049000 154.600300
556.418000 0.689000 556.727000 157.316890
557.115000 0.697000 557.397000 161.895110
557.831000 0.716000 558.128000 163.298630
558.564000 0.733000 558.878000 161.559550
