304.671000 0.796000 304.951000 121.471970
305.502000 0.831000 305.781000 121.952160
306.363000 0.862000 306.651000 120.271480
307.161000 0.798000 307.461000 118.968100
307.957000 0.796000 308.251000 120.863150
308.762000 0.805000 309.041000 121.660610
309.580000 0.818000 309.861000 120.584460
310.382000 0.802000 310.681000 119.551190
311.180000 0.798000 311.471000 120.910310
312.041000 0.861000 312.321000 123.907240
312.928000 0.887000 313.211000 123.422760
313.801000 0.873000 314.091000 120.001370
314.610000 0.809000 314.911000 118.775160
315.404000 0.794000 315.701000 119.808440
316.196000 0.793000 316.481000 120.181440
317.000000 0.804000 317.281000 120.035670
317.812000 0.812000 318.101000 119.954210
318.600000 0.788000 318.891000 121.180420
319.393000 0.793000 319.681000 123.165510
320.241000 0.847000 320.521000 124.829040
321.084000 0.844000 321.371000 123.276980
321.918000 0.834000 322.211000 121.381930
322.723000 0.805000 323.021000 120.472990
323.547000 0.824000 323.831000 122.445220
324.370000 0.822000 324.651000 122.145100
325.181000 0.811000 325.471000 119.787000
325.971000 0.790000 326.261000 120.112850
326.770000 0.799000 327.051000 121.896420
327.591000 0.821000 327.871000 122.895400
328.440000 0.849000 328.721000 121.682050
329.236000 0.796000 329.531000 119.212480
330.040000 0.804000 330.331000 121.124680
330.863000 0.823000 331.151000 122.089360
331.711000 0.848000 331.991000 121.291890
332.529000 0.818000 332.821000 118.565080
333.344000 0.815000 333.631000 119.538330
334.198000 0.854000 334.481000 121.549140
335.089000 0.891000 335.371000 121.390510
336.004000 0.915000 336.291000 118.775160
336.875000 0.871000 337.171000 115.833970
337.721000 0.846000 338.011000 117.124490
338.572000 0.851000 338.861000 118.483620
339.423000 0.851000 339.711000 117.441770
340.230000 0.807000 340.531000 116.014050
341.022000 0.791000 341.311000 118.740860
341.836000 0.814000 342.121000 121.493400
342.653000 0.817000 342.931000 121.390510
343.458000 0.805000 343.751000 120.057110
344.246000 0.788000 344.541000 120.155720
345.028000 0.781000 345.321000 120.897450
345.836000 0.808000 346.121000 122.638150
346.682000 0.846000 346.961000 121.562000
347.526000 0.844000 347.821000 120.009950
348.335000 0.809000 348.631000 119.482590
349.221000 0.887000 349.501000 120.918890
350.087000 0.866000 350.371000 120.190020
350.959000 0.872000 351.251000 117.184520
351.786000 0.827000 352.081000 116.485660
352.613000 0.827000 352.901000 118.843760
353.417000 0.804000 353.701000 118.753720
354.224000 0.807000 354.520000 118.449320
355.011000 0.787000 355.311000 118.294970
355.783000 0.772000 356.071000 121.369070
356.568000 0.785000 356.851000 122.728190
357.390000 0.822000 357.671000 123.062610
358.200000 0.810000 358.491000 122.325170
358.983000 0.782000 359.281000 122.728190
359.769000 0.786000 360.051000 123.941540
360.563000 0.794000 360.850000 124.378860
361.375000 0.812000 361.661000 122.908260
362.150000 0.775000 362.441000 121.827820
362.930000 0.780000 363.221000 123.448480
363.705000 0.775000 363.991000 123.727160
364.510000 0.805000 364.791000 124.477470
365.286000 0.777000 365.581000 122.479520
366.055000 0.769000 366.341000 123.332720
366.828000 0.772000 367.111000 124.524630
367.611000 0.783000 367.891000 124.533200
368.417000 0.807000 368.701000 123.962970
369.188000 0.771000 369.481000 122.187970
369.964000 0.775000 370.251000 123.367020
370.745000 0.781000 371.031000 124.323120
371.539000 0.793000 371.821000 123.547090
372.303000 0.764000 372.591000 121.682050
373.069000 0.767000 373.351000 123.054030
373.839000 0.769000 374.121000 123.469920
374.616000 0.778000 374.901000 124.005850
375.378000 0.761000 375.671000 122.479520
376.135000 0.758000 376.421000 123.019740
376.894000 0.758000 377.181000 124.421730
377.666000 0.772000 377.941000 126.591180
378.452000 0.786000 378.741000 127.307180
379.222000 0.770000 379.511000 124.781880
379.984000 0.762000 380.271000 125.309230
380.750000 0.766000 381.031000 127.152830
381.512000 0.762000 381.801000 128.306160
382.259000 0.747000 382.551000 128.387620
383.009000 0.750000 383.291000 129.596680
383.781000 0.772000 384.061000 131.032970
384.565000 0.784000 384.851000 131.045840
385.331000 0.766000 385.621000 130.158340
386.113000 0.783000 386.400000 130.698550
386.911000 0.798000 387.191000 130.102600
387.718000 0.807000 388.021000 119.315380
388.501000 0.783000 388.791000 118.843760
389.277000 0.775000 389.561000 121.360490
390.046000 0.770000 390.331000 120.404390
390.815000 0.769000 391.101000 117.900520
391.568000 0.752000 391.861000 118.788020
392.330000 0.762000 392.611000 120.314360
393.101000 0.772000 393.391000 121.146120
393.897000 0.796000 394.181000 118.136330
394.676000 0.778000 394.971000 118.565080
395.457000 0.781000 395.751000 119.482590
396.269000 0.813000 396.551000 120.361520
397.079000 0.810000 397.361000 119.328240
397.902000 0.822000 398.191000 119.508320
398.699000 0.798000 398.991000 119.975650
399.540000 0.841000 399.821000 122.153670
400.374000 0.834000 400.651000 122.389480
401.207000 0.833000 401.491000 121.223290
402.030000 0.823000 402.321000 120.773110
402.875000 0.845000 403.151000 121.471970
403.724000 0.849000 404.001000 122.179400
404.592000 0.868000 404.880000 121.146120
405.403000 0.811000 405.691000 120.417250
406.209000 0.806000 406.491000 121.437670
407.008000 0.799000 407.291000 121.977890
407.818000 0.810000 408.101000 122.063630
408.605000 0.786000 408.891000 121.360490
409.384000 0.779000 409.671000 122.505240
410.164000 0.780000 410.451000 123.624270
410.951000 0.787000 411.231000 124.198780
411.745000 0.795000 412.031000 122.771060
412.504000 0.759000 412.791000 121.853550
413.261000 0.757000 413.541000 123.547090
414.019000 0.758000 414.301000 124.040150
414.795000 0.776000 415.081000 123.941540
415.541000 0.745000 415.831000 123.019740
416.305000 0.764000 416.591000 124.816180
417.063000 0.758000 417.341000 125.433570
417.822000 0.759000 418.101000 125.219200
418.582000 0.761000 418.871000 124.816180
419.324000 0.742000 419.611000 124.254520
420.066000 0.742000 420.351000 125.759410
420.807000 0.740000 421.091000 126.016660
421.560000 0.754000 421.841000 125.364970
422.284000 0.723000 422.571000 124.185920
423.012000 0.728000 423.300000 125.566480
423.740000 0.728000 424.021000 126.355370
424.475000 0.735000 424.751000 126.321070
425.200000 0.725000 425.491000 125.815150
425.923000 0.723000 426.211000 125.973790
426.646000 0.724000 426.931000 126.959900
427.372000 0.726000 427.651000 127.264310
428.129000 0.757000 428.411000 127.298610
428.872000 0.743000 429.161000 126.445410
429.618000 0.746000 429.901000 126.848430
430.375000 0.757000 430.651000 127.881700
431.158000 0.782000 431.441000 128.014610
431.917000 0.760000 432.211000 125.566480
432.683000 0.765000 432.970000 127.015640
433.491000 0.809000 433.771000 127.564430
434.300000 0.809000 434.581000 126.093840
435.092000 0.792000 435.381000 124.344560
435.871000 0.779000 436.161000 123.234110
436.639000 0.768000 436.921000 123.504220
437.414000 0.775000 437.691000 123.568530
438.207000 0.793000 438.481000 122.145100
438.988000 0.781000 439.271000 121.021780
439.753000 0.765000 440.041000 120.125710
440.519000 0.766000 440.801000 121.180420
441.300000 0.781000 441.581000 121.300470
442.098000 0.798000 442.381000 120.425830
442.873000 0.774000 443.161000 118.685130
443.639000 0.767000 443.931000 118.273530
444.414000 0.774000 444.691000 119.272510
445.195000 0.781000 445.481000 118.719430
445.988000 0.793000 446.271000 117.776190
446.750000 0.762000 447.041000 116.241280
447.507000 0.758000 447.791000 117.227390
448.282000 0.775000 448.561000 117.767610
449.082000 0.799000 449.361000 118.046300
449.880000 0.798000 450.171000 116.215560
450.652000 0.772000 450.941000 114.903600
451.416000 0.764000 451.701000 116.095510
452.188000 0.772000 452.471000 116.687170
452.966000 0.779000 453.251000 116.172680
453.750000 0.784000 454.041000 115.160840
454.506000 0.755000 454.801000 114.993630
455.265000 0.760000 455.551000 116.588560
456.035000 0.769000 456.321000 117.394600
456.809000 0.774000 457.101000 116.387050
457.552000 0.743000 457.851000 114.980770
458.292000 0.740000 458.581000 116.194120
459.033000 0.741000 459.321000 117.677580
459.788000 0.755000 460.071000 118.372140
460.536000 0.748000 460.831000 116.742910
461.276000 0.740000 461.571000 117.497500
462.016000 0.740000 462.301000 118.856620
462.772000 0.756000 463.051000 119.302520
463.551000 0.779000 463.841000 118.170630
464.301000 0.750000 464.591000 116.185540
465.070000 0.769000 465.351000 117.506080
465.854000 0.784000 466.141000 117.677580
466.649000 0.796000 466.931000 117.497500
467.422000 0.773000 467.711000 115.096530
468.196000 0.774000 468.489000 115.632460
468.991000 0.795000 469.271000 116.811510
469.794000 0.803000 470.081000 116.421350
470.590000 0.796000 470.881000 115.722500
471.359000 0.769000 471.651000 115.229440
472.135000 0.776000 472.421000 116.991580
472.933000 0.798000 473.221000 117.476070
473.740000 0.807000 474.031000 116.151240
474.518000 0.778000 474.811000 115.362350
475.312000 0.794000 475.601000 116.824370
476.104000 0.792000 476.391000 116.858670
476.919000 0.815000 477.211000 116.361330
477.687000 0.768000 477.981000 114.444840
478.467000 0.780000 478.751000 116.104080
479.251000 0.784000 479.531000 116.858670
480.066000 0.815000 480.351000 116.374190
480.846000 0.780000 481.141000 114.646350
481.629000 0.783000 481.921000 115.139410
482.430000 0.801000 482.721000 116.622860
483.269000 0.838000 483.551000 117.068760
484.120000 0.851000 484.411000 115.062230
484.929000 0.809000 485.221000 113.951780
485.748000 0.819000 486.031000 114.869300
486.597000 0.849000 486.881000 115.701060
487.432000 0.835000 487.721000 113.668810
488.246000 0.814000 488.541000 113.981800
489.048000 0.802000 489.341000 113.870320
489.891000 0.843000 490.171000 114.654920
490.754000 0.863000 491.041000 113.591640
491.563000 0.808000 491.861000 111.940970
492.361000 0.799000 492.651000 113.029980
493.173000 0.812000 493.461000 113.703110
493.994000 0.820000 494.281000 113.120020
494.788000 0.794000 495.081000 112.073880
495.574000 0.786000 495.871000 112.065310
496.366000 0.791000 496.651000 113.321530
497.156000 0.791000 497.441000 113.433000
497.965000 0.809000 498.251000 111.803770
498.741000 0.776000 499.031000 111.615120
499.530000 0.788000 499.821000 112.884210
500.323000 0.793000 500.611000 113.265790
501.154000 0.831000 501.441000 113.565910
501.981000 0.826000 502.271000 112.614100
502.779000 0.798000 503.071000 112.828470
503.584000 0.805000 503.871000 113.321530
504.394000 0.810000 504.681000 113.175760
505.219000 0.824000 505.511000 112.039580
506.006000 0.787000 506.301000 111.477930
506.791000 0.785000 507.081000 113.029980
507.592000 0.801000 507.881000 113.870320
508.419000 0.828000 508.711000 113.210050
509.197000 0.778000 509.491000 111.940970
509.976000 0.779000 510.270000 112.566940
510.762000 0.786000 511.051000 113.029980
511.550000 0.788000 511.841000 113.107160
512.318000 0.767000 512.611000 111.850930
513.086000 0.769000 513.371000 112.601240
513.866000 0.780000 514.151000 113.690250
514.655000 0.789000 514.941000 113.218630
515.451000 0.796000 515.741000 112.086740
516.237000 0.786000 516.531000 111.838070
517.033000 0.796000 517.321000 112.434030
517.851000 0.818000 518.141000 113.210050
518.672000 0.821000 518.961000 112.099610
519.476000 0.804000 519.771000 111.233540
520.265000 0.789000 520.551000 111.670860
521.076000 0.811000 521.361000 112.614100
521.903000 0.827000 522.191000 111.593690
522.719000 0.816000 523.011000 110.963430
523.518000 0.798000 523.811000 110.886260
524.332000 0.814000 524.621000 111.447910
525.160000 0.828000 525.451000 111.726600
526.007000 0.847000 526.291000 110.470380
526.835000 0.828000 527.131000 109.402800
527.637000 0.802000 527.931000 109.304190
528.479000 0.842000 528.761000 111.040610
529.311000 0.832000 529.601000 110.213130
530.138000 0.827000 530.431000 108.450990
530.919000 0.782000 531.221000 108.403830
531.697000 0.777000 531.991000 110.097370
532.481000 0.784000 532.771000 111.863800
533.281000 0.800000 533.571000 112.009570
534.111000 0.831000 534.401000 111.919530
534.885000 0.774000 535.181000 112.129620
535.674000 0.789000 535.961000 114.063260
536.474000 0.799000 536.761000 114.569180
537.288000 0.814000 537.571000 113.780290
538.082000 0.794000 538.371000 112.918510
538.863000 0.781000 539.151000 113.715970
539.658000 0.795000 539.941000 114.736390
540.476000 0.817000 540.761000 114.723520
541.274000 0.798000 541.561000 112.275390
542.051000 0.777000 542.341000 112.489760
542.841000 0.790000 543.121000 113.981800
543.643000 0.802000 543.921000 114.397680
544.443000 0.800000 544.731000 112.301120
545.230000 0.787000 545.521000 112.086740
546.026000 0.797000 546.311000 113.467300
546.830000 0.803000 547.111000 113.780290
547.635000 0.806000 547.921000 113.321530
548.409000 0.774000 548.701000 112.802750
549.194000 0.784000 549.481000 114.243330
549.947000 0.754000 550.231000 113.951780
550.686000 0.738000 550.971000 114.028960
551.395000 0.709000 551.681000 114.714950
552.117000 0.722000 552.401000 117.193090
552.826000 0.709000 553.121000 117.596110
553.530000 0.704000 553.821000 119.551190
554.224000 0.694000 554.511000 122.089360
554.937000 0.713000 555.221000 123.637130
555.664000 0.726000 555.951000 123.962970
556.387000 0.723000 556.671000 123.379880
557.099000 0.712000 557.391000 124.310260
557.800000 0.701000 558.088000 124.477470
558.503000 0.703000 558.791000 123.684290
559.204000 0.701000 559.501000 123.525650
559.914000 0.711000 560.201000 123.491350
560.640000 0.726000 560.921000 123.761460
561.390000 0.750000 561.671000 123.594250
562.155000 0.764000 562.441000 122.333740
562.899000 0.745000 563.191000 122.213690
563.651000 0.752000 563.941000 123.602830
564.414000 0.763000 564.701000 123.692860
565.186000 0.772000 565.471000 123.504220
565.990000 0.804000 566.271000 123.268410
566.776000 0.786000 567.071000 123.041170
567.556000 0.780000 567.841000 123.950110
568.353000 0.797000 568.641000 124.447460
569.166000 0.813000 569.451000 124.400290
570.004000 0.838000 570.291000 122.998300
570.821000 0.817000 571.111000 123.019740
571.645000 0.824000 571.931000 122.818230
572.494000 0.849000 572.771000 123.041170
573.369000 0.875000 573.651000 122.299440
574.194000 0.825000 574.481000 120.507290
575.028000 0.834000 575.311000 121.424800
575.880000 0.852000 576.161000 120.764540
576.726000 0.846000 577.011000 119.889900
577.529000 0.803000 577.821000 118.865200
578.344000 0.815000 578.631000 119.418280
579.170000 0.826000 579.451000 119.619790
579.995000 0.824000 580.281000 118.427880
580.779000 0.785000 581.071000 117.518940
581.563000 0.784000 581.851000 118.427880
582.356000 0.793000 582.640000 119.079570
583.154000 0.798000 583.431000 119.182470
583.958000 0.805000 584.241000 117.677580
584.741000 0.783000 585.031000 117.574680
585.534000 0.793000 585.821000 118.337840
586.340000 0.805000 586.621000 118.359280
587.155000 0.815000 587.441000 117.394600
587.938000 0.783000 588.231000 116.082640
588.726000 0.788000 589.011000 117.295990
589.532000 0.806000 589.811000 117.664710
590.346000 0.815000 590.631000 116.519960
591.128000 0.781000 591.421000 115.388080
591.923000 0.795000 592.211000 115.833970
592.737000 0.815000 593.021000 116.271290
593.565000 0.828000 593.851000 115.340920
594.351000 0.786000 594.641000 113.420140
595.138000 0.787000 595.421000 114.599190
595.952000 0.814000 596.231000 115.568150
596.767000 0.815000 597.051000 114.993630
597.574000 0.807000 597.861000 113.883180
598.345000 0.771000 598.641000 114.071830
599.133000 0.788000 599.421000 115.272320
599.911000 0.778000 600.201000 115.632460
600.687000 0.775000 600.971000 115.340920
601.437000 0.750000 601.731000 114.577750
602.175000 0.738000 602.461000 116.262720
602.907000 0.732000 603.191000 118.102030
603.641000 0.735000 603.921000 119.126730
604.399000 0.758000 604.681000 120.280060
605.131000 0.732000 605.421000 120.507290
605.879000 0.748000 606.171000 123.289840
606.649000 0.770000 606.931000 125.219200
607.433000 0.784000 607.721000 125.330670
608.197000 0.764000 608.491000 124.974810
608.971000 0.774000 609.261000 126.265330
609.750000 0.779000 610.031000 125.918050
610.561000 0.811000 610.841000 125.004820
611.380000 0.820000 611.671000 124.040150
612.168000 0.788000 612.461000 123.041170
612.966000 0.798000 613.251000 123.131210
613.785000 0.819000 614.071000 122.389480
614.617000 0.832000 614.901000 120.773110
615.418000 0.801000 615.711000 120.382950
616.241000 0.823000 616.521000 120.751680
617.092000 0.851000 617.371000 120.931750
617.977000 0.885000 618.261000 119.156740
618.815000 0.838000 619.111000 117.754750
619.651000 0.836000 619.931000 118.226370
620.505000 0.854000 620.791000 118.809460
621.354000 0.849000 621.641000 117.699010
622.173000 0.819000 622.471000 116.215560
622.970000 0.797000 623.261000 116.755770
623.769000 0.798000 624.051000 117.913380
624.590000 0.821000 624.871000 118.642250
625.411000 0.822000 625.701000 117.184520
626.186000 0.775000 626.481000 115.803960
626.964000 0.778000 627.251000 117.261690
627.748000 0.784000 628.031000 118.157770
628.557000 0.808000 628.841000 118.046300
629.343000 0.787000 629.631000 115.688200
630.118000 0.774000 630.411000 116.352750
630.900000 0.782000 631.181000 116.957280
631.698000 0.798000 631.981000 117.664710
632.507000 0.809000 632.791000 115.868270
633.269000 0.762000 633.571000 114.264770
634.029000 0.759000 634.321000 116.095510
634.796000 0.768000 635.081000 117.004450
635.578000 0.782000 635.861000 116.880110
636.349000 0.771000 636.641000 115.735360
637.100000 0.751000 637.391000 115.486690
637.847000 0.747000 638.131000 117.956260
638.610000 0.763000 638.891000 118.552210
639.385000 0.774000 639.671000 117.866220
640.142000 0.758000 640.431000 116.880110
640.885000 0.743000 641.181000 117.227390
641.640000 0.755000 641.921000 118.946660
642.396000 0.756000 642.681000 119.564050
643.156000 0.760000 643.441000 120.155720
643.894000 0.738000 644.191000 120.888870
644.634000 0.740000 644.921000 123.122630
645.380000 0.746000 645.661000 124.310260
646.135000 0.755000 646.421000 124.657540
646.872000 0.737000 647.161000 124.005850
647.616000 0.744000 647.901000 125.240630
648.364000 0.748000 648.650000 126.072400
649.123000 0.759000 649.401000 126.252470
649.884000 0.760000 650.171000 124.760440
650.635000 0.751000 650.921000 124.241660
651.398000 0.763000 651.681000 125.266360
652.168000 0.771000 652.451000 124.691840
652.947000 0.779000 653.231000 123.748600
653.706000 0.758000 653.991000 123.006870
654.490000 0.784000 654.771000 123.289840
655.289000 0.800000 655.571000 123.289840
656.122000 0.833000 656.411000 121.570580
656.902000 0.780000 657.191000 119.829870
657.699000 0.797000 657.981000 120.661640
658.534000 0.835000 658.811000 119.358250
659.381000 0.847000 659.661000 118.080600
660.178000 0.797000 660.471000 117.351730
660.953000 0.775000 661.241000 117.518940
661.739000 0.786000 662.021000 117.330290
662.565000 0.826000 662.851000 117.900520
663.383000 0.818000 663.671000 116.005470
664.168000 0.785000 664.461000 115.979750
664.935000 0.767000 665.221000 116.408490
665.705000 0.770000 665.991000 117.351730
666.486000 0.781000 666.771000 117.900520
667.303000 0.817000 667.591000 116.610000
668.063000 0.760000 668.361000 115.083670
668.818000 0.755000 669.111000 117.553240
669.589000 0.770000 669.871000 118.427880
670.381000 0.792000 670.661000 118.149190
671.164000 0.784000 671.451000 116.858670
671.938000 0.773000 672.231000 116.194120
672.711000 0.774000 673.001000 117.103060
673.487000 0.776000 673.771000 117.844790
674.274000 0.787000 674.561000 116.978720
675.023000 0.749000 675.321000 115.881130
675.777000 0.755000 676.061000 117.990560
676.539000 0.762000 676.830000 118.337840
677.311000 0.772000 677.591000 118.843760
678.147000 0.836000 678.431000 119.482590
678.947000 0.800000 679.241000 117.823350
679.726000 0.779000 680.011000 118.350700
680.522000 0.796000 680.801000 118.046300
681.332000 0.811000 681.611000 117.094480
682.116000 0.784000 682.411000 115.478110
682.891000 0.775000 683.181000 115.272320
683.672000 0.781000 683.961000 116.228420
684.469000 0.797000 684.751000 116.532830
685.266000 0.797000 685.551000 114.744960
686.029000 0.762000 686.321000 114.522010
686.801000 0.772000 687.091000 114.826420
687.590000 0.789000 687.871000 115.263740
688.405000 0.815000 688.691000 114.937900
689.187000 0.782000 689.481000 112.614100
689.971000 0.785000 690.261000 113.051420
690.769000 0.798000 691.051000 113.342970
691.573000 0.804000 691.861000 113.591640
692.370000 0.797000 692.661000 111.872370
693.135000 0.765000 693.431000 111.885230
693.902000 0.767000 694.191000 113.647370
694.670000 0.768000 694.951000 113.625940
695.454000 0.784000 695.741000 114.419120
696.272000 0.818000 696.561000 113.960360
697.046000 0.774000 697.341000 113.390130
697.821000 0.774000 698.111000 114.903600
698.602000 0.781000 698.891000 115.418090
699.405000 0.803000 699.691000 115.430950
700.197000 0.793000 700.491000 113.724550
700.952000 0.755000 701.251000 113.780290
701.693000 0.741000 701.981000 115.478110
702.439000 0.746000 702.721000 116.541400
703.185000 0.745000 703.471000 116.622860
703.936000 0.751000 704.221000 117.248830
704.693000 0.757000 704.981000 117.891950
705.449000 0.757000 705.741000 119.461150
706.218000 0.769000 706.511000 120.258620
707.025000 0.807000 707.311000 119.911340
707.814000 0.789000 708.101000 119.238210
708.608000 0.794000 708.901000 119.418280
709.382000 0.774000 709.671000 119.058130
710.169000 0.787000 710.451000 119.418280
710.984000 0.815000 711.271000 118.719430
711.772000 0.788000 712.061000 117.686150
712.545000 0.774000 712.841000 117.608980
713.320000 0.774000 713.611000 117.913380
714.112000 0.793000 714.391000 118.830900
714.933000 0.820000 715.221000 118.539350
715.712000 0.779000 716.001000 117.094480
716.497000 0.785000 716.781000 117.977700
717.295000 0.798000 717.581000 118.157770
718.119000 0.823000 718.401000 117.656140
718.938000 0.819000 719.230000 116.125520
719.718000 0.780000 720.011000 115.083670
720.488000 0.770000 720.780000 115.868270
721.266000 0.778000 721.551000 116.824370
722.060000 0.793000 722.341000 116.665740
722.872000 0.813000 723.161000 115.418090
723.632000 0.760000 723.931000 114.106130
724.399000 0.766000 724.681000 116.241280
725.177000 0.778000 725.461000 116.035480
725.981000 0.805000 726.261000 116.700040
726.781000 0.799000 727.071000 114.869300
727.535000 0.755000 727.831000 113.780290
728.289000 0.754000 728.581000 115.062230
729.038000 0.749000 729.321000 115.825400
729.793000 0.755000 730.081000 116.395630
730.548000 0.755000 730.841000 116.588560
731.301000 0.753000 731.591000 118.676550
732.065000 0.764000 732.351000 120.953190
732.848000 0.783000 733.131000 122.470940
733.675000 0.827000 733.961000 123.131210
734.489000 0.814000 734.781000 122.097930
735.291000 0.802000 735.581000 122.368040
736.116000 0.825000 736.401000 122.166530
736.957000 0.841000 737.241000 121.077520
737.798000 0.841000 738.091000 119.259640
738.592000 0.794000 738.881000 118.440740
739.388000 0.796000 739.671000 118.719430
740.193000 0.805000 740.471000 119.315380
741.016000 0.824000 741.301000 118.247810
741.821000 0.805000 742.111000 116.978720
742.619000 0.798000 742.911000 117.540380
743.437000 0.818000 743.721000 118.037720
744.264000 0.827000 744.551000 117.900520
745.074000 0.810000 745.361000 116.451370
745.859000 0.784000 746.151000 115.298040
746.631000 0.772000 746.921000 115.992610
747.404000 0.773000 747.691000 117.531800
748.199000 0.796000 748.481000 117.608980
749.007000 0.808000 749.299000 117.047320
749.773000 0.766000 750.071000 117.013020
750.553000 0.780000 750.841000 118.093460
751.343000 0.790000 751.631000 118.732290
752.161000 0.818000 752.441000 118.406440
753.033000 0.872000 753.321000 117.428900
753.873000 0.840000 754.171000 115.208010
754.664000 0.790000 754.961000 115.242310
755.477000 0.814000 755.761000 116.519960
756.302000 0.825000 756.591000 115.902570
757.095000 0.793000 757.391000 115.396650
757.875000 0.779000 758.171000 116.768640
758.662000 0.788000 758.951000 117.844790
759.476000 0.813000 759.761000 118.393580
760.291000 0.815000 760.581000 117.566100
761.080000 0.789000 761.371000 117.060180
761.860000 0.780000 762.151000 117.857650
762.663000 0.803000 762.951000 117.566100
763.469000 0.807000 763.761000 116.755770
764.243000 0.774000 764.541000 115.589590
765.020000 0.777000 765.311000 116.588560
765.793000 0.773000 766.081000 117.205960
766.577000 0.784000 766.861000 116.361330
767.351000 0.773000 767.641000 115.688200
768.119000 0.768000 768.411000 115.812540
768.897000 0.778000 769.181000 117.274560
769.707000 0.810000 769.991000 116.610000
770.524000 0.817000 770.811000 115.555290
771.332000 0.809000 771.621000 115.791100
772.099000 0.766000 772.391000 114.860720
772.868000 0.769000 773.159000 116.014050
773.656000 0.788000 773.941000 116.935850
774.499000 0.843000 774.781000 117.004450
775.326000 0.827000 775.618000 115.272320
776.129000 0.803000 776.421000 114.925030
776.927000 0.798000 777.211000 115.979750
777.746000 0.819000 778.031000 115.285180
778.581000 0.835000 778.871000 116.095510
779.416000 0.835000 779.701000 113.870320
780.192000 0.776000 780.491000 112.802750
780.956000 0.764000 781.251000 114.792120
781.726000 0.770000 782.011000 116.095510
782.513000 0.786000 782.791000 115.542430
783.329000 0.816000 783.611000 114.937900
784.104000 0.775000 784.401000 113.904620
784.898000 0.794000 785.191000 115.868270
785.693000 0.795000 785.981000 116.361330
786.514000 0.821000 786.801000 116.241280
787.315000 0.802000 787.601000 114.770690
788.081000 0.765000 788.371000 115.452390
788.852000 0.772000 789.141000 116.451370
789.644000 0.791000 789.931000 117.205960
790.461000 0.817000 790.741000 117.094480
791.257000 0.796000 791.551000 117.038750
792.039000 0.782000 792.331000 117.450340
792.844000 0.805000 793.131000 117.227390
793.680000 0.836000 793.961000 116.241280
794.485000 0.805000 794.781000 114.071830
795.277000 0.792000 795.571000 114.869300
796.077000 0.800000 796.361000 115.340920
796.889000 0.812000 797.171000 115.915430
797.693000 0.804000 797.981000 115.096530
798.467000 0.774000 798.761000 114.916460
799.255000 0.787000 799.541000 116.768640
800.048000 0.794000 800.331000 116.991580
800.856000 0.808000 801.141000 115.868270
801.646000 0.790000 801.941000 114.466280
802.413000 0.767000 802.701000 115.418090
803.197000 0.784000 803.481000 116.271290
803.991000 0.794000 804.271000 116.352750
804.802000 0.811000 805.091000 114.534880
805.601000 0.799000 805.891000 114.050390
806.392000 0.791000 806.681000 115.139410
807.167000 0.774000 807.461000 115.117970
807.932000 0.765000 808.221000 114.744960
808.688000 0.756000 808.981000 115.027930
809.456000 0.768000 809.741000 117.124490
810.245000 0.789000 810.531000 118.732290
811.051000 0.805000 811.341000 120.494430
811.863000 0.813000 812.151000 120.438690
812.685000 0.821000 812.971000 120.472990
813.531000 0.846000 813.821000 119.945640
814.398000 0.867000 814.691000 117.754750
815.275000 0.877000 815.561000 115.632460
816.109000 0.834000 816.401000 113.377270
816.919000 0.810000 817.211000 112.648400
817.756000 0.837000 818.041000 112.995680
818.609000 0.853000 818.891000 112.747010
819.504000 0.895000 819.791000 112.481190
820.381000 0.877000 820.671000 113.390130
821.211000 0.830000 821.501000 113.891760
822.016000 0.806000 822.311000 114.736390
822.849000 0.833000 823.131000 115.533850
823.689000 0.840000 823.971000 114.826420
824.558000 0.869000 824.841000 116.026910
825.405000 0.847000 825.701000 116.014050
826.221000 0.816000 826.511000 116.597140
827.053000 0.832000 827.341000 117.193090
827.923000 0.870000 828.211000 117.124490
828.810000 0.887000 829.091000 116.734340
829.685000 0.875000 829.971000 116.811510
830.514000 0.829000 830.811000 115.868270
831.323000 0.809000 831.611000 117.428900
832.144000 0.820000 832.431000 117.767610
832.967000 0.824000 833.251000 117.214530
833.789000 0.822000 834.071000 117.304570
834.573000 0.784000 834.871000 116.901550
835.366000 0.793000 835.651000 118.024860
836.161000 0.794000 836.451000 119.293940
836.981000 0.820000 837.261000 119.293940
837.808000 0.827000 838.091000 118.766590
838.625000 0.817000 838.911000 117.733310
839.417000 0.792000 839.711000 117.608980
840.192000 0.775000 840.481000 118.629390
840.989000 0.797000 841.271000 119.079570
841.801000 0.812000 842.081000 119.662660
842.630000 0.830000 842.921000 118.933800
843.404000 0.774000 843.701000 117.789050
844.184000 0.780000 844.471000 119.585490
844.969000 0.785000 845.251000 119.641230
845.762000 0.793000 846.051000 119.336820
846.563000 0.802000 846.851000 118.800890
847.350000 0.787000 847.641000 118.294970
848.128000 0.778000 848.421000 119.349680
848.898000 0.770000 849.181000 119.662660
849.697000 0.799000 849.981000 119.675530
850.489000 0.792000 850.781000 119.709830
851.274000 0.784000 851.561000 119.619790
852.039000 0.766000 852.331000 120.202880
852.811000 0.771000 853.101000 121.369070
853.593000 0.782000 853.881000 122.299440
854.413000 0.820000 854.701000 122.470940
855.215000 0.802000 855.511000 121.570580
856.021000 0.806000 856.311000 122.312310
856.825000 0.804000 857.111000 122.290870
857.639000 0.814000 857.931000 122.063630
858.425000 0.786000 858.721000 120.280060
