319.133000 0.989000 319.480000 109.251200
320.113000 0.980000 320.450000 109.526180
321.078000 0.965000 321.417000 107.665110
322.020000 0.942000 322.360000 108.886020
323.030000 1.010000 323.378000 109.679070
324.103000 1.073000 324.459000 108.519750
325.146000 1.043000 325.484000 108.763930
326.158000 1.012000 326.500000 106.444190
327.130000 0.971000 327.499000 110.105840
328.154000 1.025000 328.520000 113.584900
329.183000 1.029000 329.561000 116.453510
330.176000 0.993000 330.544000 119.475010
331.162000 0.986000 331.525000 121.550560
332.113000 0.952000 332.485000 120.360450
333.015000 0.902000 333.363000 121.244790
333.955000 0.940000 334.323000 122.038930
334.885000 0.929000 335.239000 121.519770
335.772000 0.887000 336.123000 122.771480
336.724000 0.952000 337.079000 124.572060
337.738000 1.015000 338.082000 123.167460
338.671000 0.933000 339.049000 123.991300
339.683000 1.012000 340.047000 125.518000
340.680000 0.997000 341.046000 122.008130
341.639000 0.959000 342.047000 122.893570
342.599000 0.959000 342.948000 124.022100
343.584000 0.986000 343.924000 122.831980
344.552000 0.968000 344.904000 120.329650
345.510000 0.958000 345.863000 120.756420
346.502000 0.992000 346.847000 119.536600
347.486000 0.984000 347.828000 116.453510
348.404000 0.918000 348.750000 117.063970
349.370000 0.966000 349.715000 116.270920
350.318000 0.948000 350.671000 113.920380
351.206000 0.888000 351.564000 114.408750
352.178000 0.972000 352.513000 115.476780
353.162000 0.983000 353.504000 112.730260
354.115000 0.953000 354.470000 112.425580
355.091000 0.976000 355.444000 112.791860
356.053000 0.962000 356.406000 110.899990
356.979000 0.927000 357.345000 111.266260
357.925000 0.946000 358.264000 113.615700
358.877000 0.952000 359.225000 112.791860
359.780000 0.903000 360.144000 113.981980
360.714000 0.934000 361.071000 117.033170
361.685000 0.970000 362.044000 119.017440
362.630000 0.945000 363.043000 120.268050
363.561000 0.932000 363.944000 122.801180
364.529000 0.968000 364.906000 123.686620
365.507000 0.978000 365.869000 123.136660
366.419000 0.912000 366.783000 123.930800
367.401000 0.982000 367.745000 125.518000
368.393000 0.992000 368.744000 124.723850
369.296000 0.903000 369.631000 125.395900
370.238000 0.942000 370.604000 127.501160
371.222000 0.983000 371.564000 126.188950
372.137000 0.915000 372.486000 125.518000
373.068000 0.930000 373.425000 127.531960
374.013000 0.945000 374.350000 125.822680
374.900000 0.887000 375.246000 124.663350
375.779000 0.878000 376.127000 126.371540
376.723000 0.945000 377.059000 127.012790
377.644000 0.921000 377.987000 126.371540
378.540000 0.896000 378.886000 126.646520
379.485000 0.945000 379.830000 126.708120
380.464000 0.979000 380.808000 125.151720
381.375000 0.911000 381.726000 124.419170
382.303000 0.928000 382.646000 125.090130
383.225000 0.922000 383.580000 123.076160
384.107000 0.882000 384.449000 123.595330
385.041000 0.934000 385.387000 123.991300
385.984000 0.943000 386.343000 122.771480
386.895000 0.911000 387.260000 123.015670
387.866000 0.971000 388.224000 123.106960
388.814000 0.947000 389.165000 119.505800
389.712000 0.899000 390.119000 117.827320
390.652000 0.939000 391.023000 119.902880
391.592000 0.940000 391.947000 117.613930
392.518000 0.926000 392.862000 117.613930
393.502000 0.984000 393.846000 116.423810
394.469000 0.967000 394.811000 113.859890
395.426000 0.957000 395.768000 113.981980
396.375000 0.948000 396.726000 111.235460
397.250000 0.875000 397.621000 111.693030
398.152000 0.902000 398.503000 113.646500
399.084000 0.933000 399.444000 115.233690
399.953000 0.869000 400.320000 117.980210
400.857000 0.904000 401.215000 121.794750
401.780000 0.923000 402.123000 121.184290
402.658000 0.878000 403.031000 123.411640
403.602000 0.944000 403.942000 125.884270
404.586000 0.983000 404.940000 124.327880
405.498000 0.912000 405.858000 123.961600
406.452000 0.954000 406.800000 125.853470
407.439000 0.987000 407.819000 125.151720
408.360000 0.921000 408.699000 126.311040
409.328000 0.968000 409.676000 128.325010
410.320000 0.993000 410.659000 126.708120
411.267000 0.947000 411.614000 123.930800
412.173000 0.906000 412.499000 124.754650
413.168000 0.995000 413.515000 124.327880
414.166000 0.998000 414.514000 120.787220
415.087000 0.920000 415.434000 119.841280
416.013000 0.926000 416.358000 121.153490
417.004000 0.991000 417.356000 120.360450
417.964000 0.960000 418.321000 119.017440
418.902000 0.938000 419.252000 121.153490
419.924000 1.022000 420.277000 120.726720
420.943000 1.019000 421.332000 118.040700
421.950000 1.007000 422.312000 118.346480
422.995000 1.044000 423.351000 115.691260
423.977000 0.983000 424.332000 114.408750
424.996000 1.019000 425.339000 113.890680
426.037000 1.041000 426.393000 111.601740
427.065000 1.028000 427.413000 112.456380
428.094000 1.029000 428.435000 109.739570
429.039000 0.945000 429.392000 110.472120
429.982000 0.943000 430.313000 111.998810
430.935000 0.953000 431.290000 111.204670
431.847000 0.912000 432.210000 113.218630
432.816000 0.969000 433.171000 115.720960
433.801000 0.985000 434.175000 114.836620
434.724000 0.923000 435.097000 118.193590
435.708000 0.984000 436.068000 120.238350
436.685000 0.978000 437.069000 120.329650
437.643000 0.957000 438.031000 123.564530
438.630000 0.987000 438.988000 122.008130
439.551000 0.921000 439.909000 120.756420
440.473000 0.922000 440.810000 124.449970
441.450000 0.977000 441.808000 125.151720
442.413000 0.963000 442.770000 124.388370
443.328000 0.915000 443.689000 125.151720
444.289000 0.961000 444.632000 125.791880
445.253000 0.964000 445.613000 120.573830
446.173000 0.920000 446.509000 124.357570
447.154000 0.981000 447.506000 124.754650
448.105000 0.951000 448.450000 123.167460
449.057000 0.952000 449.406000 125.884270
450.058000 1.000000 450.406000 123.930800
450.991000 0.933000 451.347000 122.801180
451.931000 0.940000 452.286000 124.327880
452.934000 1.003000 453.271000 122.405210
453.892000 0.958000 454.247000 120.756420
454.868000 0.976000 455.227000 121.122690
455.890000 1.022000 456.249000 119.139530
456.828000 0.938000 457.187000 118.315680
457.819000 0.991000 458.148000 119.108730
458.817000 0.998000 459.167000 116.393010
459.759000 0.942000 460.092000 117.155260
460.750000 0.990000 461.107000 118.040700
461.748000 0.999000 462.106000 115.202900
462.727000 0.978000 463.093000 114.775020
463.775000 1.048000 464.110000 114.805820
464.802000 1.027000 465.149000 112.394790
465.839000 1.037000 466.189000 112.761060
466.896000 1.057000 467.226000 110.076140
467.895000 1.000000 468.227000 110.105840
468.921000 1.026000 469.270000 108.855230
469.890000 0.969000 470.242000 109.526180
470.910000 1.021000 471.247000 109.282000
471.904000 0.994000 472.248000 106.810460
472.843000 0.939000 473.169000 108.427350
473.844000 1.002000 474.191000 108.886020
474.829000 0.984000 475.184000 107.481420
475.789000 0.960000 476.130000 109.282000
476.823000 1.035000 477.168000 108.824430
477.822000 0.999000 478.159000 106.993050
478.822000 1.000000 479.173000 109.312790
479.852000 1.031000 480.209000 109.282000
480.825000 0.973000 481.187000 108.061080
481.782000 0.957000 482.127000 110.472120
482.797000 1.015000 483.142000 110.685500
483.808000 1.010000 484.182000 109.526180
484.793000 0.985000 485.151000 111.326760
485.870000 1.077000 486.221000 111.113370
486.893000 1.023000 487.248000 109.617470
487.862000 0.969000 488.228000 112.425580
488.878000 1.015000 489.233000 113.798290
489.883000 1.005000 490.246000 114.348250
490.836000 0.953000 491.207000 116.057540
491.816000 0.981000 492.184000 119.139530
492.815000 0.999000 493.167000 118.346480
493.774000 0.959000 494.127000 117.613930
494.753000 0.978000 495.127000 118.773250
495.744000 0.991000 496.105000 116.819790
496.673000 0.928000 497.046000 116.423810
497.625000 0.953000 497.983000 118.742460
498.625000 1.000000 498.971000 118.620360
499.573000 0.947000 499.927000 121.153490
500.558000 0.985000 500.905000 123.625020
501.546000 0.989000 501.903000 122.008130
502.491000 0.944000 502.833000 122.190720
503.507000 1.017000 503.843000 122.405210
504.498000 0.991000 504.846000 118.742460
505.435000 0.937000 505.806000 118.742460
506.406000 0.971000 506.750000 118.284890
507.354000 0.947000 507.705000 118.009900
508.260000 0.906000 508.627000 120.360450
509.181000 0.921000 509.526000 122.374410
510.108000 0.927000 510.466000 123.167460
511.032000 0.924000 511.384000 125.884270
512.043000 1.011000 512.409000 126.128450
513.028000 0.986000 513.404000 123.961600
513.962000 0.934000 514.309000 125.518000
514.939000 0.977000 515.290000 124.297080
515.895000 0.957000 516.245000 122.008130
516.788000 0.892000 517.129000 122.771480
517.739000 0.952000 518.103000 122.283120
518.696000 0.957000 519.062000 122.649390
519.581000 0.885000 519.929000 123.167460
520.477000 0.896000 520.825000 125.090130
521.421000 0.944000 521.771000 124.754650
522.313000 0.892000 522.665000 124.998830
523.236000 0.923000 523.589000 126.737810
524.181000 0.946000 524.523000 125.669790
525.109000 0.928000 525.463000 124.174990
526.030000 0.922000 526.387000 125.487200
527.002000 0.971000 527.346000 124.357570
527.961000 0.959000 528.308000 122.740680
528.880000 0.920000 529.229000 124.723850
529.813000 0.933000 530.155000 125.334310
530.693000 0.880000 531.068000 124.754650
531.519000 0.826000 531.875000 125.518000
532.364000 0.845000 532.729000 128.355800
533.307000 0.942000 533.651000 129.943000
534.319000 1.012000 534.669000 128.782570
535.286000 0.967000 535.631000 127.927930
536.241000 0.954000 536.589000 126.311040
537.173000 0.933000 537.530000 126.341840
538.144000 0.971000 538.491000 127.134890
539.191000 1.047000 539.530000 125.944770
540.203000 1.012000 540.557000 123.411640
541.189000 0.986000 541.534000 124.327880
542.239000 1.050000 542.577000 123.106960
543.255000 1.016000 543.596000 119.872080
544.197000 0.942000 544.551000 118.346480
545.100000 0.903000 545.433000 119.139530
546.049000 0.950000 546.393000 119.872080
546.980000 0.931000 547.333000 118.346480
547.889000 0.909000 548.230000 118.315680
548.786000 0.897000 549.128000 117.430240
549.659000 0.873000 550.013000 117.247660
550.529000 0.870000 550.889000 118.589570
551.486000 0.957000 551.813000 120.329650
552.532000 1.046000 552.875000 121.977340
553.520000 0.989000 553.876000 121.215090
554.510000 0.989000 554.875000 121.641860
555.432000 0.922000 555.796000 119.963370
556.332000 0.900000 556.681000 121.488970
557.248000 0.917000 557.594000 123.167460
558.219000 0.971000 558.556000 123.198250
559.142000 0.923000 559.479000 122.771480
560.120000 0.978000 560.476000 122.740680
561.004000 0.884000 561.358000 120.390140
561.844000 0.840000 562.215000 121.977340
562.697000 0.852000 563.059000 124.419170
563.648000 0.952000 563.996000 127.196480
564.690000 1.042000 565.056000 127.165680
565.751000 1.061000 566.116000 127.226180
566.803000 1.052000 567.160000 124.723850
567.812000 1.009000 568.160000 124.449970
568.871000 1.060000 569.219000 124.723850
570.052000 1.181000 570.400000 123.991300
571.164000 1.112000 571.502000 120.756420
572.191000 1.027000 572.540000 119.139530
573.255000 1.064000 573.598000 119.902880
574.356000 1.101000 574.720000 117.980210
575.390000 1.034000 575.740000 114.012780
576.358000 0.968000 576.701000 113.951180
577.330000 0.972000 577.683000 115.263390
578.343000 1.014000 578.679000 113.981980
579.317000 0.974000 579.660000 113.615700
580.291000 0.974000 580.641000 114.470340
581.283000 0.992000 581.660000 112.761060
582.222000 0.940000 582.583000 112.883150
583.135000 0.912000 583.488000 115.172100
584.108000 0.973000 584.465000 115.324990
585.131000 1.023000 585.485000 113.462810
586.142000 1.011000 586.505000 114.439550
587.198000 1.056000 587.546000 113.615700
588.250000 1.052000 588.622000 110.838390
589.255000 1.005000 589.602000 112.363990
590.305000 1.050000 590.660000 110.716300
591.293000 0.988000 591.648000 109.648270
592.269000 0.976000 592.625000 110.807590
593.280000 1.011000 593.628000 110.869190
594.298000 1.018000 594.649000 109.282000
595.216000 0.918000 595.580000 109.465680
596.158000 0.942000 596.506000 112.456380
597.205000 1.047000 597.565000 112.791860
598.265000 1.060000 598.629000 112.425580
599.270000 1.005000 599.646000 115.294190
600.359000 1.089000 600.709000 116.850580
601.483000 1.124000 601.848000 114.012780
602.555000 1.072000 602.928000 112.761060
603.594000 1.039000 603.947000 113.951180
604.686000 1.092000 605.052000 114.775020
605.771000 1.085000 606.129000 113.951180
606.824000 1.053000 607.192000 114.470340
607.775000 0.951000 608.148000 113.433110
608.718000 0.943000 609.074000 115.995940
609.705000 0.986000 610.068000 117.063970
610.734000 1.029000 611.131000 116.362220
611.753000 1.019000 612.132000 117.643630
612.755000 1.002000 613.110000 115.660460
613.710000 0.956000 614.067000 115.843050
614.732000 1.022000 615.087000 115.813350
615.756000 1.024000 616.131000 112.822660
616.724000 0.968000 617.084000 112.974450
617.746000 1.023000 618.095000 113.218630
618.750000 1.003000 619.116000 110.472120
619.698000 0.949000 620.056000 111.326760
620.701000 1.003000 621.057000 112.028510
621.687000 0.986000 622.073000 110.869190
622.674000 0.988000 623.075000 109.282000
623.602000 0.928000 623.956000 108.915720
624.498000 0.896000 624.856000 111.693030
625.467000 0.969000 625.819000 113.218630
626.435000 0.968000 626.822000 114.836620
627.390000 0.955000 627.756000 116.790090
628.338000 0.948000 628.699000 116.362220
629.249000 0.911000 629.608000 117.125560
630.187000 0.938000 630.538000 118.346480
631.169000 0.983000 631.520000 116.850580
632.135000 0.966000 632.513000 115.843050
633.107000 0.971000 633.458000 114.408750
634.015000 0.908000 634.380000 113.158130
634.927000 0.912000 635.279000 114.805820
635.854000 0.928000 636.224000 114.836620
636.760000 0.906000 637.099000 116.453510
637.721000 0.960000 638.086000 117.033170
638.693000 0.973000 639.048000 117.399450
639.643000 0.950000 639.988000 117.949410
640.601000 0.958000 640.944000 115.843050
641.529000 0.928000 641.881000 115.629670
642.460000 0.931000 642.804000 117.186060
643.435000 0.975000 643.785000 115.995940
644.373000 0.938000 644.724000 114.379050
645.279000 0.906000 645.627000 115.202900
646.224000 0.945000 646.588000 116.423810
647.203000 0.979000 647.547000 115.202900
648.119000 0.916000 648.466000 114.379050
649.010000 0.892000 649.369000 115.660460
649.943000 0.932000 650.285000 116.057540
650.891000 0.949000 651.248000 113.218630
651.774000 0.883000 652.128000 112.791860
652.673000 0.899000 653.045000 114.408750
653.606000 0.933000 653.947000 114.348250
654.519000 0.913000 654.887000 114.439550
655.416000 0.896000 655.786000 117.613930
656.362000 0.946000 656.714000 118.009900
657.336000 0.974000 657.688000 117.583130
658.343000 1.007000 658.689000 116.453510
659.330000 0.986000 659.688000 113.524410
660.273000 0.943000 660.629000 114.805820
661.262000 0.989000 661.597000 115.233690
662.238000 0.976000 662.614000 114.439550
663.217000 0.978000 663.566000 114.226160
664.166000 0.949000 664.536000 112.456380
665.081000 0.915000 665.434000 114.379050
666.037000 0.956000 666.400000 114.256960
666.978000 0.941000 667.333000 111.968010
667.890000 0.912000 668.255000 112.700560
668.840000 0.949000 669.198000 113.218630
669.803000 0.963000 670.161000 111.479650
670.736000 0.933000 671.098000 113.158130
671.734000 0.998000 672.095000 113.158130
672.724000 0.990000 673.082000 111.113370
673.674000 0.950000 674.040000 111.173870
674.705000 1.031000 675.075000 111.540140
675.748000 1.043000 676.095000 109.221500
676.736000 0.988000 677.101000 108.855230
677.737000 1.000000 678.102000 109.709870
678.716000 0.979000 679.097000 107.634310
679.638000 0.922000 680.001000 108.458150
680.552000 0.914000 680.920000 111.295960
681.600000 1.048000 681.942000 111.998810
682.698000 1.098000 683.072000 110.227930
683.718000 1.020000 684.083000 113.158130
684.766000 1.048000 685.122000 112.456380
685.779000 1.012000 686.142000 111.295960
686.763000 0.984000 687.121000 112.425580
687.757000 0.994000 688.119000 112.363990
688.681000 0.924000 689.067000 113.462810
689.593000 0.912000 689.961000 119.077930
690.518000 0.925000 690.880000 121.550560
691.437000 0.918000 691.806000 122.343610
692.371000 0.934000 692.723000 124.723850
693.407000 1.036000 693.759000 124.632560
694.455000 1.048000 694.828000 121.062200
695.428000 0.973000 695.781000 121.977340
696.409000 0.981000 696.746000 122.740680
697.431000 1.023000 697.782000 121.244790
698.433000 1.001000 698.799000 119.414510
699.372000 0.940000 699.708000 120.634330
700.424000 1.052000 700.765000 122.008130
701.466000 1.042000 701.820000 120.634330
702.448000 0.982000 702.823000 121.580260
703.441000 0.993000 703.786000 121.611060
704.411000 0.970000 704.759000 119.780780
705.325000 0.914000 705.703000 118.742460
706.236000 0.911000 706.584000 120.268050
707.215000 0.978000 707.565000 119.994170
708.184000 0.969000 708.549000 118.406980
709.122000 0.938000 709.485000 119.902880
710.075000 0.953000 710.426000 118.742460
710.995000 0.920000 711.366000 118.742460
711.935000 0.940000 712.307000 120.787220
712.885000 0.950000 713.230000 120.268050
713.802000 0.917000 714.170000 119.963370
714.737000 0.935000 715.115000 120.970900
715.712000 0.975000 716.071000 118.284890
716.662000 0.951000 717.030000 119.475010
717.683000 1.021000 718.047000 118.681960
718.678000 0.995000 719.051000 115.172100
719.644000 0.966000 719.991000 115.629670
720.616000 0.971000 720.973000 112.394790
721.523000 0.907000 721.887000 111.876720
722.436000 0.913000 722.790000 113.555210
723.380000 0.944000 723.730000 113.188930
724.304000 0.925000 724.663000 112.944750
725.242000 0.938000 725.612000 111.723830
726.127000 0.885000 726.513000 110.105840
726.997000 0.870000 727.374000 111.662230
727.928000 0.931000 728.271000 113.981980
728.886000 0.958000 729.231000 112.791860
729.821000 0.935000 730.172000 112.090110
730.738000 0.917000 731.122000 112.608170
731.684000 0.946000 732.054000 113.188930
732.616000 0.932000 732.972000 111.204670
733.523000 0.907000 733.874000 112.394790
734.462000 0.939000 734.831000 113.188930
735.468000 1.006000 735.834000 111.601740
736.452000 0.983000 736.815000 111.570940
737.449000 0.998000 737.799000 113.890680
738.453000 1.004000 738.836000 114.897120
739.462000 1.009000 739.833000 116.362220
740.394000 0.932000 740.754000 118.711660
741.346000 0.952000 741.694000 119.841280
742.289000 0.944000 742.636000 118.346480
743.217000 0.927000 743.574000 119.536600
744.183000 0.967000 744.537000 120.360450
745.178000 0.994000 745.516000 118.040700
746.138000 0.960000 746.497000 117.613930
747.116000 0.978000 747.475000 117.583130
748.082000 0.966000 748.439000 114.408750
748.995000 0.914000 749.340000 114.012780
749.937000 0.941000 750.296000 114.836620
750.861000 0.924000 751.216000 111.906420
751.763000 0.902000 752.117000 113.218630
752.692000 0.929000 753.080000 112.761060
753.645000 0.953000 754.041000 110.899990
754.564000 0.919000 754.918000 110.502910
755.508000 0.944000 755.860000 110.899990
756.458000 0.950000 756.800000 108.886020
757.361000 0.903000 757.743000 110.105840
758.342000 0.981000 758.700000 110.869190
759.351000 1.009000 759.720000 108.824430
760.325000 0.974000 760.698000 110.105840
761.325000 1.000000 761.678000 109.617470
762.293000 0.968000 762.659000 107.207540
763.204000 0.910000 763.561000 109.312790
764.191000 0.987000 764.541000 110.472120
765.244000 1.053000 765.624000 108.031380
766.233000 0.989000 766.598000 107.603510
767.205000 0.972000 767.559000 109.312790
768.242000 1.037000 768.616000 108.641840
769.273000 1.031000 769.635000 105.529050
770.266000 0.994000 770.620000 104.918590
771.212000 0.946000 771.545000 106.413390
772.217000 1.005000 772.583000 107.665110
773.237000 1.020000 773.602000 106.047120
774.241000 1.004000 774.582000 104.094750
775.170000 0.929000 775.524000 104.552320
776.148000 0.978000 776.505000 106.444190
777.131000 0.984000 777.480000 105.680840
778.118000 0.986000 778.459000 106.047120
779.125000 1.007000 779.462000 104.063950
780.064000 0.939000 780.415000 103.880260
780.982000 0.918000 781.368000 106.291300
781.953000 0.971000 782.302000 106.413390
782.928000 0.976000 783.283000 106.016320
783.888000 0.959000 784.261000 108.000580
784.846000 0.959000 785.208000 117.765720
785.753000 0.906000 786.122000 108.458150
786.678000 0.925000 787.061000 111.632540
787.644000 0.966000 788.047000 112.791860
788.593000 0.950000 788.961000 112.394790
789.539000 0.946000 789.925000 114.348250
790.539000 1.000000 790.904000 114.439550
791.548000 1.009000 791.923000 112.028510
792.507000 0.959000 792.881000 112.394790
793.519000 1.012000 793.883000 113.524410
794.554000 1.035000 794.909000 111.173870
795.524000 0.969000 795.885000 110.076140
796.518000 0.995000 796.867000 111.662230
797.533000 1.015000 797.909000 109.587780
798.473000 0.940000 798.849000 110.076140
799.482000 1.009000 799.828000 111.662230
800.511000 1.029000 800.883000 109.861660
801.490000 0.979000 801.844000 110.076140
802.433000 0.943000 802.788000 112.363990
803.441000 1.008000 803.813000 112.547670
804.463000 1.022000 804.829000 111.204670
805.452000 0.989000 805.830000 109.343590
806.394000 0.942000 806.749000 110.899990
807.381000 0.987000 807.733000 111.113370
808.355000 0.974000 808.711000 109.648270
809.281000 0.926000 809.645000 110.807590
810.241000 0.960000 810.609000 112.028510
811.226000 0.985000 811.589000 112.761060
812.183000 0.957000 812.546000 115.965140
813.174000 0.992000 813.527000 118.346480
814.135000 0.960000 814.508000 118.376180
815.114000 0.980000 815.471000 120.665120
816.135000 1.021000 816.511000 119.872080
817.126000 0.991000 817.468000 118.742460
818.137000 1.011000 818.512000 117.583130
819.128000 0.991000 819.473000 116.057540
820.124000 0.996000 820.472000 116.393010
821.086000 0.962000 821.450000 113.615700
822.002000 0.916000 822.354000 114.408750
822.947000 0.946000 823.313000 116.881380
823.899000 0.951000 824.255000 117.583130
824.810000 0.911000 825.184000 119.322120
825.766000 0.956000 826.120000 122.190720
826.784000 1.017000 827.134000 120.787220
827.795000 1.012000 828.132000 121.215090
828.870000 1.074000 829.233000 119.566300
829.912000 1.043000 830.275000 116.484310
830.967000 1.054000 831.333000 116.790090
832.022000 1.055000 832.375000 113.555210
833.023000 1.001000 833.374000 113.981980
834.041000 1.018000 834.394000 112.363990
835.028000 0.987000 835.394000 110.045340
835.971000 0.943000 836.318000 111.266260
836.940000 0.969000 837.294000 112.334290
837.969000 1.029000 838.333000 110.350020
838.950000 0.981000 839.319000 108.458150
839.893000 0.943000 840.239000 110.045340
840.889000 0.995000 841.239000 109.312790
841.858000 0.969000 842.205000 106.810460
842.812000 0.954000 843.179000 108.488950
843.783000 0.971000 844.120000 108.519750
844.726000 0.943000 845.128000 105.467450
845.609000 0.883000 845.967000 108.855230
846.532000 0.923000 846.920000 112.028510
847.516000 0.985000 847.885000 113.920380
848.495000 0.978000 848.881000 115.172100
849.484000 0.989000 849.847000 118.773250
850.516000 1.032000 850.862000 119.139530
851.519000 1.003000 851.885000 118.376180
852.507000 0.988000 852.868000 120.756420
853.538000 1.031000 853.906000 119.932570
854.570000 1.031000 854.941000 118.589570
855.598000 1.028000 855.965000 121.122690
856.630000 1.033000 856.987000 120.360450
857.603000 0.973000 857.969000 119.505800
858.627000 1.024000 858.967000 120.329650
859.613000 0.986000 859.987000 118.009900
860.740000 1.127000 861.107000 119.077930
861.922000 1.182000 862.290000 119.536600
863.018000 1.096000 863.389000 118.742460
864.038000 1.020000 864.414000 120.360450
865.098000 1.059000 865.449000 121.062200
866.159000 1.062000 866.513000 117.949410
867.202000 1.043000 867.567000 117.399450
868.262000 1.060000 868.612000 117.980210
869.416000 1.154000 869.775000 116.515110
870.531000 1.115000 870.917000 113.158130
871.648000 1.117000 872.042000 114.379050
872.765000 1.118000 873.116000 111.601740
873.810000 1.044000 874.162000 111.540140
874.851000 1.041000 875.199000 110.442420
875.864000 1.014000 876.237000 109.251200
876.825000 0.961000 877.196000 112.394790
877.854000 1.029000 878.217000 113.615700
878.915000 1.061000 879.283000 113.127340
879.906000 0.991000 880.279000 113.158130
880.948000 1.043000 881.326000 116.087240
882.034000 1.086000 882.419000 114.805820
883.109000 1.074000 883.483000 114.836620
884.181000 1.072000 884.546000 112.394790
885.170000 0.989000 885.545000 112.363990
886.148000 0.977000 886.522000 114.408750
887.142000 0.995000 887.525000 113.951180
888.065000 0.923000 888.464000 115.202900
889.015000 0.950000 889.388000 118.804050
890.027000 1.012000 890.388000 120.298850
891.042000 1.014000 891.424000 119.810480
892.015000 0.974000 892.369000 121.580260
893.072000 1.056000 893.427000 121.641860
894.153000 1.082000 894.507000 118.437780
895.185000 1.032000 895.549000 117.613930
896.266000 1.081000 896.633000 118.040700
897.353000 1.087000 897.709000 114.408750
898.376000 1.023000 898.712000 115.233690
899.406000 1.030000 899.753000 115.233690
900.470000 1.064000 900.832000 114.439550
901.451000 0.981000 901.813000 115.233690
902.461000 1.010000 902.850000 117.583130
903.536000 1.075000 903.913000 116.057540
904.598000 1.061000 904.953000 116.819790
905.670000 1.073000 906.055000 114.836620
906.690000 1.020000 907.071000 112.241900
907.708000 1.018000 908.069000 113.371520
908.710000 1.002000 909.098000 110.838390
909.654000 0.944000 910.035000 113.188930
910.610000 0.956000 910.980000 114.408750
911.653000 1.043000 912.017000 112.791860
912.642000 0.989000 913.039000 114.012780
913.675000 1.033000 914.056000 116.759290
914.696000 1.021000 915.078000 115.172100
915.658000 0.962000 916.039000 116.026740
916.692000 1.034000 917.063000 115.965140
917.746000 1.054000 918.127000 113.555210
918.733000 0.986000 919.085000 112.700560
919.790000 1.057000 920.144000 113.188930
920.859000 1.069000 921.224000 110.472120
921.915000 1.056000 922.281000 111.204670
923.046000 1.131000 923.404000 110.045340
924.086000 1.040000 924.443000 106.810460
925.097000 1.011000 925.448000 109.312790
926.151000 1.054000 926.524000 108.855230
927.139000 0.988000 927.512000 107.572710
928.102000 0.963000 928.469000 110.136640
929.124000 1.022000 929.506000 112.456380
930.219000 1.095000 930.588000 113.584900
931.236000 1.017000 931.626000 114.714530
932.283000 1.046000 932.647000 115.019210
933.310000 1.027000 933.671000 112.394790
934.270000 0.960000 934.632000 112.059310
935.188000 0.918000 935.551000 113.981980
936.173000 0.985000 936.533000 115.691260
937.235000 1.062000 937.594000 115.629670
938.247000 1.012000 938.610000 116.759290
939.313000 1.066000 939.673000 116.819790
940.352000 1.039000 940.711000 113.066840
941.368000 1.015000 941.732000 114.714530
942.434000 1.066000 942.794000 113.127340
943.497000 1.064000 943.853000 112.394790
944.591000 1.093000 944.961000 111.510450
945.615000 1.025000 945.978000 109.221500
946.604000 0.989000 946.955000 110.472120
947.630000 1.026000 948.000000 110.045340
948.682000 1.052000 949.051000 107.847690
949.679000 0.997000 950.058000 109.312790
950.713000 1.034000 951.096000 106.748870
951.694000 0.981000 952.072000 107.450620
952.659000 0.966000 953.053000 110.655800
953.663000 1.004000 954.038000 110.869190
954.647000 0.984000 955.041000 109.251200
955.590000 0.943000 955.946000 111.601740
956.569000 0.979000 956.924000 112.363990
957.610000 1.041000 957.980000 111.632540
958.602000 0.993000 958.981000 112.822660
959.641000 1.039000 960.044000 113.493610
960.670000 1.029000 961.063000 111.632540
961.598000 0.928000 961.964000 110.807590
962.554000 0.957000 962.923000 113.920380
963.532000 0.977000 963.886000 115.660460
964.479000 0.948000 964.852000 117.033170
965.401000 0.922000 965.764000 120.238350
966.466000 1.065000 966.806000 121.184290
967.582000 1.116000 967.953000 119.352910
968.659000 1.077000 969.049000 119.566300
969.765000 1.106000 970.109000 118.346480
970.855000 1.090000 971.227000 115.202900
971.905000 1.049000 972.252000 115.598870
972.958000 1.053000 973.312000 113.524410
973.979000 1.021000 974.349000 110.869190
974.935000 0.955000 975.292000 111.998810
975.921000 0.986000 976.275000 110.899990
976.879000 0.958000 977.250000 108.427350
977.815000 0.936000 978.174000 109.251200
978.807000 0.992000 979.155000 109.648270
979.782000 0.975000 980.134000 107.603510
980.718000 0.937000 981.116000 107.145940
981.683000 0.965000 982.079000 109.495380
982.691000 1.008000 983.077000 107.207540
983.645000 0.954000 984.035000 105.986620
984.557000 0.912000 984.916000 109.312790
985.524000 0.966000 985.900000 110.076140
986.550000 1.026000 986.936000 109.739570
987.535000 0.985000 987.920000 108.824430
988.523000 0.988000 988.879000 111.266260
989.521000 0.998000 989.901000 110.136640
990.465000 0.944000 990.837000 111.570940
991.425000 0.960000 991.819000 113.615700
992.411000 0.986000 992.763000 114.805820
993.394000 0.983000 993.762000 116.453510
994.433000 1.039000 994.808000 115.416280
995.447000 1.014000 995.803000 114.836620
996.530000 1.082000 996.907000 114.805820
997.564000 1.034000 997.943000 111.266260
998.571000 1.006000 998.927000 112.272690
999.604000 1.034000 999.968000 111.510450
1000.612000 1.008000 1000.981000 108.397660
1001.586000 0.974000 1001.943000 108.886020
1002.596000 1.010000 1002.945000 108.824430
1003.596000 1.000000 1003.947000 106.413390
