295.964000 0.815000 296.073000 189.605650
296.752000 0.788000 296.913000 190.338470
297.490000 0.738000 297.993000 191.281710
298.238000 0.748000 299.073000 192.319270
299.094000 0.856000 299.873000 192.870710
300.288000 1.194000 300.553000 192.805400
301.327000 1.039000 301.533000 191.528400
302.339000 1.012000 302.413000 190.367490
303.224000 0.885000 303.273000 189.482300
304.038000 0.815000 304.634000 189.787040
304.800000 0.762000 305.554000 191.586450
305.566000 0.766000 306.014000 192.319270
306.387000 0.821000 307.214000 192.805400
307.285000 0.898000 307.294000 192.776380
308.189000 0.904000 308.294000 191.891190
309.262000 1.072000 310.195000 189.482300
310.319000 1.058000 310.955000 191.767840
311.236000 0.916000 311.835000 192.471640
312.074000 0.838000 312.095000 191.405060
312.923000 0.849000 313.776000 190.033730
313.789000 0.866000 314.496000 191.709800
314.615000 0.826000 314.836000 192.776380
315.397000 0.782000 315.456000 191.651750
316.142000 0.745000 316.156000 190.157080
316.899000 0.757000 317.737000 192.166900
317.740000 0.841000 318.477000 192.805400
318.772000 1.032000 318.817000 192.137880
319.671000 0.898000 320.278000 189.453280
320.600000 0.930000 321.358000 192.290250
321.519000 0.919000 322.138000 192.594990
322.361000 0.842000 322.418000 192.290250
323.148000 0.787000 323.158000 190.643210
323.920000 0.772000 324.739000 189.511320
324.738000 0.817000 325.659000 191.956490
325.707000 0.970000 325.899000 192.137880
326.673000 0.966000 326.739000 191.071300
327.537000 0.863000 327.699000 189.634670
328.355000 0.818000 329.120000 190.672230
329.180000 0.825000 329.840000 191.956490
330.055000 0.875000 330.800000 192.624010
330.944000 0.889000 331.600000 193.023080
331.780000 0.836000 331.880000 191.281710
332.594000 0.815000 332.660000 189.692710
333.437000 0.842000 334.221000 190.672230
334.308000 0.871000 335.081000 192.689310
335.176000 0.868000 335.941000 192.957770
336.012000 0.836000 336.341000 192.957770
336.931000 0.919000 337.061000 191.767840
337.912000 0.981000 337.981000 189.845080
338.769000 0.857000 339.502000 190.548890
339.585000 0.816000 340.182000 192.442620
340.396000 0.811000 340.402000 192.500670
341.222000 0.826000 341.282000 191.862170
342.022000 0.800000 342.062000 189.482300
342.813000 0.791000 343.483000 191.194640
343.711000 0.898000 344.603000 192.384570
344.664000 0.953000 344.823000 192.624010
345.522000 0.858000 345.703000 192.442620
346.358000 0.836000 346.463000 191.223660
347.238000 0.880000 347.243000 189.054210
348.211000 0.973000 349.024000 189.148540
349.088000 0.877000 349.544000 190.577910
349.906000 0.817000 350.404000 191.709800
350.721000 0.815000 351.124000 192.565970
351.546000 0.825000 351.784000 193.023080
352.346000 0.800000 352.404000 192.594990
353.155000 0.809000 353.204000 192.043560
353.993000 0.838000 354.184000 190.672230
354.979000 0.986000 355.205000 188.502780
355.893000 0.914000 356.725000 189.482300
356.728000 0.835000 357.185000 189.816060
357.570000 0.842000 358.245000 190.614190
358.495000 0.925000 358.805000 191.463100
359.421000 0.925000 359.585000 190.882650
360.262000 0.841000 361.006000 189.177560
361.074000 0.813000 361.886000 190.976970
361.888000 0.814000 362.426000 191.985510
362.737000 0.849000 362.966000 191.310730
363.586000 0.849000 363.606000 189.692710
364.416000 0.829000 365.127000 190.795580
365.256000 0.840000 366.047000 192.290250
366.230000 0.974000 366.487000 192.718340
367.106000 0.876000 367.167000 193.146420
367.930000 0.825000 367.967000 189.845080
368.810000 0.880000 369.708000 190.918930
369.728000 0.918000 370.488000 191.985510
370.556000 0.828000 370.788000 192.384570
371.342000 0.786000 371.348000 191.405060
372.125000 0.782000 372.789000 189.271880
372.954000 0.829000 373.769000 191.557430
373.877000 0.923000 374.089000 191.405060
374.751000 0.874000 374.809000 188.749470
375.611000 0.860000 376.470000 191.281710
376.589000 0.978000 377.130000 191.528400
377.514000 0.925000 377.730000 190.338470
378.329000 0.815000 379.051000 190.824600
379.122000 0.793000 379.451000 192.014530
379.906000 0.784000 380.151000 192.348300
380.745000 0.838000 380.791000 191.129340
381.580000 0.835000 382.372000 189.787040
382.400000 0.820000 383.372000 192.108860
383.385000 0.985000 384.112000 192.747360
384.472000 1.087000 384.552000 191.651750
385.382000 0.911000 385.532000 188.930870
386.208000 0.825000 386.953000 191.281710
387.003000 0.795000 387.193000 191.310730
387.844000 0.841000 387.873000 191.709800
388.659000 0.815000 388.793000 191.310730
389.487000 0.828000 390.734000 190.033730
390.762000 1.275000 391.394000 192.261230
391.756000 0.994000 391.994000 192.261230
392.649000 0.893000 392.654000 190.824600
393.549000 0.901000 394.315000 190.062750
394.466000 0.916000 395.175000 191.310730
395.403000 0.938000 396.355000 192.624010
396.392000 0.989000 396.415000 192.689310
397.352000 0.960000 397.555000 191.985510
398.206000 0.854000 398.335000 191.071300
399.041000 0.834000 399.055000 189.787040
399.959000 0.919000 400.696000 188.502780
400.928000 0.968000 401.436000 189.692710
401.775000 0.847000 402.556000 191.281710
402.636000 0.861000 403.476000 191.615470
403.606000 0.970000 404.556000 192.747360
404.555000 0.949000 404.556000 192.747360
405.465000 0.910000 405.476000 192.290250
406.313000 0.848000 406.436000 190.824600
407.135000 0.822000 407.196000 189.235610
407.981000 0.846000 408.897000 190.701260
408.925000 0.945000 409.757000 192.653040
409.781000 0.856000 409.817000 192.471640
410.606000 0.824000 410.657000 191.985510
411.462000 0.856000 412.378000 189.663690
412.418000 0.956000 413.238000 192.290250
413.334000 0.916000 413.738000 192.870710
414.178000 0.844000 414.258000 191.376030
414.984000 0.806000 415.819000 190.273170
415.870000 0.886000 416.519000 191.833140
416.791000 0.921000 416.899000 192.594990
417.605000 0.814000 417.619000 191.833140
418.409000 0.805000 419.280000 190.490840
419.294000 0.885000 420.200000 192.442620
420.207000 0.913000 420.680000 192.689310
421.039000 0.832000 421.300000 192.079840
421.868000 0.829000 421.880000 189.910380
422.803000 0.935000 423.621000 190.766560
423.776000 0.973000 424.441000 191.586450
424.602000 0.826000 424.961000 192.319270
425.435000 0.833000 425.561000 192.261230
426.295000 0.860000 426.621000 191.804120
427.161000 0.867000 427.501000 190.120800
427.957000 0.795000 428.602000 188.843800
428.777000 0.820000 429.602000 190.490840
429.678000 0.901000 430.382000 192.290250
430.587000 0.909000 430.722000 193.117400
431.426000 0.838000 431.482000 192.899730
432.294000 0.869000 432.342000 191.463100
433.208000 0.913000 433.342000 189.728990
434.078000 0.870000 434.123000 189.235610
434.886000 0.808000 435.523000 191.071300
435.697000 0.811000 436.243000 191.920210
436.521000 0.824000 436.623000 192.261230
437.326000 0.805000 437.363000 190.976970
438.101000 0.774000 438.844000 189.845080
438.928000 0.828000 439.824000 191.891190
440.155000 1.227000 440.204000 191.376030
441.059000 0.904000 441.765000 189.177560
441.851000 0.792000 442.405000 191.042270
442.619000 0.768000 442.665000 191.920210
443.488000 0.869000 444.346000 189.300910
444.430000 0.942000 445.186000 192.137880
445.285000 0.854000 445.326000 191.985510
446.219000 0.934000 447.407000 192.290250
447.539000 1.320000 448.047000 191.920210
448.558000 1.018000 449.388000 189.758020
449.472000 0.914000 450.048000 191.738820
450.346000 0.874000 450.448000 190.701260
451.203000 0.857000 451.829000 191.005990
452.076000 0.873000 452.169000 191.129340
453.007000 0.931000 453.850000 188.872820
453.887000 0.880000 454.050000 189.634670
454.732000 0.844000 454.810000 188.720450
455.580000 0.848000 456.431000 190.701260
456.479000 0.899000 456.751000 191.586450
457.351000 0.872000 458.012000 191.434080
458.173000 0.821000 458.232000 192.442620
458.980000 0.808000 459.773000 190.425540
459.790000 0.810000 460.333000 192.471640
460.596000 0.806000 460.613000 191.005990
461.378000 0.782000 461.994000 192.137880
462.151000 0.773000 462.254000 191.499380
462.961000 0.810000 463.535000 191.891190
463.813000 0.851000 463.875000 191.310730
464.641000 0.828000 465.236000 191.651750
465.479000 0.838000 465.536000 191.985510
466.309000 0.830000 467.037000 190.701260
467.111000 0.802000 467.377000 191.891190
467.866000 0.755000 467.917000 190.976970
468.615000 0.749000 469.258000 190.157080
469.394000 0.780000 470.118000 191.709800
470.242000 0.847000 470.438000 191.920210
471.109000 0.867000 471.899000 189.054210
471.940000 0.830000 472.739000 191.586450
472.788000 0.849000 473.219000 192.043560
473.676000 0.888000 473.859000 190.947950
474.548000 0.872000 475.240000 190.004710
475.382000 0.835000 476.160000 192.348300
476.170000 0.787000 476.560000 192.624010
476.963000 0.793000 477.020000 191.891190
477.788000 0.825000 478.601000 189.206580
478.606000 0.817000 479.341000 191.310730
479.387000 0.781000 479.761000 191.405060
480.126000 0.739000 480.201000 190.701260
480.869000 0.743000 481.602000 188.568080
481.667000 0.798000 482.422000 191.281710
482.510000 0.842000 482.902000 191.680770
483.322000 0.813000 483.462000 190.853620
484.103000 0.781000 484.803000 190.062750
484.826000 0.723000 485.263000 191.709800
485.563000 0.737000 485.723000 192.043560
486.335000 0.773000 487.064000 189.025190
487.077000 0.742000 487.744000 191.042270
487.803000 0.726000 487.884000 191.804120
488.552000 0.749000 489.365000 190.338470
489.386000 0.834000 489.925000 191.463100
490.266000 0.880000 490.305000 191.680770
491.094000 0.828000 491.686000 191.557430
491.919000 0.825000 492.026000 192.195930
492.778000 0.859000 493.387000 191.956490
493.725000 0.947000 493.847000 191.985510
494.599000 0.874000 495.248000 192.108860
495.393000 0.794000 495.528000 192.108860
496.209000 0.816000 497.029000 191.281710
497.074000 0.865000 497.289000 192.079840
497.918000 0.844000 497.969000 190.367490
498.743000 0.825000 499.210000 192.290250
499.568000 0.825000 499.690000 191.376030
500.753000 1.185000 501.211000 192.079840
501.769000 1.017000 502.632000 191.405060
502.666000 0.896000 502.892000 192.500670
503.483000 0.818000 503.512000 190.548890
504.351000 0.867000 504.933000 192.624010
505.232000 0.882000 505.233000 192.043560
506.078000 0.846000 506.874000 192.442620
506.908000 0.830000 506.934000 192.195930
507.846000 0.938000 508.795000 192.805400
509.035000 1.189000 509.075000 190.701260
509.844000 0.809000 510.456000 191.862170
510.577000 0.733000 510.616000 191.680770
511.326000 0.749000 512.037000 192.319270
512.246000 0.920000 512.277000 192.290250
513.201000 0.955000 513.958000 192.108860
514.124000 0.923000 515.379000 192.043560
515.380000 1.256000 515.559000 192.805400
516.543000 1.163000 517.060000 192.776380
517.570000 1.026000 518.521000 191.499380
518.539000 0.970000 518.641000 191.680770
519.544000 1.005000 520.222000 191.920210
520.611000 1.067000 521.643000 191.376030
521.659000 1.048000 522.123000 191.528400
522.623000 0.964000 523.344000 191.615470
523.589000 0.966000 523.724000 191.434080
524.539000 0.950000 524.865000 191.252690
525.425000 0.886000 525.505000 190.490840
526.280000 0.855000 526.786000 191.738820
527.137000 0.857000 527.987000 190.766560
528.033000 0.896000 528.347000 192.290250
528.866000 0.833000 529.708000 191.680770
529.718000 0.853000 530.088000 192.137880
530.931000 1.213000 531.649000 192.348300
531.913000 0.982000 531.989000 191.158360
532.779000 0.866000 533.430000 192.166900
533.570000 0.791000 533.630000 191.071300
534.380000 0.811000 535.011000 192.718340
535.253000 0.872000 535.331000 191.804120
536.164000 0.911000 536.932000 191.985510
536.987000 0.823000 537.212000 192.195930
537.885000 0.898000 539.073000 192.108860
539.105000 1.221000 539.113000 192.594990
539.940000 0.835000 539.993000 189.453280
540.697000 0.756000 541.394000 191.310730
541.452000 0.755000 541.994000 192.137880
542.271000 0.819000 543.155000 190.157080
543.168000 0.898000 543.975000 191.680770
544.044000 0.875000 544.095000 190.766560
544.922000 0.878000 545.816000 192.043560
546.196000 1.274000 546.216000 191.158360
547.268000 1.072000 547.917000 191.738820
548.161000 0.893000 548.297000 190.490840
549.001000 0.840000 549.778000 192.137880
549.779000 0.778000 549.878000 191.767840
550.570000 0.791000 551.379000 191.005990
551.417000 0.847000 551.759000 192.290250
552.681000 1.264000 553.520000 192.413600
553.697000 1.015000 553.780000 191.586450
554.613000 0.917000 555.481000 192.413600
555.568000 0.954000 555.641000 192.166900
556.572000 1.004000 557.382000 191.651750
557.523000 0.951000 557.622000 192.653040
558.430000 0.908000 558.542000 190.062750
559.362000 0.932000 560.283000 192.166900
560.296000 0.934000 560.303000 191.767840
561.120000 0.823000 561.804000 188.930870
561.929000 0.809000 562.604000 191.100320
562.795000 0.866000 562.824000 190.795580
563.745000 0.949000 564.445000 188.691430
564.597000 0.852000 564.965000 190.947950
565.434000 0.837000 565.485000 190.672230
566.381000 0.947000 567.426000 190.766560
567.479000 1.098000 567.586000 190.824600
568.394000 0.914000 569.147000 190.309450
569.225000 0.831000 569.747000 191.833140
570.015000 0.790000 570.067000 190.766560
570.789000 0.774000 571.588000 191.434080
571.673000 0.884000 571.948000 191.956490
572.939000 1.266000 573.829000 192.384570
573.899000 0.959000 573.909000 192.108860
574.769000 0.870000 575.630000 191.738820
575.686000 0.917000 575.930000 192.079840
576.641000 0.956000 577.431000 191.891190
577.488000 0.847000 577.691000 192.348300
578.324000 0.836000 579.152000 190.643210
579.175000 0.850000 579.832000 192.261230
580.039000 0.864000 580.072000 192.043560
580.868000 0.829000 581.633000 191.804120
581.669000 0.801000 582.013000 192.747360
582.504000 0.835000 582.553000 190.461820
583.409000 0.905000 584.254000 192.500670
584.322000 0.913000 584.414000 191.833140
585.168000 0.846000 585.234000 189.692710
586.004000 0.836000 586.795000 192.014530
586.846000 0.841000 586.935000 192.442620
587.694000 0.848000 587.695000 190.701260
588.538000 0.844000 589.196000 191.194640
589.370000 0.832000 589.596000 193.023080
590.212000 0.841000 590.236000 192.536940
591.158000 0.946000 592.117000 191.956490
592.120000 0.962000 592.517000 192.261230
592.986000 0.866000 593.177000 191.528400
593.869000 0.883000 594.658000 190.918930
594.745000 0.876000 595.478000 191.956490
595.628000 0.883000 595.738000 192.384570
596.456000 0.828000 596.738000 189.910380
597.325000 0.869000 598.099000 189.206580
598.219000 0.894000 598.799000 191.194640
599.091000 0.872000 599.819000 192.471640
599.923000 0.832000 600.319000 192.413600
600.768000 0.845000 601.419000 192.261230
601.629000 0.861000 601.759000 192.137880
602.459000 0.831000 602.579000 191.767840
603.255000 0.795000 603.299000 191.405060
604.102000 0.848000 604.619000 190.614190
605.027000 0.925000 605.059000 189.358950
605.911000 0.884000 606.239000 189.148540
606.749000 0.838000 606.939000 188.444740
607.582000 0.833000 608.720000 189.576620
608.798000 1.216000 609.760000 191.920210
609.773000 0.976000 610.540000 192.718340
610.606000 0.833000 610.760000 193.632550
611.382000 0.776000 611.460000 191.615470
612.195000 0.813000 612.260000 189.453280
613.115000 0.920000 613.841000 192.384570
614.002000 0.887000 614.301000 193.081120
614.847000 0.845000 614.881000 190.766560
615.852000 1.005000 616.302000 192.536940
616.993000 1.141000 617.002000 191.463100
618.020000 1.027000 618.823000 192.290250
618.853000 0.833000 618.863000 192.290250
619.642000 0.789000 620.364000 191.194640
620.403000 0.761000 620.724000 192.348300
621.196000 0.793000 621.244000 191.557430
622.021000 0.825000 622.845000 192.261230
622.860000 0.839000 622.945000 192.319270
624.102000 1.242000 625.086000 192.079840
625.115000 1.013000 625.366000 192.500670
626.022000 0.907000 626.927000 190.766560
626.928000 0.907000 627.607000 192.805400
627.844000 0.916000 627.947000 192.928750
628.692000 0.848000 629.448000 191.920210
629.539000 0.847000 629.828000 192.500670
630.450000 0.911000 630.548000 190.976970
631.289000 0.839000 631.989000 191.804120
632.113000 0.824000 632.309000 192.624010
632.970000 0.857000 633.029000 191.005990
633.936000 0.966000 634.570000 191.985510
634.814000 0.879000 634.870000 191.891190
635.639000 0.824000 636.471000 190.396520
636.548000 0.909000 637.411000 192.565970
637.484000 0.936000 637.771000 192.653040
638.301000 0.817000 638.992000 190.882650
639.066000 0.765000 639.732000 192.994050
639.798000 0.731000 639.992000 191.891190
640.595000 0.798000 641.793000 192.137880
641.814000 1.219000 642.433000 193.081120
642.752000 0.938000 642.753000 191.310730
643.593000 0.841000 644.334000 191.310730
644.427000 0.833000 644.834000 192.232210
645.337000 0.910000 645.614000 191.434080
646.371000 1.034000 647.215000 191.252690
647.301000 0.929000 647.835000 192.565970
648.196000 0.895000 648.355000 193.175440
649.147000 0.951000 649.155000 190.091780
650.065000 0.918000 650.636000 192.689310
650.927000 0.861000 651.456000 193.356840
651.733000 0.806000 651.976000 191.833140
652.563000 0.830000 653.497000 191.528400
653.534000 0.972000 654.037000 192.841680
654.502000 0.967000 654.697000 192.776380
655.402000 0.900000 655.417000 190.614190
656.372000 0.970000 657.278000 193.081120
657.366000 0.993000 657.378000 193.081120
658.239000 0.874000 658.278000 191.005990
659.067000 0.828000 659.739000 192.319270
659.937000 0.870000 660.079000 193.023080
660.840000 0.903000 660.899000 192.319270
661.824000 0.984000 662.640000 192.014530
662.688000 0.864000 663.400000 193.298790
663.505000 0.816000 663.540000 192.319270
664.335000 0.831000 665.201000 191.956490
665.240000 0.904000 665.461000 192.957770
666.111000 0.871000 666.121000 192.108860
666.950000 0.839000 667.802000 191.528400
667.804000 0.854000 668.502000 192.899730
668.862000 1.058000 669.703000 190.766560
669.773000 0.911000 670.303000 192.442620
670.560000 0.787000 670.563000 192.348300
671.260000 0.700000 671.924000 191.499380
672.010000 0.750000 672.404000 192.653040
673.259000 1.250000 674.125000 191.862170
674.204000 0.945000 674.725000 192.413600
675.101000 0.897000 675.125000 190.273170
676.075000 0.975000 676.726000 191.680770
677.157000 1.082000 678.107000 191.005990
678.152000 0.996000 678.947000 192.747360
679.057000 0.904000 679.107000 191.833140
679.956000 0.899000 680.708000 192.957770
680.823000 0.867000 680.988000 192.261230
681.641000 0.818000 682.449000 190.918930
682.488000 0.847000 682.709000 192.232210
683.546000 1.058000 684.350000 190.425540
684.371000 0.825000 685.050000 192.536940
685.183000 0.813000 685.190000 191.310730
686.034000 0.851000 686.491000 192.319270
687.021000 0.986000 687.932000 191.310730
687.964000 0.943000 688.332000 192.442620
688.784000 0.820000 689.553000 191.194640
689.587000 0.803000 689.913000 192.928750
690.443000 0.856000 691.414000 191.956490
691.417000 0.974000 691.674000 192.261230
692.248000 0.832000 693.115000 192.500670
693.129000 0.881000 693.335000 192.261230
694.116000 0.987000 694.716000 192.776380
695.046000 0.930000 695.076000 191.434080
695.909000 0.863000 696.417000 192.442620
696.820000 0.911000 696.877000 191.767840
697.808000 0.988000 698.578000 192.870710
698.705000 0.897000 698.758000 192.137880
699.529000 0.824000 700.239000 191.985510
700.396000 0.867000 700.519000 192.594990
701.369000 0.973000 701.459000 190.338470
702.201000 0.832000 702.900000 191.956490
702.987000 0.786000 703.580000 192.536940
703.781000 0.794000 703.800000 191.985510
704.995000 1.215000 705.700000 190.396520
705.952000 0.956000 706.040000 189.025190
706.798000 0.847000 707.341000 188.292370
707.648000 0.850000 708.161000 188.626130
708.605000 0.957000 709.281000 188.691430
709.606000 1.000000 709.701000 188.539060
710.468000 0.863000 711.180000 187.740930
711.286000 0.818000 711.980000 187.987630
712.089000 0.802000 712.560000 188.539060
712.927000 0.838000 713.441000 187.987630
713.837000 0.911000 714.181000 188.807520
714.709000 0.872000 715.401000 189.148540
715.573000 0.864000 716.621000 190.614190
716.620000 1.047000 717.261000 191.252690
717.753000 1.133000 718.581000 191.891190
718.612000 0.860000 718.981000 192.319270
719.394000 0.782000 719.501000 191.767840
720.182000 0.788000 720.721000 191.310730
721.008000 0.827000 721.081000 190.120800
721.810000 0.802000 721.821000 189.206580
722.623000 0.813000 723.402000 189.482300
723.479000 0.856000 723.942000 191.586450
724.747000 1.268000 724.842000 191.833140
725.640000 0.893000 725.662000 189.881360
726.392000 0.752000 727.143000 190.824600
727.172000 0.780000 727.903000 191.680770
728.087000 0.914000 728.223000 190.548890
729.335000 1.249000 730.244000 191.804120
730.250000 0.914000 730.304000 191.252690
731.182000 0.933000 732.065000 192.689310
732.121000 0.939000 732.425000 192.747360
732.981000 0.861000 733.726000 191.651750
733.816000 0.835000 734.046000 192.137880
734.734000 0.918000 735.627000 192.043560
735.705000 0.971000 735.987000 192.899730
736.622000 0.918000 737.568000 192.442620
737.582000 0.960000 737.808000 192.232210
738.553000 0.971000 739.249000 192.718340
739.457000 0.904000 739.469000 191.499380
740.312000 0.855000 740.930000 192.776380
741.188000 0.877000 742.051000 191.405060
742.084000 0.896000 742.451000 192.471640
742.889000 0.804000 743.672000 192.348300
743.743000 0.854000 743.792000 191.767840
744.589000 0.846000 745.193000 191.499380
745.448000 0.860000 745.453000 191.376030
746.264000 0.816000 746.554000 192.014530
747.082000 0.817000 747.835000 191.586450
748.004000 0.923000 748.075000 191.956490
748.978000 0.974000 749.616000 192.624010
749.781000 0.803000 749.816000 191.071300
750.585000 0.804000 750.917000 192.108860
751.400000 0.815000 751.497000 190.766560
752.229000 0.829000 752.778000 192.261230
753.036000 0.807000 753.038000 191.310730
753.822000 0.786000 754.459000 191.738820
754.652000 0.830000 754.679000 192.137880
755.870000 1.218000 756.180000 192.594990
756.725000 0.855000 756.780000 190.338470
757.551000 0.826000 757.961000 192.500670
758.366000 0.816000 758.481000 191.985510
759.359000 0.992000 760.242000 192.043560
760.274000 0.916000 760.342000 191.862170
761.163000 0.889000 762.123000 192.747360
762.304000 1.141000 762.463000 192.079840
763.365000 1.061000 763.784000 192.195930
764.230000 0.865000 764.384000 192.290250
765.106000 0.876000 765.985000 191.281710
766.059000 0.953000 766.105000 191.376030
767.037000 0.978000 767.846000 190.643210
767.900000 0.863000 767.986000 191.499380
768.795000 0.895000 769.707000 190.766560
769.741000 0.946000 770.187000 191.129340
770.649000 0.908000 771.488000 189.845080
771.527000 0.878000 771.908000 191.434080
772.467000 0.939000 773.409000 189.663690
773.486000 1.020000 773.629000 191.158360
774.375000 0.889000 775.210000 190.033730
775.265000 0.890000 775.670000 191.252690
776.254000 0.989000 776.951000 189.910380
777.185000 0.931000 777.351000 190.273170
778.029000 0.844000 778.752000 190.824600
778.858000 0.829000 778.972000 190.824600
779.686000 0.828000 780.513000 190.186100
780.530000 0.844000 780.913000 190.396520
781.345000 0.815000 782.194000 192.079840
782.236000 0.891000 782.334000 192.043560
783.157000 0.921000 783.995000 191.680770
784.041000 0.884000 784.235000 192.348300
784.861000 0.821000 785.536000 191.586450
785.721000 0.859000 786.016000 191.891190
786.651000 0.931000 787.497000 189.910380
787.510000 0.859000 788.197000 190.947950
788.317000 0.807000 788.337000 190.918930
789.155000 0.838000 789.938000 189.881360
790.031000 0.876000 790.318000 190.853620
790.977000 0.946000 791.579000 188.749470
791.808000 0.831000 792.579000 191.158360
792.607000 0.799000 792.699000 190.672230
793.432000 0.825000 794.300000 190.157080
794.321000 0.889000 794.720000 191.347010
795.266000 0.945000 796.021000 189.787040
796.113000 0.847000 796.241000 190.309450
796.918000 0.804000 796.941000 190.461820
797.742000 0.824000 798.482000 190.918930
798.633000 0.891000 798.822000 189.910380
799.540000 0.907000 800.263000 190.461820
800.344000 0.804000 800.483000 190.309450
801.136000 0.792000 801.964000 189.387980
801.978000 0.842000 802.564000 191.615470
803.104000 1.126000 803.925000 190.120800
804.042000 0.937000 804.325000 191.833140
804.840000 0.798000 804.885000 190.643210
805.703000 0.863000 806.406000 191.833140
806.631000 0.928000 806.686000 191.651750
807.548000 0.917000 808.167000 191.194640
808.388000 0.840000 808.467000 191.310730
809.273000 0.885000 810.188000 191.615470
810.302000 1.029000 810.308000 191.158360
811.146000 0.844000 811.789000 190.853620
812.057000 0.911000 812.069000 190.577910
813.041000 0.984000 813.850000 191.434080
813.857000 0.816000 814.050000 190.614190
814.697000 0.840000 815.571000 191.891190
815.572000 0.875000 815.731000 191.463100
816.538000 0.966000 817.212000 191.347010
817.408000 0.870000 817.512000 191.434080
818.312000 0.904000 818.933000 190.004710
819.352000 1.040000 819.753000 190.976970
820.240000 0.888000 821.054000 189.634670
821.086000 0.846000 821.174000 191.405060
821.962000 0.877000 822.875000 189.663690
822.969000 1.007000 823.455000 192.261230
823.784000 0.814000 823.935000 191.651750
824.630000 0.846000 825.476000 191.767840
825.566000 0.936000 825.696000 192.536940
826.539000 0.973000 827.337000 190.062750
827.404000 0.865000 827.497000 191.405060
828.355000 0.952000 828.377000 189.845080
829.312000 0.957000 830.058000 191.651750
830.141000 0.829000 830.398000 191.223660
830.972000 0.832000 831.759000 189.939410
831.798000 0.826000 832.399000 191.557430
832.654000 0.856000 832.659000 190.309450
833.433000 0.779000 834.120000 190.701260
834.207000 0.774000 834.480000 191.100320
834.944000 0.737000 834.960000 190.490840
835.703000 0.759000 836.661000 191.223660
836.717000 1.014000 836.761000 191.005990
837.543000 0.827000 837.621000 188.234320
838.332000 0.788000 838.802000 190.701260
839.148000 0.816000 839.262000 190.519860
840.094000 0.946000 840.643000 189.300910
840.936000 0.842000 841.143000 190.120800
841.715000 0.779000 842.444000 189.787040
842.483000 0.768000 843.304000 190.186100
843.312000 0.829000 843.324000 189.634670
844.240000 0.928000 844.745000 191.920210
845.095000 0.855000 845.906000 190.672230
845.919000 0.825000 846.166000 191.680770
846.767000 0.848000 847.667000 191.985510
847.715000 0.947000 847.787000 192.079840
848.662000 0.947000 849.068000 191.463100
849.481000 0.819000 849.528000 190.244150
850.248000 0.767000 850.549000 191.223660
851.034000 0.785000 851.970000 190.947950
852.092000 1.059000 852.330000 191.310730
853.065000 0.973000 853.571000 191.310730
853.965000 0.900000 853.991000 190.338470
854.885000 0.919000 855.052000 191.252690
855.866000 0.982000 856.693000 191.376030
856.737000 0.871000 856.813000 191.956490
857.580000 0.842000 858.354000 191.071300
858.549000 0.969000 858.754000 190.672230
859.480000 0.931000 860.175000 191.042270
860.308000 0.828000 860.395000 189.511320
861.150000 0.842000 861.716000 190.425540
862.048000 0.898000 862.056000 190.672230
862.993000 0.945000 863.597000 190.672230
863.891000 0.898000 864.718000 189.968430
864.731000 0.840000 865.018000 192.043560
865.635000 0.904000 866.459000 190.701260
866.556000 0.921000 866.819000 191.891190
867.418000 0.862000 868.240000 191.651750
868.294000 0.876000 868.400000 191.804120
869.269000 0.976000 869.921000 190.519860
870.239000 0.970000 870.241000 189.910380
871.122000 0.883000 871.742000 190.947950
871.999000 0.877000 872.062000 189.845080
872.890000 0.891000 873.583000 191.129340
873.829000 0.939000 873.903000 191.891190
874.745000 0.916000 875.424000 192.014530
875.580000 0.835000 875.724000 191.405060
876.394000 0.814000 877.045000 190.918930
877.212000 0.818000 877.505000 191.586450
878.092000 0.881000 878.125000 189.387980
878.988000 0.896000 879.386000 190.824600
879.809000 0.821000 879.906000 190.062750
880.609000 0.799000 881.327000 189.387980
881.423000 0.814000 881.687000 191.100320
882.278000 0.856000 882.387000 190.577910
883.089000 0.811000 883.808000 188.444740
883.881000 0.792000 884.388000 191.129340
884.710000 0.829000 885.188000 192.471640
885.682000 0.972000 886.549000 189.881360
886.559000 0.877000 887.169000 192.348300
887.356000 0.797000 887.369000 192.261230
888.134000 0.778000 888.189000 190.186100
888.956000 0.822000 889.730000 192.384570
890.151000 1.195000 890.250000 191.586450
890.991000 0.840000 891.711000 190.367490
891.753000 0.762000 892.231000 192.195930
892.527000 0.774000 892.631000 191.376030
893.405000 0.878000 894.292000 191.405060
894.472000 1.067000 894.772000 191.463100
895.543000 1.070000 896.573000 191.891190
896.662000 1.119000 896.753000 191.194640
897.612000 0.950000 898.574000 190.918930
898.582000 0.971000 898.994000 192.166900
899.554000 0.972000 899.614000 191.615470
900.471000 0.917000 901.215000 192.442620
901.327000 0.856000 901.395000 192.565970
902.193000 0.865000 902.215000 190.701260
903.117000 0.924000 903.936000 191.985510
903.981000 0.865000 904.096000 192.413600
904.817000 0.836000 904.856000 190.425540
905.782000 0.965000 906.537000 192.442620
906.673000 0.891000 906.997000 192.232210
907.497000 0.823000 907.537000 190.976970
908.303000 0.806000 909.058000 191.129340
909.179000 0.876000 909.378000 191.651750
910.410000 1.231000 911.159000 189.692710
911.240000 0.830000 911.979000 191.862170
912.012000 0.772000 912.079000 191.862170
912.790000 0.778000 913.600000 190.425540
913.615000 0.825000 914.180000 191.586450
914.427000 0.812000 914.540000 190.309450
