962.387000 0.688000 962.701000 111.479650
963.145000 0.758000 963.451000 115.946140
964.221000 1.075000 964.521000 117.134830
965.195000 0.974000 965.501000 117.359050
966.193000 0.998000 966.491000 117.998470
967.190000 0.998000 967.501000 115.385010
968.167000 0.977000 968.481000 114.464430
969.118000 0.951000 969.431000 112.883060
970.044000 0.926000 970.361000 111.378810
970.903000 0.859000 971.231000 109.988440
971.625000 0.722000 971.941000 111.917400
972.346000 0.721000 972.661000 115.385010
973.142000 0.796000 973.441000 118.627220
974.235000 1.093000 974.531000 118.762460
975.284000 1.049000 975.591000 118.347250
976.328000 1.043000 976.631000 117.853740
977.318000 0.990000 977.641000 113.555710
978.210000 0.892000 978.531000 113.152360
978.975000 0.765000 979.291000 114.655430
979.752000 0.777000 980.061000 117.191780
980.747000 0.995000 981.051000 118.144390
981.775000 1.028000 982.081000 117.786120
982.807000 1.032000 983.111000 118.369790
983.794000 0.987000 984.101000 115.126390
984.717000 0.923000 985.031000 113.970920
985.557000 0.840000 985.871000 114.016000
986.352000 0.795000 986.671000 115.473990
987.204000 0.852000 987.511000 118.111180
988.047000 0.842000 988.351000 119.603570
988.914000 0.867000 989.221000 120.804120
989.825000 0.912000 990.131000 119.862180
990.686000 0.861000 991.001000 119.872860
991.537000 0.851000 991.851000 120.232310
992.473000 0.936000 992.781000 120.613120
993.474000 1.000000 993.781000 120.422130
994.515000 1.041000 994.821000 119.906080
995.558000 1.043000 995.861000 117.763580
996.555000 0.996000 996.861000 115.541610
997.524000 0.969000 997.831000 114.061080
998.464000 0.940000 998.781000 112.815440
999.306000 0.841000 999.631000 110.504490
1000.064000 0.759000 1000.381000 112.153480
1000.811000 0.746000 1001.121000 114.846420
1001.556000 0.745000 1001.861000 115.889200
1002.383000 0.827000 1002.681000 120.321290
1003.204000 0.821000 1003.501000 122.228890
1004.019000 0.815000 1004.321000 123.889740
1005.150000 1.130000 1005.451000 124.562380
1006.178000 1.028000 1006.481000 123.126930
1007.158000 0.981000 1007.471000 120.209770
1008.090000 0.932000 1008.401000 119.704400
1009.024000 0.934000 1009.331000 120.568040
1009.947000 0.923000 1010.251000 120.265530
1010.897000 0.951000 1011.201000 120.927500
1011.838000 0.941000 1012.151000 120.668880
1012.751000 0.913000 1013.061000 121.521840
1013.696000 0.945000 1014.001000 122.588350
1014.723000 1.027000 1015.031000 122.857640
1015.745000 1.022000 1016.051000 121.746060
1016.753000 1.008000 1017.071000 119.985560
1017.769000 1.016000 1018.081000 121.813680
1018.811000 1.042000 1019.121000 121.959600
1019.861000 1.050000 1020.171000 121.746060
1020.878000 1.017000 1021.191000 120.411450
1021.827000 0.949000 1022.141000 119.772020
1022.760000 0.933000 1023.071000 120.220450
1023.654000 0.894000 1023.971000 121.297630
1024.513000 0.859000 1024.831000 122.307190
1025.378000 0.865000 1025.691000 124.259870
1026.280000 0.902000 1026.591000 125.482970
1027.307000 1.027000 1027.611000 126.874520
1028.378000 1.071000 1028.681000 127.166350
1029.444000 1.066000 1029.751000 126.178150
1030.515000 1.071000 1030.831000 123.260990
1031.550000 1.034000 1031.871000 121.084090
1032.539000 0.989000 1032.851000 122.812560
1033.572000 1.033000 1033.881000 123.631120
1034.601000 1.029000 1034.911000 122.273970
1035.581000 0.981000 1035.891000 121.791140
1036.516000 0.934000 1036.831000 119.794560
1037.405000 0.889000 1037.721000 121.028340
1038.273000 0.868000 1038.591000 121.926380
1039.135000 0.862000 1039.441000 123.552820
1040.044000 0.909000 1040.351000 125.729720
1041.057000 1.013000 1041.361000 126.054770
1042.100000 1.043000 1042.401000 126.761820
1043.141000 1.042000 1043.451000 125.281290
1044.107000 0.966000 1044.421000 123.194550
1045.002000 0.895000 1045.321000 122.958480
1045.855000 0.853000 1046.171000 124.147170
1046.705000 0.850000 1047.011000 125.392810
1047.562000 0.858000 1047.871000 126.728600
1048.516000 0.954000 1048.811000 128.377590
1049.510000 0.994000 1049.811000 128.467750
1050.457000 0.947000 1050.761000 127.446320
1051.350000 0.893000 1051.661000 124.977590
1052.182000 0.832000 1052.491000 127.154490
1053.000000 0.818000 1053.301000 126.414230
1053.691000 0.691000 1054.001000 126.066630
1054.457000 0.766000 1054.751000 127.356160
1055.284000 0.827000 1055.591000 127.031110
1056.035000 0.751000 1056.351000 124.854220
1056.744000 0.708000 1057.051000 127.188890
1057.500000 0.756000 1057.801000 128.264890
1058.358000 0.858000 1058.651000 129.230550
1059.342000 0.985000 1059.631000 128.523500
1060.320000 0.978000 1060.611000 128.209130
1061.271000 0.951000 1061.571000 127.559030
1062.066000 0.795000 1062.371000 125.067750
1062.793000 0.727000 1063.101000 124.001250
1063.594000 0.801000 1063.901000 125.404670
1064.396000 0.802000 1064.701000 125.696500
1065.252000 0.856000 1065.551000 127.816460
1066.311000 1.059000 1066.611000 127.727480
1067.315000 1.004000 1067.611000 127.255330
1068.339000 1.024000 1068.641000 126.638440
1069.372000 1.033000 1069.671000 124.551700
1070.405000 1.033000 1070.711000 123.833980
1071.426000 1.021000 1071.731000 122.655970
1072.445000 1.019000 1072.751000 121.791140
1073.423000 0.978000 1073.731000 120.938170
1074.382000 0.959000 1074.691000 120.904960
1075.356000 0.974000 1075.661000 120.298750
1076.342000 0.986000 1076.651000 120.658200
1077.315000 0.973000 1077.621000 119.817100
1078.276000 0.962000 1078.581000 119.323590
1079.224000 0.947000 1079.531000 119.468320
1080.181000 0.957000 1080.491000 118.425550
1081.127000 0.946000 1081.441000 117.426670
1082.052000 0.925000 1082.371000 117.482430
1082.971000 0.919000 1083.281000 119.031760
1083.888000 0.917000 1084.201000 119.424430
1084.834000 0.946000 1085.141000 120.152830
1085.811000 0.977000 1086.121000 120.355690
1086.803000 0.992000 1087.111000 120.624990
1087.845000 1.042000 1088.151000 121.926380
1088.910000 1.065000 1089.211000 121.129170
1089.968000 1.057000 1090.271000 121.230010
1091.016000 1.049000 1091.321000 120.197910
1092.082000 1.066000 1092.391000 119.535940
1093.140000 1.057000 1093.451000 119.210890
1094.182000 1.042000 1094.491000 118.627220
1095.176000 0.994000 1095.491000 117.864420
1096.146000 0.970000 1096.461000 116.226110
1097.029000 0.883000 1097.351000 116.080200
1097.865000 0.836000 1098.181000 118.021010
1098.730000 0.865000 1099.041000 121.499300
1099.736000 1.005000 1100.031000 122.374810
1100.719000 0.984000 1101.021000 120.658200
1101.690000 0.970000 1102.001000 120.119610
1102.644000 0.954000 1102.951000 118.526390
1103.555000 0.911000 1103.871000 117.438530
1104.438000 0.883000 1104.761000 117.303290
1105.290000 0.852000 1105.601000 118.750600
1106.176000 0.886000 1106.481000 121.634540
1107.149000 0.973000 1107.451000 122.734260
1108.132000 0.982000 1108.441000 122.666640
1109.089000 0.957000 1109.401000 122.699860
1110.045000 0.957000 1110.361000 122.296510
1111.022000 0.976000 1111.331000 121.971460
1111.995000 0.974000 1112.311000 121.241870
1112.961000 0.966000 1113.271000 120.512290
1113.909000 0.947000 1114.231000 118.357930
1114.825000 0.917000 1115.151000 118.133720
1115.710000 0.885000 1116.031000 119.031760
1116.602000 0.891000 1116.911000 120.736500
1117.545000 0.943000 1117.851000 121.994000
1118.570000 1.025000 1118.871000 123.441310
1119.611000 1.041000 1119.911000 122.812560
1120.625000 1.014000 1120.931000 122.094840
1121.604000 0.979000 1121.921000 120.310610
1122.506000 0.902000 1122.831000 119.233430
1123.341000 0.834000 1123.661000 120.804120
1124.186000 0.845000 1124.491000 123.844660
1125.162000 0.977000 1125.461000 125.639560
1126.175000 1.012000 1126.481000 125.505510
1127.179000 1.004000 1127.491000 124.944380
1128.152000 0.974000 1128.471000 122.835100
1129.052000 0.900000 1129.371000 122.004680
1129.912000 0.860000 1130.231000 124.270550
1130.854000 0.942000 1131.161000 125.437890
1131.886000 1.032000 1132.191000 125.460430
1132.904000 1.018000 1133.211000 123.979900
1133.900000 0.995000 1134.221000 121.690300
1134.852000 0.953000 1135.171000 120.579910
1135.740000 0.888000 1136.051000 122.240750
1136.620000 0.880000 1136.931000 124.450870
1137.603000 0.983000 1137.901000 125.078430
1138.616000 1.013000 1138.921000 124.989460
1139.606000 0.990000 1139.911000 124.405790
1140.594000 0.988000 1140.901000 123.115070
1141.575000 0.981000 1141.891000 122.037890
1142.510000 0.935000 1142.831000 120.006910
1143.403000 0.893000 1143.721000 120.916820
1144.310000 0.907000 1144.621000 122.329730
1145.236000 0.926000 1145.541000 122.868320
1146.243000 1.007000 1146.541000 125.000130
1147.282000 1.039000 1147.591000 124.270550
1148.321000 1.039000 1148.631000 122.857640
1149.327000 1.006000 1149.641000 121.836220
1150.257000 0.930000 1150.571000 121.768600
1151.025000 0.767000 1151.341000 122.263290
1151.726000 0.702000 1152.031000 121.994000
1152.450000 0.724000 1152.761000 123.227770
1153.261000 0.810000 1153.571000 124.304950
1154.077000 0.816000 1154.381000 126.526930
1155.138000 1.061000 1155.431000 128.141510
1156.187000 1.049000 1156.491000 126.436770
1157.170000 0.984000 1157.471000 124.765240
1158.104000 0.934000 1158.421000 119.199030
1158.958000 0.854000 1159.291000 114.127510
1159.646000 0.688000 1159.981000 114.262750
1160.290000 0.644000 1160.611000 121.118500
1161.380000 1.090000 1161.671000 127.682400
1162.384000 1.005000 1162.681000 124.259870
1163.378000 0.994000 1163.681000 124.966920
1164.420000 1.043000 1164.721000 123.182690
1165.414000 0.993000 1165.721000 122.453110
1166.278000 0.864000 1166.591000 122.138730
1167.007000 0.728000 1167.321000 121.095960
1167.890000 0.883000 1168.191000 122.117380
1168.752000 0.862000 1169.061000 120.759040
1169.545000 0.793000 1169.851000 116.708950
1170.341000 0.796000 1170.641000 119.626110
1171.096000 0.755000 1171.401000 118.010340
1171.794000 0.698000 1172.101000 118.616550
1172.532000 0.738000 1172.821000 119.323590
1173.334000 0.802000 1173.631000 120.343830
1174.074000 0.739000 1174.371000 116.865540
1174.784000 0.710000 1175.081000 115.855980
1175.449000 0.665000 1175.751000 116.102740
1176.113000 0.664000 1176.411000 116.585570
1176.876000 0.763000 1177.171000 117.449210
1177.808000 0.932000 1178.111000 116.484730
1178.665000 0.857000 1178.971000 114.723050
1179.464000 0.799000 1179.771000 113.555710
1180.320000 0.856000 1180.621000 113.779920
1181.209000 0.889000 1181.511000 113.072880
1182.192000 0.983000 1182.491000 112.467850
1183.220000 1.028000 1183.521000 111.479650
1184.240000 1.019000 1184.541000 109.853200
1185.227000 0.987000 1185.531000 108.293190
1186.179000 0.951000 1186.491000 107.026200
1187.112000 0.934000 1187.421000 106.240860
1188.054000 0.941000 1188.361000 105.937160
1188.981000 0.928000 1189.291000 106.206460
1189.892000 0.910000 1190.201000 106.868420
1190.810000 0.918000 1191.121000 107.238560
1191.704000 0.894000 1192.011000 107.339390
1192.557000 0.853000 1192.881000 106.689290
1193.369000 0.812000 1193.691000 108.305060
1194.178000 0.808000 1194.491000 112.782230
1195.029000 0.851000 1195.331000 116.596240
1195.947000 0.918000 1196.251000 119.547810
1196.955000 1.008000 1197.261000 121.455410
1198.014000 1.059000 1198.311000 123.608580
1199.051000 1.037000 1199.361000 119.155140
1199.964000 0.913000 1200.271000 114.386130
1200.815000 0.851000 1201.151000 108.685870
1201.568000 0.753000 1201.891000 113.555710
1202.293000 0.725000 1202.601000 118.885840
1203.331000 1.039000 1203.631000 123.137610
1204.348000 1.016000 1204.651000 121.803000
1205.354000 1.006000 1205.661000 119.704400
1206.350000 0.996000 1206.651000 120.713960
1207.342000 0.992000 1207.651000 118.369790
1208.304000 0.961000 1208.611000 115.654310
1209.220000 0.917000 1209.541000 114.677970
1210.075000 0.855000 1210.391000 115.204690
1210.927000 0.852000 1211.241000 117.034000
1211.795000 0.868000 1212.101000 118.515710
1212.706000 0.910000 1213.011000 119.435110
1213.613000 0.907000 1213.921000 120.164690
1214.609000 0.996000 1214.911000 122.464970
1215.659000 1.051000 1215.961000 123.227770
1216.707000 1.047000 1217.011000 122.633430
1217.773000 1.066000 1218.081000 120.276210
1218.776000 1.004000 1219.081000 119.749480
1219.745000 0.968000 1220.061000 116.462190
1220.569000 0.824000 1220.891000 113.948380
1221.352000 0.783000 1221.661000 121.488630
1222.182000 0.830000 1222.481000 121.230010
1223.180000 0.997000 1223.481000 120.871740
1224.172000 0.993000 1224.481000 119.973700
1225.132000 0.959000 1225.451000 116.754030
1225.938000 0.807000 1226.251000 121.589460
1226.686000 0.748000 1226.991000 121.881300
1227.589000 0.902000 1227.891000 121.084090
1228.442000 0.853000 1228.751000 120.938170
1229.188000 0.745000 1229.491000 122.722400
1229.874000 0.686000 1230.181000 122.610890
1230.673000 0.799000 1230.971000 124.753380
1231.494000 0.821000 1231.791000 123.766360
1232.453000 0.959000 1232.741000 120.063860
1233.313000 0.860000 1233.621000 119.132600
1234.102000 0.789000 1234.411000 119.547810
1234.822000 0.721000 1235.121000 121.264410
1235.651000 0.828000 1235.941000 124.091410
1236.633000 0.983000 1236.931000 123.295390
1237.582000 0.949000 1237.881000 121.544380
1238.481000 0.899000 1238.791000 123.856520
1239.353000 0.872000 1239.651000 118.458770
1240.166000 0.813000 1240.481000 123.014230
1240.915000 0.749000 1241.231000 119.535940
1241.724000 0.809000 1242.021000 124.742700
1242.610000 0.887000 1242.911000 124.405790
1243.617000 1.006000 1243.911000 125.168590
1244.625000 1.008000 1244.921000 123.160150
1245.623000 0.998000 1245.931000 120.635660
1246.549000 0.926000 1246.861000 118.043550
1247.464000 0.915000 1247.771000 118.649760
1248.341000 0.877000 1248.661000 118.392330
1249.203000 0.862000 1249.511000 120.041320
1250.054000 0.851000 1250.361000 120.489750
1250.908000 0.854000 1251.211000 121.264410
1251.858000 0.950000 1252.161000 123.115070
1252.892000 1.034000 1253.191000 123.608580
1253.905000 1.013000 1254.201000 122.094840
1254.858000 0.953000 1255.171000 117.729180
1255.723000 0.865000 1256.031000 121.803000
1256.624000 0.902000 1256.931000 122.880180
1257.562000 0.938000 1257.861000 123.238450
1258.494000 0.932000 1258.801000 123.215910
1259.435000 0.940000 1259.741000 123.822120
1260.374000 0.939000 1260.681000 123.059310
1261.298000 0.924000 1261.601000 120.602450
1262.209000 0.911000 1262.511000 121.791140
1263.083000 0.874000 1263.391000 122.767480
1263.985000 0.901000 1264.291000 121.825540
1264.794000 0.809000 1265.111000 117.303290
1265.477000 0.683000 1265.791000 118.828900
1266.155000 0.678000 1266.451000 124.181570
1266.943000 0.788000 1267.241000 126.481850
1267.944000 1.001000 1268.241000 127.368030
1268.898000 0.954000 1269.201000 125.427210
1269.816000 0.918000 1270.121000 124.495950
1270.711000 0.895000 1271.021000 123.227770
1271.560000 0.849000 1271.871000 122.902720
1272.451000 0.891000 1272.751000 124.125820
1273.420000 0.968000 1273.721000 123.059310
1274.359000 0.939000 1274.661000 122.240750
1275.252000 0.893000 1275.561000 118.425550
1276.052000 0.801000 1276.371000 117.179910
1276.789000 0.737000 1277.111000 117.987800
1277.534000 0.745000 1277.841000 121.432870
1278.319000 0.785000 1278.621000 124.293090
1279.316000 0.997000 1279.611000 125.370270
1280.345000 1.029000 1280.641000 124.753380
1281.346000 1.001000 1281.651000 123.194550
1282.315000 0.969000 1282.621000 120.972580
1283.314000 0.999000 1283.621000 119.681860
1284.298000 0.984000 1284.611000 117.011460
1285.245000 0.947000 1285.561000 116.057660
1286.147000 0.902000 1286.461000 116.349490
1287.011000 0.864000 1287.321000 118.166930
1287.901000 0.891000 1288.211000 120.333150
1288.853000 0.952000 1289.151000 122.364130
1289.849000 0.996000 1290.161000 121.252550
1290.799000 0.949000 1291.111000 120.343830
1291.742000 0.943000 1292.041000 121.881300
1292.657000 0.915000 1292.971000 121.342710
1293.478000 0.822000 1293.791000 118.762460
1294.158000 0.679000 1294.481000 118.639090
1294.862000 0.704000 1295.171000 120.983250
1295.599000 0.737000 1295.901000 122.767480
1296.380000 0.782000 1296.681000 124.539840
1297.201000 0.821000 1297.501000 125.684640
1298.238000 1.036000 1298.541000 124.708300
1299.313000 1.075000 1299.611000 123.530280
1300.316000 1.004000 1300.621000 121.757920
1301.324000 1.008000 1301.631000 119.985560
1302.345000 1.020000 1302.651000 118.639090
1303.345000 1.001000 1303.651000 116.832320
1304.312000 0.966000 1304.631000 114.139380
1305.202000 0.890000 1305.521000 114.341050
1306.052000 0.850000 1306.371000 115.115720
1306.888000 0.836000 1307.201000 116.719620
1307.771000 0.883000 1308.071000 119.872860
1308.779000 1.008000 1309.081000 120.590580
1309.755000 0.976000 1310.071000 116.922480
1310.557000 0.803000 1310.871000 120.152830
1311.443000 0.886000 1311.751000 120.433990
1312.372000 0.929000 1312.671000 122.049760
1313.310000 0.938000 1313.611000 121.455410
1314.253000 0.943000 1314.561000 121.017660
1315.182000 0.930000 1315.491000 117.853740
1316.070000 0.887000 1316.381000 116.181030
1316.842000 0.773000 1317.161000 116.024440
1317.718000 0.876000 1318.021000 119.772020
1318.503000 0.785000 1318.811000 119.323590
1319.356000 0.853000 1319.661000 119.255970
1320.199000 0.842000 1320.511000 118.077960
1321.010000 0.811000 1321.321000 117.381590
1321.767000 0.757000 1322.081000 118.032880
1322.497000 0.731000 1322.811000 118.806360
1323.283000 0.785000 1323.591000 120.512290
1324.108000 0.825000 1324.411000 121.645220
1325.016000 0.908000 1325.321000 121.690300
1326.048000 1.033000 1326.351000 122.284650
1327.023000 0.975000 1327.321000 121.566920
1328.057000 1.035000 1328.361000 121.421010
1329.059000 1.002000 1329.371000 119.098190
1330.070000 1.011000 1330.371000 120.220450
1331.100000 1.030000 1331.401000 121.151710
1332.050000 0.950000 1332.361000 117.550050
1332.977000 0.927000 1333.291000 114.207000
1333.753000 0.777000 1334.081000 110.930380
1334.467000 0.713000 1334.781000 113.578250
1335.131000 0.665000 1335.441000 115.699390
1335.843000 0.712000 1336.141000 118.873980
1337.002000 1.159000 1337.291000 121.264410
1338.022000 1.020000 1338.321000 120.074530
1339.035000 1.013000 1339.331000 120.568040
1339.996000 0.961000 1340.301000 116.865540
1340.952000 0.956000 1341.261000 116.754030
1341.863000 0.911000 1342.171000 117.325830
1342.762000 0.899000 1343.071000 117.584450
1343.637000 0.875000 1343.951000 116.674540
1344.496000 0.859000 1344.801000 119.165810
1345.441000 0.945000 1345.741000 118.773140
1346.313000 0.872000 1346.621000 118.515710
1347.150000 0.837000 1347.451000 117.157370
1347.957000 0.808000 1348.271000 116.170360
1348.656000 0.699000 1348.971000 115.171470
1349.353000 0.697000 1349.661000 118.010340
1350.242000 0.889000 1350.541000 121.342710
1351.118000 0.876000 1351.411000 121.667760
1352.010000 0.892000 1352.311000 122.329730
1352.945000 0.936000 1353.241000 120.983250
1353.878000 0.932000 1354.181000 118.885840
1354.782000 0.905000 1355.081000 119.210890
1355.655000 0.872000 1355.961000 117.415990
1356.485000 0.830000 1356.801000 115.496530
1357.279000 0.794000 1357.591000 116.092060
1357.968000 0.689000 1358.281000 115.901060
1358.686000 0.717000 1358.991000 118.144390
1359.700000 1.014000 1360.001000 119.558490
1360.603000 0.903000 1360.911000 119.535940
1361.454000 0.851000 1361.751000 122.284650
1362.381000 0.927000 1362.681000 121.836220
1363.307000 0.927000 1363.611000 120.456530
1364.191000 0.884000 1364.491000 120.175370
1365.079000 0.888000 1365.381000 119.435110
1365.946000 0.867000 1366.251000 118.312850
1366.776000 0.831000 1367.091000 117.751720
1367.584000 0.808000 1367.891000 118.290310
1368.529000 0.945000 1368.831000 120.635660
1369.453000 0.924000 1369.751000 119.603570
1370.351000 0.898000 1370.661000 119.098190
1371.261000 0.910000 1371.571000 119.054300
1372.184000 0.923000 1372.481000 120.668880
1373.084000 0.900000 1373.391000 118.627220
1373.910000 0.826000 1374.221000 117.751720
1374.595000 0.686000 1374.921000 115.564150
1375.276000 0.681000 1375.591000 118.682980
1376.032000 0.756000 1376.331000 123.564690
1377.080000 1.048000 1377.371000 124.103280
1377.991000 0.911000 1378.291000 121.903840
1378.827000 0.836000 1379.141000 118.919060
1379.626000 0.799000 1379.941000 119.973700
1380.486000 0.860000 1380.791000 122.531400
1381.492000 1.006000 1381.791000 123.205230
1382.503000 1.011000 1382.811000 121.151710
1383.452000 0.949000 1383.761000 123.968040
1384.367000 0.915000 1384.671000 119.671190
1385.220000 0.853000 1385.541000 118.100500
1385.995000 0.775000 1386.311000 119.558490
1386.782000 0.788000 1387.091000 123.036770
1387.748000 0.966000 1388.051000 125.045210
1388.762000 1.014000 1389.061000 124.046330
1389.774000 1.012000 1390.081000 123.104390
1390.759000 0.985000 1391.071000 121.589460
1391.703000 0.944000 1392.021000 119.289190
1392.603000 0.900000 1392.921000 117.875100
1393.426000 0.823000 1393.741000 119.120730
1394.254000 0.828000 1394.561000 120.220450
1395.111000 0.857000 1395.421000 120.568040
1396.029000 0.918000 1396.331000 121.050880
1396.957000 0.928000 1397.261000 121.196790
1397.889000 0.932000 1398.201000 120.534830
1398.850000 0.961000 1399.151000 122.790020
1399.863000 1.014000 1400.161000 121.174250
1400.870000 1.006000 1401.171000 120.051990
1401.857000 0.987000 1402.161000 118.526390
1402.794000 0.937000 1403.111000 116.630650
1403.653000 0.859000 1403.971000 115.508390
1404.458000 0.805000 1404.771000 117.079080
1405.269000 0.811000 1405.581000 118.661630
1406.164000 0.895000 1406.471000 119.850320
1407.052000 0.888000 1407.351000 120.220450
1408.087000 1.035000 1408.391000 120.995120
1409.100000 1.013000 1409.401000 120.051990
1410.107000 1.007000 1410.411000 118.739920
1411.092000 0.985000 1411.401000 117.527510
1412.050000 0.958000 1412.361000 116.641320
1413.014000 0.964000 1413.331000 115.249770
1413.904000 0.890000 1414.221000 114.723050
1414.697000 0.793000 1415.011000 115.564150
1415.492000 0.795000 1415.801000 117.079080
1416.365000 0.873000 1416.671000 118.672300
1417.292000 0.926000 1417.601000 119.199030
1418.283000 0.991000 1418.581000 121.151710
1419.312000 1.029000 1419.611000 121.118500
1420.306000 0.994000 1420.611000 120.725820
1421.334000 1.028000 1421.641000 119.266650
1422.336000 1.002000 1422.651000 118.123040
1423.305000 0.969000 1423.621000 117.000780
1424.220000 0.915000 1424.541000 116.899940
1425.106000 0.885000 1425.421000 117.213130
1426.035000 0.929000 1426.341000 118.403010
1427.033000 0.998000 1427.331000 119.233430
1428.092000 1.059000 1428.391000 119.009220
1429.115000 1.023000 1429.421000 118.515710
1430.162000 1.047000 1430.471000 117.504970
1431.131000 0.969000 1431.451000 116.102740
1432.049000 0.918000 1432.371000 115.115720
1432.939000 0.890000 1433.261000 115.508390
1433.766000 0.827000 1434.081000 117.449210
1434.651000 0.885000 1434.961000 118.312850
1435.572000 0.921000 1435.891000 118.123040
1436.484000 0.912000 1436.791000 119.031760
1437.763000 1.279000 1438.071000 119.906080
1438.908000 1.145000 1439.211000 118.997360
1439.995000 1.087000 1440.301000 117.292610
1441.055000 1.060000 1441.361000 113.432330
1442.095000 1.041000 1442.411000 112.770360
1443.097000 1.002000 1443.411000 111.805890
1444.096000 0.999000 1444.411000 111.109520
1445.071000 0.975000 1445.381000 109.886420
1446.046000 0.975000 1446.361000 109.550690
1447.017000 0.971000 1447.331000 108.776030
1447.977000 0.959000 1448.291000 108.416570
1448.921000 0.945000 1449.231000 107.856630
1449.860000 0.939000 1450.171000 106.958580
1450.790000 0.929000 1451.101000 106.307290
1451.709000 0.919000 1452.021000 106.038000
1452.670000 0.961000 1452.981000 105.511270
1453.643000 0.973000 1453.951000 104.276310
1454.585000 0.942000 1454.891000 103.592990
1455.482000 0.897000 1455.801000 101.998580
1456.322000 0.840000 1456.641000 102.100600
1457.121000 0.799000 1457.441000 103.165920
1457.950000 0.830000 1458.261000 104.871850
1458.829000 0.878000 1459.141000 105.679730
1459.870000 1.041000 1460.171000 107.361930
1460.917000 1.047000 1461.221000 107.721390
1461.924000 1.007000 1462.231000 106.307290
1462.899000 0.975000 1463.211000 105.174360
1463.822000 0.923000 1464.141000 108.270650
1464.674000 0.852000 1464.991000 104.771010
1465.367000 0.693000 1465.691000 103.704510
1466.080000 0.713000 1466.401000 106.621670
1466.800000 0.720000 1467.111000 108.977700
1467.509000 0.709000 1467.821000 112.467850
1468.205000 0.696000 1468.511000 114.386130
1468.992000 0.787000 1469.291000 116.854860
1469.937000 0.945000 1470.241000 117.482430
1470.920000 0.984000 1471.221000 117.516830
1471.981000 1.061000 1472.291000 116.551160
1472.997000 1.016000 1473.301000 115.249770
1474.025000 1.027000 1474.331000 113.567570
1475.041000 1.017000 1475.361000 111.794020
1476.008000 0.967000 1476.331000 109.819990
1476.901000 0.893000 1477.221000 109.853200
1477.708000 0.807000 1478.031000 110.716840
1478.456000 0.747000 1478.771000 112.579370
1479.563000 1.107000 1479.871000 112.905600
1480.579000 1.017000 1480.891000 113.679080
1481.627000 1.048000 1481.931000 114.318510
1482.686000 1.059000 1482.991000 112.916280
1483.706000 1.021000 1484.021000 112.299390
1484.707000 1.000000 1485.021000 111.244760
1485.693000 0.987000 1486.011000 110.167580
1486.670000 0.977000 1486.981000 109.505610
1487.641000 0.971000 1487.961000 108.518590
1488.575000 0.934000 1488.901000 106.475750
1489.434000 0.859000 1489.761000 106.083080
1490.219000 0.785000 1490.541000 108.473510
1490.940000 0.720000 1491.251000 110.683630
1491.918000 0.978000 1492.221000 111.547270
1492.805000 0.888000 1493.121000 110.998000
1493.717000 0.912000 1494.031000 112.445310
1494.916000 1.199000 1495.221000 113.836870
1496.024000 1.108000 1496.331000 112.803580
1497.087000 1.063000 1497.391000 112.276850
1498.101000 1.014000 1498.411000 109.573230
1499.066000 0.966000 1499.381000 108.496050
1499.937000 0.871000 1500.261000 106.543370
1500.718000 0.781000 1501.041000 107.497170
1501.399000 0.681000 1501.721000 109.785580
1502.105000 0.707000 1502.411000 112.883060
1503.168000 1.063000 1503.471000 115.171470
1504.160000 0.991000 1504.461000 114.644750
1505.151000 0.992000 1505.461000 114.857100
1506.132000 0.981000 1506.441000 111.670650
1507.045000 0.912000 1507.361000 110.716840
1507.874000 0.829000 1508.191000 107.990680
1508.653000 0.779000 1508.971000 109.797450
1509.373000 0.720000 1509.691000 111.468970
1510.093000 0.719000 1510.401000 114.217670
1510.976000 0.884000 1511.271000 116.035120
1512.004000 1.028000 1512.301000 115.452630
1513.020000 1.016000 1513.321000 114.262750
1513.969000 0.949000 1514.281000 112.310070
1514.901000 0.932000 1515.211000 110.470090
1515.771000 0.870000 1516.091000 106.610990
1516.570000 0.799000 1516.891000 107.351260
1517.289000 0.718000 1517.601000 108.932620
1517.985000 0.696000 1518.291000 111.670650
1518.794000 0.809000 1519.091000 114.318510
1519.875000 1.082000 1520.171000 114.644750
1520.865000 0.990000 1521.171000 113.600790
1521.831000 0.966000 1522.141000 112.759690
1522.794000 0.963000 1523.101000 110.313500
1523.711000 0.918000 1524.031000 107.328720
1524.548000 0.836000 1524.871000 106.981120
1525.337000 0.789000 1525.651000 109.045320
1526.140000 0.803000 1526.451000 111.446430
1526.986000 0.846000 1527.291000 112.669530
1527.959000 0.974000 1528.261000 113.611460
1528.984000 1.025000 1529.281000 113.713490
1529.997000 1.014000 1530.301000 113.196250
1530.985000 0.987000 1531.301000 110.862760
1531.877000 0.892000 1532.211000 106.644210
1532.666000 0.789000 1532.981000 111.659970
1533.385000 0.719000 1533.691000 112.702740
1534.052000 0.667000 1534.361000 112.782230
1535.083000 1.031000 1535.381000 115.732600
1536.039000 0.957000 1536.341000 114.768130
1536.963000 0.924000 1537.271000 115.138260
1537.880000 0.917000 1538.191000 113.174900
1538.758000 0.878000 1539.071000 113.185580
1539.617000 0.859000 1539.931000 112.332610
1540.458000 0.841000 1540.771000 113.825000
1541.291000 0.833000 1541.601000 115.070640
1542.172000 0.881000 1542.481000 116.226110
1543.152000 0.980000 1543.451000 117.112290
1544.176000 1.024000 1544.481000 116.383890
1545.193000 1.018000 1545.501000 115.485850
1546.191000 0.997000 1546.501000 113.982780
1547.150000 0.959000 1547.471000 112.243640
1548.080000 0.930000 1548.401000 112.299390
1548.976000 0.896000 1549.291000 112.983900
1549.856000 0.880000 1550.171000 113.915160
1550.744000 0.887000 1551.051000 114.778800
1551.723000 0.979000 1552.021000 116.528620
1552.762000 1.039000 1553.061000 115.968680
1553.782000 1.019000 1554.091000 114.431210
1554.778000 0.996000 1555.091000 112.725280
1555.728000 0.950000 1556.051000 110.313500
1556.615000 0.887000 1556.931000 110.301630
1557.453000 0.838000 1557.771000 111.199680
1558.280000 0.827000 1558.591000 112.893740
1559.168000 0.888000 1559.471000 114.453750
1560.162000 0.994000 1560.461000 115.732600
1561.170000 1.007000 1561.471000 115.328070
1562.145000 0.976000 1562.451000 114.587810
1563.102000 0.957000 1563.421000 112.332610
1563.997000 0.895000 1564.321000 111.468970
1564.853000 0.856000 1565.171000 112.972040
1565.711000 0.859000 1566.021000 115.037420
1566.642000 0.930000 1566.951000 116.349490
1567.645000 1.003000 1567.951000 117.539370
1568.646000 1.001000 1568.951000 117.202450
1569.624000 0.978000 1569.931000 116.215440
1570.605000 0.981000 1570.921000 114.476290
1571.526000 0.921000 1571.841000 112.636310
1572.391000 0.865000 1572.711000 111.603030
1573.228000 0.837000 1573.541000 113.196250
1574.080000 0.852000 1574.391000 114.666100
1574.944000 0.864000 1575.251000 115.463310
1575.845000 0.901000 1576.151000 115.395690
1576.753000 0.908000 1577.061000 114.486970
1577.637000 0.883000 1577.951000 113.825000
1578.487000 0.850000 1578.801000 113.510630
1579.302000 0.815000 1579.621000 113.488090
1580.111000 0.809000 1580.421000 114.924720
1580.949000 0.838000 1581.251000 115.328070
1581.866000 0.918000 1582.171000 116.372030
1582.867000 1.001000 1583.171000 116.663860
1583.964000 1.097000 1584.261000 117.000780
1585.030000 1.066000 1585.341000 114.565270
1586.006000 0.976000 1586.321000 114.217670
1586.946000 0.940000 1587.261000 113.836870
1587.898000 0.953000 1588.211000 114.700510
1588.761000 0.863000 1589.071000 116.114600
1589.617000 0.856000 1589.921000 116.361350
1590.393000 0.776000 1590.701000 116.754030
1591.112000 0.718000 1591.421000 116.731490
1591.904000 0.793000 1592.211000 119.535940
1592.780000 0.876000 1593.081000 121.690300
1593.826000 1.046000 1594.121000 122.430570
1594.863000 1.037000 1595.171000 119.334270
1595.882000 1.019000 1596.191000 117.920180
1596.870000 0.988000 1597.181000 115.148930
1597.822000 0.952000 1598.141000 114.252080
1598.738000 0.916000 1599.051000 113.993460
1599.632000 0.894000 1599.941000 114.733720
1600.518000 0.886000 1600.831000 115.822760
1601.502000 0.984000 1601.801000 117.280750
