1.795000 0.715000 2.071000 136.221010
2.507000 0.712000 2.791000 130.372720
3.203000 0.696000 3.491000 130.888810
3.898000 0.695000 4.181000 133.055540
4.591000 0.694000 4.871000 130.193030
5.255000 0.664000 5.551000 128.565370
5.907000 0.651000 6.191000 132.897790
6.583000 0.676000 6.861000 134.907810
7.256000 0.673000 7.541000 132.101720
7.934000 0.678000 8.221000 132.101720
8.620000 0.686000 8.901000 136.277430
9.323000 0.704000 9.601000 136.287880
10.051000 0.727000 10.331000 131.932470
10.758000 0.707000 11.041000 132.684660
11.489000 0.731000 11.771000 134.536940
12.224000 0.736000 12.501000 133.672960
12.958000 0.734000 13.251000 127.835110
13.660000 0.702000 13.951000 129.845140
14.367000 0.707000 14.651000 132.393190
15.083000 0.716000 15.361000 131.966950
15.794000 0.711000 16.081000 128.497460
16.482000 0.687000 16.771000 129.171300
17.142000 0.660000 17.421000 132.246930
17.855000 0.714000 18.131000 133.380440
18.548000 0.692000 18.831000 130.642250
19.239000 0.691000 19.531000 129.317560
19.891000 0.652000 20.171000 131.842630
20.599000 0.708000 20.881000 133.212240
21.299000 0.700000 21.581000 132.269910
22.014000 0.714000 22.301000 129.979910
22.708000 0.694000 23.001000 130.372720
23.418000 0.710000 23.701000 133.694900
24.142000 0.725000 24.421000 132.539450
24.855000 0.713000 25.151000 129.620530
25.563000 0.707000 25.851000 132.504970
26.279000 0.716000 26.561000 134.301880
26.994000 0.715000 27.291000 127.442300
27.681000 0.687000 27.961000 129.350990
28.371000 0.690000 28.651000 132.157090
29.069000 0.698000 29.351000 130.304810
29.759000 0.691000 30.051000 128.059730
30.412000 0.653000 30.691000 132.033810
31.125000 0.713000 31.401000 131.977390
31.808000 0.683000 32.091000 133.055540
32.491000 0.683000 32.771000 134.536940
33.190000 0.699000 33.471000 136.142660
33.891000 0.701000 34.171000 135.951480
34.583000 0.692000 34.871000 136.164600
35.277000 0.694000 35.561000 139.139940
35.967000 0.690000 36.251000 138.488040
36.657000 0.691000 36.941000 136.726650
37.326000 0.669000 37.621000 134.638280
37.972000 0.646000 38.251000 140.195100
38.670000 0.698000 38.951000 141.553220
39.348000 0.678000 39.631000 139.464840
40.033000 0.685000 40.311000 140.711190
40.713000 0.680000 41.001000 137.332590
41.347000 0.634000 41.641000 135.446880
42.030000 0.683000 42.311000 136.332800
42.663000 0.633000 42.951000 136.377720
43.340000 0.676000 43.621000 141.676500
44.017000 0.677000 44.291000 142.227060
44.712000 0.696000 45.001000 138.937260
45.429000 0.716000 45.711000 142.012900
46.161000 0.733000 46.441000 143.349080
46.932000 0.771000 47.211000 139.095020
47.692000 0.760000 47.981000 137.815240
48.447000 0.755000 48.721000 139.397980
49.205000 0.758000 49.491000 134.458590
49.934000 0.729000 50.221000 134.728120
50.653000 0.719000 50.931000 135.581650
51.358000 0.705000 51.641000 131.529210
52.014000 0.656000 52.311000 130.742550
52.711000 0.697000 52.991000 135.244210
53.389000 0.678000 53.671000 141.047580
54.063000 0.673000 54.351000 136.052820
54.731000 0.669000 55.021000 137.029620
55.392000 0.661000 55.671000 138.409690
56.096000 0.704000 56.381000 137.545710
56.784000 0.688000 57.061000 138.657280
57.483000 0.699000 57.771000 137.512280
58.191000 0.709000 58.471000 137.489290
58.911000 0.720000 59.191000 137.254230
59.629000 0.717000 59.911000 135.334050
60.345000 0.716000 60.631000 134.638280
61.048000 0.703000 61.341000 130.709110
61.705000 0.657000 61.991000 132.224990
62.364000 0.659000 62.641000 136.984700
63.017000 0.653000 63.301000 133.874590
63.642000 0.626000 63.931000 132.056790
64.279000 0.637000 64.571000 130.517930
64.908000 0.628000 65.191000 134.941240
65.543000 0.635000 65.821000 137.860170
66.198000 0.655000 66.471000 138.657280
66.853000 0.655000 67.141000 138.881900
67.513000 0.659000 67.791000 138.993680
68.182000 0.669000 68.461000 140.273450
68.866000 0.684000 69.141000 142.788070
69.560000 0.694000 69.841000 141.418460
70.240000 0.680000 70.521000 140.419710
70.913000 0.673000 71.191000 138.622810
71.580000 0.668000 71.861000 138.399240
72.245000 0.665000 72.521000 139.700950
72.928000 0.683000 73.201000 139.308140
73.609000 0.681000 73.891000 136.871870
74.288000 0.680000 74.571000 136.995150
74.986000 0.697000 75.261000 139.992420
75.706000 0.721000 75.991000 137.399450
76.437000 0.731000 76.721000 129.755290
77.162000 0.725000 77.441000 136.209520
77.910000 0.748000 78.191000 135.277640
78.665000 0.754000 78.951000 130.259890
79.398000 0.733000 79.681000 129.632020
80.118000 0.721000 80.401000 130.742550
80.849000 0.731000 81.131000 129.777230
81.559000 0.710000 81.851000 124.355180
82.230000 0.671000 82.521000 125.276610
82.953000 0.723000 83.231000 130.271380
83.644000 0.692000 83.931000 126.735030
84.294000 0.650000 84.581000 124.624710
84.936000 0.642000 85.221000 127.262610
85.568000 0.632000 85.851000 124.962160
86.206000 0.638000 86.491000 127.105900
86.856000 0.651000 87.131000 130.181540
87.538000 0.681000 87.821000 128.272850
88.224000 0.686000 88.511000 128.127630
88.926000 0.702000 89.201000 131.214760
89.634000 0.708000 89.911000 130.900300
90.349000 0.715000 90.641000 128.317770
91.040000 0.692000 91.321000 132.291850
91.731000 0.691000 92.011000 133.156870
92.418000 0.687000 92.711000 128.610290
93.072000 0.654000 93.351000 132.449600
93.773000 0.701000 94.051000 134.312330
94.462000 0.689000 94.741000 136.512490
95.166000 0.704000 95.451000 133.044050
95.868000 0.702000 96.161000 131.584580
96.554000 0.686000 96.841000 135.142870
97.253000 0.699000 97.531000 136.883360
97.959000 0.706000 98.241000 132.897790
98.653000 0.694000 98.941000 133.526700
99.347000 0.695000 99.621000 135.031090
100.049000 0.702000 100.331000 130.630760
100.755000 0.706000 101.041000 130.652700
101.461000 0.706000 101.741000 131.787260
102.160000 0.698000 102.451000 128.856840
102.839000 0.680000 103.131000 129.417850
103.509000 0.670000 103.791000 133.022110
104.209000 0.700000 104.491000 134.233970
104.892000 0.683000 105.191000 133.032550
105.568000 0.676000 105.851000 135.491810
106.261000 0.694000 106.541000 137.647050
106.965000 0.703000 107.251000 137.063050
107.666000 0.701000 107.951000 134.929750
108.337000 0.671000 108.621000 139.577670
109.032000 0.695000 109.311000 141.305630
109.718000 0.686000 110.001000 138.342820
110.398000 0.681000 110.681000 136.490550
111.081000 0.683000 111.361000 138.252980
111.777000 0.696000 112.051000 138.016870
112.471000 0.694000 112.751000 133.886080
113.156000 0.684000 113.431000 135.154360
113.835000 0.680000 114.111000 136.770530
114.513000 0.678000 114.791000 135.760300
115.192000 0.678000 115.481000 131.416380
115.836000 0.645000 116.121000 135.132420
116.516000 0.680000 116.791000 138.129700
117.184000 0.668000 117.471000 134.222480
117.843000 0.659000 118.131000 136.322350
118.511000 0.669000 118.791000 138.016870
119.195000 0.683000 119.471000 139.588120
119.905000 0.710000 120.181000 138.005380
120.607000 0.702000 120.881000 137.534220
121.310000 0.703000 121.591000 136.815460
122.000000 0.690000 122.291000 131.707860
122.650000 0.650000 122.941000 135.009150
123.324000 0.674000 123.601000 136.355780
123.985000 0.662000 124.261000 137.119470
124.636000 0.650000 124.911000 136.164600
125.289000 0.653000 125.571000 135.749850
125.945000 0.656000 126.231000 134.615290
126.592000 0.647000 126.881000 137.309600
127.242000 0.650000 127.521000 139.779300
127.908000 0.666000 128.181000 140.699690
128.601000 0.693000 128.881000 142.327350
129.313000 0.713000 129.591000 143.202820
130.031000 0.718000 130.311000 138.982190
130.731000 0.700000 131.011000 138.600870
131.422000 0.691000 131.701000 139.981980
132.122000 0.701000 132.401000 138.151640
132.812000 0.689000 133.091000 134.233970
133.489000 0.678000 133.761000 136.434140
134.167000 0.677000 134.441000 137.444370
134.841000 0.674000 135.121000 135.715370
135.519000 0.678000 135.801000 132.909280
136.186000 0.667000 136.461000 135.334050
136.850000 0.664000 137.131000 137.826740
137.528000 0.678000 137.801000 135.828200
138.223000 0.695000 138.501000 134.368740
138.918000 0.696000 139.201000 128.643720
139.595000 0.677000 139.881000 130.259890
140.263000 0.668000 140.541000 131.652490
140.928000 0.665000 141.201000 132.258420
141.599000 0.671000 141.881000 130.562860
142.271000 0.673000 142.551000 130.214970
142.943000 0.671000 143.221000 133.077480
143.617000 0.674000 143.891000 133.212240
144.305000 0.688000 144.581000 136.670240
144.998000 0.694000 145.271000 136.221010
145.687000 0.689000 145.971000 133.257170
146.370000 0.683000 146.651000 133.391930
147.056000 0.686000 147.331000 135.087500
147.743000 0.687000 148.021000 133.571630
148.421000 0.678000 148.711000 131.584580
149.099000 0.677000 149.371000 135.210780
149.781000 0.683000 150.061000 135.255700
150.460000 0.678000 150.741000 131.865610
151.128000 0.668000 151.411000 135.222270
151.805000 0.678000 152.081000 137.512280
152.481000 0.675000 152.761000 133.864140
153.144000 0.663000 153.431000 133.739820
153.816000 0.672000 154.091000 136.681730
154.495000 0.679000 154.771000 136.894850
155.177000 0.681000 155.461000 132.887340
155.844000 0.667000 156.121000 135.076010
156.484000 0.640000 156.761000 136.355780
157.113000 0.629000 157.391000 135.177350
157.739000 0.626000 158.021000 135.019600
158.381000 0.642000 158.661000 140.318370
159.067000 0.686000 159.341000 143.517280
159.767000 0.700000 160.051000 141.665010
160.474000 0.707000 160.751000 145.189860
161.193000 0.720000 161.471000 145.650580
161.912000 0.719000 162.201000 141.575160
162.601000 0.688000 162.881000 145.347620
163.295000 0.695000 163.571000 144.583930
163.995000 0.700000 164.271000 144.134710
164.698000 0.703000 164.971000 142.047370
165.393000 0.695000 165.681000 137.343030
166.053000 0.660000 166.331000 140.037350
166.748000 0.696000 167.021000 142.641810
167.414000 0.666000 167.691000 138.937260
168.063000 0.649000 168.341000 140.261960
168.725000 0.662000 169.001000 142.282430
169.384000 0.659000 169.661000 141.643070
170.049000 0.665000 170.331000 142.619870
170.727000 0.678000 171.001000 146.852000
171.439000 0.712000 171.711000 148.299970
172.170000 0.731000 172.451000 144.909880
172.877000 0.708000 173.151000 146.189650
173.584000 0.707000 173.861000 146.503070
174.280000 0.696000 174.561000 144.179630
174.977000 0.697000 175.251000 144.695720
175.666000 0.689000 175.941000 143.618620
176.354000 0.688000 176.631000 139.790790
177.009000 0.655000 177.291000 138.342820
177.682000 0.672000 177.961000 143.708460
178.344000 0.662000 178.621000 143.416990
179.009000 0.665000 179.281000 142.989700
179.666000 0.657000 179.941000 140.969230
180.318000 0.652000 180.591000 142.551970
180.977000 0.660000 181.251000 143.730400
181.626000 0.649000 181.901000 143.416990
182.272000 0.646000 182.551000 140.778050
182.898000 0.626000 183.181000 139.464840
183.531000 0.633000 183.801000 143.585190
184.154000 0.623000 184.431000 144.257980
184.786000 0.632000 185.061000 143.483850
185.420000 0.634000 185.691000 144.382300
186.053000 0.633000 186.321000 145.662070
186.690000 0.637000 186.961000 146.727680
187.329000 0.639000 187.611000 144.539010
187.965000 0.636000 188.241000 147.323170
188.608000 0.643000 188.881000 150.600430
189.256000 0.648000 189.531000 150.342380
189.908000 0.652000 190.191000 145.537750
190.561000 0.653000 190.831000 148.939340
191.210000 0.649000 191.491000 149.444980
191.866000 0.656000 192.141000 152.812080
192.540000 0.675000 192.811000 151.150990
193.212000 0.672000 193.491000 148.299970
193.864000 0.652000 194.151000 148.905900
194.524000 0.659000 194.801000 149.848230
195.187000 0.663000 195.461000 148.108790
195.842000 0.655000 196.121000 147.962530
196.484000 0.643000 196.761000 151.465450
197.134000 0.650000 197.401000 152.407780
197.786000 0.652000 198.051000 152.575980
198.446000 0.660000 198.721000 151.375600
199.109000 0.663000 199.391000 148.917400
199.752000 0.643000 200.031000 148.624880
200.397000 0.645000 200.671000 151.162480
201.042000 0.644000 201.321000 149.983000
201.684000 0.642000 201.961000 147.401520
202.319000 0.635000 202.591000 148.288480
202.975000 0.656000 203.241000 151.690060
203.636000 0.661000 203.911000 151.027710
204.313000 0.677000 204.591000 146.750660
204.968000 0.654000 205.251000 147.075570
205.626000 0.659000 205.891000 149.927630
206.276000 0.650000 206.551000 147.985510
206.932000 0.656000 207.201000 145.875200
207.578000 0.646000 207.861000 145.021670
208.228000 0.650000 208.501000 147.626130
208.877000 0.649000 209.151000 144.550500
209.523000 0.645000 209.791000 144.685270
210.148000 0.625000 210.421000 144.628850
210.753000 0.605000 211.031000 144.931820
211.355000 0.603000 211.631000 143.472360
211.957000 0.602000 212.231000 144.202610
212.575000 0.618000 212.841000 146.324420
213.219000 0.644000 213.491000 146.245020
213.897000 0.678000 214.171000 145.807290
214.583000 0.685000 214.851000 145.347620
215.254000 0.672000 215.531000 140.408220
215.914000 0.660000 216.191000 143.461910
216.580000 0.665000 216.851000 144.517070
217.256000 0.676000 217.531000 142.047370
217.932000 0.676000 218.211000 138.354320
218.600000 0.668000 218.871000 140.688200
219.271000 0.671000 219.541000 141.463380
219.932000 0.662000 220.211000 138.376250
220.585000 0.653000 220.861000 141.721420
221.252000 0.667000 221.521000 144.179630
221.925000 0.673000 222.201000 141.317120
222.614000 0.689000 222.891000 142.743150
223.330000 0.716000 223.601000 145.662070
224.087000 0.757000 224.361000 143.652050
224.845000 0.758000 225.121000 140.688200
225.620000 0.775000 225.891000 142.664800
226.415000 0.794000 226.691000 142.619870
227.187000 0.773000 227.471000 135.446880
227.926000 0.738000 228.211000 135.031090
228.647000 0.722000 228.921000 137.770320
229.364000 0.717000 229.641000 137.736890
230.077000 0.712000 230.351000 135.760300
230.778000 0.702000 231.061000 133.616550
231.453000 0.674000 231.731000 136.602330
232.130000 0.677000 232.401000 137.971950
232.819000 0.690000 233.091000 138.858910
233.542000 0.722000 233.821000 136.502040
234.257000 0.715000 234.541000 136.164600
234.960000 0.703000 235.231000 139.454400
235.684000 0.724000 235.961000 138.802500
236.443000 0.759000 236.721000 135.087500
237.211000 0.769000 237.491000 132.965690
237.939000 0.728000 238.221000 132.864360
238.642000 0.703000 238.921000 134.413660
239.351000 0.709000 239.631000 133.358500
240.062000 0.711000 240.341000 131.809200
240.766000 0.704000 241.051000 130.474050
241.458000 0.691000 241.731000 133.526700
242.179000 0.721000 242.451000 134.919300
242.954000 0.775000 243.231000 135.255700
243.761000 0.807000 244.041000 133.077480
244.529000 0.768000 244.811000 133.414920
245.289000 0.760000 245.571000 135.154360
246.033000 0.744000 246.311000 135.715370
246.792000 0.759000 247.071000 132.011870
247.531000 0.739000 247.811000 132.920770
248.271000 0.740000 248.551000 135.289130
248.995000 0.724000 249.271000 135.435390
249.678000 0.683000 249.961000 131.966950
250.359000 0.681000 250.641000 133.706390
251.043000 0.684000 251.321000 136.109230
251.743000 0.700000 252.021000 136.479060
252.382000 0.639000 252.661000 135.154360
253.009000 0.626000 253.291000 135.603590
253.632000 0.624000 253.911000 140.834460
254.269000 0.637000 254.541000 143.809800
254.950000 0.681000 255.231000 144.752130
255.666000 0.716000 255.941000 147.266750
256.400000 0.734000 256.671000 149.646610
257.157000 0.757000 257.441000 146.547990
257.909000 0.751000 258.191000 144.224550
258.628000 0.720000 258.901000 146.615900
259.338000 0.710000 259.611000 145.055100
260.040000 0.702000 260.321000 139.509770
260.729000 0.689000 261.011000 140.879380
261.416000 0.687000 261.691000 143.237300
262.126000 0.710000 262.401000 140.756110
262.823000 0.697000 263.111000 139.206800
263.511000 0.688000 263.781000 142.540480
264.203000 0.692000 264.481000 143.955020
264.900000 0.697000 265.181000 141.990960
265.599000 0.699000 265.881000 143.202820
266.299000 0.700000 266.571000 144.628850
267.024000 0.725000 267.301000 145.078080
267.757000 0.733000 268.041000 141.350550
268.461000 0.704000 268.741000 142.137220
269.163000 0.702000 269.441000 142.293920
269.851000 0.689000 270.131000 140.902370
270.540000 0.689000 270.821000 137.399450
271.221000 0.681000 271.501000 139.274710
271.909000 0.688000 272.181000 140.778050
272.612000 0.702000 272.891000 140.172110
273.349000 0.738000 273.631000 137.377510
274.085000 0.736000 274.361000 136.973210
274.814000 0.729000 275.091000 139.116960
275.559000 0.745000 275.831000 138.409690
276.308000 0.749000 276.591000 134.997660
277.027000 0.719000 277.311000 133.672960
277.723000 0.695000 278.001000 136.299370
278.437000 0.714000 278.711000 136.467570
279.140000 0.703000 279.421000 134.032340
279.827000 0.687000 280.111000 133.908020
280.514000 0.687000 280.791000 137.455860
281.208000 0.695000 281.481000 138.443120
281.957000 0.749000 282.231000 137.489290
282.773000 0.816000 283.051000 132.774510
283.573000 0.800000 283.851000 136.681730
284.369000 0.796000 284.651000 135.918050
285.123000 0.754000 285.411000 130.821940
285.808000 0.685000 286.101000 128.745060
286.509000 0.700000 286.781000 132.954200
287.232000 0.723000 287.511000 134.077270
287.938000 0.707000 288.221000 131.338030
288.635000 0.697000 288.921000 131.887550
289.330000 0.695000 289.601000 134.470080
290.034000 0.704000 290.311000 136.064310
290.755000 0.721000 291.041000 132.426620
291.462000 0.706000 291.751000 132.180070
292.160000 0.698000 292.441000 135.222270
292.869000 0.709000 293.141000 136.277430
293.578000 0.709000 293.861000 134.604850
294.278000 0.700000 294.561000 133.628040
294.957000 0.678000 295.231000 135.570160
295.677000 0.720000 295.951000 138.196560
296.387000 0.710000 296.671000 134.604850
297.082000 0.695000 297.361000 134.503510
297.760000 0.678000 298.031000 137.129910
298.493000 0.733000 298.771000 138.399240
299.228000 0.735000 299.511000 135.996400
299.957000 0.730000 300.241000 134.884830
300.674000 0.716000 300.951000 137.141410
301.397000 0.723000 301.671000 136.119680
302.132000 0.735000 302.411000 133.964440
302.854000 0.721000 303.131000 132.325280
303.566000 0.712000 303.841000 134.986160
304.298000 0.733000 304.571000 135.357040
305.038000 0.739000 305.321000 133.302090
305.762000 0.724000 306.051000 132.258420
306.476000 0.714000 306.751000 135.502250
307.210000 0.734000 307.481000 136.221010
307.953000 0.743000 308.231000 133.448350
308.668000 0.715000 308.951000 132.752570
309.361000 0.692000 309.641000 135.828200
310.109000 0.748000 310.381000 137.602120
310.869000 0.760000 311.151000 134.200540
311.606000 0.737000 311.891000 133.246720
312.334000 0.728000 312.611000 136.355780
313.088000 0.754000 313.361000 136.490550
313.830000 0.742000 314.111000 133.560130
314.539000 0.709000 314.831000 129.698880
315.210000 0.671000 315.491000 132.684660
315.930000 0.721000 316.201000 134.964230
316.623000 0.692000 316.901000 134.077270
317.306000 0.683000 317.591000 132.651230
317.982000 0.676000 318.261000 136.883360
318.673000 0.691000 318.951000 139.161880
319.378000 0.705000 319.661000 137.905090
320.085000 0.707000 320.371000 135.861630
320.787000 0.702000 321.061000 137.725400
321.510000 0.722000 321.781000 138.185070
322.243000 0.733000 322.521000 135.962970
322.955000 0.712000 323.241000 134.301880
323.640000 0.686000 323.921000 136.905300
324.311000 0.671000 324.591000 139.105460
324.998000 0.687000 325.271000 140.329870
325.745000 0.747000 326.021000 144.134710
326.505000 0.760000 326.781000 143.753390
327.241000 0.736000 327.521000 146.368300
327.927000 0.686000 328.211000 146.772600
328.587000 0.660000 328.871000 146.975280
329.253000 0.666000 329.531000 147.805820
329.956000 0.702000 330.231000 146.772600
330.697000 0.742000 330.971000 146.481130
331.476000 0.779000 331.751000 148.030440
332.279000 0.803000 332.551000 145.852210
333.049000 0.770000 333.331000 142.720170
333.784000 0.736000 334.071000 140.150180
334.500000 0.716000 334.771000 142.137220
335.215000 0.715000 335.491000 143.001190
335.933000 0.718000 336.211000 138.836970
336.634000 0.701000 336.911000 141.586650
337.337000 0.703000 337.611000 144.392750
338.057000 0.720000 338.331000 145.246280
338.808000 0.751000 339.091000 141.643070
339.546000 0.738000 339.831000 142.608380
340.291000 0.745000 340.561000 145.437460
341.080000 0.789000 341.351000 144.550500
341.867000 0.786000 342.151000 140.071820
342.625000 0.758000 342.911000 139.105460
343.366000 0.740000 343.641000 141.553220
344.104000 0.739000 344.381000 140.992210
344.846000 0.742000 345.131000 135.906560
345.552000 0.706000 345.831000 136.445630
346.256000 0.704000 346.531000 138.960250
346.942000 0.685000 347.221000 138.387750
347.623000 0.681000 347.901000 136.613830
348.294000 0.671000 348.571000 138.600870
348.978000 0.683000 349.251000 142.540480
349.686000 0.708000 349.961000 142.563460
350.430000 0.745000 350.711000 140.116740
351.160000 0.730000 351.441000 140.127190
351.888000 0.728000 352.161000 141.126980
352.630000 0.743000 352.901000 140.329870
353.383000 0.752000 353.661000 136.905300
354.101000 0.719000 354.391000 133.594610
354.787000 0.685000 355.061000 134.829460
355.513000 0.726000 355.791000 137.354530
356.222000 0.709000 356.501000 136.322350
356.927000 0.705000 357.211000 134.604850
357.601000 0.674000 357.881000 136.254440
358.322000 0.721000 358.591000 140.475080
359.019000 0.697000 359.291000 140.172110
359.736000 0.716000 360.011000 137.938520
360.445000 0.709000 360.731000 138.792050
361.165000 0.720000 361.441000 141.182350
361.911000 0.746000 362.181000 140.576420
362.656000 0.745000 362.941000 135.625530
363.346000 0.690000 363.631000 134.570370
364.047000 0.701000 364.321000 137.276170
364.765000 0.718000 365.041000 138.039860
365.438000 0.673000 365.721000 133.762810
366.110000 0.671000 366.391000 133.672960
366.780000 0.671000 367.051000 137.264680
367.460000 0.680000 367.731000 139.308140
368.167000 0.707000 368.441000 139.184860
368.869000 0.702000 369.151000 136.546960
369.542000 0.673000 369.821000 137.950010
370.255000 0.713000 370.531000 141.025640
370.967000 0.712000 371.241000 140.374790
371.690000 0.723000 371.971000 138.163130
372.397000 0.707000 372.681000 137.366020
373.078000 0.682000 373.351000 138.757570
373.809000 0.731000 374.081000 139.509770
374.521000 0.712000 374.801000 136.815460
375.216000 0.695000 375.501000 135.300620
375.879000 0.663000 376.161000 136.176090
376.574000 0.695000 376.851000 138.342820
377.256000 0.683000 377.531000 137.455860
377.965000 0.709000 378.241000 136.355780
378.666000 0.701000 378.951000 135.525240
379.363000 0.697000 379.641000 137.387960
380.072000 0.709000 380.341000 136.613830
380.785000 0.713000 381.061000 134.862890
381.495000 0.711000 381.781000 133.190310
382.186000 0.691000 382.461000 135.974460
382.893000 0.707000 383.171000 136.557410
383.606000 0.713000 383.881000 135.839690
384.354000 0.749000 384.631000 134.054280
385.080000 0.726000 385.361000 133.358500
385.795000 0.714000 386.071000 135.502250
386.513000 0.718000 386.791000 134.335310
387.246000 0.733000 387.521000 131.124910
387.963000 0.717000 388.241000 132.460050
388.688000 0.726000 388.961000 135.199290
389.445000 0.757000 389.721000 135.805220
390.273000 0.828000 390.551000 132.977180
391.102000 0.829000 391.391000 130.664190
391.897000 0.796000 392.181000 131.730840
392.713000 0.816000 392.991000 131.506230
393.512000 0.799000 393.801000 129.114880
394.267000 0.755000 394.551000 126.421620
394.983000 0.716000 395.261000 129.968410
395.736000 0.752000 396.011000 131.629510
396.448000 0.712000 396.731000 128.946690
397.155000 0.707000 397.441000 131.529210
397.880000 0.725000 398.151000 133.684450
398.604000 0.724000 398.881000 134.458590
399.366000 0.762000 399.651000 132.348270
400.118000 0.752000 400.401000 133.347010
400.876000 0.758000 401.151000 134.986160
401.653000 0.777000 401.931000 134.301880
402.437000 0.784000 402.721000 130.810450
403.148000 0.711000 403.441000 130.316300
403.870000 0.723000 404.151000 132.235440
404.592000 0.722000 404.871000 132.651230
405.272000 0.679000 405.561000 128.610290
405.944000 0.672000 406.231000 132.045300
406.615000 0.671000 406.891000 135.289130
407.287000 0.672000 407.561000 137.063050
407.985000 0.698000 408.261000 136.310860
408.684000 0.699000 408.971000 136.748590
409.378000 0.694000 409.661000 137.029620
410.113000 0.736000 410.391000 142.069310
410.861000 0.748000 411.141000 137.612570
411.598000 0.737000 411.881000 136.871870
412.321000 0.723000 412.601000 138.858910
413.049000 0.728000 413.331000 135.378980
413.759000 0.710000 414.041000 132.157090
414.448000 0.690000 414.731000 133.694900
415.140000 0.692000 415.411000 135.581650
415.820000 0.680000 416.101000 133.717880
416.497000 0.677000 416.781000 131.517720
417.169000 0.672000 417.441000 133.605060
417.845000 0.676000 418.121000 135.873130
418.528000 0.683000 418.801000 132.977180
419.210000 0.682000 419.491000 130.540920
419.888000 0.678000 420.161000 133.436860
420.585000 0.697000 420.861000 134.301880
421.290000 0.704000 421.561000 134.436650
421.993000 0.703000 422.281000 131.562640
422.685000 0.692000 422.961000 134.200540
423.379000 0.693000 423.651000 135.312110
424.070000 0.691000 424.351000 134.851400
424.768000 0.698000 425.051000 131.775770
425.443000 0.675000 425.721000 132.864360
426.126000 0.683000 426.401000 135.625530
426.810000 0.685000 427.081000 134.817970
427.503000 0.693000 427.781000 133.515210
428.186000 0.683000 428.471000 134.907810
428.872000 0.686000 429.151000 137.489290
429.570000 0.698000 429.841000 137.477800
430.289000 0.719000 430.571000 134.626780
430.993000 0.705000 431.271000 135.951480
431.679000 0.685000 431.961000 137.938520
432.421000 0.743000 432.691000 138.264470
433.142000 0.721000 433.421000 133.886080
433.815000 0.673000 434.101000 133.493270
434.534000 0.718000 434.811000 136.737100
435.227000 0.693000 435.501000 136.007890
435.921000 0.694000 436.201000 132.875850
436.589000 0.668000 436.871000 132.426620
437.286000 0.697000 437.561000 135.693430
438.004000 0.718000 438.281000 136.187580
438.786000 0.782000 439.061000 133.864140
439.599000 0.813000 439.881000 130.226460
440.369000 0.770000 440.651000 131.023570
441.129000 0.760000 441.411000 131.304600
441.879000 0.750000 442.161000 128.834900
442.632000 0.753000 442.921000 127.094410
443.366000 0.733000 443.641000 130.339290
444.096000 0.731000 444.371000 131.562640
444.830000 0.733000 445.111000 129.239210
445.549000 0.719000 445.831000 129.968410
446.253000 0.704000 446.531000 132.987630
447.007000 0.755000 447.281000 134.054280
447.768000 0.760000 448.051000 131.539660
448.539000 0.772000 448.821000 128.991610
449.297000 0.757000 449.571000 131.506230
450.051000 0.755000 450.331000 131.988890
450.813000 0.762000 451.091000 130.327800
451.559000 0.745000 451.841000 126.735030
452.282000 0.723000 452.561000 128.845350
452.994000 0.712000 453.271000 131.180280
453.695000 0.701000 453.971000 131.641000
454.392000 0.697000 454.671000 128.801470
455.092000 0.700000 455.371000 129.721860
455.801000 0.709000 456.071000 133.178810
456.531000 0.731000 456.811000 133.414920
457.287000 0.755000 457.571000 130.495990
458.024000 0.738000 458.311000 130.439580
458.773000 0.749000 459.051000 132.549900
459.536000 0.763000 459.811000 131.135360
460.289000 0.753000 460.581000 127.442300
460.993000 0.704000 461.271000 128.397170
461.737000 0.743000 462.011000 130.372720
462.426000 0.690000 462.711000 126.701600
463.111000 0.684000 463.401000 127.127840
463.791000 0.680000 464.071000 130.058260
464.504000 0.713000 464.781000 131.922030
465.209000 0.705000 465.491000 132.549900
465.946000 0.736000 466.231000 130.787470
466.678000 0.732000 466.961000 131.259680
467.412000 0.734000 467.691000 133.594610
468.172000 0.760000 468.451000 133.325070
468.941000 0.769000 469.221000 129.564110
469.671000 0.731000 469.951000 129.272640
470.405000 0.734000 470.681000 131.877100
471.168000 0.763000 471.441000 131.090430
471.918000 0.750000 472.201000 127.285590
472.608000 0.690000 472.891000 128.149570
473.320000 0.712000 473.601000 131.012080
474.049000 0.729000 474.331000 132.235440
474.763000 0.714000 475.051000 129.114880
475.470000 0.707000 475.751000 130.249440
476.153000 0.683000 476.431000 132.819430
476.907000 0.754000 477.181000 133.370000
477.642000 0.735000 477.921000 130.372720
478.361000 0.719000 478.651000 129.609030
479.047000 0.686000 479.331000 132.494530
479.788000 0.741000 480.061000 133.852650
480.508000 0.720000 480.791000 130.035280
481.188000 0.680000 481.471000 129.306070
481.915000 0.727000 482.191000 132.842420
482.589000 0.674000 482.871000 132.090220
483.323000 0.734000 483.601000 131.607570
484.020000 0.697000 484.301000 130.484500
484.691000 0.671000 484.971000 133.583120
485.438000 0.747000 485.711000 136.052820
486.188000 0.750000 486.461000 133.908020
486.923000 0.735000 487.211000 130.630760
487.612000 0.688000 487.891000 132.415130
488.369000 0.757000 488.641000 134.862890
489.142000 0.774000 489.421000 133.605060
489.928000 0.786000 490.211000 129.182790
490.673000 0.745000 490.961000 129.710370
491.410000 0.737000 491.691000 131.877100
