396.382000 0.764000 396.671000 71.448973
397.122000 0.740000 397.421000 70.775839
397.831000 0.709000 398.121000 70.552230
398.546000 0.714000 398.831000 71.448973
399.264000 0.718000 399.551000 70.439273
399.993000 0.729000 400.281000 70.450799
400.737000 0.744000 401.021000 70.462325
401.482000 0.745000 401.771000 69.911370
402.201000 0.719000 402.501000 69.182910
402.897000 0.696000 403.201000 69.800718
403.613000 0.716000 403.901000 70.485378
404.336000 0.723000 404.631000 70.317094
405.069000 0.733000 405.361000 70.102706
405.802000 0.733000 406.091000 69.844518
406.527000 0.724000 406.821000 69.394994
407.227000 0.700000 407.521000 69.452625
407.924000 0.697000 408.210000 70.529177
408.639000 0.715000 408.931000 70.833471
409.369000 0.730000 409.661000 70.642135
410.109000 0.740000 410.401000 70.517651
410.856000 0.747000 411.151000 69.832991
411.572000 0.716000 411.871000 69.832991
412.291000 0.719000 412.591000 70.563756
413.014000 0.723000 413.301000 70.496904
413.745000 0.731000 414.031000 70.462325
414.479000 0.734000 414.771000 70.169558
415.213000 0.734000 415.509000 69.551751
415.918000 0.705000 416.211000 69.496425
416.636000 0.718000 416.931000 70.496904
417.350000 0.714000 417.651000 70.642135
418.072000 0.722000 418.361000 70.360894
418.795000 0.723000 419.081000 70.563756
419.510000 0.714000 419.811000 70.529177
420.207000 0.697000 420.511000 70.720513
420.891000 0.684000 421.181000 72.403347
421.600000 0.709000 421.891000 73.279343
422.330000 0.730000 422.621000 73.853350
423.091000 0.761000 423.381000 73.998581
423.851000 0.760000 424.151000 74.076960
424.589000 0.738000 424.891000 72.954302
425.293000 0.704000 425.591000 73.728867
426.008000 0.715000 426.301000 74.593336
426.733000 0.725000 427.021000 73.975529
427.464000 0.731000 427.760000 74.053907
428.202000 0.738000 428.491000 73.615910
428.936000 0.734000 429.231000 72.998102
429.636000 0.700000 429.931000 72.751440
430.338000 0.702000 430.621000 73.784193
431.050000 0.712000 431.331000 74.010108
431.762000 0.712000 432.051000 73.772667
432.479000 0.718000 432.771000 73.392300
433.198000 0.719000 433.491000 72.908197
433.903000 0.705000 434.201000 72.550883
434.598000 0.695000 434.891000 73.325448
435.307000 0.709000 435.591000 73.853350
436.023000 0.716000 436.311000 73.583636
436.750000 0.726000 437.041000 73.627436
437.480000 0.730000 437.771000 73.290869
438.186000 0.707000 438.481000 72.594683
438.878000 0.692000 439.171000 73.841824
439.575000 0.697000 439.861000 74.616389
440.278000 0.703000 440.561000 74.727041
441.000000 0.721000 441.291000 74.268296
441.729000 0.730000 442.021000 74.750093
442.447000 0.718000 442.741000 74.233717
443.136000 0.688000 443.441000 74.895324
443.818000 0.682000 444.101000 75.974182
444.517000 0.699000 444.801000 76.647316
445.229000 0.712000 445.511000 76.545885
445.961000 0.732000 446.251000 76.096360
446.668000 0.708000 446.971000 75.188091
447.341000 0.673000 447.641000 75.301049
448.021000 0.680000 448.311000 76.568937
448.711000 0.690000 449.001000 76.658842
449.420000 0.709000 449.701000 75.974182
450.136000 0.716000 450.431000 75.603037
450.824000 0.688000 451.121000 74.233717
451.482000 0.658000 451.781000 74.985229
452.138000 0.656000 452.431000 76.041034
452.786000 0.648000 453.061000 76.838652
453.474000 0.688000 453.751000 77.410354
454.205000 0.732000 454.481000 77.006935
454.944000 0.739000 455.231000 76.096360
455.689000 0.745000 455.971000 75.626089
456.421000 0.732000 456.711000 74.369727
457.128000 0.707000 457.411000 73.920203
457.824000 0.696000 458.111000 73.088007
458.505000 0.681000 458.790000 71.965349
459.169000 0.664000 459.451000 71.561930
459.855000 0.686000 460.141000 70.990228
460.564000 0.709000 460.841000 69.731560
461.279000 0.715000 461.551000 68.980048
462.006000 0.727000 462.291000 67.755960
462.732000 0.726000 463.011000 67.161205
463.463000 0.731000 463.741000 66.566450
464.196000 0.733000 464.481000 65.814938
464.931000 0.736000 465.211000 65.803411
465.662000 0.731000 465.951000 65.780359
466.388000 0.726000 466.671000 65.939421
467.112000 0.724000 467.401000 66.746259
467.834000 0.722000 468.121000 67.317962
468.563000 0.728000 468.851000 67.958822
469.278000 0.716000 469.571000 67.813591
469.977000 0.699000 470.271000 68.800239
470.690000 0.713000 470.971000 69.934423
471.402000 0.712000 471.691000 70.270989
472.144000 0.742000 472.421000 70.406999
472.895000 0.752000 473.181000 70.685935
473.653000 0.758000 473.941000 70.584503
474.421000 0.767000 474.701000 70.833471
475.168000 0.748000 475.461000 70.439273
475.892000 0.724000 476.181000 70.406999
476.616000 0.723000 476.901000 71.538878
477.338000 0.722000 477.621000 71.898497
478.063000 0.725000 478.351000 72.336495
478.804000 0.741000 479.091000 72.550883
479.546000 0.742000 479.831000 72.931250
480.270000 0.725000 480.571000 72.606209
480.976000 0.706000 481.271000 73.627436
481.699000 0.723000 481.981000 74.514958
482.434000 0.736000 482.721000 74.335148
483.181000 0.747000 483.470000 73.874098
483.929000 0.748000 484.221000 73.560584
484.649000 0.720000 484.941000 72.650009
485.346000 0.697000 485.631000 72.908197
486.050000 0.703000 486.331000 73.134112
486.754000 0.704000 487.041000 72.371074
487.470000 0.716000 487.751000 72.527831
488.195000 0.726000 488.491000 72.527831
488.903000 0.708000 489.191000 71.956128
489.594000 0.690000 489.881000 71.707161
490.292000 0.699000 490.571000 72.348021
490.992000 0.700000 491.291000 72.988881
491.714000 0.721000 492.001000 72.258116
492.457000 0.743000 492.741000 71.886971
493.207000 0.750000 493.491000 71.483552
493.931000 0.724000 494.231000 71.248416
494.636000 0.705000 494.921000 71.910023
495.347000 0.712000 495.631000 71.921550
496.064000 0.716000 496.351000 70.967175
496.785000 0.721000 497.071000 70.787366
497.514000 0.728000 497.801000 71.146985
498.233000 0.719000 498.531000 70.540704
498.930000 0.697000 499.211000 70.911849
499.634000 0.704000 499.911000 71.135459
500.356000 0.722000 500.631000 70.485378
501.100000 0.744000 501.381000 70.204137
501.861000 0.761000 502.141000 69.374246
502.612000 0.751000 502.901000 68.475198
503.326000 0.714000 503.621000 68.083305
504.038000 0.712000 504.311000 68.655008
504.749000 0.712000 505.031000 68.788712
505.466000 0.716000 505.751000 69.362720
506.208000 0.742000 506.491000 69.653182
506.953000 0.745000 507.241000 69.687761
507.682000 0.729000 507.981000 69.542530
508.409000 0.726000 508.691000 70.395473
509.159000 0.750000 509.450000 70.192611
509.926000 0.767000 510.211000 69.899844
510.688000 0.762000 510.981000 69.890623
511.431000 0.743000 511.721000 68.608903
512.156000 0.726000 512.441000 68.846344
512.888000 0.731000 513.171000 69.519477
513.615000 0.727000 513.901000 69.699287
514.363000 0.749000 514.641000 69.148332
515.104000 0.740000 515.391000 68.756439
515.813000 0.710000 516.111000 68.576629
516.510000 0.697000 516.791000 69.934423
517.222000 0.712000 517.511000 70.416220
517.944000 0.722000 518.231000 70.787366
518.685000 0.741000 518.971000 70.462325
519.438000 0.754000 519.731000 70.854218
520.177000 0.739000 520.471000 70.406999
520.899000 0.721000 521.191000 70.755092
521.637000 0.738000 521.921000 71.628783
522.385000 0.748000 522.671000 71.628783
523.140000 0.755000 523.431000 71.674888
523.885000 0.745000 524.181000 70.685935
524.602000 0.718000 524.901000 70.552230
525.324000 0.722000 525.601000 71.068606
526.050000 0.726000 526.331000 71.538878
526.783000 0.733000 527.071000 71.416699
527.514000 0.731000 527.801000 71.448973
528.240000 0.726000 528.541000 70.955649
528.939000 0.700000 529.231000 70.967175
529.649000 0.709000 529.931000 72.011454
530.365000 0.716000 530.651000 72.550883
531.091000 0.726000 531.371000 72.719167
531.822000 0.731000 532.111000 72.583157
532.547000 0.725000 532.841000 72.214316
533.256000 0.710000 533.541000 72.414873
533.981000 0.725000 534.271000 73.122586
534.715000 0.734000 535.001000 73.189438
535.456000 0.741000 535.741000 72.617736
536.207000 0.751000 536.491000 72.809071
536.957000 0.750000 537.251000 72.437926
537.686000 0.729000 537.981000 72.562410
538.402000 0.716000 538.691000 73.122586
539.126000 0.724000 539.411000 73.830298
539.865000 0.739000 540.151000 73.537531
540.619000 0.754000 540.911000 73.493731
541.377000 0.758000 541.671000 73.549057
542.117000 0.740000 542.411000 73.514478
542.833000 0.716000 543.121000 73.380774
543.556000 0.722000 543.841000 74.210665
544.292000 0.736000 544.581000 74.627915
545.041000 0.749000 545.331000 74.941429
545.798000 0.756000 546.091000 74.952956
546.537000 0.739000 546.831000 75.121239
547.255000 0.718000 547.551000 75.333322
547.966000 0.712000 548.261000 76.197792
548.689000 0.723000 548.981000 77.018461
549.436000 0.747000 549.731000 77.163692
550.174000 0.738000 550.471000 77.209797
550.898000 0.724000 551.181000 77.714647
551.643000 0.745000 551.931000 78.579117
552.413000 0.770000 552.701000 77.645490
553.198000 0.785000 553.491000 77.276649
553.980000 0.782000 554.271000 76.861704
554.733000 0.753000 555.031000 75.918856
555.466000 0.733000 555.751000 75.951130
556.201000 0.735000 556.491000 75.704468
556.940000 0.740000 557.231000 75.312575
557.679000 0.739000 557.971000 74.761620
558.410000 0.731000 558.701000 74.616389
559.128000 0.718000 559.421000 74.166865
559.851000 0.723000 560.131000 74.671715
560.586000 0.735000 560.871000 74.378948
561.332000 0.746000 561.621000 73.740393
562.089000 0.756000 562.371000 73.717341
562.836000 0.747000 563.121000 73.415353
563.565000 0.729000 563.861000 72.829819
564.286000 0.721000 564.571000 73.325448
565.014000 0.727000 565.301000 73.740393
565.758000 0.744000 566.041000 73.459152
566.505000 0.748000 566.791000 73.247069
567.256000 0.751000 567.541000 72.919724
567.985000 0.728000 568.281000 72.382600
568.693000 0.708000 568.981000 72.707640
569.402000 0.710000 569.691000 74.222191
570.116000 0.713000 570.401000 74.863051
570.859000 0.744000 571.151000 74.918377
571.633000 0.774000 571.921000 75.289522
572.386000 0.753000 572.681000 74.616389
573.113000 0.727000 573.411000 74.941429
573.851000 0.738000 574.141000 75.434753
574.596000 0.745000 574.881000 75.547711
575.375000 0.779000 575.661000 75.063608
576.144000 0.769000 576.431000 74.448105
576.895000 0.751000 577.191000 73.615910
577.616000 0.721000 577.901000 73.853350
578.342000 0.727000 578.631000 74.030855
579.075000 0.732000 579.361000 74.210665
579.813000 0.739000 580.101000 73.975529
580.553000 0.740000 580.841000 74.378948
581.276000 0.723000 581.571000 74.010108
581.976000 0.700000 582.271000 74.358201
582.679000 0.703000 582.971000 75.266470
583.387000 0.708000 583.681000 75.603037
584.125000 0.737000 584.411000 76.400654
584.875000 0.750000 585.161000 76.502085
585.631000 0.756000 585.921000 76.624263
586.381000 0.750000 586.681000 76.177044
587.134000 0.752000 587.430000 76.354549
587.893000 0.759000 588.191000 76.983882
588.655000 0.762000 588.951000 76.345328
589.418000 0.763000 589.701000 75.849699
590.158000 0.740000 590.451000 75.153512
590.868000 0.710000 591.161000 75.321796
591.570000 0.702000 591.851000 76.255423
592.289000 0.719000 592.581000 75.907330
593.028000 0.739000 593.311000 75.434753
593.804000 0.777000 594.101000 75.434753
594.591000 0.786000 594.881000 74.796198
595.348000 0.757000 595.641000 74.120760
596.100000 0.752000 596.381000 74.964482
596.885000 0.785000 597.171000 74.526484
597.685000 0.800000 597.971000 73.818772
598.486000 0.800000 598.771000 73.067260
599.267000 0.782000 599.551000 71.956128
600.007000 0.740000 600.301000 72.078307
600.728000 0.721000 601.011000 72.809071
601.463000 0.735000 601.751000 72.931250
602.227000 0.765000 602.511000 72.673062
602.998000 0.770000 603.281000 72.774493
603.764000 0.766000 604.061000 72.696114
604.500000 0.737000 604.801000 72.313442
605.241000 0.740000 605.701000 174.993970
605.982000 0.741000 605.983000 174.993970
606.759000 0.777000 606.760000 174.993970
607.570000 0.812000 607.571000 24.998150
608.367000 0.797000 608.368000 24.998150
609.120000 0.753000 609.501000 174.993970
609.864000 0.744000 609.865000 174.993970
610.621000 0.758000 610.622000 174.993970
611.413000 0.792000 611.414000 174.993970
612.203000 0.790000 612.204000 24.998150
612.984000 0.781000 613.501000 174.993970
613.729000 0.745000 613.730000 174.993970
614.478000 0.750000 614.479000 174.993970
615.238000 0.760000 615.239000 174.993970
616.021000 0.783000 616.022000 24.998150
616.811000 0.790000 617.501000 174.993970
617.594000 0.783000 617.595000 174.993970
618.339000 0.745000 618.340000 174.993970
619.088000 0.749000 619.089000 174.993970
619.846000 0.758000 619.847000 24.998150
620.629000 0.783000 620.630000 24.998150
621.423000 0.793000 621.501000 174.993970
622.223000 0.800000 622.224000 174.993970
622.988000 0.765000 622.989000 174.993970
623.745000 0.756000 623.746000 24.998150
624.517000 0.773000 624.518000 24.998150
625.290000 0.773000 625.501000 174.993970
626.061000 0.771000 626.062000 174.993970
626.823000 0.762000 626.824000 174.993970
627.557000 0.734000 627.558000 24.998150
628.277000 0.720000 628.278000 24.998150
629.001000 0.724000 629.501000 174.993970
629.739000 0.738000 629.740000 174.993970
630.473000 0.734000 630.474000 174.993970
631.181000 0.708000 631.182000 174.993970
631.889000 0.708000 631.890000 24.998150
632.614000 0.725000 632.615000 24.998150
633.347000 0.733000 633.501000 174.993970
634.051000 0.704000 634.052000 174.993970
634.746000 0.696000 634.747000 174.993970
635.463000 0.716000 635.464000 174.993970
636.200000 0.737000 636.201000 24.998150
636.939000 0.740000 637.501000 174.993970
637.670000 0.731000 637.671000 174.993970
638.373000 0.703000 638.374000 174.993970
639.075000 0.702000 639.076000 174.993970
639.794000 0.719000 639.795000 24.998150
640.519000 0.724000 640.520000 24.998150
641.260000 0.741000 641.501000 174.993970
642.003000 0.744000 642.004000 174.993970
642.722000 0.719000 642.723000 174.993970
643.428000 0.707000 643.429000 174.993970
644.150000 0.722000 644.151000 24.998150
644.932000 0.781000 645.501000 174.993970
645.711000 0.779000 645.712000 174.993970
646.499000 0.788000 646.500000 174.993970
647.259000 0.760000 647.260000 174.993970
647.981000 0.722000 647.982000 24.998150
648.710000 0.729000 648.711000 24.998150
649.447000 0.737000 649.501000 174.993970
650.210000 0.763000 650.211000 174.993970
650.989000 0.779000 650.990000 174.993970
651.745000 0.756000 651.746000 24.998150
652.477000 0.733000 652.478000 24.998150
653.220000 0.743000 653.501000 174.993970
653.986000 0.766000 653.987000 174.993970
654.755000 0.769000 654.756000 174.993970
655.533000 0.777000 655.534000 24.998150
656.291000 0.758000 656.292000 24.998150
657.018000 0.727000 657.501000 174.993970
657.754000 0.736000 657.755000 174.993970
658.508000 0.755000 658.509000 174.993970
659.276000 0.768000 659.277000 174.993970
660.049000 0.772000 660.050000 24.998150
660.798000 0.749000 661.501000 174.993970
661.538000 0.740000 661.539000 174.993970
662.287000 0.749000 662.288000 174.993970
663.050000 0.763000 663.051000 174.993970
663.837000 0.787000 663.838000 24.998150
664.624000 0.787000 664.625000 24.998150
665.373000 0.749000 665.501000 174.993970
666.101000 0.727000 666.102000 174.993970
666.842000 0.742000 666.843000 174.993970
667.601000 0.759000 667.602000 24.998150
668.383000 0.782000 668.384000 24.998150
669.171000 0.788000 669.501000 174.993970
669.936000 0.764000 669.937000 174.993970
670.678000 0.742000 670.679000 174.993970
671.439000 0.761000 671.440000 174.993970
672.205000 0.766000 672.206000 24.998150
672.969000 0.764000 673.501000 174.993970
673.725000 0.755000 673.726000 174.993970
674.449000 0.725000 674.450000 174.993970
675.166000 0.717000 675.167000 174.993970
675.893000 0.727000 675.894000 24.998150
676.634000 0.740000 676.635000 24.998150
677.416000 0.782000 677.501000 174.993970
678.187000 0.771000 678.188000 174.993970
678.946000 0.759000 678.947000 174.993970
679.714000 0.768000 679.715000 24.998150
680.495000 0.781000 680.496000 24.998150
681.298000 0.803000 681.501000 174.993970
682.114000 0.816000 682.115000 174.993970
682.907000 0.793000 682.908000 174.993970
683.667000 0.760000 683.668000 24.998150
684.417000 0.750000 684.418000 24.998150
685.173000 0.755000 685.501000 174.993970
685.941000 0.768000 685.942000 174.993970
686.709000 0.769000 686.710000 174.993970
687.460000 0.750000 687.461000 174.993970
688.188000 0.729000 688.189000 24.998150
688.919000 0.731000 689.501000 174.993970
689.658000 0.738000 689.659000 174.993970
690.424000 0.766000 690.425000 174.993970
691.188000 0.764000 691.189000 174.993970
691.941000 0.752000 691.942000 24.998150
692.678000 0.738000 692.679000 24.998150
693.428000 0.750000 693.501000 174.993970
694.190000 0.762000 694.191000 174.993970
694.957000 0.767000 694.958000 174.993970
695.715000 0.758000 695.716000 24.998150
696.448000 0.733000 696.449000 24.998150
697.174000 0.726000 697.501000 174.993970
697.902000 0.728000 697.903000 174.993970
698.643000 0.740000 698.644000 174.993970
699.404000 0.761000 699.405000 174.993970
700.155000 0.751000 700.156000 24.998150
700.886000 0.731000 701.501000 174.993970
701.638000 0.752000 701.639000 174.993970
702.408000 0.769000 702.409000 174.993970
703.191000 0.784000 703.192000 174.993970
703.961000 0.770000 703.962000 24.998150
704.703000 0.742000 704.704000 24.998150
705.443000 0.740000 705.501000 174.993970
706.182000 0.739000 706.183000 174.993970
706.922000 0.740000 706.923000 174.993970
707.655000 0.733000 707.951000 75.872751
708.381000 0.726000 708.681000 75.928077
709.099000 0.717000 709.391000 76.107887
709.851000 0.752000 710.131000 78.242550
710.697000 0.846000 710.981000 77.230544
711.595000 0.898000 711.881000 78.161866
712.447000 0.852000 712.741000 76.366075
713.216000 0.769000 713.511000 75.243417
713.976000 0.760000 714.281000 75.312575
714.755000 0.779000 715.041000 74.761620
715.549000 0.794000 715.841000 74.335148
716.330000 0.781000 716.621000 74.683241
717.080000 0.750000 717.381000 73.122586
717.803000 0.723000 718.091000 72.684588
718.531000 0.728000 718.821000 73.807245
719.269000 0.738000 719.551000 73.290869
720.022000 0.753000 720.321000 72.931250
720.781000 0.759000 721.071000 72.246590
721.534000 0.754000 721.831000 71.393647
722.263000 0.729000 722.571000 70.732040
723.009000 0.745000 723.291000 71.271469
723.769000 0.760000 724.071000 71.112406
724.542000 0.773000 724.831000 71.808592
725.301000 0.760000 725.591000 71.271469
726.039000 0.738000 726.331000 71.181564
726.755000 0.716000 727.041000 70.395473
727.483000 0.727000 727.771000 71.584983
728.233000 0.750000 728.511000 71.944602
729.004000 0.771000 729.291000 70.575282
729.784000 0.780000 730.071000 70.900323
730.530000 0.746000 730.831000 69.394994
731.253000 0.723000 731.541000 69.676234
731.982000 0.729000 732.271000 69.394994
732.712000 0.730000 733.001000 69.754613
733.442000 0.730000 733.731000 69.722339
734.175000 0.733000 734.461000 69.159858
734.894000 0.719000 735.191000 69.328141
735.594000 0.701000 735.881000 70.148811
736.307000 0.712000 736.601000 69.934423
737.024000 0.718000 737.311000 69.316615
737.745000 0.720000 738.031000 69.182910
738.463000 0.718000 738.751000 68.947775
739.164000 0.701000 739.451000 69.058427
739.856000 0.692000 740.141000 69.026153
740.557000 0.701000 740.841000 69.305089
741.269000 0.712000 741.561000 69.316615
741.993000 0.724000 742.271000 68.901670
742.718000 0.725000 743.011000 68.620429
743.430000 0.712000 743.711000 68.968522
744.120000 0.689000 744.411000 69.531003
744.829000 0.709000 745.111000 69.957475
745.547000 0.718000 745.861000 69.215184
746.286000 0.739000 746.581000 69.743087
747.037000 0.751000 747.331000 69.406520
747.771000 0.734000 748.061000 69.687761
748.484000 0.713000 748.771000 69.496425
749.200000 0.716000 749.511000 69.922896
749.924000 0.724000 750.211000 69.351194
750.657000 0.733000 750.941000 69.832991
751.390000 0.733000 751.681000 70.552230
752.102000 0.712000 752.401000 70.450799
752.793000 0.691000 753.101000 69.989749
753.493000 0.700000 753.781000 71.518130
754.194000 0.701000 754.491000 71.181564
754.901000 0.707000 755.191000 71.448973
755.615000 0.713000 755.911000 71.506604
756.318000 0.703000 756.601000 71.608035
756.999000 0.681000 757.291000 72.292695
757.699000 0.700000 757.981000 72.481726
758.408000 0.709000 758.691000 72.112885
759.101000 0.693000 759.391000 72.359547
759.773000 0.672000 760.051000 72.583157
760.467000 0.694000 760.761000 72.898976
761.180000 0.714000 761.451000 71.875444
761.897000 0.717000 762.181000 70.911849
762.610000 0.713000 762.901000 70.439273
763.313000 0.703000 763.601000 70.506125
763.988000 0.675000 764.271000 71.091659
764.680000 0.692000 764.961000 70.462325
765.381000 0.701000 765.671000 70.247937
766.097000 0.715000 766.371000 71.057080
766.822000 0.725000 767.101000 70.978702
767.537000 0.716000 767.821000 70.911849
768.226000 0.688000 768.511000 70.529177
768.930000 0.705000 769.211000 70.877270
769.640000 0.709000 769.931000 70.326315
770.368000 0.728000 770.661000 70.967175
771.102000 0.734000 771.391000 71.001754
771.825000 0.723000 772.111000 70.349368
772.520000 0.695000 772.811000 71.181564
773.228000 0.708000 773.501000 71.854697
773.950000 0.722000 774.231000 72.022981
774.688000 0.738000 774.971000 71.439752
775.422000 0.734000 775.711000 72.214316
776.144000 0.722000 776.441000 72.786019
776.858000 0.714000 777.151000 70.978702
777.569000 0.711000 777.861000 70.506125
778.273000 0.704000 778.561000 71.315268
778.986000 0.714000 779.271000 72.214316
779.702000 0.715000 779.991000 72.179738
780.405000 0.703000 780.711000 72.707640
781.101000 0.697000 781.391000 72.426400
781.817000 0.715000 782.111000 73.212490
782.560000 0.743000 782.841000 78.051214
783.321000 0.761000 783.601000 56.172070
784.110000 0.789000 784.431000 59.473190
784.877000 0.767000 785.161000 82.820780
785.608000 0.731000 785.901000 77.511785
786.318000 0.710000 786.601000 76.197792
787.045000 0.728000 787.771000 83.226504
787.774000 0.729000 787.775000 82.309014
788.518000 0.744000 788.801000 77.085313
789.266000 0.748000 789.551000 81.338503
789.989000 0.723000 790.281000 80.250424
790.695000 0.706000 790.981000 79.542712
791.415000 0.720000 791.691000 83.821259
792.163000 0.748000 792.451000 62.043546
792.944000 0.781000 793.221000 74.335148
793.736000 0.793000 793.861000 84.819433
794.493000 0.757000 794.781000 56.093691
795.234000 0.741000 795.521000 57.979387
795.999000 0.764000 796.271000 61.649348
796.778000 0.779000 797.051000 65.399992
797.568000 0.790000 798.091000 72.841345
798.365000 0.797000 798.971000 63.479718
799.132000 0.767000 799.491000 71.213837
799.878000 0.746000 800.151000 76.972356
800.634000 0.756000 800.921000 66.386640
801.400000 0.766000 801.711000 73.099533
802.186000 0.785000 802.481000 70.842692
802.971000 0.785000 803.261000 61.222876
803.728000 0.757000 804.011000 67.610729
804.458000 0.730000 804.731000 68.217010
805.201000 0.743000 805.491000 64.895142
805.946000 0.745000 806.201000 97.200940
806.694000 0.748000 807.001000 50.457350
807.455000 0.761000 808.081000 66.465019
808.208000 0.754000 808.841000 95.405149
808.951000 0.742000 809.251000 57.239401
809.701000 0.750000 809.981000 59.247275
810.481000 0.779000 810.761000 59.360233
811.268000 0.787000 811.551000 60.381459
812.049000 0.781000 812.331000 59.954988
812.805000 0.757000 813.111000 59.583842
813.530000 0.725000 813.811000 60.427564
814.269000 0.739000 814.541000 60.616595
815.021000 0.752000 815.331000 60.964688
815.783000 0.762000 816.091000 61.370412
816.559000 0.776000 816.861000 60.830983
817.308000 0.749000 817.601000 60.706500
818.042000 0.734000 818.321000 61.391159
818.788000 0.746000 819.081000 61.437265
819.563000 0.776000 819.851000 61.379633
820.358000 0.795000 820.631000 62.313260
821.129000 0.771000 821.421000 60.010314
821.876000 0.747000 822.161000 60.247755
822.624000 0.748000 822.911000 61.121445
823.372000 0.749000 823.651000 61.190603
824.116000 0.743000 824.410000 61.077645
824.848000 0.732000 825.131000 61.010793
825.577000 0.729000 825.881000 62.200303
826.286000 0.710000 826.581000 63.018667
827.009000 0.722000 827.291000 63.491244
827.753000 0.744000 828.041000 63.166203
828.496000 0.744000 828.771000 62.884963
829.223000 0.726000 829.511000 63.546570
829.970000 0.747000 830.251000 63.894663
830.746000 0.776000 831.041000 63.917715
831.538000 0.791000 831.811000 63.873916
832.321000 0.784000 832.611000 62.278681
833.075000 0.754000 833.371000 62.087346
833.799000 0.724000 834.081000 62.211829
834.530000 0.731000 834.811000 62.380113
835.264000 0.734000 835.551000 62.751258
836.023000 0.759000 836.301000 63.322960
836.814000 0.792000 837.101000 62.772005
837.590000 0.776000 837.881000 63.346013
838.332000 0.742000 838.630000 62.682100
839.100000 0.768000 839.381000 64.468671
839.883000 0.783000 840.170000 65.028847
840.682000 0.798000 840.961000 64.657701
841.506000 0.825000 841.800000 63.131625
842.293000 0.787000 842.591000 62.940289
843.037000 0.744000 843.331000 63.131625
843.775000 0.738000 844.051000 63.256108
844.515000 0.740000 844.801000 63.401339
845.271000 0.755000 845.541000 63.177730
846.030000 0.759000 846.311000 62.884963
846.778000 0.748000 847.071000 62.638301
847.514000 0.736000 847.801000 62.661353
848.245000 0.731000 848.511000 62.873436
848.992000 0.747000 849.281000 62.841163
849.774000 0.782000 850.071000 62.098872
850.555000 0.782000 850.851000 61.594022
851.321000 0.766000 851.611000 61.292034
852.059000 0.738000 852.351000 59.830504
852.800000 0.741000 853.081000 59.842030
853.541000 0.741000 853.811000 59.551569
854.298000 0.757000 854.581000 59.595368
855.064000 0.766000 855.351000 59.989566
855.822000 0.758000 856.111000 58.945287
856.559000 0.737000 856.851000 59.067466
857.271000 0.712000 857.561000 59.618421
857.991000 0.720000 858.271000 60.303081
858.745000 0.755000 859.031000 61.335833
859.572000 0.827000 859.851000 60.863257
860.442000 0.870000 860.721000 60.854036
861.321000 0.879000 861.611000 59.775178
862.131000 0.811000 862.431000 59.685273
862.909000 0.778000 863.181000 59.394811
863.693000 0.783000 863.971000 58.788530
864.476000 0.783000 864.751000 59.325654
865.251000 0.775000 865.531000 58.428911
866.008000 0.757000 866.291000 57.845682
866.730000 0.722000 867.051000 57.541389
867.452000 0.722000 867.741000 58.170723
868.181000 0.729000 868.461000 58.730899
868.932000 0.750000 869.211000 58.440437
869.697000 0.765000 869.981000 58.574142
870.465000 0.769000 870.751000 57.631294
871.207000 0.742000 871.501000 57.474537
871.938000 0.731000 872.211000 58.394332
872.690000 0.752000 872.971000 58.202996
873.471000 0.781000 873.741000 58.629468
874.265000 0.794000 874.541000 57.990913
875.042000 0.777000 875.331000 57.338527
875.793000 0.751000 876.091000 57.250927
876.547000 0.754000 876.831000 58.292901
877.302000 0.755000 877.581000 58.530342
878.064000 0.763000 878.341000 57.877956
878.820000 0.756000 879.111000 58.069292
879.563000 0.743000 879.851000 59.314128
880.313000 0.750000 880.611000 59.415559
881.104000 0.791000 881.381000 60.874783
881.979000 0.875000 882.261000 60.662700
882.896000 0.917000 883.181000 60.169376
883.764000 0.868000 884.081000 58.597194
884.561000 0.797000 884.851000 57.497589
885.336000 0.775000 885.691000 60.685752
886.095000 0.759000 886.371000 58.428911
886.861000 0.766000 887.141000 58.214523
887.611000 0.751000 887.881000 57.451484
888.347000 0.736000 888.631000 57.509116
889.061000 0.714000 889.361000 56.508636
889.766000 0.705000 890.041000 57.979387
890.478000 0.712000 890.761000 56.992739
891.221000 0.743000 891.491000 57.373106
892.028000 0.807000 892.291000 57.509116
892.832000 0.805000 893.121000 55.992260
893.597000 0.765000 893.871000 55.870082
894.342000 0.745000 894.631000 56.160543
895.092000 0.749000 895.361000 57.137970
895.864000 0.773000 896.141000 55.722545
896.630000 0.765000 896.901000 55.757124
897.401000 0.772000 897.681000 55.789398
898.157000 0.755000 898.441000 54.466183
898.894000 0.737000 899.181000 54.892655
899.624000 0.730000 899.901000 54.994086
900.358000 0.734000 900.641000 55.307600
901.118000 0.760000 901.391000 54.735898
901.895000 0.777000 902.181000 54.443131
902.679000 0.785000 902.961000 54.129616
903.447000 0.767000 903.731000 54.071985
904.214000 0.767000 904.491000 54.611414
904.984000 0.770000 905.261000 54.579141
905.761000 0.777000 906.041000 55.835503
906.551000 0.790000 906.831000 54.634467
907.329000 0.778000 907.621000 53.926754
908.087000 0.758000 908.361000 55.037886
908.851000 0.764000 909.141000 55.858555
909.635000 0.784000 909.921000 55.600367
910.454000 0.819000 910.741000 55.757124
911.263000 0.809000 911.541000 55.711019
912.038000 0.775000 912.331000 54.341700
912.799000 0.761000 913.081000 55.475883
913.562000 0.763000 913.841000 55.498936
914.327000 0.765000 914.601000 55.104738
