300.204000 0.839000 300.521000 108.263080
301.060000 0.856000 301.371000 108.711800
301.920000 0.860000 302.221000 107.881330
302.767000 0.847000 303.081000 108.229590
303.619000 0.852000 303.931000 108.465030
304.462000 0.843000 304.771000 108.061130
305.305000 0.843000 305.631000 108.487700
306.163000 0.858000 306.461000 107.814360
307.000000 0.837000 307.311000 108.655650
307.860000 0.860000 308.191000 107.892670
308.735000 0.875000 309.041000 107.724720
309.598000 0.863000 309.921000 108.599490
310.446000 0.848000 310.771000 108.666980
311.276000 0.830000 311.591000 109.026060
312.086000 0.810000 312.401000 108.072460
312.890000 0.805000 313.211000 108.532520
313.697000 0.806000 314.011000 109.014730
314.459000 0.762000 314.771000 110.024480
315.235000 0.776000 315.541000 112.100140
316.048000 0.813000 316.361000 112.324760
316.911000 0.863000 317.231000 112.717330
317.783000 0.872000 318.091000 112.470560
318.701000 0.918000 319.011000 111.876040
319.625000 0.923000 319.941000 110.832280
320.536000 0.911000 320.851000 110.215610
321.398000 0.862000 321.721000 109.721560
322.248000 0.851000 322.561000 110.417560
323.096000 0.847000 323.411000 109.519600
323.960000 0.864000 324.271000 110.529360
324.860000 0.900000 325.191000 110.159460
325.769000 0.909000 326.081000 110.316590
326.648000 0.879000 326.961000 110.406230
327.495000 0.847000 327.811000 110.406230
328.368000 0.873000 328.691000 109.620580
329.247000 0.878000 329.561000 109.721560
330.138000 0.891000 330.461000 109.362470
331.039000 0.901000 331.351000 110.192950
331.946000 0.906000 332.251000 110.305250
332.859000 0.913000 333.161000 110.249100
333.788000 0.929000 334.101000 109.732890
334.713000 0.925000 335.041000 108.981240
335.609000 0.897000 335.921000 108.969910
336.506000 0.897000 336.821000 108.633490
337.411000 0.905000 337.731000 107.679380
338.322000 0.911000 338.641000 107.230660
339.218000 0.896000 339.531000 107.253330
340.094000 0.875000 340.411000 106.748450
340.960000 0.866000 341.271000 106.804600
341.826000 0.866000 342.141000 107.062710
342.707000 0.881000 343.021000 106.591320
343.573000 0.867000 343.901000 105.817000
344.438000 0.864000 344.751000 106.131260
345.303000 0.865000 345.621000 106.119930
346.160000 0.857000 346.481000 105.356950
346.998000 0.839000 347.331000 105.996800
347.830000 0.832000 348.151000 106.523830
348.671000 0.841000 348.991000 107.219320
349.527000 0.857000 349.831000 108.330570
350.403000 0.875000 350.711000 109.070880
351.310000 0.907000 351.621000 108.386720
352.233000 0.923000 352.561000 108.072460
353.128000 0.895000 353.451000 107.118350
354.007000 0.879000 354.321000 106.445520
354.875000 0.868000 355.191000 106.411520
355.724000 0.849000 356.041000 107.511430
356.597000 0.874000 356.921000 106.535170
357.484000 0.887000 357.801000 106.299730
358.400000 0.916000 358.721000 107.443940
359.325000 0.925000 359.631000 107.466610
360.245000 0.919000 360.561000 107.017370
361.145000 0.901000 361.461000 105.996800
362.047000 0.902000 362.361000 106.187420
362.947000 0.900000 363.261000 104.807250
363.831000 0.884000 364.141000 106.030290
364.696000 0.865000 365.011000 106.131260
365.565000 0.869000 365.881000 106.232240
366.458000 0.893000 366.781000 106.086440
367.368000 0.910000 367.671000 106.097780
368.272000 0.904000 368.591000 105.009200
369.155000 0.883000 369.471000 105.233820
370.009000 0.854000 370.321000 105.289460
370.852000 0.843000 371.171000 104.941710
371.699000 0.846000 372.021000 105.962800
372.544000 0.846000 372.861000 105.749520
373.387000 0.843000 373.711000 106.624810
374.238000 0.851000 374.551000 107.567590
375.090000 0.851000 375.411000 109.138370
375.938000 0.848000 376.271000 108.588670
376.807000 0.870000 377.121000 108.779290
377.682000 0.875000 378.001000 108.678320
378.554000 0.872000 378.881000 108.509850
379.415000 0.861000 379.741000 108.846260
380.252000 0.837000 380.571000 108.375390
381.104000 0.852000 381.421000 108.723140
381.958000 0.854000 382.271000 107.668560
382.832000 0.873000 383.161000 107.589740
383.697000 0.865000 384.011000 107.174500
384.561000 0.864000 384.871000 107.791690
385.429000 0.868000 385.741000 108.465030
386.301000 0.872000 386.611000 108.397540
387.189000 0.888000 387.501000 107.017370
388.090000 0.901000 388.401000 107.376450
388.984000 0.894000 389.291000 107.309480
389.862000 0.877000 390.181000 107.219320
390.721000 0.860000 391.041000 107.825690
391.596000 0.874000 391.911000 108.139440
392.474000 0.879000 392.791000 107.948820
393.347000 0.873000 393.671000 109.026060
394.200000 0.853000 394.511000 108.925090
395.046000 0.845000 395.361000 110.013660
395.906000 0.861000 396.231000 109.732890
396.802000 0.896000 397.111000 110.439720
397.720000 0.918000 398.031000 109.912690
398.654000 0.934000 398.971000 110.854950
399.575000 0.922000 399.891000 109.340320
400.487000 0.912000 400.811000 108.397540
401.365000 0.878000 401.681000 107.668560
402.226000 0.861000 402.561000 107.354300
403.105000 0.879000 403.421000 106.748450
403.964000 0.859000 404.291000 107.814360
404.821000 0.857000 405.141000 108.610830
405.662000 0.841000 405.981000 108.105950
406.499000 0.837000 406.821000 108.633490
407.375000 0.876000 407.691000 109.912690
408.279000 0.904000 408.591000 109.934840
409.225000 0.947000 409.551000 109.328990
410.215000 0.990000 410.521000 108.016310
411.208000 0.993000 411.531000 106.467680
412.149000 0.941000 412.461000 105.727360
413.054000 0.905000 413.381000 105.222490
413.951000 0.897000 414.271000 105.042690
414.844000 0.893000 415.171000 104.324530
415.729000 0.885000 416.041000 105.615050
416.627000 0.898000 416.941000 104.683610
417.516000 0.889000 417.841000 106.254390
418.392000 0.876000 418.711000 106.209570
419.252000 0.860000 419.571000 106.119930
420.106000 0.854000 420.421000 105.211150
420.947000 0.841000 421.261000 106.748450
421.782000 0.835000 422.101000 108.420210
422.596000 0.815000 422.921000 109.194530
423.438000 0.841000 423.741000 109.979660
424.305000 0.867000 424.641000 110.327410
425.185000 0.880000 425.521000 111.539630
426.056000 0.871000 426.371000 112.279940
426.932000 0.876000 427.241000 110.933260
427.792000 0.860000 428.101000 110.653000
428.653000 0.861000 428.971000 111.068240
429.517000 0.864000 429.831000 110.451050
430.383000 0.866000 430.691000 109.878690
431.216000 0.832000 431.531000 109.979660
432.048000 0.833000 432.361000 110.619510
432.903000 0.854000 433.221000 111.034230
433.800000 0.897000 434.111000 110.955930
434.697000 0.897000 435.011000 111.326340
435.583000 0.887000 435.901000 111.337680
436.449000 0.865000 436.761000 109.957510
437.319000 0.870000 437.631000 108.835450
438.211000 0.892000 438.521000 108.734470
439.094000 0.884000 439.411000 108.263080
439.965000 0.870000 440.291000 107.028710
440.801000 0.836000 441.121000 107.410460
441.629000 0.828000 441.941000 107.544920
442.452000 0.823000 442.761000 107.993640
443.273000 0.821000 443.591000 107.937490
444.112000 0.839000 444.421000 108.229590
444.963000 0.851000 445.281000 108.947240
445.815000 0.851000 446.141000 108.857600
446.672000 0.858000 446.981000 108.936420
447.551000 0.879000 447.861000 108.577340
448.422000 0.870000 448.731000 107.455280
449.288000 0.866000 449.611000 107.219320
450.161000 0.874000 450.481000 107.096200
451.029000 0.868000 451.331000 107.084860
451.880000 0.851000 452.201000 106.636140
452.705000 0.824000 453.021000 107.174500
453.517000 0.813000 453.831000 107.253330
454.321000 0.803000 454.631000 108.420210
455.124000 0.803000 455.441000 108.756620
455.936000 0.812000 456.241000 108.981240
456.769000 0.833000 457.091000 110.035820
457.622000 0.853000 457.941000 109.631910
458.453000 0.831000 458.761000 110.653000
459.296000 0.843000 459.611000 110.473200
460.133000 0.837000 460.441000 109.328990
460.961000 0.828000 461.281000 109.037400
461.798000 0.837000 462.111000 109.497450
462.612000 0.814000 462.931000 108.868930
463.429000 0.817000 463.741000 109.553610
464.242000 0.813000 464.551000 110.406230
465.071000 0.829000 465.391000 110.944590
465.934000 0.863000 466.241000 111.247520
466.807000 0.873000 467.121000 110.596850
467.689000 0.882000 468.001000 110.955930
468.545000 0.856000 468.871000 110.922440
469.423000 0.877000 469.741000 111.202700
470.316000 0.894000 470.631000 109.631910
471.210000 0.894000 471.521000 108.588670
472.086000 0.876000 472.401000 108.880270
472.947000 0.861000 473.261000 108.139440
473.806000 0.860000 474.121000 107.365640
474.642000 0.836000 474.961000 107.533580
475.484000 0.842000 475.791000 107.443940
476.337000 0.853000 476.651000 107.735540
477.204000 0.867000 477.521000 106.983890
478.051000 0.846000 478.371000 107.881330
478.909000 0.858000 479.211000 107.791690
479.764000 0.855000 480.081000 107.152350
480.622000 0.858000 480.951000 106.445520
481.480000 0.858000 481.791000 106.153420
482.311000 0.832000 482.631000 106.434190
483.148000 0.837000 483.461000 106.781940
483.995000 0.847000 484.311000 107.096200
484.853000 0.858000 485.171000 106.389370
485.717000 0.863000 486.041000 106.277060
486.576000 0.860000 486.891000 106.400700
487.415000 0.839000 487.741000 106.680960
488.255000 0.840000 488.571000 107.096200
489.082000 0.827000 489.401000 107.758200
489.922000 0.840000 490.231000 107.410460
490.761000 0.839000 491.071000 107.096200
491.577000 0.816000 491.901000 107.320820
492.350000 0.773000 492.671000 107.365640
493.094000 0.745000 493.421000 107.264660
493.835000 0.741000 494.161000 108.016310
494.607000 0.772000 494.921000 108.622160
495.435000 0.828000 495.751000 109.699400
496.340000 0.904000 496.651000 110.237770
497.263000 0.923000 497.571000 108.981240
498.144000 0.881000 498.451000 108.947240
499.016000 0.872000 499.331000 108.577340
499.884000 0.868000 500.191000 108.566010
500.760000 0.876000 501.081000 108.386720
501.647000 0.887000 501.971000 108.666980
502.553000 0.905000 502.871000 108.240410
503.455000 0.902000 503.771000 109.688070
504.370000 0.915000 504.681000 109.474780
505.271000 0.901000 505.591000 109.351660
506.192000 0.921000 506.511000 109.115700
507.124000 0.933000 507.441000 108.341390
508.028000 0.904000 508.351000 108.184770
508.899000 0.872000 509.211000 108.622160
509.750000 0.850000 510.071000 108.072460
510.585000 0.836000 510.901000 108.711800
511.423000 0.837000 511.751000 109.811710
512.261000 0.838000 512.581000 111.371160
513.157000 0.896000 513.481000 112.201630
514.081000 0.924000 514.391000 111.371160
515.004000 0.923000 515.321000 111.864710
515.905000 0.901000 516.221000 110.473200
516.792000 0.887000 517.101000 110.495870
517.646000 0.854000 517.961000 109.575760
518.479000 0.833000 518.791000 109.901350
519.330000 0.851000 519.641000 109.777710
520.198000 0.869000 520.511000 111.056900
521.085000 0.887000 521.391000 111.730240
521.964000 0.879000 522.291000 111.741580
522.866000 0.901000 523.171000 111.584450
523.780000 0.914000 524.101000 111.056900
524.722000 0.942000 525.041000 111.516960
525.658000 0.936000 525.971000 110.989410
526.567000 0.909000 526.881000 109.845200
527.476000 0.909000 527.791000 108.734470
528.389000 0.913000 528.701000 108.420210
529.311000 0.922000 529.621000 106.983890
530.211000 0.900000 530.531000 106.770600
531.072000 0.861000 531.391000 106.680960
531.906000 0.833000 532.231000 107.141020
532.736000 0.831000 533.051000 108.330570
533.592000 0.856000 533.901000 108.397540
534.492000 0.899000 534.801000 109.104370
535.379000 0.887000 535.701000 109.990990
536.258000 0.879000 536.591000 111.169210
537.164000 0.906000 537.481000 111.629270
538.087000 0.923000 538.401000 110.641670
538.984000 0.897000 539.301000 110.114640
539.858000 0.874000 540.181000 110.675670
540.711000 0.853000 541.041000 110.787460
541.571000 0.860000 541.881000 111.516960
542.457000 0.886000 542.771000 111.853370
543.360000 0.904000 543.671000 111.965680
544.258000 0.898000 544.561000 111.741580
545.138000 0.880000 545.451000 110.911110
546.020000 0.882000 546.331000 110.518540
546.870000 0.851000 547.191000 110.192950
547.721000 0.850000 548.051000 110.888440
548.579000 0.858000 548.901000 110.753980
549.448000 0.870000 549.761000 110.484540
550.324000 0.876000 550.651000 110.540690
551.194000 0.870000 551.511000 111.225370
552.035000 0.841000 552.351000 111.113060
552.868000 0.833000 553.181000 110.630330
553.715000 0.847000 554.031000 110.641670
554.588000 0.873000 554.911000 110.911110
555.444000 0.856000 555.761000 110.406230
556.292000 0.848000 556.611000 110.686490
557.109000 0.817000 557.421000 111.101720
557.926000 0.817000 558.241000 110.821470
558.746000 0.821000 559.061000 110.742640
559.597000 0.851000 559.921000 110.832280
560.461000 0.864000 560.791000 111.034230
561.357000 0.896000 561.661000 111.752400
562.255000 0.898000 562.571000 110.507210
563.138000 0.883000 563.451000 110.260430
564.010000 0.872000 564.321000 109.519600
564.867000 0.857000 565.171000 109.766380
565.717000 0.850000 566.021000 109.429960
566.566000 0.849000 566.881000 109.160520
567.408000 0.842000 567.721000 110.585510
568.270000 0.862000 568.581000 111.606600
569.131000 0.861000 569.441000 112.055320
570.005000 0.873000 570.321000 111.786400
570.914000 0.909000 571.241000 111.617930
571.813000 0.899000 572.121000 111.113060
572.679000 0.866000 573.001000 110.787460
573.513000 0.834000 573.831000 111.012080
574.321000 0.808000 574.641000 110.013660
575.134000 0.813000 575.451000 110.776640
575.949000 0.815000 576.261000 110.776640
576.792000 0.843000 577.111000 110.765310
577.659000 0.867000 577.961000 112.010500
578.533000 0.874000 578.851000 111.696240
579.399000 0.866000 579.711000 111.718910
580.258000 0.859000 580.571000 111.180550
581.123000 0.865000 581.431000 111.034230
582.006000 0.883000 582.311000 111.382500
582.883000 0.876000 583.201000 110.439720
583.749000 0.866000 584.051000 109.654580
584.610000 0.861000 584.931000 108.880270
585.446000 0.837000 585.761000 108.767960
586.285000 0.839000 586.601000 108.947240
587.118000 0.832000 587.431000 108.891600
587.948000 0.831000 588.261000 108.868930
588.784000 0.836000 589.091000 108.981240
589.619000 0.834000 589.931000 108.857600
590.471000 0.852000 590.781000 109.216680
591.346000 0.875000 591.661000 108.958570
592.252000 0.906000 592.561000 108.453700
593.159000 0.908000 593.471000 107.836510
594.050000 0.890000 594.371000 106.995220
594.903000 0.853000 595.221000 107.241990
595.746000 0.844000 596.051000 106.939070
596.602000 0.856000 596.911000 107.814360
597.482000 0.880000 597.791000 107.601070
598.389000 0.907000 598.701000 108.655650
599.285000 0.897000 599.601000 108.206930
600.177000 0.891000 600.491000 107.623740
601.079000 0.902000 601.401000 108.229590
601.957000 0.879000 602.281000 107.825690
602.822000 0.865000 603.151000 107.601070
603.687000 0.865000 604.001000 108.061130
604.528000 0.841000 604.841000 108.925090
605.376000 0.848000 605.711000 110.495870
606.243000 0.867000 606.571000 111.180550
607.112000 0.870000 607.431000 112.223790
608.052000 0.940000 608.371000 112.145480
608.967000 0.915000 609.281000 112.639020
609.866000 0.899000 610.181000 112.291270
610.743000 0.877000 611.061000 111.404650
611.619000 0.876000 611.941000 111.505620
612.490000 0.871000 612.801000 110.955930
613.364000 0.874000 613.671000 111.090390
614.243000 0.879000 614.561000 110.866290
615.131000 0.889000 615.451000 111.943530
616.021000 0.889000 616.341000 111.920860
616.913000 0.892000 617.241000 111.876040
617.823000 0.911000 618.141000 111.449470
618.714000 0.890000 619.031000 110.742640
619.587000 0.873000 619.891000 110.731310
620.437000 0.850000 620.741000 110.316590
621.293000 0.856000 621.611000 111.460800
622.163000 0.870000 622.481000 111.247520
623.082000 0.919000 623.391000 111.415980
623.992000 0.910000 624.311000 111.404650
624.899000 0.907000 625.231000 111.404650
625.768000 0.869000 626.091000 111.124390
626.619000 0.851000 626.931000 111.775060
627.462000 0.843000 627.781000 111.056900
628.320000 0.858000 628.621000 111.169210
629.186000 0.866000 629.491000 112.212450
629.983000 0.797000 630.301000 111.460800
630.782000 0.799000 631.091000 111.550450
631.621000 0.840000 631.931000 112.223790
632.447000 0.826000 632.771000 112.773480
633.290000 0.842000 633.591000 112.291270
634.169000 0.880000 634.481000 112.571530
635.061000 0.891000 635.381000 111.337680
635.957000 0.896000 636.271000 110.810130
636.818000 0.861000 637.131000 110.899770
637.679000 0.861000 637.991000 110.428380
638.535000 0.856000 638.851000 110.473200
639.411000 0.876000 639.721000 108.981240
640.293000 0.882000 640.611000 109.351660
641.179000 0.886000 641.491000 109.250680
642.043000 0.863000 642.351000 109.979660
642.916000 0.873000 643.231000 109.575760
643.781000 0.865000 644.091000 110.013660
644.642000 0.861000 644.961000 110.035820
645.553000 0.911000 645.871000 109.631910
646.520000 0.966000 646.831000 110.260430
647.451000 0.931000 647.771000 109.082220
648.358000 0.907000 648.671000 107.948820
649.236000 0.878000 649.551000 107.724720
650.097000 0.861000 650.411000 108.251750
650.975000 0.878000 651.291000 108.655650
651.918000 0.943000 652.241000 109.463450
652.884000 0.966000 653.201000 108.655650
653.822000 0.938000 654.151000 108.745290
654.733000 0.911000 655.051000 107.432610
655.615000 0.882000 655.941000 107.477430
656.518000 0.903000 656.841000 107.017370
657.416000 0.898000 657.731000 106.636140
658.321000 0.905000 658.631000 106.288390
659.213000 0.892000 659.531000 106.131260
660.096000 0.883000 660.421000 105.962800
660.984000 0.888000 661.301000 106.995220
661.890000 0.906000 662.211000 107.859180
662.808000 0.918000 663.131000 107.702050
663.739000 0.931000 664.051000 108.162100
664.666000 0.927000 664.981000 109.295500
665.589000 0.923000 665.921000 109.721560
666.504000 0.915000 666.811000 109.284170
667.429000 0.926000 667.741000 108.992580
668.332000 0.903000 668.651000 108.364060
669.234000 0.901000 669.551000 108.453700
670.119000 0.885000 670.441000 108.521190
671.009000 0.890000 671.321000 108.038460
671.918000 0.909000 672.241000 107.915330
672.835000 0.917000 673.151000 107.657230
673.747000 0.913000 674.061000 108.117280
674.644000 0.896000 674.961000 107.926670
675.529000 0.885000 675.861000 108.072460
676.413000 0.885000 676.731000 107.275480
677.326000 0.913000 677.641000 107.208510
678.249000 0.923000 678.561000 107.107530
679.168000 0.918000 679.481000 106.916400
680.086000 0.918000 680.411000 107.500100
680.962000 0.876000 681.291000 107.758200
681.835000 0.873000 682.151000 108.577340
682.732000 0.897000 683.051000 108.880270
683.656000 0.924000 683.971000 109.777710
684.602000 0.946000 684.911000 109.216680
685.543000 0.940000 685.851000 109.003390
686.476000 0.933000 686.791000 108.723140
687.399000 0.923000 687.711000 108.790620
688.337000 0.938000 688.661000 108.016310
689.260000 0.923000 689.581000 106.557830
690.144000 0.884000 690.461000 106.961730
691.042000 0.898000 691.371000 107.578410
691.939000 0.898000 692.251000 107.713380
692.826000 0.887000 693.141000 107.769540
693.683000 0.857000 693.991000 107.601070
694.541000 0.858000 694.851000 109.194530
695.418000 0.878000 695.731000 109.441300
696.321000 0.902000 696.641000 108.868930
697.232000 0.911000 697.541000 108.824110
698.120000 0.889000 698.431000 108.633490
698.974000 0.853000 699.281000 108.610830
699.813000 0.840000 700.131000 109.272830
700.667000 0.854000 700.981000 108.891600
701.521000 0.854000 701.831000 109.239350
702.399000 0.878000 702.721000 109.014730
703.268000 0.870000 703.571000 109.463450
704.128000 0.860000 704.451000 110.226430
704.969000 0.841000 705.281000 110.406230
705.814000 0.845000 706.131000 109.138370
706.677000 0.862000 706.981000 109.250680
707.551000 0.874000 707.861000 107.803020
708.452000 0.901000 708.771000 107.309480
709.348000 0.896000 709.671000 106.310550
710.247000 0.899000 710.561000 106.131260
711.109000 0.862000 711.421000 105.828340
711.962000 0.853000 712.281000 105.772180
712.818000 0.856000 713.131000 106.310550
713.672000 0.854000 713.971000 106.815420
714.563000 0.892000 714.871000 108.128620
715.455000 0.891000 715.781000 108.543340
716.336000 0.881000 716.641000 109.373810
717.212000 0.875000 717.531000 109.138370
718.076000 0.864000 718.391000 109.362470
718.947000 0.872000 719.261000 109.306320
719.826000 0.878000 720.141000 109.216680
720.708000 0.883000 721.021000 108.925090
721.589000 0.881000 721.901000 108.105950
722.448000 0.860000 722.771000 107.477430
723.296000 0.848000 723.611000 107.533580
724.133000 0.837000 724.451000 107.511430
724.974000 0.841000 725.301000 107.713380
725.818000 0.844000 726.121000 107.399120
726.702000 0.884000 727.011000 107.241990
727.577000 0.875000 727.901000 108.251750
728.454000 0.877000 728.771000 107.971490
729.306000 0.852000 729.621000 108.285750
730.167000 0.861000 730.481000 108.442360
731.039000 0.872000 731.351000 108.678320
731.918000 0.880000 732.231000 108.341390
732.824000 0.906000 733.131000 108.408880
733.728000 0.904000 734.041000 107.993640
734.624000 0.896000 734.931000 108.150770
735.486000 0.862000 735.801000 107.241990
736.359000 0.872000 736.661000 107.399120
737.226000 0.867000 737.551000 107.971490
738.096000 0.870000 738.411000 108.936420
738.986000 0.890000 739.301000 109.688070
739.888000 0.902000 740.201000 110.495870
740.790000 0.902000 741.101000 111.415980
741.707000 0.918000 742.021000 110.776640
742.611000 0.904000 742.921000 110.518540
743.504000 0.893000 743.811000 110.585510
744.380000 0.876000 744.701000 109.744220
745.255000 0.875000 745.561000 109.979660
746.107000 0.852000 746.421000 110.518540
746.941000 0.834000 747.271000 110.731310
747.787000 0.846000 748.101000 110.854950
748.651000 0.865000 748.961000 110.989410
749.523000 0.872000 749.851000 112.089320
750.434000 0.911000 750.751000 111.763730
751.369000 0.935000 751.691000 111.718910
752.293000 0.925000 752.601000 111.651420
753.189000 0.896000 753.501000 111.359830
754.125000 0.936000 754.441000 110.406230
755.067000 0.942000 755.381000 110.293920
755.971000 0.904000 756.281000 110.372230
756.843000 0.872000 757.161000 110.080640
757.712000 0.869000 758.021000 111.101720
758.573000 0.861000 758.901000 111.247520
759.429000 0.856000 759.751000 111.718910
760.320000 0.890000 760.631000 111.258850
761.227000 0.908000 761.541000 111.427320
762.127000 0.899000 762.441000 111.494290
762.997000 0.870000 763.321000 110.653000
763.870000 0.873000 764.181000 110.338740
764.755000 0.885000 765.071000 110.484540
765.670000 0.916000 765.981000 110.260430
766.596000 0.926000 766.911000 110.125460
767.500000 0.904000 767.821000 110.080640
768.384000 0.884000 768.701000 109.721560
769.257000 0.873000 769.571000 109.755560
770.122000 0.865000 770.441000 110.731310
770.995000 0.873000 771.301000 110.888440
771.870000 0.875000 772.201000 111.247520
772.750000 0.880000 773.061000 111.337680
773.639000 0.889000 773.961000 112.717330
774.542000 0.904000 774.871000 112.033170
775.422000 0.880000 775.731000 112.571530
776.300000 0.878000 776.631000 111.797220
777.192000 0.892000 777.501000 111.707580
778.110000 0.918000 778.411000 110.451050
779.033000 0.923000 779.341000 110.069300
779.930000 0.897000 780.251000 109.362470
780.799000 0.869000 781.111000 109.732890
781.649000 0.850000 781.951000 109.923510
782.510000 0.861000 782.821000 110.742640
783.372000 0.863000 783.681000 110.540690
784.247000 0.875000 784.561000 110.742640
785.141000 0.894000 785.451000 110.686490
786.006000 0.865000 786.331000 110.271250
786.867000 0.861000 787.191000 110.394900
787.730000 0.863000 788.051000 108.891600
788.578000 0.848000 788.891000 109.171860
789.412000 0.834000 789.731000 109.115700
790.221000 0.808000 790.541000 110.069300
791.021000 0.800000 791.331000 111.113060
791.792000 0.771000 792.111000 111.573110
792.528000 0.736000 792.831000 111.247520
793.294000 0.766000 793.601000 113.244870
794.110000 0.816000 794.421000 113.121230
794.993000 0.883000 795.291000 113.480310
795.912000 0.919000 796.211000 112.549380
796.818000 0.906000 797.131000 111.977010
797.718000 0.900000 798.031000 110.787460
798.588000 0.870000 798.901000 109.901350
799.444000 0.856000 799.751000 109.845200
800.285000 0.841000 800.601000 110.709160
801.166000 0.880000 801.471000 110.406230
802.053000 0.888000 802.371000 111.247520
802.959000 0.906000 803.271000 111.685420
803.873000 0.914000 804.191000 111.393320
804.788000 0.915000 805.091000 111.438650
805.707000 0.919000 806.021000 111.606600
806.614000 0.906000 806.931000 110.720490
807.513000 0.899000 807.831000 110.529360
808.394000 0.881000 808.711000 111.023420
809.288000 0.894000 809.611000 110.798800
810.176000 0.888000 810.491000 111.415980
811.077000 0.900000 811.381000 110.888440
811.974000 0.898000 812.301000 111.674090
812.869000 0.895000 813.191000 110.978600
813.760000 0.891000 814.081000 110.327410
814.660000 0.900000 814.981000 109.957510
815.541000 0.881000 815.861000 110.843620
816.443000 0.901000 816.771000 111.113060
817.326000 0.883000 817.641000 111.584450
818.195000 0.870000 818.511000 112.201630
819.052000 0.857000 819.371000 113.211390
819.933000 0.881000 820.241000 112.459220
820.836000 0.903000 821.151000 113.368520
821.751000 0.915000 822.071000 112.998100
822.645000 0.894000 822.951000 111.584450
823.528000 0.882000 823.841000 112.089320
824.370000 0.843000 824.701000 111.920860
825.202000 0.832000 825.511000 111.988350
826.052000 0.850000 826.361000 111.808550
826.922000 0.870000 827.231000 111.135210
827.791000 0.870000 828.101000 112.201630
828.640000 0.849000 828.951000 111.393320
829.476000 0.836000 829.801000 111.427320
830.316000 0.839000 830.631000 112.077990
831.158000 0.842000 831.471000 111.831220
832.044000 0.886000 832.351000 111.920860
832.961000 0.917000 833.281000 112.538050
833.905000 0.944000 834.211000 113.188720
834.830000 0.925000 835.151000 112.706510
835.742000 0.912000 836.051000 112.425740
836.669000 0.927000 836.981000 111.528290
837.562000 0.893000 837.871000 111.214030
838.441000 0.879000 838.761000 109.878690
839.303000 0.862000 839.621000 110.148120
840.144000 0.841000 840.461000 110.035820
841.008000 0.863000 841.321000 110.451050
841.897000 0.889000 842.211000 110.653000
842.820000 0.923000 843.131000 110.462380
843.740000 0.919000 844.061000 110.720490
844.646000 0.907000 844.961000 109.878690
845.514000 0.867000 845.831000 108.891600
846.374000 0.860000 846.691000 109.508270
847.230000 0.856000 847.531000 108.812780
848.099000 0.869000 848.421000 108.622160
848.956000 0.857000 849.271000 109.508270
849.811000 0.855000 850.131000 109.979660
850.651000 0.840000 850.971000 111.326340
851.505000 0.855000 851.821000 111.449470
852.377000 0.872000 852.701000 110.462380
853.212000 0.834000 853.531000 110.843620
854.002000 0.791000 854.321000 110.832280
854.754000 0.752000 855.071000 110.989410
855.515000 0.761000 855.821000 112.044500
856.300000 0.785000 856.611000 112.156300
857.142000 0.842000 857.451000 113.637440
858.009000 0.866000 858.321000 112.728660
858.865000 0.856000 859.181000 113.390670
859.709000 0.844000 860.021000 112.358250
860.534000 0.825000 860.851000 111.977010
861.366000 0.832000 861.681000 111.685420
862.195000 0.829000 862.521000 110.933260
863.046000 0.851000 863.351000 111.427320
863.922000 0.876000 864.231000 110.798800
864.817000 0.895000 865.131000 111.640600
865.707000 0.890000 866.021000 111.326340
866.609000 0.902000 866.921000 111.393320
867.521000 0.913000 867.841000 110.192950
868.433000 0.912000 868.751000 110.338740
869.341000 0.907000 869.661000 109.643250
870.244000 0.904000 870.551000 109.351660
871.128000 0.884000 871.441000 109.654580
871.993000 0.865000 872.311000 110.159460
872.854000 0.861000 873.171000 109.800380
873.747000 0.894000 874.061000 110.192950
874.613000 0.865000 874.931000 110.316590
875.493000 0.880000 875.801000 111.202700
876.352000 0.859000 876.661000 111.045570
877.215000 0.863000 877.531000 111.146540
878.083000 0.868000 878.401000 110.383560
878.957000 0.875000 879.271000 109.744220
879.831000 0.873000 880.151000 109.665400
880.706000 0.875000 881.021000 109.160520
881.566000 0.860000 881.881000 109.082220
882.404000 0.838000 882.721000 108.756620
883.240000 0.836000 883.551000 107.915330
884.089000 0.849000 884.401000 108.700470
884.933000 0.843000 885.251000 108.453700
885.800000 0.868000 886.111000 109.407300
886.688000 0.887000 887.011000 109.676730
887.610000 0.922000 887.931000 110.260430
888.502000 0.892000 888.821000 109.856530
889.376000 0.874000 889.691000 109.205340
890.259000 0.883000 890.581000 109.317650
891.126000 0.867000 891.441000 109.138370
891.983000 0.857000 892.301000 108.868930
892.847000 0.864000 893.161000 108.723140
893.721000 0.873000 894.041000 108.868930
894.577000 0.856000 894.891000 108.678320
895.440000 0.863000 895.761000 108.554670
896.323000 0.883000 896.631000 109.295500
897.240000 0.916000 897.561000 109.003390
898.163000 0.923000 898.491000 109.059550
899.091000 0.928000 899.411000 109.003390
900.048000 0.958000 900.371000 108.644310
900.961000 0.913000 901.281000 108.554670
901.877000 0.916000 902.201000 108.408880
902.781000 0.904000 903.091000 108.913750
903.669000 0.888000 904.001000 108.689650
904.551000 0.882000 904.861000 108.577340
905.431000 0.880000 905.751000 109.362470
906.302000 0.871000 906.631000 109.755560
907.193000 0.890000 907.521000 110.630330
908.090000 0.898000 908.411000 110.383560
909.021000 0.931000 909.331000 109.800380
909.944000 0.923000 910.261000 109.519600
910.835000 0.891000 911.151000 107.668560
