20.691000 0.786000 21.035000 111.693390
21.462000 0.771000 21.823000 113.707330
22.369000 0.907000 22.710000 118.132590
23.510000 1.140000 23.830000 115.843180
24.512000 1.003000 24.835000 111.693390
25.426000 0.913000 25.766000 109.068320
26.275000 0.849000 26.625000 105.864540
27.105000 0.829000 27.429000 110.594590
27.930000 0.825000 28.269000 112.090000
28.971000 1.041000 29.309000 113.401760
29.959000 0.988000 30.331000 110.563730
30.893000 0.934000 31.244000 109.007360
31.787000 0.894000 32.129000 109.953370
32.642000 0.855000 32.981000 107.390040
33.493000 0.852000 33.833000 109.373880
34.317000 0.824000 34.647000 112.486620
35.259000 0.942000 35.589000 112.059140
36.296000 1.037000 36.627000 112.272880
37.275000 0.979000 37.628000 108.610750
38.198000 0.923000 38.542000 110.624690
39.076000 0.878000 39.404000 109.038230
39.926000 0.851000 40.261000 108.580650
40.736000 0.809000 41.061000 112.120100
41.578000 0.842000 41.920000 114.531420
42.656000 1.078000 42.988000 115.385610
43.742000 1.086000 44.077000 112.059140
44.790000 1.048000 45.124000 110.686420
45.769000 0.979000 46.096000 110.106160
46.611000 0.843000 46.961000 108.580650
47.353000 0.741000 47.711000 109.007360
48.105000 0.752000 48.449000 112.242780
48.883000 0.779000 49.208000 115.782220
49.763000 0.879000 50.127000 117.063890
50.895000 1.132000 51.249000 113.340810
51.878000 0.983000 52.227000 113.249750
52.823000 0.945000 53.175000 110.563730
53.742000 0.919000 54.076000 110.533640
54.645000 0.903000 54.986000 109.434840
55.554000 0.909000 55.890000 111.083030
56.461000 0.907000 56.828000 111.052170
57.376000 0.915000 57.727000 112.181050
58.340000 0.963000 58.664000 114.958130
59.290000 0.951000 59.635000 113.340810
60.242000 0.952000 60.591000 114.195760
61.169000 0.927000 61.537000 112.211920
62.083000 0.913000 62.436000 110.960340
62.985000 0.902000 63.347000 110.624690
63.879000 0.894000 64.247000 111.296000
64.775000 0.896000 65.167000 111.387820
65.721000 0.947000 66.072000 114.134810
66.729000 1.008000 67.065000 114.042980
67.697000 0.968000 68.049000 112.944190
68.659000 0.962000 68.992000 113.310710
69.599000 0.940000 69.937000 112.181050
70.519000 0.920000 70.854000 111.052170
71.413000 0.894000 71.752000 111.815300
72.300000 0.887000 72.645000 112.425660
73.190000 0.890000 73.543000 114.012120
74.126000 0.936000 74.465000 115.324650
75.115000 0.989000 75.439000 116.453540
76.111000 0.995000 76.444000 116.423440
77.108000 0.998000 77.446000 114.867080
78.076000 0.968000 78.433000 112.944190
79.022000 0.946000 79.363000 111.265910
79.949000 0.927000 80.283000 112.883230
80.869000 0.920000 81.215000 114.164900
81.842000 0.973000 82.210000 113.371670
82.883000 1.041000 83.224000 112.394790
83.864000 0.981000 84.231000 113.340810
84.831000 0.967000 85.174000 112.975060
85.794000 0.963000 86.157000 112.944190
86.725000 0.932000 87.057000 109.403980
87.640000 0.915000 87.978000 110.899390
88.545000 0.905000 88.872000 113.707330
89.460000 0.915000 89.819000 115.721270
90.465000 1.004000 90.820000 116.087790
91.540000 1.075000 91.894000 115.019860
92.581000 1.041000 92.918000 113.707330
93.591000 1.010000 93.916000 112.516710
94.579000 0.988000 94.930000 110.686420
95.532000 0.953000 95.871000 106.993420
96.468000 0.936000 96.793000 109.862320
97.383000 0.915000 97.731000 112.669490
98.311000 0.928000 98.649000 114.561510
99.284000 0.973000 99.637000 114.531420
100.278000 0.993000 100.617000 115.813090
101.284000 1.007000 101.636000 114.012120
102.298000 1.014000 102.654000 114.531420
103.308000 1.010000 103.649000 111.387820
104.284000 0.976000 104.637000 109.923280
105.241000 0.957000 105.590000 111.022070
106.214000 0.973000 106.549000 113.279850
107.195000 0.981000 107.528000 113.279850
108.170000 0.975000 108.517000 112.914100
109.134000 0.964000 109.476000 112.486620
110.087000 0.954000 110.432000 113.401760
111.034000 0.947000 111.375000 111.387820
111.964000 0.930000 112.334000 109.892420
112.903000 0.939000 113.237000 114.164900
113.876000 0.973000 114.216000 113.279850
114.884000 1.008000 115.228000 113.249750
115.879000 0.996000 116.236000 112.455750
116.870000 0.991000 117.225000 112.455750
117.843000 0.973000 118.195000 110.563730
118.801000 0.958000 119.155000 110.655550
119.746000 0.945000 120.115000 110.686420
120.675000 0.929000 121.028000 111.723480
121.614000 0.939000 121.956000 113.310710
122.585000 0.971000 122.923000 115.691170
123.595000 1.010000 123.925000 116.576230
124.652000 1.056000 124.988000 114.592380
125.645000 0.993000 125.984000 114.500560
126.638000 0.993000 126.964000 113.279850
127.605000 0.967000 127.931000 112.944190
128.564000 0.959000 128.931000 113.279850
129.503000 0.939000 129.852000 113.737420
130.435000 0.933000 130.784000 113.676460
131.378000 0.942000 131.709000 115.813090
132.360000 0.982000 132.725000 115.324650
133.374000 1.014000 133.733000 117.705110
134.385000 1.011000 134.713000 117.491370
135.379000 0.994000 135.731000 117.430410
136.365000 0.986000 136.732000 116.545360
137.336000 0.971000 137.681000 117.369460
138.299000 0.964000 138.652000 115.721270
139.275000 0.976000 139.644000 111.815300
140.222000 0.947000 140.561000 115.752130
141.179000 0.957000 141.512000 115.782220
142.152000 0.972000 142.492000 116.606320
143.158000 1.006000 143.510000 116.972840
144.162000 1.005000 144.511000 116.941980
145.141000 0.978000 145.468000 117.063890
146.119000 0.979000 146.460000 115.721270
147.096000 0.977000 147.448000 114.195760
148.072000 0.976000 148.430000 112.150960
149.017000 0.945000 149.360000 114.103940
149.963000 0.946000 150.329000 115.019860
150.953000 0.990000 151.302000 115.294560
151.959000 1.006000 152.331000 114.592380
152.980000 1.021000 153.336000 112.425660
154.009000 1.029000 154.338000 114.409500
155.021000 1.012000 155.360000 113.615500
156.007000 0.987000 156.349000 111.815300
156.959000 0.952000 157.310000 107.847610
157.888000 0.929000 158.250000 111.876260
158.812000 0.924000 159.175000 114.897170
159.767000 0.954000 160.147000 116.178840
160.738000 0.972000 161.089000 117.430410
161.717000 0.978000 162.067000 116.637180
162.701000 0.984000 163.038000 114.470460
163.670000 0.969000 164.019000 115.721270
164.645000 0.976000 165.009000 113.799150
165.598000 0.953000 165.930000 113.340810
166.550000 0.952000 166.898000 113.615500
167.534000 0.984000 167.865000 115.843180
168.537000 1.004000 168.878000 113.707330
169.545000 1.008000 169.902000 113.340810
170.471000 0.926000 170.838000 114.500560
171.337000 0.865000 171.686000 113.340810
172.116000 0.780000 172.468000 114.653340
173.006000 0.890000 173.343000 115.813090
173.930000 0.924000 174.275000 114.042980
174.842000 0.912000 175.203000 114.592380
175.750000 0.908000 176.097000 114.867080
176.676000 0.925000 177.000000 118.162690
177.611000 0.935000 177.944000 116.576230
178.608000 0.998000 178.945000 116.576230
179.577000 0.968000 179.924000 113.340810
180.517000 0.940000 180.876000 112.883230
181.417000 0.900000 181.763000 113.768290
182.327000 0.909000 182.664000 112.578440
183.215000 0.888000 183.545000 115.446570
184.179000 0.964000 184.522000 116.209700
185.100000 0.921000 185.441000 114.103940
186.042000 0.942000 186.385000 115.782220
186.988000 0.947000 187.321000 115.782220
187.895000 0.907000 188.226000 114.958130
188.832000 0.936000 189.200000 113.737420
189.758000 0.927000 190.084000 115.813090
190.696000 0.938000 191.029000 117.277630
191.664000 0.968000 192.001000 116.606320
192.658000 0.994000 193.010000 115.691170
193.707000 1.049000 194.047000 113.768290
194.724000 1.017000 195.063000 113.340810
195.714000 0.990000 196.061000 113.401760
196.675000 0.961000 197.048000 111.326870
197.628000 0.952000 197.968000 112.914100
198.580000 0.953000 198.941000 114.195760
199.529000 0.949000 199.883000 114.531420
200.497000 0.968000 200.849000 114.531420
201.475000 0.978000 201.847000 112.914100
202.457000 0.982000 202.822000 114.103940
203.426000 0.969000 203.768000 112.914100
204.363000 0.938000 204.729000 112.578440
205.337000 0.973000 205.681000 115.752130
206.336000 1.000000 206.687000 115.446570
207.311000 0.975000 207.659000 114.500560
208.271000 0.959000 208.641000 112.853140
209.227000 0.957000 209.567000 113.799150
210.161000 0.934000 210.523000 113.676460
211.131000 0.970000 211.478000 114.470460
212.090000 0.959000 212.427000 113.768290
213.027000 0.937000 213.365000 114.195760
213.933000 0.906000 214.279000 115.263690
214.860000 0.927000 215.187000 116.515270
215.886000 1.026000 216.205000 116.209700
216.903000 1.017000 217.242000 115.782220
217.914000 1.012000 218.255000 114.836210
218.888000 0.974000 219.234000 113.646370
219.819000 0.930000 220.186000 112.547580
220.717000 0.898000 221.067000 112.944190
221.627000 0.911000 221.977000 112.455750
222.560000 0.933000 222.884000 116.637180
223.518000 0.959000 223.865000 115.416470
224.505000 0.986000 224.838000 114.439600
225.481000 0.976000 225.822000 114.195760
226.430000 0.950000 226.763000 112.853140
227.374000 0.943000 227.723000 112.975060
228.313000 0.939000 228.656000 114.042980
229.257000 0.945000 229.604000 115.019860
230.201000 0.944000 230.545000 114.500560
231.184000 0.983000 231.522000 114.164900
232.170000 0.986000 232.526000 114.622470
233.180000 1.010000 233.522000 112.578440
234.154000 0.974000 234.522000 112.150960
235.094000 0.940000 235.433000 113.218890
236.000000 0.907000 236.343000 113.340810
236.933000 0.932000 237.262000 114.134810
237.862000 0.929000 238.234000 113.218890
238.874000 1.012000 239.234000 114.378640
239.859000 0.985000 240.233000 110.441810
240.815000 0.956000 241.183000 111.083030
241.786000 0.971000 242.163000 111.052170
242.766000 0.980000 243.142000 114.592380
243.753000 0.987000 244.069000 114.164900
244.716000 0.964000 245.051000 114.500560
245.681000 0.965000 246.030000 113.310710
246.630000 0.949000 246.963000 113.340810
247.583000 0.953000 247.944000 112.578440
248.497000 0.914000 248.848000 111.723480
249.424000 0.928000 249.766000 114.561510
250.417000 0.993000 250.743000 113.737420
251.441000 1.025000 251.782000 112.090000
252.477000 1.036000 252.830000 112.242780
253.454000 0.977000 253.786000 111.418690
254.400000 0.946000 254.738000 110.106160
255.304000 0.904000 255.645000 111.418690
256.193000 0.889000 256.548000 111.418690
257.031000 0.839000 257.392000 114.195760
257.860000 0.829000 258.229000 114.592380
258.668000 0.808000 259.005000 116.209700
259.413000 0.745000 259.748000 117.827030
260.209000 0.796000 260.544000 118.925820
261.169000 0.960000 261.528000 116.209700
262.160000 0.990000 262.527000 114.592380
263.149000 0.989000 263.497000 115.324650
264.156000 1.008000 264.511000 114.195760
265.125000 0.969000 265.469000 113.340810
266.055000 0.930000 266.428000 112.242780
266.976000 0.920000 267.326000 113.768290
267.909000 0.934000 268.260000 112.853140
268.799000 0.889000 269.168000 111.815300
269.698000 0.899000 270.036000 113.249750
270.618000 0.920000 270.958000 116.148750
271.580000 0.962000 271.929000 114.592380
272.563000 0.982000 272.936000 112.822270
273.555000 0.993000 273.887000 115.446570
274.514000 0.959000 274.864000 112.150960
275.411000 0.897000 275.778000 111.723480
276.299000 0.888000 276.646000 114.988990
277.224000 0.925000 277.570000 116.240570
278.200000 0.976000 278.543000 115.813090
279.173000 0.973000 279.536000 114.867080
280.157000 0.983000 280.514000 114.836210
281.086000 0.929000 281.445000 113.737420
282.014000 0.928000 282.343000 116.606320
282.970000 0.957000 283.326000 116.698140
283.934000 0.964000 284.283000 117.002930
284.930000 0.996000 285.276000 114.012120
285.827000 0.896000 286.184000 112.578440
286.678000 0.851000 287.042000 114.134810
287.572000 0.894000 287.922000 116.941980
288.515000 0.944000 288.862000 116.576230
289.480000 0.964000 289.831000 114.867080
290.481000 1.001000 290.843000 113.829240
291.419000 0.938000 291.763000 114.531420
292.301000 0.882000 292.652000 115.294560
293.197000 0.897000 293.545000 116.576230
294.188000 0.990000 294.531000 116.850920
295.181000 0.993000 295.531000 116.637180
296.118000 0.937000 296.485000 114.073850
297.005000 0.887000 297.363000 114.958130
297.933000 0.928000 298.283000 116.576230
298.902000 0.970000 299.244000 116.545360
299.873000 0.971000 300.241000 117.644150
300.830000 0.956000 301.193000 115.019860
301.795000 0.965000 302.153000 112.944190
302.702000 0.907000 303.053000 114.195760
303.606000 0.904000 303.943000 115.324650
304.526000 0.919000 304.872000 114.958130
305.478000 0.952000 305.817000 115.721270
306.413000 0.935000 306.750000 114.988990
307.317000 0.904000 307.659000 112.516710
308.236000 0.919000 308.572000 115.813090
309.140000 0.904000 309.480000 116.209700
310.077000 0.937000 310.432000 114.958130
310.998000 0.921000 311.341000 115.080820
311.895000 0.897000 312.241000 114.592380
312.791000 0.897000 313.156000 114.988990
313.739000 0.947000 314.069000 117.308500
314.846000 1.107000 315.198000 114.622470
315.849000 1.003000 316.231000 111.693390
316.765000 0.916000 317.158000 106.993420
317.642000 0.877000 317.980000 115.416470
318.558000 0.915000 318.920000 116.881020
319.522000 0.964000 319.858000 116.515270
320.496000 0.974000 320.846000 116.576230
321.409000 0.913000 321.758000 116.117880
322.360000 0.951000 322.729000 117.461280
323.365000 1.005000 323.726000 116.606320
324.358000 0.993000 324.728000 115.416470
325.306000 0.948000 325.647000 113.279850
326.212000 0.906000 326.556000 114.958130
327.103000 0.892000 327.434000 114.988990
328.062000 0.959000 328.414000 117.369460
329.029000 0.967000 329.378000 114.622470
329.930000 0.901000 330.275000 116.545360
330.856000 0.925000 331.228000 116.117880
331.844000 0.989000 332.211000 116.178840
332.805000 0.960000 333.176000 114.195760
333.717000 0.912000 334.064000 116.606320
334.637000 0.921000 334.963000 115.782220
335.569000 0.932000 335.926000 117.063890
336.423000 0.854000 336.763000 116.576230
337.180000 0.757000 337.554000 116.576230
337.981000 0.800000 338.343000 118.193550
338.957000 0.976000 339.287000 118.529210
339.917000 0.960000 340.265000 115.385610
340.825000 0.908000 341.184000 115.355520
341.746000 0.921000 342.092000 116.545360
342.721000 0.976000 343.065000 115.782220
343.649000 0.928000 344.011000 113.737420
344.522000 0.873000 344.872000 114.195760
345.361000 0.839000 345.733000 115.813090
346.188000 0.826000 346.531000 118.132590
347.142000 0.955000 347.477000 117.033800
348.055000 0.913000 348.420000 115.263690
348.939000 0.884000 349.271000 116.576230
349.858000 0.918000 350.233000 116.270660
350.807000 0.950000 351.162000 115.355520
351.767000 0.960000 352.135000 107.847610
352.635000 0.868000 352.984000 115.385610
353.512000 0.877000 353.851000 115.752130
354.406000 0.894000 354.738000 116.911880
355.382000 0.976000 355.727000 116.972840
356.321000 0.939000 356.666000 115.324650
357.197000 0.876000 357.528000 116.606320
358.101000 0.903000 358.440000 116.911880
359.040000 0.940000 359.370000 116.941980
360.003000 0.963000 360.339000 116.515270
360.930000 0.927000 361.282000 114.531420
361.819000 0.889000 362.183000 113.646370
362.710000 0.891000 363.061000 115.721270
363.626000 0.916000 363.960000 117.338590
364.552000 0.926000 364.909000 116.606320
365.479000 0.927000 365.848000 112.914100
366.373000 0.894000 366.728000 115.813090
367.269000 0.897000 367.628000 116.941980
368.180000 0.911000 368.531000 115.752130
369.094000 0.913000 369.437000 116.881020
370.007000 0.913000 370.356000 114.103940
370.878000 0.871000 371.249000 113.768290
371.748000 0.870000 372.089000 117.399550
372.696000 0.948000 373.033000 118.132590
373.626000 0.930000 373.979000 116.209700
374.541000 0.916000 374.889000 114.470460
375.423000 0.881000 375.777000 115.446570
376.297000 0.875000 376.627000 117.705110
377.183000 0.886000 377.516000 118.162690
378.123000 0.940000 378.469000 116.545360
379.033000 0.910000 379.388000 114.439600
379.933000 0.900000 380.275000 114.988990
380.805000 0.872000 381.168000 116.087790
381.755000 0.950000 382.083000 117.705110
382.757000 1.002000 383.146000 115.263690
383.707000 0.950000 384.057000 114.531420
384.632000 0.925000 384.978000 115.752130
385.554000 0.922000 385.902000 115.416470
386.534000 0.980000 386.866000 115.385610
387.514000 0.980000 387.851000 112.853140
388.421000 0.907000 388.763000 111.022070
389.313000 0.892000 389.646000 114.592380
390.228000 0.915000 390.566000 114.622470
391.206000 0.978000 391.543000 114.928040
392.205000 0.999000 392.553000 110.930250
393.130000 0.925000 393.473000 111.845400
394.078000 0.948000 394.426000 113.310710
395.060000 0.982000 395.393000 112.944190
396.111000 1.051000 396.454000 111.784440
397.125000 1.014000 397.471000 107.786650
398.070000 0.946000 398.445000 107.237260
398.988000 0.918000 399.351000 110.991210
399.914000 0.925000 400.249000 114.622470
400.905000 0.992000 401.253000 114.622470
401.880000 0.974000 402.233000 112.944190
402.786000 0.907000 403.152000 114.653340
403.706000 0.920000 404.038000 116.941980
404.677000 0.971000 405.031000 115.813090
405.691000 1.014000 406.031000 117.399550
406.652000 0.962000 407.020000 116.087790
407.601000 0.949000 407.950000 116.911880
408.589000 0.988000 408.918000 117.766070
409.625000 1.036000 409.959000 117.705110
410.637000 1.012000 410.979000 115.416470
411.586000 0.949000 411.931000 113.737420
412.486000 0.899000 412.832000 116.148750
413.414000 0.928000 413.740000 116.911880
414.429000 1.015000 414.772000 116.606320
415.472000 1.043000 415.821000 116.270660
416.445000 0.973000 416.809000 112.822270
417.362000 0.917000 417.720000 114.958130
418.265000 0.903000 418.622000 117.033800
419.200000 0.935000 419.550000 119.200520
420.183000 0.983000 420.519000 118.894960
421.151000 0.968000 421.528000 116.881020
422.067000 0.916000 422.400000 119.322440
423.000000 0.934000 423.344000 118.437380
424.032000 1.031000 424.379000 118.894960
425.134000 1.102000 425.479000 117.766070
426.168000 1.035000 426.558000 111.479650
427.118000 0.949000 427.459000 115.446570
428.064000 0.947000 428.430000 116.453540
429.049000 0.985000 429.387000 117.430410
430.086000 1.037000 430.424000 115.416470
431.069000 0.983000 431.409000 116.637180
432.062000 0.993000 432.395000 118.040770
433.095000 1.034000 433.429000 116.484400
434.149000 1.054000 434.490000 116.637180
435.161000 1.012000 435.535000 111.326870
436.114000 0.952000 436.464000 114.622470
437.063000 0.949000 437.404000 115.813090
438.005000 0.942000 438.348000 116.545360
438.863000 0.858000 439.247000 114.134810
439.649000 0.786000 440.032000 117.827030
440.503000 0.854000 440.843000 118.437380
441.510000 1.007000 441.845000 117.796940
442.444000 0.934000 442.784000 116.911880
443.428000 0.984000 443.766000 117.369460
444.437000 1.009000 444.772000 116.453540
445.426000 0.989000 445.773000 114.988990
446.358000 0.932000 446.727000 113.249750
447.291000 0.933000 447.626000 115.721270
448.253000 0.962000 448.592000 116.209700
449.214000 0.961000 449.543000 114.928040
450.106000 0.892000 450.451000 113.768290
450.971000 0.865000 451.334000 115.752130
451.837000 0.866000 452.202000 116.087790
452.787000 0.950000 453.166000 117.979810
453.725000 0.938000 454.072000 116.240570
454.659000 0.933000 454.992000 118.162690
455.650000 0.991000 455.982000 117.674250
456.680000 1.030000 457.031000 116.117880
457.695000 1.016000 458.053000 112.975060
458.654000 0.959000 459.000000 114.470460
459.575000 0.920000 459.930000 115.721270
460.490000 0.916000 460.853000 114.561510
461.426000 0.936000 461.772000 116.637180
462.351000 0.925000 462.692000 115.416470
463.273000 0.922000 463.628000 118.620260
464.231000 0.958000 464.569000 117.369460
465.236000 1.005000 465.571000 116.606320
466.202000 0.966000 466.549000 116.148750
467.144000 0.942000 467.485000 116.484400
468.089000 0.945000 468.429000 117.063890
469.015000 0.925000 469.348000 115.782220
469.917000 0.903000 470.269000 114.988990
470.817000 0.900000 471.190000 114.103940
471.762000 0.945000 472.158000 117.277630
472.690000 0.928000 473.016000 116.576230
473.599000 0.909000 473.932000 115.813090
474.502000 0.903000 474.850000 117.827030
475.410000 0.909000 475.749000 118.529210
476.350000 0.940000 476.689000 118.864860
477.303000 0.953000 477.650000 116.972840
478.222000 0.918000 478.567000 117.735980
479.113000 0.891000 479.456000 118.101730
480.017000 0.904000 480.350000 118.529210
480.961000 0.943000 481.328000 115.782220
481.894000 0.933000 482.230000 117.430410
482.856000 0.962000 483.190000 117.338590
483.815000 0.960000 484.173000 116.881020
484.828000 1.012000 485.208000 112.242780
485.765000 0.937000 486.149000 113.371670
486.651000 0.887000 486.988000 114.653340
487.536000 0.885000 487.875000 116.209700
488.456000 0.920000 488.786000 117.308500
489.444000 0.988000 489.788000 116.972840
490.378000 0.934000 490.728000 117.063890
491.308000 0.930000 491.646000 118.559300
492.290000 0.982000 492.654000 116.606320
493.312000 1.022000 493.647000 116.972840
494.303000 0.991000 494.654000 115.416470
495.267000 0.963000 495.627000 117.033800
496.245000 0.978000 496.589000 116.209700
497.262000 1.017000 497.613000 115.782220
498.259000 0.997000 498.607000 112.975060
499.202000 0.943000 499.552000 112.547580
500.137000 0.935000 500.486000 114.958130
501.127000 0.990000 501.474000 114.134810
502.091000 0.964000 502.427000 113.310710
503.011000 0.920000 503.368000 112.272880
503.921000 0.910000 504.263000 114.042980
504.861000 0.940000 505.225000 115.385610
505.855000 0.994000 506.208000 112.914100
506.797000 0.942000 507.153000 110.228070
507.730000 0.933000 508.072000 112.578440
508.705000 0.975000 509.052000 112.486620
509.718000 1.013000 510.050000 112.822270
510.705000 0.987000 511.042000 111.265910
511.652000 0.948000 512.026000 111.448780
512.560000 0.907000 512.932000 112.547580
513.456000 0.896000 513.802000 114.897170
514.344000 0.888000 514.683000 116.148750
515.241000 0.898000 515.581000 115.294560
516.130000 0.888000 516.471000 117.766070
517.044000 0.915000 517.382000 118.498340
518.055000 1.010000 518.389000 118.864860
519.083000 1.029000 519.431000 115.385610
520.021000 0.938000 520.370000 116.209700
520.892000 0.871000 521.239000 115.691170
521.684000 0.792000 522.038000 119.200520
522.444000 0.760000 522.804000 119.688960
523.334000 0.890000 523.671000 120.146530
524.323000 0.989000 524.666000 118.986780
525.284000 0.962000 525.628000 117.369460
526.218000 0.933000 526.569000 117.338590
527.158000 0.940000 527.511000 117.796940
528.106000 0.947000 528.445000 116.941980
529.048000 0.942000 529.388000 114.928040
529.930000 0.882000 530.268000 115.782220
530.809000 0.879000 531.170000 116.637180
531.702000 0.893000 532.044000 118.864860
532.622000 0.920000 532.967000 117.796940
533.519000 0.897000 533.859000 115.294560
534.383000 0.864000 534.705000 117.399550
535.275000 0.892000 535.629000 118.986780
536.221000 0.946000 536.565000 118.559300
537.135000 0.914000 537.476000 115.630210
538.023000 0.888000 538.357000 115.294560
538.927000 0.904000 539.265000 116.178840
539.899000 0.972000 540.238000 116.331620
540.860000 0.961000 541.229000 112.944190
541.766000 0.906000 542.166000 109.465710
542.648000 0.882000 542.990000 116.240570
543.571000 0.923000 543.938000 116.117880
544.503000 0.932000 544.847000 113.829240
545.405000 0.902000 545.748000 116.240570
546.308000 0.903000 546.667000 116.545360
547.242000 0.934000 547.573000 118.132590
548.232000 0.990000 548.574000 114.958130
549.158000 0.926000 549.535000 115.813090
550.097000 0.939000 550.447000 116.911880
551.061000 0.964000 551.403000 116.911880
552.010000 0.949000 552.366000 113.646370
552.919000 0.909000 553.267000 114.867080
553.860000 0.940000 554.216000 116.209700
554.817000 0.957000 555.176000 114.531420
555.789000 0.972000 556.151000 111.052170
556.710000 0.921000 557.069000 114.195760
557.604000 0.894000 557.935000 115.813090
558.515000 0.910000 558.865000 115.324650
559.480000 0.966000 559.843000 112.394790
560.410000 0.930000 560.764000 114.836210
561.343000 0.933000 561.693000 116.606320
562.288000 0.945000 562.670000 112.486620
563.264000 0.976000 563.632000 113.310710
564.167000 0.903000 564.541000 112.059140
565.019000 0.852000 565.371000 114.988990
565.875000 0.856000 566.241000 114.439600
566.799000 0.923000 567.136000 117.002930
567.795000 0.996000 568.149000 114.164900
568.705000 0.910000 569.056000 115.294560
569.625000 0.920000 569.967000 116.209700
570.625000 1.000000 570.972000 115.843180
571.630000 1.005000 571.969000 112.516710
572.531000 0.901000 572.882000 113.157930
573.398000 0.867000 573.732000 115.782220
574.297000 0.899000 574.639000 116.453540
575.201000 0.904000 575.551000 115.782220
576.102000 0.901000 576.449000 117.827030
577.053000 0.950000 577.401000 118.834000
578.040000 0.987000 578.380000 118.834000
579.032000 0.992000 579.387000 117.796940
580.013000 0.981000 580.349000 116.545360
580.947000 0.934000 581.297000 114.867080
581.852000 0.906000 582.224000 115.813090
582.759000 0.906000 583.097000 118.009900
583.696000 0.938000 584.028000 118.132590
584.646000 0.950000 584.976000 117.216670
585.603000 0.957000 585.950000 115.813090
586.532000 0.929000 586.884000 117.033800
587.461000 0.928000 587.798000 115.995960
588.424000 0.963000 588.759000 116.484400
589.384000 0.960000 589.730000 112.547580
590.288000 0.904000 590.627000 113.707330
591.197000 0.909000 591.546000 114.531420
592.130000 0.933000 592.468000 116.576230
593.077000 0.947000 593.437000 115.660310
593.981000 0.904000 594.348000 113.737420
594.923000 0.942000 595.268000 118.498340
595.901000 0.978000 596.243000 116.941980
596.814000 0.913000 597.192000 114.897170
597.697000 0.883000 598.034000 117.186580
598.595000 0.898000 598.924000 119.292340
599.578000 0.984000 599.935000 117.277630
600.596000 1.017000 600.935000 115.630210
601.538000 0.942000 601.886000 117.063890
602.513000 0.976000 602.866000 117.369460
603.477000 0.964000 603.825000 118.162690
604.427000 0.950000 604.785000 116.576230
605.318000 0.892000 605.665000 117.735980
606.127000 0.808000 606.492000 118.132590
606.873000 0.746000 607.224000 120.939760
607.710000 0.837000 608.048000 121.763860
608.686000 0.976000 609.051000 120.543150
609.663000 0.976000 610.026000 118.162690
610.624000 0.961000 610.965000 117.369460
611.558000 0.934000 611.903000 117.735980
612.467000 0.909000 612.832000 116.545360
613.359000 0.892000 613.731000 115.385610
614.222000 0.863000 614.565000 116.545360
615.097000 0.875000 615.443000 118.101730
615.983000 0.886000 616.344000 116.972840
616.880000 0.898000 617.203000 117.277630
617.745000 0.865000 618.103000 114.561510
618.580000 0.835000 618.924000 118.132590
619.408000 0.828000 619.750000 118.101730
620.292000 0.884000 620.631000 118.864860
621.177000 0.885000 621.530000 114.531420
622.043000 0.865000 622.389000 117.338590
622.912000 0.869000 623.264000 118.834000
623.883000 0.971000 624.223000 119.658090
624.822000 0.938000 625.189000 114.561510
625.712000 0.891000 626.049000 115.324650
626.591000 0.878000 626.929000 117.766070
627.527000 0.937000 627.863000 118.132590
628.519000 0.992000 628.848000 116.453540
629.484000 0.965000 629.829000 114.561510
630.392000 0.909000 630.739000 115.752130
631.271000 0.879000 631.622000 117.369460
632.160000 0.889000 632.500000 117.338590
633.116000 0.956000 633.459000 117.369460
634.028000 0.912000 634.367000 114.103940
634.894000 0.866000 635.228000 117.277630
635.780000 0.886000 636.144000 118.162690
636.702000 0.923000 637.047000 117.705110
637.658000 0.956000 637.997000 116.148750
638.563000 0.904000 638.905000 115.782220
639.455000 0.892000 639.798000 116.911880
640.384000 0.929000 640.725000 117.338590
641.374000 0.990000 641.747000 113.646370
642.311000 0.938000 642.657000 114.164900
643.188000 0.876000 643.519000 116.576230
644.047000 0.859000 644.379000 117.399550
644.953000 0.907000 645.298000 117.766070
645.890000 0.936000 646.249000 113.524450
646.812000 0.923000 647.165000 116.484400
647.752000 0.940000 648.085000 117.705110
648.665000 0.913000 649.016000 116.941980
649.609000 0.944000 649.940000 116.576230
650.561000 0.952000 650.936000 114.988990
651.457000 0.896000 651.823000 114.867080
652.342000 0.885000 652.677000 116.911880
653.269000 0.928000 653.617000 117.735980
654.301000 1.031000 654.656000 115.782220
655.269000 0.968000 655.635000 111.326870
656.162000 0.893000 656.522000 113.646370
657.034000 0.872000 657.374000 118.193550
657.919000 0.885000 658.261000 120.543150
658.913000 0.994000 659.256000 118.925820
659.893000 0.980000 660.256000 116.972840
660.808000 0.916000 661.173000 118.132590
661.776000 0.967000 662.162000 118.894960
662.774000 0.999000 663.160000 117.399550
663.786000 1.012000 664.140000 116.178840
664.732000 0.946000 665.075000 115.416470
665.639000 0.907000 665.979000 117.369460
666.563000 0.924000 666.914000 118.498340
667.528000 0.965000 667.865000 118.742950
668.474000 0.946000 668.841000 114.897170
669.395000 0.922000 669.754000 118.925820
670.323000 0.928000 670.661000 119.230610
671.294000 0.971000 671.633000 119.261480
672.262000 0.968000 672.614000 117.705110
673.214000 0.952000 673.558000 116.972840
674.129000 0.915000 674.474000 117.705110
675.048000 0.919000 675.373000 118.834000
675.991000 0.943000 676.333000 117.735980
676.954000 0.962000 677.292000 117.399550
677.915000 0.962000 678.259000 115.416470
