303.373000 0.730000 303.714000 116.758630
304.099000 0.726000 304.406000 115.508290
304.837000 0.738000 305.142000 117.063710
305.582000 0.744000 305.922000 113.798830
306.313000 0.732000 306.622000 117.430810
307.041000 0.728000 307.360000 121.031790
307.796000 0.754000 308.110000 120.237570
308.560000 0.764000 308.854000 121.916030
309.325000 0.766000 309.650000 120.726700
310.063000 0.738000 310.396000 123.503460
310.793000 0.730000 311.142000 126.128170
311.531000 0.738000 311.832000 127.440520
312.284000 0.752000 312.600000 127.836630
313.048000 0.764000 313.348000 127.440520
313.793000 0.746000 314.110000 124.967850
314.536000 0.742000 314.850000 125.364960
315.286000 0.750000 315.620000 124.632760
316.051000 0.766000 316.350000 128.630850
316.830000 0.778000 317.136000 128.630850
317.604000 0.774000 317.920000 126.921380
318.360000 0.756000 318.710000 126.219190
319.116000 0.756000 319.438000 126.158180
319.906000 0.790000 320.198000 128.965940
320.707000 0.802000 321.050000 123.503460
321.515000 0.808000 321.820000 127.409520
322.310000 0.794000 322.620000 126.982400
323.074000 0.764000 323.400000 127.409520
323.808000 0.734000 324.114000 127.379510
324.526000 0.718000 324.830000 128.660850
325.245000 0.720000 325.548000 128.691860
325.990000 0.744000 326.288000 128.263750
326.757000 0.768000 327.070000 124.632760
327.543000 0.786000 327.858000 124.235660
328.332000 0.788000 328.626000 127.440520
329.116000 0.784000 329.406000 127.501540
329.914000 0.798000 330.218000 127.013410
330.714000 0.800000 331.038000 124.266660
331.495000 0.782000 331.804000 125.823090
332.257000 0.762000 332.608000 122.252120
333.026000 0.768000 333.338000 122.740250
333.803000 0.778000 334.108000 125.731060
334.582000 0.778000 334.898000 123.869560
335.351000 0.770000 335.654000 123.442440
336.113000 0.762000 336.424000 122.313130
336.885000 0.772000 337.224000 123.472450
337.668000 0.782000 338.026000 119.444360
338.457000 0.790000 338.750000 121.427890
339.224000 0.766000 339.546000 117.887940
339.974000 0.750000 340.302000 119.078260
340.726000 0.752000 341.064000 121.031790
341.490000 0.764000 341.806000 121.427890
342.265000 0.776000 342.586000 117.857930
343.022000 0.756000 343.354000 117.887940
343.767000 0.746000 344.076000 120.604670
344.515000 0.748000 344.824000 121.092800
345.279000 0.764000 345.584000 122.313130
346.051000 0.772000 346.356000 122.222110
346.803000 0.752000 347.102000 123.808540
347.551000 0.748000 347.854000 124.266660
348.315000 0.764000 348.644000 122.679230
349.087000 0.772000 349.398000 124.601750
349.846000 0.758000 350.150000 125.762070
350.584000 0.738000 350.908000 127.013410
351.310000 0.726000 351.634000 126.128170
352.050000 0.740000 352.346000 127.501540
352.805000 0.756000 353.102000 128.233740
353.560000 0.754000 353.858000 127.409520
354.315000 0.756000 354.628000 122.740250
355.063000 0.748000 355.400000 123.015320
355.791000 0.728000 356.092000 126.952390
356.515000 0.724000 356.812000 127.501540
357.245000 0.730000 357.550000 127.775610
357.990000 0.744000 358.298000 123.076340
358.738000 0.748000 359.050000 125.823090
359.478000 0.740000 359.792000 125.425980
360.217000 0.740000 360.532000 122.649230
360.966000 0.748000 361.262000 126.158180
361.717000 0.752000 362.040000 125.395970
362.459000 0.742000 362.796000 126.158180
363.188000 0.728000 363.508000 130.553370
363.904000 0.716000 364.220000 128.202730
364.645000 0.742000 364.948000 130.187270
365.433000 0.788000 365.736000 129.057960
366.221000 0.788000 366.522000 129.026950
366.995000 0.774000 367.300000 128.630850
367.764000 0.768000 368.102000 125.242930
368.548000 0.784000 368.858000 125.762070
369.336000 0.788000 369.652000 124.174640
370.113000 0.778000 370.436000 123.930570
370.860000 0.746000 371.202000 124.540740
371.610000 0.750000 371.908000 126.921380
372.363000 0.754000 372.668000 127.409520
373.128000 0.764000 373.440000 122.710240
373.885000 0.758000 374.200000 126.128170
374.634000 0.748000 374.940000 123.808540
375.392000 0.758000 375.708000 122.984320
376.152000 0.760000 376.452000 124.632760
376.909000 0.758000 377.228000 119.383340
377.647000 0.738000 377.968000 119.322320
378.368000 0.720000 378.678000 123.869560
379.096000 0.728000 379.408000 122.618220
379.842000 0.746000 380.134000 125.425980
380.594000 0.752000 380.908000 124.967850
381.339000 0.746000 381.650000 121.061800
382.073000 0.734000 382.394000 123.533470
382.796000 0.722000 383.098000 123.808540
383.525000 0.730000 383.836000 121.366880
384.274000 0.748000 384.592000 124.632760
385.025000 0.752000 385.326000 126.952390
385.791000 0.766000 386.104000 127.806620
386.565000 0.774000 386.886000 125.762070
387.356000 0.790000 387.670000 128.233740
388.158000 0.802000 388.490000 124.266660
388.935000 0.778000 389.238000 127.074420
389.683000 0.748000 390.024000 121.855010
390.430000 0.746000 390.716000 128.263750
391.195000 0.766000 391.484000 129.454070
391.959000 0.764000 392.256000 128.691860
392.731000 0.772000 393.054000 126.982400
393.481000 0.750000 393.796000 129.393050
394.224000 0.742000 394.532000 128.599840
394.974000 0.750000 395.276000 128.263750
395.741000 0.768000 396.068000 123.472450
396.512000 0.770000 396.826000 124.540740
397.262000 0.750000 397.588000 126.189180
398.000000 0.738000 398.294000 128.630850
398.745000 0.746000 399.066000 125.334950
399.500000 0.754000 399.804000 126.158180
400.279000 0.780000 400.592000 128.691860
401.039000 0.760000 401.354000 129.454070
401.798000 0.758000 402.104000 128.935930
402.565000 0.768000 402.886000 125.823090
403.346000 0.780000 403.644000 128.263750
404.120000 0.774000 404.442000 124.144630
404.874000 0.754000 405.180000 126.189180
405.620000 0.746000 405.920000 129.026950
406.375000 0.756000 406.712000 127.470530
407.149000 0.774000 407.452000 128.660850
407.908000 0.758000 408.210000 129.026950
408.645000 0.738000 408.944000 129.485080
409.380000 0.734000 409.704000 130.614380
410.135000 0.756000 410.452000 128.172720
410.908000 0.772000 411.232000 126.189180
411.680000 0.772000 412.028000 129.026950
412.433000 0.754000 412.764000 125.364960
413.183000 0.750000 413.490000 129.057960
413.943000 0.760000 414.262000 127.409520
414.731000 0.788000 415.060000 129.424060
415.543000 0.812000 415.840000 128.233740
416.342000 0.798000 416.650000 124.601750
417.121000 0.780000 417.450000 124.662770
417.882000 0.760000 418.222000 128.324760
418.649000 0.768000 418.940000 127.470530
419.426000 0.776000 419.730000 127.806620
420.219000 0.794000 420.520000 126.616300
421.000000 0.780000 421.332000 124.540740
421.762000 0.762000 422.072000 126.494270
422.525000 0.764000 422.838000 127.806620
423.308000 0.782000 423.600000 126.585290
424.101000 0.794000 424.418000 122.344140
424.874000 0.772000 425.198000 119.841470
425.631000 0.758000 425.930000 124.205650
426.398000 0.766000 426.698000 120.573660
427.172000 0.774000 427.466000 123.045330
427.933000 0.762000 428.244000 117.918940
428.679000 0.746000 429.016000 114.347980
429.426000 0.746000 429.740000 119.017240
430.190000 0.764000 430.498000 118.681150
430.967000 0.778000 431.266000 122.679230
431.731000 0.764000 432.048000 121.031790
432.483000 0.752000 432.798000 123.106350
433.251000 0.768000 433.568000 120.695700
434.029000 0.778000 434.334000 123.930570
434.812000 0.782000 435.136000 123.594480
435.573000 0.762000 435.892000 123.472450
436.320000 0.746000 436.628000 128.660850
437.086000 0.766000 437.428000 127.043420
437.860000 0.774000 438.204000 125.762070
438.645000 0.786000 438.968000 125.028870
439.409000 0.764000 439.718000 128.294760
440.161000 0.752000 440.468000 128.263750
440.919000 0.758000 441.228000 128.263750
441.696000 0.776000 442.028000 125.334950
442.467000 0.772000 442.774000 128.630850
443.230000 0.762000 443.538000 128.660850
444.001000 0.772000 444.306000 129.026950
444.802000 0.800000 445.104000 128.324760
445.607000 0.806000 445.910000 128.202730
446.394000 0.786000 446.714000 123.839550
447.144000 0.750000 447.448000 128.355770
447.899000 0.756000 448.206000 129.790160
448.673000 0.774000 448.992000 121.947040
449.447000 0.774000 449.766000 129.790160
450.202000 0.754000 450.524000 130.156260
450.935000 0.734000 451.294000 126.128170
451.682000 0.746000 452.006000 129.851180
452.450000 0.768000 452.766000 126.646310
453.227000 0.778000 453.546000 128.630850
453.977000 0.750000 454.314000 130.583380
454.707000 0.730000 455.034000 129.790160
455.452000 0.744000 455.764000 130.614380
456.231000 0.780000 456.542000 129.424060
457.015000 0.784000 457.316000 129.424060
457.778000 0.762000 458.074000 123.076340
458.528000 0.750000 458.854000 126.158180
459.289000 0.762000 459.602000 130.248280
460.065000 0.776000 460.364000 130.125250
460.839000 0.774000 461.148000 129.424060
461.592000 0.752000 461.908000 129.363040
462.346000 0.754000 462.682000 127.074420
463.116000 0.770000 463.414000 129.912190
463.892000 0.776000 464.208000 129.393050
464.649000 0.758000 465.000000 128.660850
465.387000 0.738000 465.720000 123.106350
466.124000 0.736000 466.456000 127.806620
466.881000 0.758000 467.218000 129.912190
467.658000 0.776000 467.976000 125.853090
468.433000 0.776000 468.760000 126.219190
469.185000 0.752000 469.542000 124.998860
469.938000 0.752000 470.286000 125.425980
470.709000 0.772000 471.022000 125.028870
471.500000 0.790000 471.822000 126.128170
472.275000 0.776000 472.600000 129.424060
473.034000 0.758000 473.328000 129.424060
473.792000 0.758000 474.090000 129.026950
474.586000 0.794000 474.918000 123.045330
475.399000 0.814000 475.702000 128.355770
476.209000 0.810000 476.520000 127.836630
476.994000 0.784000 477.318000 123.045330
477.751000 0.758000 478.070000 123.381420
478.510000 0.758000 478.820000 127.806620
479.284000 0.774000 479.610000 118.590130
480.062000 0.778000 480.360000 125.853090
480.836000 0.774000 481.146000 124.601750
481.596000 0.760000 481.898000 124.998860
482.346000 0.750000 482.660000 121.458900
483.110000 0.764000 483.418000 123.900560
483.871000 0.762000 484.168000 123.503460
484.635000 0.764000 484.936000 123.106350
485.384000 0.748000 485.718000 119.048250
486.135000 0.752000 486.448000 125.395970
486.916000 0.780000 487.214000 126.555280
487.709000 0.794000 488.036000 124.632760
488.483000 0.774000 488.806000 121.061800
489.245000 0.762000 489.554000 122.649230
490.004000 0.758000 490.328000 125.425980
490.775000 0.772000 491.092000 123.472450
491.560000 0.784000 491.854000 126.128170
492.330000 0.770000 492.636000 126.311220
493.077000 0.748000 493.396000 126.128170
493.837000 0.760000 494.148000 123.533470
494.613000 0.776000 494.926000 122.618220
495.416000 0.802000 495.728000 122.344140
496.193000 0.778000 496.526000 126.158180
496.947000 0.754000 497.234000 127.409520
497.706000 0.758000 498.034000 125.731060
498.486000 0.780000 498.790000 127.043420
499.289000 0.804000 499.614000 129.454070
500.077000 0.788000 500.406000 128.996950
500.847000 0.770000 501.134000 129.424060
501.644000 0.796000 501.952000 129.485080
502.450000 0.806000 502.756000 129.026950
503.238000 0.788000 503.554000 127.409520
504.012000 0.774000 504.324000 129.087970
504.803000 0.792000 505.110000 129.393050
505.600000 0.796000 505.904000 129.118980
506.378000 0.778000 506.690000 128.630850
507.134000 0.756000 507.454000 128.630850
507.890000 0.756000 508.188000 127.897650
508.648000 0.758000 508.972000 127.775610
509.408000 0.760000 509.702000 126.219190
510.142000 0.734000 510.442000 126.982400
510.861000 0.720000 511.204000 119.078260
511.572000 0.710000 511.870000 129.790160
512.318000 0.746000 512.634000 128.324760
513.086000 0.768000 513.424000 126.555280
513.866000 0.780000 514.198000 123.106350
514.641000 0.776000 514.944000 127.440520
515.423000 0.782000 515.734000 127.409520
516.217000 0.794000 516.540000 126.585290
517.029000 0.812000 517.328000 126.250200
517.833000 0.804000 518.140000 122.740250
518.607000 0.774000 518.920000 121.855010
519.361000 0.754000 519.702000 121.855010
520.118000 0.756000 520.428000 124.967850
520.901000 0.784000 521.204000 124.662770
521.712000 0.810000 522.020000 121.916030
522.507000 0.796000 522.812000 123.045330
523.279000 0.772000 523.618000 121.855010
524.029000 0.750000 524.330000 122.222110
524.757000 0.728000 525.092000 120.237570
525.484000 0.726000 525.798000 120.695700
526.244000 0.760000 526.552000 123.930570
527.029000 0.786000 527.324000 122.344140
527.820000 0.790000 528.130000 121.488910
528.610000 0.790000 528.912000 121.427890
529.378000 0.768000 529.700000 121.916030
530.145000 0.768000 530.448000 119.810460
530.928000 0.782000 531.234000 121.886020
531.707000 0.780000 532.038000 116.667610
532.471000 0.764000 532.802000 119.444360
533.209000 0.738000 533.510000 121.855010
533.933000 0.724000 534.234000 124.266660
534.664000 0.730000 534.952000 127.043420
535.408000 0.744000 535.728000 128.599840
536.164000 0.756000 536.470000 128.630850
536.888000 0.724000 537.200000 129.424060
537.573000 0.686000 537.918000 124.235660
538.260000 0.686000 538.606000 128.324760
538.964000 0.704000 539.318000 128.660850
539.676000 0.712000 539.996000 130.675400
540.582000 0.906000 540.892000 127.043420
541.405000 0.824000 541.716000 128.324760
542.186000 0.780000 542.492000 129.393050
542.933000 0.748000 543.256000 125.028870
543.696000 0.762000 544.048000 128.599840
544.457000 0.762000 544.778000 126.128170
545.216000 0.758000 545.534000 128.630850
545.966000 0.750000 546.268000 130.583380
546.703000 0.738000 547.026000 129.881180
547.456000 0.752000 547.752000 130.919470
548.236000 0.780000 548.544000 127.775610
549.034000 0.798000 549.344000 127.470530
549.799000 0.766000 550.104000 130.217280
550.552000 0.752000 550.852000 130.156260
551.312000 0.760000 551.616000 130.583380
552.087000 0.776000 552.394000 130.156260
552.866000 0.778000 553.168000 129.851180
553.620000 0.754000 553.922000 130.980480
554.363000 0.744000 554.694000 127.867640
555.125000 0.762000 555.426000 129.851180
555.906000 0.780000 556.224000 129.881180
556.692000 0.786000 557.026000 129.454070
557.457000 0.766000 557.800000 125.364960
558.231000 0.774000 558.540000 128.630850
559.029000 0.798000 559.322000 128.294760
559.846000 0.816000 560.164000 128.233740
560.625000 0.780000 560.926000 127.836630
561.398000 0.772000 561.694000 129.026950
562.164000 0.766000 562.464000 128.691860
562.933000 0.770000 563.244000 130.217280
563.721000 0.788000 564.050000 129.393050
564.504000 0.782000 564.830000 127.318490
565.275000 0.772000 565.596000 126.311220
566.039000 0.764000 566.340000 129.424060
566.848000 0.808000 567.174000 128.263750
567.714000 0.866000 568.042000 124.662770
568.568000 0.854000 568.920000 119.749440
569.366000 0.798000 569.700000 125.823090
570.144000 0.778000 570.460000 122.283130
570.916000 0.772000 571.240000 122.954310
571.692000 0.776000 572.018000 126.555280
572.481000 0.790000 572.820000 119.383340
573.252000 0.770000 573.570000 123.442440
574.005000 0.754000 574.320000 124.479720
574.772000 0.766000 575.110000 126.189180
575.582000 0.810000 575.910000 128.691860
576.419000 0.838000 576.732000 124.266660
577.240000 0.820000 577.560000 124.205650
578.024000 0.784000 578.328000 127.470530
578.777000 0.754000 579.110000 128.294760
579.515000 0.738000 579.820000 128.965940
580.265000 0.750000 580.570000 128.691860
581.029000 0.764000 581.328000 128.691860
581.827000 0.798000 582.120000 127.775610
582.610000 0.782000 582.926000 124.296670
583.366000 0.756000 583.662000 127.867640
584.108000 0.742000 584.410000 127.470530
584.863000 0.756000 585.198000 123.808540
585.640000 0.776000 585.958000 123.076340
586.429000 0.790000 586.726000 126.982400
587.204000 0.774000 587.496000 126.982400
587.959000 0.756000 588.288000 125.059880
588.719000 0.760000 589.040000 126.616300
589.502000 0.782000 589.816000 123.442440
590.312000 0.810000 590.616000 126.585290
591.113000 0.802000 591.420000 124.937850
591.898000 0.784000 592.206000 119.810460
592.648000 0.750000 592.944000 123.900560
593.384000 0.736000 593.726000 121.427890
594.121000 0.738000 594.424000 126.219190
594.873000 0.752000 595.194000 125.028870
595.658000 0.784000 595.966000 127.409520
596.429000 0.772000 596.736000 127.836630
597.197000 0.768000 597.518000 124.540740
598.007000 0.810000 598.314000 127.745610
598.837000 0.830000 599.158000 124.113620
599.661000 0.824000 600.020000 123.533470
600.459000 0.798000 600.794000 127.409520
601.221000 0.762000 601.536000 127.379510
601.969000 0.748000 602.262000 127.440520
602.721000 0.752000 603.054000 127.806620
603.486000 0.764000 603.794000 129.820170
604.265000 0.780000 604.594000 127.531550
605.050000 0.784000 605.362000 130.614380
605.842000 0.792000 606.154000 130.125250
606.671000 0.830000 607.018000 122.771260
607.517000 0.846000 607.834000 124.967850
608.368000 0.850000 608.670000 126.555280
609.176000 0.808000 609.506000 127.440520
609.946000 0.770000 610.284000 126.585290
610.689000 0.744000 611.002000 129.087970
611.428000 0.738000 611.732000 130.980480
612.182000 0.754000 612.504000 130.980480
612.914000 0.732000 613.222000 126.158180
613.598000 0.684000 613.904000 129.087970
614.244000 0.646000 614.562000 128.263750
614.880000 0.636000 615.188000 127.440520
615.558000 0.678000 615.874000 125.364960
616.293000 0.736000 616.614000 125.823090
616.995000 0.702000 617.294000 124.601750
617.692000 0.696000 618.034000 124.571750
618.394000 0.702000 618.734000 123.106350
619.149000 0.756000 619.454000 121.947040
619.894000 0.744000 620.200000 123.808540
620.682000 0.788000 621.032000 125.028870
621.418000 0.736000 621.742000 120.207560
622.166000 0.748000 622.492000 124.662770
622.873000 0.708000 623.192000 123.869560
623.572000 0.698000 623.872000 125.089890
624.277000 0.706000 624.600000 119.780450
625.045000 0.768000 625.352000 123.045330
625.795000 0.750000 626.100000 123.076340
626.613000 0.818000 626.922000 126.128170
627.322000 0.708000 627.618000 124.571750
628.065000 0.744000 628.390000 126.555280
628.805000 0.740000 629.116000 125.731060
629.661000 0.856000 629.970000 123.533470
630.491000 0.830000 630.790000 124.296670
631.255000 0.764000 631.570000 125.364960
632.010000 0.754000 632.310000 125.762070
632.755000 0.746000 633.068000 123.442440
633.545000 0.790000 633.860000 123.015320
634.323000 0.778000 634.638000 125.303940
635.068000 0.744000 635.376000 126.158180
635.785000 0.718000 636.112000 126.158180
636.580000 0.794000 636.888000 127.470530
637.396000 0.816000 637.708000 123.900560
638.236000 0.840000 638.556000 124.967850
638.987000 0.752000 639.288000 127.470530
639.721000 0.734000 640.048000 123.778530
640.522000 0.800000 640.830000 124.998860
641.343000 0.822000 641.658000 125.364960
642.151000 0.808000 642.468000 125.395970
642.939000 0.788000 643.258000 124.906840
643.664000 0.724000 644.006000 127.928660
644.373000 0.710000 644.686000 125.395970
645.130000 0.756000 645.424000 129.393050
645.923000 0.794000 646.226000 129.026950
646.762000 0.838000 647.098000 126.555280
647.543000 0.782000 647.846000 128.263750
648.269000 0.726000 648.590000 126.646310
649.034000 0.764000 649.336000 128.996950
649.827000 0.794000 650.154000 125.334950
650.606000 0.778000 650.904000 127.867640
651.337000 0.732000 651.664000 127.013410
652.058000 0.720000 652.402000 125.395970
652.798000 0.740000 653.104000 125.364960
653.593000 0.796000 653.896000 129.026950
654.371000 0.778000 654.682000 122.740250
655.093000 0.722000 655.402000 127.531550
655.813000 0.720000 656.126000 127.867640
656.573000 0.760000 656.876000 128.202730
657.346000 0.772000 657.664000 123.533470
658.087000 0.742000 658.396000 125.762070
658.789000 0.702000 659.102000 127.470530
659.469000 0.680000 659.802000 127.379510
660.182000 0.712000 660.514000 124.998860
660.949000 0.768000 661.252000 129.424060
661.719000 0.770000 662.042000 127.013410
662.467000 0.748000 662.802000 127.379510
663.193000 0.726000 663.514000 127.836630
663.949000 0.756000 664.252000 129.026950
664.737000 0.788000 665.074000 124.235660
665.525000 0.788000 665.834000 127.409520
666.260000 0.734000 666.562000 127.867640
666.979000 0.720000 667.322000 121.886020
667.686000 0.706000 668.022000 128.294760
668.474000 0.788000 668.780000 129.881180
669.265000 0.792000 669.602000 125.792080
670.053000 0.788000 670.414000 125.059880
670.788000 0.734000 671.102000 128.263750
671.641000 0.854000 671.948000 128.630850
672.474000 0.832000 672.780000 127.104430
673.318000 0.844000 673.632000 126.158180
674.096000 0.778000 674.424000 121.366880
674.827000 0.732000 675.152000 126.189180
675.630000 0.802000 675.942000 123.442440
676.411000 0.782000 676.716000 124.998860
677.193000 0.782000 677.542000 124.571750
677.946000 0.752000 678.262000 124.235660
678.689000 0.744000 678.998000 125.884100
679.519000 0.830000 679.838000 127.440520
680.340000 0.820000 680.652000 127.379510
681.151000 0.812000 681.490000 123.869560
681.929000 0.778000 682.242000 127.104430
682.686000 0.756000 683.016000 121.122810
683.438000 0.752000 683.748000 127.409520
684.178000 0.740000 684.496000 127.440520
684.878000 0.700000 685.198000 127.867640
685.610000 0.732000 685.912000 129.026950
686.438000 0.828000 686.748000 126.494270
687.244000 0.806000 687.548000 128.172720
688.034000 0.790000 688.336000 128.630850
688.803000 0.770000 689.116000 128.660850
689.582000 0.778000 689.896000 128.630850
690.348000 0.766000 690.644000 127.867640
691.123000 0.776000 691.426000 128.141710
691.888000 0.764000 692.206000 127.440520
692.634000 0.746000 692.938000 125.395970
693.388000 0.754000 693.704000 124.266660
694.161000 0.774000 694.464000 128.996950
694.946000 0.784000 695.264000 124.571750
695.716000 0.770000 696.046000 128.569830
696.476000 0.760000 696.790000 129.026950
697.240000 0.764000 697.542000 128.569830
698.032000 0.792000 698.336000 128.599840
698.825000 0.794000 699.144000 124.571750
699.600000 0.774000 699.906000 128.599840
700.378000 0.778000 700.714000 122.405160
701.186000 0.808000 701.506000 127.745610
702.002000 0.816000 702.308000 127.409520
702.805000 0.804000 703.124000 127.409520
703.593000 0.788000 703.914000 124.662770
704.358000 0.764000 704.662000 129.454070
705.131000 0.774000 705.426000 129.424060
705.918000 0.786000 706.232000 129.057960
706.697000 0.780000 707.024000 124.998860
707.454000 0.756000 707.774000 127.806620
708.207000 0.754000 708.524000 126.555280
708.971000 0.764000 709.276000 127.440520
709.741000 0.770000 710.074000 120.665690
710.500000 0.758000 710.816000 122.283130
711.244000 0.744000 711.556000 123.900560
711.986000 0.742000 712.324000 120.176560
712.757000 0.772000 713.078000 124.266660
713.550000 0.792000 713.864000 125.762070
714.332000 0.782000 714.654000 122.313130
715.098000 0.766000 715.402000 126.250200
715.868000 0.770000 716.188000 126.280210
716.648000 0.780000 716.962000 123.778530
717.423000 0.776000 717.744000 123.411430
718.182000 0.758000 718.486000 121.977040
718.919000 0.738000 719.242000 125.701050
719.658000 0.738000 719.968000 127.775610
720.419000 0.762000 720.732000 124.998860
721.204000 0.784000 721.512000 128.660850
722.004000 0.800000 722.314000 127.379510
722.775000 0.772000 723.086000 119.841470
723.524000 0.748000 723.852000 127.958660
724.279000 0.756000 724.606000 129.087970
725.043000 0.764000 725.352000 130.248280
725.832000 0.788000 726.184000 127.897650
726.608000 0.776000 726.910000 129.424060
727.378000 0.770000 727.712000 123.869560
728.161000 0.784000 728.470000 129.057960
728.956000 0.794000 729.262000 128.630850
729.755000 0.800000 730.070000 126.097160
730.534000 0.778000 730.862000 121.458900
731.305000 0.772000 731.608000 125.762070
732.082000 0.776000 732.424000 116.758630
732.853000 0.772000 733.160000 124.998860
733.623000 0.770000 733.932000 126.524280
734.384000 0.760000 734.700000 125.395970
735.140000 0.756000 735.442000 129.485080
735.916000 0.776000 736.218000 129.851180
736.719000 0.804000 737.052000 126.158180
737.512000 0.792000 737.806000 128.996950
738.279000 0.768000 738.610000 123.472450
739.048000 0.768000 739.366000 125.731060
739.818000 0.770000 740.138000 126.158180
740.593000 0.776000 740.908000 126.982400
741.356000 0.762000 741.660000 129.851180
742.106000 0.750000 742.420000 130.278290
742.868000 0.762000 743.178000 126.219190
743.634000 0.766000 743.950000 126.189180
744.381000 0.748000 744.730000 123.472450
745.121000 0.740000 745.428000 130.492350
745.868000 0.746000 746.206000 127.013410
746.618000 0.750000 746.916000 129.851180
747.380000 0.762000 747.696000 129.881180
748.138000 0.758000 748.450000 130.248280
748.878000 0.740000 749.204000 129.790160
749.623000 0.746000 749.948000 128.172720
750.381000 0.758000 750.704000 129.393050
751.154000 0.772000 751.476000 126.585290
751.928000 0.774000 752.238000 127.470530
752.679000 0.752000 752.996000 116.758630
753.409000 0.730000 753.718000 128.263750
754.140000 0.730000 754.444000 128.660850
754.878000 0.738000 755.188000 127.836630
755.630000 0.752000 755.936000 127.013410
756.371000 0.742000 756.698000 123.533470
757.098000 0.726000 757.394000 127.440520
757.833000 0.736000 758.146000 123.778530
758.582000 0.748000 758.914000 127.501540
759.348000 0.766000 759.676000 121.825000
760.103000 0.756000 760.434000 125.792080
760.837000 0.734000 761.154000 126.616300
761.545000 0.708000 761.834000 126.189180
762.274000 0.728000 762.574000 126.189180
762.995000 0.722000 763.316000 121.916030
763.669000 0.674000 763.996000 124.693780
764.323000 0.654000 764.642000 126.097160
764.943000 0.620000 765.242000 126.982400
765.555000 0.612000 765.852000 128.263750
766.173000 0.618000 766.492000 129.912190
766.798000 0.624000 767.106000 130.156260
767.421000 0.624000 767.744000 131.346580
768.092000 0.670000 768.432000 129.881180
768.842000 0.750000 769.146000 127.806620
769.606000 0.764000 769.924000 126.067150
770.330000 0.724000 770.652000 124.632760
771.077000 0.748000 771.404000 128.263750
771.767000 0.690000 772.112000 125.762070
772.462000 0.694000 772.812000 125.059880
773.182000 0.720000 773.498000 123.900560
773.979000 0.798000 774.286000 129.912190
774.741000 0.762000 775.090000 123.167370
775.490000 0.748000 775.814000 125.364960
776.216000 0.726000 776.534000 124.998860
777.217000 1.002000 777.532000 128.996950
778.068000 0.850000 778.410000 117.918940
778.863000 0.796000 779.170000 125.334950
779.625000 0.762000 779.930000 126.555280
780.388000 0.762000 780.702000 127.013410
781.169000 0.782000 781.472000 126.189180
781.994000 0.824000 782.290000 124.693780
782.798000 0.804000 783.110000 124.266660
783.573000 0.776000 783.900000 123.839550
784.360000 0.786000 784.662000 123.076340
785.146000 0.786000 785.450000 123.594480
785.926000 0.780000 786.236000 123.839550
786.696000 0.770000 787.032000 119.749440
787.462000 0.766000 787.758000 125.486990
788.236000 0.774000 788.538000 125.334950
789.025000 0.790000 789.330000 123.900560
789.793000 0.768000 790.122000 119.383340
790.538000 0.744000 790.850000 120.726700
791.284000 0.746000 791.608000 124.662770
792.039000 0.756000 792.350000 121.488910
792.815000 0.776000 793.142000 122.649230
793.583000 0.768000 793.912000 123.869560
794.343000 0.760000 794.660000 124.967850
795.135000 0.792000 795.448000 124.998860
795.954000 0.818000 796.274000 125.395970
796.775000 0.822000 797.088000 126.585290
797.570000 0.794000 797.910000 121.488910
798.343000 0.774000 798.676000 124.998860
799.123000 0.780000 799.428000 129.454070
799.908000 0.784000 800.206000 129.454070
800.696000 0.788000 801.028000 129.485080
801.477000 0.782000 801.806000 129.424060
802.264000 0.786000 802.566000 129.057960
803.092000 0.828000 803.406000 128.691860
803.939000 0.848000 804.258000 123.747520
804.757000 0.818000 805.098000 122.923300
805.550000 0.792000 805.858000 127.074420
806.333000 0.784000 806.638000 126.524280
807.117000 0.784000 807.444000 121.153820
807.898000 0.780000 808.218000 123.900560
808.658000 0.760000 808.966000 124.266660
809.412000 0.754000 809.704000 123.900560
810.172000 0.760000 810.478000 123.503460
810.952000 0.780000 811.252000 124.144630
811.721000 0.770000 812.056000 117.491830
812.487000 0.766000 812.796000 123.472450
813.269000 0.782000 813.580000 125.792080
814.069000 0.800000 814.382000 126.250200
814.861000 0.792000 815.196000 125.028870
815.640000 0.778000 815.944000 127.013410
816.442000 0.802000 816.746000 127.409520
817.244000 0.802000 817.556000 126.982400
818.035000 0.792000 818.340000 126.616300
818.799000 0.764000 819.126000 129.454070
819.553000 0.754000 819.886000 128.324760
820.327000 0.774000 820.622000 129.820170
821.134000 0.806000 821.456000 126.158180
821.928000 0.794000 822.240000 128.660850
822.699000 0.772000 823.042000 125.334950
823.494000 0.794000 823.792000 128.630850
824.313000 0.820000 824.634000 129.393050
825.149000 0.836000 825.458000 128.996950
825.970000 0.820000 826.280000 128.599840
826.758000 0.788000 827.094000 125.731060
827.562000 0.804000 827.872000 128.263750
828.361000 0.800000 828.680000 127.074420
829.134000 0.772000 829.454000 125.731060
829.878000 0.744000 830.218000 126.585290
830.610000 0.732000 830.918000 123.503460
831.327000 0.718000 831.620000 127.043420
832.024000 0.696000 832.342000 125.731060
832.664000 0.640000 833.018000 125.425980
833.306000 0.642000 833.612000 129.026950
834.005000 0.700000 834.336000 127.806620
834.689000 0.684000 835.020000 129.026950
835.428000 0.738000 835.730000 129.454070
836.261000 0.834000 836.560000 129.393050
837.080000 0.818000 837.402000 126.982400
837.809000 0.730000 838.138000 121.488910
