1.567000 1.006000 1.851000 100.067900
2.547000 0.980000 2.831000 78.976103
3.458000 0.911000 3.721000 78.751142
4.445000 0.987000 4.721000 79.346158
5.454000 1.010000 5.721000 77.437314
6.380000 0.926000 6.651000 74.010978
7.320000 0.939000 7.591000 74.427623
8.216000 0.897000 8.521000 76.010340
9.049000 0.832000 9.341000 76.381726
9.909000 0.861000 10.181000 77.762110
10.732000 0.823000 11.011000 79.077269
11.543000 0.810000 11.811000 80.480283
12.362000 0.819000 12.640000 80.996763
13.188000 0.826000 13.471000 81.806092
14.044000 0.855000 14.301000 82.547532
14.857000 0.813000 15.141000 82.244034
15.681000 0.824000 15.951000 81.244354
16.501000 0.820000 16.771000 80.694596
17.262000 0.761000 17.551000 81.851350
18.014000 0.752000 18.281000 82.457015
18.748000 0.734000 19.021000 82.524903
19.472000 0.724000 19.761000 85.736926
20.173000 0.701000 20.461000 85.298984
20.868000 0.694000 21.171000 81.570481
21.563000 0.695000 21.831000 82.097610
22.293000 0.730000 22.551000 80.548171
23.054000 0.761000 23.321000 78.761791
23.805000 0.751000 24.071000 77.683574
24.567000 0.762000 24.831000 76.516170
25.323000 0.755000 25.591000 75.673563
26.097000 0.774000 26.351000 75.224971
26.860000 0.763000 27.131000 73.967051
27.618000 0.758000 27.881000 75.448602
28.390000 0.773000 28.651000 75.146435
29.152000 0.762000 29.421000 75.842617
29.918000 0.765000 30.181000 76.134135
30.675000 0.758000 30.941000 75.921154
31.445000 0.770000 31.711000 75.987710
32.258000 0.813000 32.531000 75.370065
33.083000 0.826000 33.351000 74.719141
33.879000 0.796000 34.151000 74.258569
34.692000 0.813000 34.971000 73.865885
35.524000 0.831000 35.791000 73.461221
36.353000 0.829000 36.621000 72.967370
37.146000 0.793000 37.421000 72.820946
37.907000 0.762000 38.181000 73.550406
38.683000 0.776000 38.951000 73.977700
39.464000 0.781000 39.761000 73.686182
40.261000 0.797000 40.540000 74.370384
41.081000 0.820000 41.351000 75.045268
41.889000 0.808000 42.171000 74.764399
42.657000 0.768000 42.931000 75.123805
43.438000 0.781000 43.741000 75.382045
44.214000 0.776000 44.491000 75.045268
44.991000 0.777000 45.261000 74.842936
45.740000 0.748000 46.041000 73.955071
46.495000 0.755000 46.781000 73.843256
47.262000 0.767000 47.531000 73.258888
48.034000 0.772000 48.321000 73.663553
48.775000 0.741000 49.061000 72.674521
49.527000 0.752000 49.801000 72.607965
50.296000 0.769000 50.571000 72.506798
51.064000 0.768000 51.331000 72.428262
51.831000 0.767000 52.091000 71.596304
52.582000 0.751000 52.841000 71.304786
53.369000 0.787000 53.651000 70.990638
54.149000 0.780000 54.421000 70.900121
54.945000 0.796000 55.251000 70.653862
55.709000 0.764000 55.991000 70.451530
56.447000 0.737000 56.731000 69.855182
57.163000 0.717000 57.431000 69.889792
57.871000 0.707000 58.181000 69.776645
58.560000 0.689000 58.821000 69.923070
59.243000 0.683000 59.521000 69.687459
59.968000 0.725000 60.241000 69.103092
60.713000 0.745000 60.981000 68.351002
61.505000 0.792000 61.761000 67.946338
62.326000 0.821000 62.591000 62.038771
63.152000 0.826000 63.421000 61.555570
63.950000 0.797000 64.201000 60.814129
64.764000 0.815000 65.031000 60.657055
65.606000 0.841000 65.871000 60.623777
66.435000 0.829000 66.711000 60.780850
67.237000 0.802000 67.501000 60.590498
68.066000 0.828000 68.331000 60.780850
68.873000 0.808000 69.161000 60.770201
69.652000 0.779000 69.921000 61.218793
70.456000 0.804000 70.731000 61.443755
71.280000 0.824000 71.571000 61.859068
72.075000 0.794000 72.341000 61.634106
72.860000 0.785000 73.171000 61.926956
73.680000 0.820000 73.951000 62.028122
74.484000 0.803000 74.751000 62.454084
75.276000 0.793000 75.561000 62.521972
76.128000 0.852000 76.391000 62.241103
76.960000 0.832000 77.231000 61.926956
77.760000 0.800000 78.051000 61.375867
78.591000 0.831000 78.901000 61.005812
79.424000 0.832000 79.701000 59.791819
80.203000 0.779000 80.501000 59.332578
80.983000 0.779000 81.241000 59.118266
81.743000 0.760000 82.011000 59.118266
82.472000 0.729000 82.751000 59.332578
83.243000 0.772000 83.521000 58.826748
84.014000 0.770000 84.291000 58.938563
84.826000 0.812000 85.110000 58.533898
85.685000 0.859000 85.941000 58.434063
86.522000 0.837000 86.801000 57.872325
87.373000 0.851000 87.651000 57.254680
88.266000 0.893000 88.541000 57.232051
89.147000 0.881000 89.431000 56.804757
89.971000 0.825000 90.241000 56.794108
90.772000 0.800000 91.041000 56.579796
91.596000 0.825000 91.881000 56.794108
92.466000 0.870000 92.741000 56.478630
93.282000 0.816000 93.551000 56.579796
94.111000 0.829000 94.531000 56.838035
94.966000 0.855000 95.241000 56.333536
95.777000 0.811000 96.081000 56.220390
96.602000 0.825000 97.031000 56.490610
97.454000 0.852000 97.721000 56.951182
98.255000 0.802000 98.541000 57.040368
99.032000 0.777000 99.301000 56.614405
99.835000 0.803000 100.101000 56.703591
100.663000 0.828000 100.941000 56.164482
101.443000 0.780000 101.721000 55.468300
102.212000 0.769000 102.481000 55.569466
103.001000 0.788000 103.271000 55.119543
103.822000 0.822000 104.081000 54.704230
104.607000 0.785000 104.861000 54.648322
105.389000 0.782000 105.661000 54.210379
106.196000 0.807000 106.451000 54.288916
107.018000 0.822000 107.331000 54.063955
107.810000 0.792000 108.091000 53.739158
108.598000 0.788000 108.891000 53.637992
109.435000 0.837000 109.711000 53.739158
110.256000 0.822000 110.521000 53.840325
111.010000 0.754000 111.291000 53.727178
111.771000 0.761000 112.041000 54.782766
112.557000 0.786000 112.821000 54.772117
113.340000 0.784000 113.601000 55.367134
114.166000 0.826000 114.441000 56.546517
114.989000 0.823000 115.271000 56.872645
115.797000 0.808000 116.051000 56.703591
116.650000 0.853000 116.911000 58.040048
117.491000 0.841000 117.761000 57.141534
118.287000 0.796000 118.571000 56.973811
119.151000 0.864000 119.431000 56.984460
120.051000 0.900000 120.321000 56.434702
120.943000 0.892000 121.231000 55.423041
121.729000 0.785000 122.001000 55.435021
122.512000 0.783000 122.801000 54.985099
123.310000 0.799000 123.581000 54.154472
124.197000 0.887000 124.461000 54.569785
125.111000 0.913000 125.361000 54.625693
126.028000 0.917000 126.301000 54.693581
126.936000 0.908000 127.211000 53.962789
127.798000 0.862000 128.091000 53.817695
128.677000 0.879000 128.941000 53.603383
129.619000 0.942000 130.051000 54.569785
130.514000 0.895000 130.791000 55.637354
131.380000 0.866000 131.651000 55.220709
132.214000 0.833000 132.491000 52.963108
132.991000 0.778000 133.271000 54.221028
133.784000 0.793000 134.031000 51.548114
134.604000 0.820000 134.870000 50.907839
135.467000 0.863000 135.841000 51.526816
136.302000 0.834000 136.731000 52.503867
137.125000 0.823000 137.401000 52.593053
137.934000 0.809000 138.231000 51.279225
138.689000 0.755000 138.961000 50.122471
139.470000 0.781000 139.741000 48.718126
140.265000 0.795000 140.531000 47.943407
141.042000 0.776000 141.351000 49.054902
141.781000 0.739000 142.041000 49.145419
142.534000 0.753000 142.811000 49.122790
143.295000 0.760000 143.541000 47.505464
144.038000 0.744000 144.301000 47.022263
144.819000 0.781000 145.081000 46.797301
145.551000 0.732000 145.801000 48.751404
146.285000 0.734000 146.701000 46.708115
147.004000 0.719000 147.281000 47.741074
147.764000 0.760000 148.021000 47.606630
148.594000 0.831000 148.851000 47.191317
149.538000 0.944000 149.811000 44.686125
150.379000 0.840000 150.631000 44.023221
151.201000 0.822000 151.451000 43.619888
152.016000 0.815000 152.291000 43.787610
152.871000 0.856000 153.151000 43.496092
153.787000 0.916000 154.051000 42.653485
154.717000 0.930000 154.991000 42.451153
155.596000 0.879000 155.861000 42.203562
156.471000 0.875000 156.731000 41.979932
157.404000 0.934000 157.661000 42.945003
158.371000 0.966000 158.641000 43.585278
159.331000 0.960000 159.611000 42.023859
160.243000 0.912000 160.561000 42.799910
161.189000 0.947000 161.441000 43.461483
162.185000 0.995000 162.441000 43.428204
163.118000 0.934000 163.411000 44.281461
164.021000 0.902000 164.311000 45.573990
164.869000 0.848000 165.151000 46.730745
165.652000 0.783000 165.941000 47.381669
166.558000 0.907000 166.831000 47.404298
167.537000 0.978000 167.811000 46.988984
168.449000 0.912000 168.721000 46.652208
169.406000 0.957000 169.701000 46.594969
170.399000 0.993000 170.701000 45.022901
171.345000 0.946000 171.641000 44.518402
172.280000 0.935000 172.551000 44.225553
173.275000 0.995000 173.551000 43.719723
174.276000 1.001000 174.551000 43.820889
175.203000 0.927000 175.471000 43.080779
176.133000 0.930000 176.411000 43.091428
177.095000 0.962000 177.381000 42.855817
178.024000 0.929000 178.291000 42.484431
178.881000 0.857000 179.151000 42.091747
179.727000 0.846000 180.011000 42.226192
180.597000 0.870000 180.861000 42.451153
181.434000 0.837000 181.711000 42.170284
182.281000 0.847000 182.561000 42.507061
183.226000 0.945000 183.511000 42.170284
184.217000 0.991000 184.501000 41.182584
185.135000 0.918000 185.431000 40.687402
186.019000 0.884000 186.291000 41.215862
186.889000 0.870000 187.171000 41.643156
187.720000 0.831000 188.001000 41.967952
188.577000 0.857000 188.891000 42.170284
189.503000 0.926000 189.761000 42.777281
190.473000 0.970000 190.751000 42.529690
191.403000 0.930000 191.681000 42.192913
192.397000 0.994000 192.671000 41.530009
193.425000 1.028000 193.711000 41.496731
194.416000 0.991000 194.741000 41.137325
195.384000 0.969000 195.661000 40.664773
196.331000 0.946000 196.621000 40.272089
197.325000 0.994000 197.611000 39.902034
198.279000 0.954000 198.571000 40.193552
199.179000 0.900000 199.451000 40.148294
200.167000 0.988000 200.441000 39.834146
201.188000 1.022000 201.461000 39.654443
202.166000 0.978000 202.621000 39.295037
203.136000 0.970000 203.411000 38.576226
204.140000 1.004000 204.411000 37.834785
205.078000 0.938000 205.381000 37.351584
206.054000 0.976000 206.521000 37.105324
207.044000 0.990000 207.331000 37.553916
207.971000 0.927000 208.261000 37.475379
208.835000 0.864000 209.221000 36.599494
209.717000 0.882000 209.991000 36.453069
210.623000 0.906000 211.051000 36.678031
211.445000 0.823000 211.711000 36.285346
212.222000 0.777000 212.621000 36.363883
213.071000 0.849000 213.491000 36.386512
213.897000 0.826000 214.191000 36.409142
214.829000 0.932000 215.231000 35.353554
215.789000 0.960000 216.101000 35.173851
216.723000 0.934000 216.991000 34.959538
217.696000 0.973000 217.971000 34.083653
218.629000 0.933000 218.901000 33.836062
219.498000 0.869000 219.781000 33.701618
220.413000 0.916000 220.681000 33.241046
221.338000 0.925000 221.631000 33.038714
222.193000 0.855000 222.461000 33.083972
223.092000 0.899000 223.541000 33.129231
223.951000 0.859000 224.241000 33.296953
224.762000 0.810000 225.021000 33.600452
225.582000 0.821000 225.861000 34.151541
226.483000 0.900000 226.741000 33.858691
227.394000 0.911000 227.661000 33.757525
228.291000 0.897000 228.551000 33.825413
229.205000 0.914000 229.461000 33.600452
230.128000 0.923000 230.451000 33.858691
230.986000 0.858000 231.251000 33.577822
231.881000 0.894000 232.151000 33.612432
232.838000 0.958000 233.101000 32.982806
233.773000 0.935000 234.051000 33.028065
234.652000 0.878000 234.901000 32.825732
235.530000 0.878000 235.831000 32.701937
236.489000 0.959000 236.761000 33.623081
237.381000 0.892000 237.641000 32.848362
238.278000 0.897000 238.661000 33.061343
239.211000 0.934000 239.491000 33.061343
240.132000 0.921000 240.381000 32.859011
241.024000 0.892000 241.311000 32.949528
241.948000 0.924000 242.211000 32.544863
242.840000 0.892000 243.141000 32.590122
243.716000 0.876000 243.991000 32.736547
244.631000 0.915000 244.891000 32.522234
245.594000 0.963000 245.851000 32.005755
246.537000 0.943000 246.831000 32.511585
247.502000 0.965000 247.791000 31.759495
248.439000 0.937000 248.701000 32.061662
249.320000 0.882000 249.641000 32.017735
250.230000 0.910000 250.491000 32.298604
251.175000 0.945000 251.581000 32.612751
252.049000 0.874000 252.311000 33.410100
252.942000 0.893000 253.221000 34.207448
253.851000 0.909000 254.181000 34.116931
254.775000 0.924000 255.061000 33.792135
255.647000 0.871000 256.001000 33.668340
256.545000 0.899000 256.801000 33.432729
257.487000 0.942000 257.781000 32.916250
258.370000 0.883000 258.661000 32.803103
259.239000 0.869000 259.511000 32.534214
260.130000 0.891000 260.491000 31.927218
261.028000 0.898000 261.291000 32.263994
261.887000 0.859000 262.171000 32.342531
262.752000 0.864000 263.021000 31.792774
263.698000 0.947000 263.951000 32.174809
264.635000 0.936000 264.911000 31.613071
265.510000 0.875000 265.771000 31.400089
266.430000 0.921000 266.721000 31.859330
267.371000 0.941000 267.641000 31.826052
268.262000 0.890000 268.531000 32.162828
269.139000 0.877000 269.501000 32.410419
270.018000 0.880000 270.301000 33.139880
270.903000 0.885000 271.161000 32.949528
271.730000 0.827000 272.151000 32.881640
272.546000 0.816000 272.961000 32.972157
273.361000 0.815000 273.681000 33.230397
274.124000 0.763000 274.401000 33.893301
274.914000 0.790000 275.311000 33.915930
275.745000 0.831000 276.011000 33.476656
276.572000 0.828000 276.831000 33.038714
277.363000 0.791000 277.631000 32.218736
278.153000 0.790000 278.421000 31.916569
278.998000 0.845000 279.291000 32.039033
279.875000 0.877000 280.151000 31.309572
280.733000 0.858000 281.011000 30.894259
281.572000 0.839000 281.831000 30.725205
282.385000 0.813000 282.661000 30.838351
283.164000 0.779000 283.441000 31.163148
283.953000 0.790000 284.231000 32.005755
284.749000 0.796000 285.101000 31.780793
285.521000 0.772000 285.891000 31.848681
286.261000 0.740000 286.681000 32.185458
287.031000 0.770000 287.381000 32.567493
287.907000 0.877000 288.161000 32.848362
288.911000 1.004000 289.171000 32.522234
289.846000 0.935000 290.121000 32.230716
290.697000 0.851000 290.991000 31.960496
291.521000 0.824000 291.781000 31.590441
292.363000 0.842000 292.791000 30.860981
293.221000 0.858000 293.501000 31.264314
294.039000 0.818000 294.331000 30.601410
294.826000 0.787000 295.091000 30.287262
295.617000 0.791000 295.911000 29.804061
296.444000 0.827000 296.711000 29.882598
297.293000 0.849000 297.531000 29.444655
298.123000 0.830000 298.371000 29.658968
298.949000 0.826000 299.261000 29.939837
299.762000 0.813000 300.131000 29.849320
300.561000 0.799000 300.861000 31.073962
301.369000 0.808000 301.781000 30.714556
302.145000 0.776000 302.431000 30.916888
302.961000 0.815000 303.321000 31.309572
303.801000 0.840000 304.081000 30.803742
304.652000 0.851000 305.011000 30.231355
305.493000 0.841000 305.751000 30.186096
306.331000 0.837000 306.591000 29.939837
307.196000 0.865000 307.451000 29.646988
308.029000 0.833000 308.301000 29.950486
308.845000 0.816000 309.091000 30.343170
309.592000 0.747000 309.593000 27.183061
310.291000 0.699000 310.571000 26.862258
310.976000 0.685000 311.361000 27.951125
311.625000 0.649000 312.001000 28.243974
312.243000 0.619000 312.551000 28.715195
312.856000 0.613000 313.101000 29.332840
313.478000 0.622000 313.731000 30.231355
314.125000 0.647000 314.371000 30.838351
314.862000 0.736000 315.221000 30.815722
315.656000 0.794000 315.911000 31.320221
316.517000 0.861000 316.901000 30.466965
317.440000 0.923000 317.851000 30.826371
318.332000 0.891000 318.591000 30.557482
319.132000 0.800000 319.461000 30.714556
319.937000 0.805000 320.351000 30.590761
320.791000 0.855000 321.051000 30.714556
321.666000 0.874000 321.931000 30.904908
322.516000 0.850000 322.761000 30.568131
323.358000 0.842000 323.721000 31.073962
324.168000 0.810000 324.441000 31.410738
324.981000 0.813000 325.241000 31.320221
325.771000 0.790000 326.031000 31.736866
326.546000 0.774000 327.001000 44.079128
327.285000 0.740000 327.541000 33.937228
328.024000 0.739000 328.301000 34.050375
328.781000 0.757000 329.061000 34.769186
329.588000 0.807000 329.921000 34.577503
330.339000 0.751000 330.741000 34.971518
331.084000 0.745000 331.461000 35.240407
331.853000 0.768000 332.101000 34.994148
332.654000 0.801000 332.921000 35.060704
333.440000 0.787000 333.701000 34.656040
334.232000 0.792000 334.491000 34.409780
335.125000 0.893000 335.381000 34.488317
336.003000 0.877000 336.251000 33.982487
336.914000 0.911000 337.211000 33.139880
337.857000 0.943000 338.161000 32.253345
338.749000 0.892000 339.151000 32.724566
339.584000 0.835000 339.851000 32.377141
340.440000 0.856000 340.701000 32.253345
341.285000 0.845000 341.581000 31.871310
342.190000 0.905000 342.461000 31.590441
343.112000 0.922000 343.371000 31.140518
344.074000 0.962000 344.351000 31.185777
345.068000 0.994000 345.361000 30.702576
346.019000 0.952000 346.321000 30.725205
346.896000 0.877000 347.161000 30.826371
347.543000 0.647000 347.831000 30.343170
348.445000 0.901000 348.721000 30.264633
349.260000 0.815000 349.521000 30.421707
350.211000 0.951000 350.491000 30.332521
351.231000 1.019000 351.531000 29.580431
352.221000 0.991000 352.511000 28.917527
353.180000 0.959000 353.461000 28.804381
354.188000 1.007000 354.451000 28.950805
355.147000 0.959000 355.521000 28.355789
356.054000 0.907000 356.321000 28.715195
356.918000 0.863000 357.191000 28.816361
357.722000 0.805000 357.981000 28.366438
358.519000 0.797000 358.771000 28.153457
359.307000 0.787000 359.591000 27.794051
360.094000 0.787000 360.361000 28.243974
360.896000 0.802000 361.151000 27.715514
361.702000 0.807000 361.981000 27.760773
362.494000 0.792000 362.821000 27.389387
363.263000 0.769000 363.511000 27.479904
364.000000 0.737000 364.261000 27.614348
364.779000 0.779000 365.041000 28.512863
365.642000 0.863000 365.911000 27.626328
366.492000 0.850000 366.891000 28.085569
367.375000 0.882000 367.781000 27.816680
368.264000 0.889000 368.521000 28.108198
369.113000 0.849000 369.391000 28.568770
369.940000 0.827000 370.231000 27.973754
370.809000 0.869000 371.081000 28.378418
371.714000 0.906000 371.991000 28.108198
372.574000 0.860000 372.951000 27.928495
373.402000 0.828000 373.781000 28.277252
374.241000 0.839000 374.641000 28.558121
375.163000 0.922000 375.581000 28.591399
375.982000 0.820000 376.281000 28.007032
376.786000 0.803000 377.061000 28.019012
377.654000 0.868000 378.021000 27.626328
378.607000 0.954000 378.861000 27.277571
379.601000 0.994000 379.861000 26.806350
380.577000 0.976000 380.851000 25.986373
381.481000 0.904000 381.901000 25.749431
382.399000 0.918000 382.791000 25.728133
383.368000 0.969000 383.791000 25.974392
384.319000 0.952000 384.591000 26.771741
385.215000 0.896000 385.551000 26.682555
386.130000 0.915000 386.511000 27.221664
387.047000 0.917000 387.461000 27.905866
387.937000 0.890000 388.321000 28.624678
388.767000 0.829000 389.041000 29.198396
389.535000 0.768000 389.901000 29.760134
390.293000 0.758000 390.581000 30.220706
391.065000 0.773000 391.321000 29.804061
391.805000 0.740000 392.051000 29.535172
392.541000 0.736000 392.801000 29.995744
393.281000 0.740000 393.541000 29.198396
394.048000 0.768000 394.421000 29.041322
394.843000 0.795000 395.111000 28.546141
395.637000 0.794000 395.991000 28.085569
396.426000 0.789000 396.701000 28.692565
397.237000 0.811000 397.501000 27.525162
398.053000 0.817000 398.331000 27.310850
398.853000 0.799000 399.111000 27.075239
399.673000 0.820000 399.931000 26.907516
400.524000 0.851000 400.791000 27.366757
401.397000 0.873000 401.651000 28.029661
402.257000 0.861000 402.511000 28.041642
403.137000 0.880000 403.411000 28.816361
403.976000 0.839000 404.241000 28.861619
404.762000 0.786000 405.051000 28.804381
405.544000 0.783000 405.821000 28.950805
406.356000 0.812000 406.681000 29.029342
407.156000 0.800000 407.431000 29.343489
407.938000 0.782000 408.191000 29.894578
408.769000 0.832000 409.041000 30.860981
409.632000 0.863000 409.881000 30.781113
410.442000 0.810000 410.831000 30.175447
411.235000 0.793000 411.531000 30.580112
412.042000 0.808000 412.451000 28.669936
412.882000 0.840000 413.331000 30.522873
413.747000 0.864000 414.081000 28.254623
414.565000 0.818000 414.851000 28.041642
415.393000 0.829000 415.811000 28.221344
416.234000 0.841000 416.611000 28.479584
417.083000 0.849000 417.331000 28.962785
417.915000 0.832000 418.311000 28.962785
418.754000 0.839000 419.031000 28.984084
419.593000 0.839000 420.001000 29.221025
420.377000 0.784000 420.641000 29.702895
421.209000 0.832000 421.621000 30.658648
422.064000 0.854000 422.311000 30.456316
422.927000 0.863000 423.371000 31.061982
423.801000 0.874000 424.061000 30.960816
424.654000 0.853000 424.921000 30.725205
425.465000 0.811000 425.781000 31.006074
426.285000 0.820000 426.551000 30.916888
427.101000 0.816000 427.511000 30.894259
427.946000 0.845000 428.341000 31.208406
428.783000 0.837000 429.061000 31.838032
429.625000 0.842000 429.950000 32.039033
430.444000 0.819000 430.781000 32.635381
431.243000 0.799000 431.511000 33.139880
432.036000 0.793000 432.321000 32.544863
432.791000 0.755000 433.091000 31.770144
433.543000 0.752000 433.811000 32.174809
434.326000 0.783000 434.631000 30.714556
435.159000 0.832000 435.411000 30.512224
436.034000 0.875000 436.461000 31.096591
436.867000 0.833000 437.121000 30.725205
437.695000 0.828000 438.061000 30.815722
438.528000 0.833000 438.781000 31.522554
439.368000 0.840000 439.641000 31.061982
440.192000 0.824000 440.421000 30.377779
441.047000 0.855000 441.321000 29.995744
441.920000 0.873000 442.191000 29.669617
442.771000 0.851000 443.011000 30.198077
443.564000 0.793000 443.831000 30.287262
444.310000 0.746000 444.571000 31.040684
445.062000 0.752000 445.351000 30.411058
445.844000 0.781000 446.091000 30.512224
446.718000 0.875000 447.151000 33.420749
447.623000 0.905000 447.911000 32.556844
448.550000 0.927000 448.841000 32.522234
449.441000 0.891000 449.701000 32.061662
450.380000 0.938000 450.651000 32.253345
451.424000 1.045000 451.681000 31.881959
452.475000 1.051000 452.851000 31.522554
453.538000 1.063000 453.901000 31.107240
454.551000 1.013000 454.821000 31.298923
455.553000 1.002000 455.861000 30.253984
456.525000 0.972000 456.821000 30.163467
457.482000 0.957000 457.811000 31.018054
458.359000 0.877000 458.771000 31.534534
459.185000 0.826000 459.451000 31.859330
459.967000 0.781000 460.241000 32.241365
460.736000 0.769000 461.071000 33.185138
461.582000 0.846000 462.011000 33.724247
462.425000 0.844000 462.691000 33.218417
463.250000 0.825000 463.501000 33.151860
464.023000 0.774000 464.331000 32.701937
464.780000 0.757000 465.041000 32.421068
465.539000 0.758000 465.791000 32.994786
466.336000 0.798000 466.611000 31.995106
467.149000 0.813000 467.431000 32.005755
467.943000 0.793000 468.201000 32.241365
468.738000 0.796000 469.041000 31.893940
469.508000 0.770000 469.921000 31.939198
470.250000 0.741000 470.681000 33.387471
471.016000 0.767000 471.281000 34.476337
471.839000 0.823000 472.101000 33.858691
472.658000 0.819000 473.081000 34.701298
473.514000 0.856000 473.791000 34.073004
474.418000 0.905000 474.691000 34.432410
475.293000 0.875000 475.561000 33.959858
476.120000 0.826000 476.411000 34.095633
476.986000 0.866000 477.251000 34.723928
477.878000 0.892000 478.191000 34.634742
478.759000 0.881000 479.151000 35.151221
479.607000 0.848000 479.911000 35.374852
480.572000 0.965000 480.941000 35.723608
481.437000 0.865000 481.721000 36.431771
482.346000 0.909000 482.621000 36.801826
483.272000 0.925000 483.561000 37.070715
484.160000 0.889000 484.431000 36.351903
485.055000 0.894000 485.381000 36.812475
485.560000 0.505000 485.561000 36.072365
486.059000 0.500000 486.361000 36.723289
487.005000 0.945000 487.271000 36.644752
487.909000 0.904000 488.201000 36.812475
488.773000 0.864000 489.061000 36.543586
489.602000 0.829000 489.890000 36.351903
490.428000 0.825000 490.731000 36.531606
491.247000 0.819000 491.511000 36.644752
492.033000 0.786000 492.331000 38.216820
492.798000 0.764000 493.071000 37.857414
493.569000 0.771000 493.851000 37.710990
494.365000 0.796000 494.631000 37.991859
495.187000 0.822000 495.441000 38.239449
495.997000 0.810000 496.391000 37.655082
496.880000 0.883000 497.271000 36.869714
497.800000 0.920000 498.081000 36.184180
498.694000 0.894000 498.961000 36.240088
499.513000 0.819000 499.801000 36.037756
500.339000 0.826000 500.621000 35.835424
501.231000 0.892000 501.501000 35.161870
502.106000 0.875000 502.371000 35.779516
502.954000 0.848000 503.221000 35.678350
503.839000 0.886000 504.091000 35.285666
504.649000 0.809000 504.921000 34.814445
505.459000 0.810000 505.731000 34.814445
506.294000 0.835000 506.591000 34.678669
507.116000 0.821000 507.361000 34.364522
508.005000 0.890000 508.291000 34.364522
508.963000 0.957000 509.251000 34.319263
509.936000 0.974000 510.201000 33.612432
510.846000 0.910000 511.111000 33.354192
511.784000 0.938000 512.041000 33.218417
512.693000 0.909000 512.951000 33.511266
513.580000 0.887000 513.851000 33.780155
514.422000 0.842000 514.691000 34.095633
515.271000 0.849000 515.701000 34.285985
516.146000 0.875000 516.421000 34.319263
517.038000 0.892000 517.481000 34.252707
517.949000 0.911000 518.381000 34.061024
518.850000 0.901000 519.241000 34.994148
519.779000 0.929000 520.201000 34.668020
520.730000 0.951000 521.161000 34.858372
521.704000 0.975000 521.981000 34.296634
522.617000 0.913000 523.041000 34.914280
523.541000 0.924000 523.981000 34.656040
524.540000 0.999000 524.831000 34.713279
525.474000 0.934000 525.761000 34.948889
526.356000 0.882000 526.621000 35.263036
527.309000 0.953000 527.611000 36.431771
528.225000 0.915000 528.651000 36.037756
529.113000 0.889000 529.531000 37.599174
530.029000 0.916000 530.441000 37.655082
530.995000 0.966000 531.311000 37.239769
531.959000 0.964000 532.361000 37.060066
532.942000 0.983000 533.241000 36.072365
533.829000 0.887000 534.091000 35.645072
534.710000 0.881000 535.141000 35.892662
535.631000 0.921000 535.901000 35.420110
536.572000 0.941000 536.841000 35.655721
537.507000 0.935000 537.771000 34.825094
538.391000 0.884000 538.651000 35.386832
539.220000 0.829000 539.531000 35.004797
540.007000 0.787000 540.281000 35.498647
540.828000 0.821000 541.101000 35.364203
541.686000 0.858000 541.971000 35.690330
542.643000 0.957000 543.071000 35.723608
543.560000 0.918000 543.841000 35.139241
544.416000 0.856000 544.661000 37.082695
545.204000 0.788000 545.471000 37.262398
545.967000 0.763000 546.291000 37.801507
546.700000 0.733000 546.971000 38.148932
547.412000 0.712000 547.681000 38.576226
548.126000 0.715000 548.391000 38.049097
548.858000 0.732000 549.121000 38.811836
549.739000 0.880000 550.021000 37.621804
550.626000 0.887000 550.881000 36.835104
551.581000 0.955000 551.861000 36.510308
552.570000 0.989000 552.831000 35.981848
553.542000 0.972000 553.811000 35.072685
554.464000 0.922000 554.741000 35.296315
555.294000 0.830000 555.561000 35.240407
556.104000 0.809000 556.361000 35.802145
556.883000 0.779000 557.141000 37.014807
557.677000 0.794000 557.961000 38.070395
558.738000 1.061000 559.171000 39.272408
559.805000 1.067000 560.111000 39.328316
560.803000 0.997000 561.091000 39.586556
561.799000 0.997000 562.151000 39.924663
562.854000 1.054000 563.131000 39.609185
563.904000 1.050000 564.181000 39.160593
564.883000 0.980000 565.311000 39.115335
565.912000 1.029000 566.231000 38.632133
566.955000 1.043000 567.261000 38.216820
567.967000 1.012000 568.261000 37.925302
568.955000 0.988000 569.221000 38.183542
569.936000 0.981000 570.211000 38.216820
570.916000 0.980000 571.191000 38.385874
571.844000 0.928000 572.141000 38.239449
572.740000 0.896000 573.141000 38.216820
573.627000 0.887000 574.041000 38.148932
574.601000 0.974000 574.891000 38.542947
575.539000 0.938000 575.811000 38.688041
576.477000 0.938000 576.931000 39.508019
577.437000 0.959000 577.871000 40.003200
578.397000 0.961000 578.851000 39.666423
579.303000 0.905000 579.581000 39.890054
580.256000 0.954000 580.551000 40.373255
581.223000 0.967000 581.501000 40.059108
582.139000 0.916000 582.411000 39.788888
582.988000 0.849000 583.271000 39.497370
583.852000 0.865000 584.131000 40.104366
584.755000 0.902000 585.011000 40.362606
585.658000 0.903000 585.931000 40.564938
586.525000 0.867000 586.921000 40.755290
587.452000 0.927000 587.741000 40.844476
588.425000 0.974000 588.721000 40.676753
589.339000 0.913000 589.761000 40.664773
590.248000 0.909000 590.531000 40.934993
591.176000 0.928000 591.451000 40.699382
592.056000 0.880000 592.331000 40.823178
592.890000 0.834000 593.181000 41.597897
593.737000 0.846000 594.001000 41.934674
594.593000 0.856000 594.861000 42.529690
595.452000 0.860000 595.731000 42.529690
596.263000 0.810000 596.531000 42.574948
597.106000 0.843000 597.391000 42.327358
