997.638000 0.859000 997.941000 103.022140
998.476000 0.839000 998.771000 103.887310
999.280000 0.804000 999.581000 106.807850
1000.084000 0.803000 1000.381000 106.885670
1000.886000 0.802000 1001.181000 107.469320
1001.697000 0.812000 1001.991000 107.762290
1002.499000 0.802000 1002.791000 107.570020
1003.302000 0.803000 1003.591000 107.515090
1004.101000 0.799000 1004.391000 107.570020
1004.900000 0.799000 1005.201000 105.661150
1005.703000 0.803000 1006.021000 100.831730
1006.506000 0.803000 1006.821000 101.607650
1007.312000 0.807000 1007.601000 103.864420
1008.103000 0.790000 1008.391000 103.212110
1008.913000 0.811000 1009.201000 102.964920
1009.737000 0.823000 1009.738000 79.495342
1010.569000 0.833000 1011.001000 174.994120
1011.415000 0.846000 1011.416000 174.994120
1012.261000 0.846000 1012.262000 174.994120
1013.106000 0.846000 1013.107000 24.998507
1013.982000 0.876000 1013.983000 24.998507
1014.897000 0.915000 1015.001000 174.994120
1015.867000 0.970000 1015.868000 174.994120
1016.833000 0.966000 1016.834000 174.994120
1017.804000 0.971000 1017.805000 24.998507
1018.746000 0.942000 1019.001000 174.994120
1019.674000 0.928000 1019.675000 174.994120
1020.560000 0.886000 1020.561000 174.994120
1021.438000 0.878000 1021.439000 24.998507
1022.293000 0.855000 1023.001000 174.994120
1023.133000 0.840000 1023.134000 174.994120
1023.988000 0.855000 1023.989000 174.994120
1024.902000 0.915000 1024.903000 174.994120
1025.841000 0.938000 1025.842000 24.998507
1026.752000 0.911000 1027.001000 174.994120
1027.707000 0.955000 1027.708000 174.994120
1028.685000 0.978000 1028.686000 174.994120
1029.620000 0.935000 1029.621000 24.998507
1030.555000 0.936000 1031.001000 174.994120
1031.520000 0.965000 1031.521000 174.994120
1032.444000 0.924000 1032.445000 174.994120
1033.363000 0.919000 1033.364000 24.998507
1034.329000 0.966000 1035.001000 174.994120
1035.281000 0.952000 1035.282000 174.994120
1036.215000 0.934000 1036.216000 174.994120
1037.157000 0.942000 1037.158000 24.998507
1038.095000 0.938000 1038.999000 144.994540
1038.998000 0.903000 1039.001000 174.994120
1039.874000 0.876000 1039.875000 174.994120
1040.748000 0.874000 1040.749000 174.994120
1041.613000 0.864000 1041.614000 24.998507
1042.458000 0.846000 1043.001000 174.994120
1043.333000 0.874000 1043.334000 174.994120
1044.224000 0.891000 1044.225000 174.994120
1045.122000 0.898000 1045.123000 24.998507
1046.060000 0.938000 1047.001000 174.994120
1047.020000 0.960000 1047.021000 174.994120
1047.943000 0.923000 1047.944000 174.994120
1048.861000 0.918000 1048.862000 174.994120
1049.788000 0.927000 1049.789000 24.998507
1050.734000 0.946000 1051.001000 174.994120
1051.652000 0.918000 1051.653000 174.994120
1052.522000 0.870000 1052.523000 174.994120
1053.363000 0.841000 1053.364000 24.998507
1054.193000 0.830000 1055.001000 174.994120
1055.016000 0.823000 1055.017000 174.994120
1055.867000 0.851000 1055.868000 174.994120
1056.742000 0.875000 1056.743000 174.994120
1057.603000 0.861000 1057.604000 24.998507
1058.455000 0.852000 1059.001000 174.994120
1059.306000 0.851000 1059.307000 174.994120
1060.179000 0.873000 1060.180000 174.994120
1061.059000 0.880000 1061.060000 24.998507
1061.964000 0.905000 1061.965000 24.998507
1062.876000 0.912000 1063.001000 174.994120
1063.748000 0.872000 1063.749000 174.994120
1064.600000 0.851000 1064.881000 101.383340
1065.444000 0.844000 1065.731000 99.405799
1066.290000 0.846000 1066.581000 102.774940
1067.125000 0.835000 1067.411000 101.696910
1067.959000 0.833000 1068.241000 101.932660
1068.814000 0.855000 1069.101000 100.248090
1069.677000 0.863000 1069.971000 101.886880
1070.530000 0.853000 1070.821000 103.212110
1071.393000 0.863000 1071.671000 103.571450
1072.292000 0.899000 1072.571000 101.236860
1073.190000 0.899000 1073.491000 99.989449
1074.064000 0.873000 1074.351000 101.550420
1074.935000 0.871000 1075.221000 101.024000
1075.814000 0.879000 1076.101000 98.787817
1076.710000 0.896000 1077.001000 97.609074
1077.583000 0.873000 1077.871000 99.327979
1078.445000 0.862000 1078.731000 98.934302
1079.311000 0.866000 1079.601000 96.821720
1080.163000 0.852000 1080.461000 96.979648
1081.001000 0.838000 1081.291000 98.709997
1081.831000 0.830000 1082.111000 98.609289
1082.665000 0.834000 1082.951000 98.158391
1083.512000 0.847000 1083.801000 96.654636
1084.360000 0.848000 1084.651000 97.664006
1085.210000 0.850000 1085.501000 99.092231
1086.060000 0.850000 1086.341000 98.529181
1086.914000 0.854000 1087.201000 96.956760
1087.764000 0.850000 1088.061000 96.801120
1088.596000 0.832000 1088.891000 98.641333
1089.415000 0.819000 1089.701000 100.225200
1090.247000 0.832000 1090.531000 99.236426
1091.101000 0.853000 1091.391000 97.384770
1091.962000 0.861000 1092.261000 98.316320
1092.825000 0.863000 1093.111000 99.730812
1093.696000 0.870000 1093.981000 99.371467
1094.589000 0.893000 1094.881000 97.327549
1095.469000 0.880000 1095.761000 97.767003
1096.345000 0.876000 1096.631000 99.506507
1097.229000 0.884000 1097.511000 99.170050
1098.124000 0.895000 1098.411000 98.057683
1099.011000 0.886000 1099.311000 97.160465
1099.887000 0.876000 1100.171000 99.472175
1100.773000 0.886000 1101.051000 99.371467
1101.679000 0.906000 1101.961000 98.339208
1102.577000 0.898000 1102.871000 97.249729
1103.449000 0.872000 1103.751000 98.485693
1104.300000 0.850000 1104.590000 100.719580
1105.151000 0.851000 1105.431000 100.202310
1106.052000 0.901000 1106.341000 98.474249
1107.007000 0.955000 1107.291000 96.766788
1107.929000 0.921000 1108.221000 97.563298
1108.839000 0.910000 1109.121000 97.799047
1109.755000 0.916000 1110.041000 97.080357
1110.681000 0.926000 1110.961000 96.608859
1111.601000 0.920000 1111.891000 95.542269
1112.505000 0.904000 1112.791000 95.979434
1113.393000 0.888000 1113.681000 96.183139
1114.285000 0.891000 1114.571000 95.597200
1115.179000 0.895000 1115.471000 94.699982
1116.063000 0.883000 1116.351000 96.013766
1116.940000 0.878000 1117.221000 97.396214
1117.841000 0.900000 1118.121000 96.226626
1118.803000 0.962000 1119.081000 95.317964
1119.762000 0.959000 1120.041000 94.024780
1120.709000 0.948000 1121.001000 92.880369
1121.599000 0.889000 1121.901000 92.083860
1122.469000 0.870000 1122.761000 93.644836
1123.341000 0.871000 1123.621000 93.116118
1124.219000 0.878000 1124.501000 93.093230
1125.098000 0.879000 1125.381000 92.678953
1125.982000 0.884000 1126.281000 91.925931
1126.844000 0.863000 1127.131000 93.789032
1127.700000 0.856000 1127.981000 94.610718
1128.555000 0.855000 1128.841000 93.869140
1129.407000 0.851000 1129.701000 92.802550
1130.246000 0.839000 1130.541000 94.294861
1131.084000 0.838000 1131.370000 96.002322
1131.921000 0.838000 1132.201000 96.203738
1132.772000 0.850000 1133.061000 94.475678
1133.626000 0.854000 1133.921000 95.453005
1134.474000 0.848000 1134.761000 97.821935
1135.324000 0.851000 1135.611000 97.540410
1136.191000 0.867000 1136.481000 95.688753
1137.062000 0.870000 1137.351000 95.295076
1137.925000 0.863000 1138.211000 97.755559
1138.781000 0.856000 1139.061000 97.664006
1139.656000 0.875000 1139.941000 96.148806
1140.522000 0.866000 1140.821000 95.967989
1141.382000 0.860000 1141.661000 97.744115
1142.242000 0.860000 1142.531000 97.844823
1143.128000 0.886000 1143.421000 96.238070
1144.003000 0.875000 1144.301000 97.080357
1144.871000 0.868000 1145.161000 98.563513
1145.745000 0.874000 1146.041000 98.485693
1146.646000 0.901000 1146.941000 96.867496
1147.535000 0.889000 1147.831000 97.721227
1148.401000 0.866000 1148.691000 99.247870
1149.269000 0.868000 1149.551000 98.417028
1150.144000 0.875000 1150.441000 97.057468
1150.999000 0.855000 1151.291000 98.687109
1151.851000 0.852000 1152.141000 100.406010
1152.709000 0.857000 1152.991000 100.282420
1153.583000 0.874000 1153.881000 98.339208
1154.460000 0.878000 1154.751000 100.305310
1155.340000 0.880000 1155.631000 100.788250
1156.246000 0.906000 1156.541000 99.460731
1157.134000 0.889000 1157.431000 101.024000
1158.021000 0.887000 1158.311000 101.449720
1158.912000 0.891000 1159.201000 100.911840
1159.821000 0.909000 1160.111000 99.842964
1160.726000 0.905000 1161.011000 101.607650
1161.624000 0.898000 1161.911000 100.866070
1162.539000 0.915000 1162.821000 98.181280
1163.442000 0.903000 1163.741000 97.485478
1164.322000 0.880000 1164.611000 98.462805
1165.189000 0.866000 1165.471000 97.833379
1166.059000 0.870000 1166.351000 95.464449
1166.927000 0.868000 1167.221000 95.137147
1167.781000 0.854000 1168.061000 96.709568
1168.636000 0.855000 1168.921000 96.698123
1169.484000 0.848000 1169.761000 95.642977
1170.329000 0.845000 1170.621000 94.564942
1171.166000 0.837000 1171.451000 96.238070
1171.996000 0.831000 1172.281000 96.755344
1172.835000 0.839000 1173.111000 96.574527
1173.687000 0.851000 1173.971000 94.271973
1174.541000 0.854000 1174.831000 96.215182
1175.388000 0.847000 1175.671000 96.901829
1176.224000 0.836000 1176.511000 96.350223
1177.059000 0.835000 1177.351000 94.047668
1177.878000 0.819000 1178.171000 95.372896
1178.686000 0.808000 1178.971000 96.698123
1179.488000 0.802000 1179.771000 97.776158
1180.279000 0.791000 1180.561000 97.416813
1181.074000 0.795000 1181.351000 96.585971
1181.891000 0.816000 1182.181000 96.283847
1182.729000 0.839000 1183.011000 98.485693
1183.569000 0.840000 1183.841000 98.304876
1184.420000 0.851000 1184.711000 96.956760
1185.267000 0.846000 1185.551000 98.011907
1186.104000 0.838000 1186.391000 100.248090
1186.960000 0.856000 1187.251000 100.495280
1187.872000 0.911000 1188.161000 99.563728
1188.815000 0.943000 1189.101000 98.293432
1189.716000 0.901000 1190.001000 99.417243
1190.637000 0.921000 1190.921000 99.215827
1191.607000 0.970000 1191.891000 97.879155
1192.586000 0.979000 1192.871000 96.979648
1193.539000 0.953000 1193.831000 95.688753
1194.449000 0.910000 1194.731000 95.990878
1195.343000 0.894000 1195.641000 95.789461
1196.243000 0.899000 1196.531000 95.036439
1197.142000 0.900000 1197.431000 94.487122
1198.019000 0.877000 1198.311000 96.350223
1198.883000 0.864000 1199.171000 96.563083
1199.757000 0.874000 1200.041000 94.878511
1200.618000 0.861000 1200.911000 95.620089
1201.468000 0.851000 1201.751000 98.069127
1202.320000 0.851000 1202.601000 97.226841
1203.179000 0.859000 1203.471000 97.462590
1204.030000 0.851000 1204.331000 98.373541
1204.864000 0.834000 1205.161000 101.538980
1205.729000 0.865000 1206.021000 101.685470
1206.706000 0.976000 1206.991000 99.742256
1207.656000 0.950000 1207.951000 99.934517
1208.586000 0.930000 1208.871000 100.449500
1209.526000 0.939000 1209.811000 98.742041
1210.476000 0.951000 1210.761000 97.203953
1211.403000 0.927000 1211.691000 96.350223
1212.305000 0.902000 1212.591000 95.967989
1213.193000 0.888000 1213.481000 95.720797
1214.072000 0.879000 1214.361000 94.530610
1214.923000 0.852000 1215.221000 95.306520
1215.776000 0.853000 1216.061000 97.126133
1216.620000 0.844000 1216.901000 96.450931
1217.474000 0.854000 1217.761000 96.114474
1218.333000 0.860000 1218.621000 95.642977
1219.185000 0.851000 1219.471000 95.013551
1220.029000 0.844000 1220.321000 94.981507
1220.866000 0.837000 1221.151000 96.171695
1221.696000 0.830000 1221.981000 96.249514
1222.532000 0.836000 1222.820000 95.496492
1223.386000 0.854000 1223.671000 95.361452
1224.247000 0.861000 1224.541000 94.553498
1225.091000 0.844000 1225.381000 96.407443
1225.936000 0.845000 1226.211000 96.913273
1226.783000 0.847000 1227.071000 96.338779
1227.650000 0.867000 1227.941000 94.711427
1228.498000 0.848000 1228.791000 95.800906
1229.333000 0.834000 1229.621000 97.698338
1230.160000 0.828000 1230.441000 98.034795
1230.999000 0.839000 1231.281000 97.563298
1231.850000 0.851000 1232.131000 96.979648
1232.710000 0.860000 1233.001000 95.924502
1233.559000 0.849000 1233.851000 97.631963
1234.394000 0.835000 1234.681000 99.000678
1235.226000 0.832000 1235.511000 98.517736
1236.072000 0.845000 1236.361000 97.068913
1236.921000 0.850000 1237.211000 97.856267
1237.778000 0.857000 1238.061000 99.552284
1238.642000 0.864000 1238.921000 99.552284
1239.513000 0.870000 1239.801000 98.181280
1240.380000 0.868000 1240.671000 98.597845
1241.246000 0.865000 1241.531000 98.787817
1242.109000 0.863000 1242.401000 97.114689
1242.943000 0.834000 1243.241000 97.496922
1243.763000 0.820000 1244.051000 99.810920
1244.580000 0.817000 1244.871000 99.652992
1245.401000 0.822000 1245.681000 99.888740
1246.232000 0.830000 1246.511000 99.057898
1247.066000 0.835000 1247.361000 99.719368
1247.923000 0.856000 1248.211000 100.776800
1248.790000 0.867000 1249.081000 101.191080
1249.659000 0.870000 1249.951000 99.810920
1250.531000 0.872000 1250.821000 100.685250
1251.418000 0.887000 1251.711000 100.719580
1252.313000 0.895000 1252.601000 99.888740
1253.223000 0.910000 1253.511000 98.204168
1254.115000 0.892000 1254.411000 97.968419
1255.009000 0.894000 1255.291000 98.428472
1255.939000 0.930000 1256.221000 97.080357
1256.847000 0.908000 1257.141000 95.778017
1257.725000 0.878000 1258.011000 97.631963
1258.603000 0.879000 1258.891000 97.586186
1259.495000 0.891000 1259.781000 95.588045
1260.372000 0.878000 1260.661000 96.956760
1261.243000 0.870000 1261.521000 98.552069
1262.131000 0.888000 1262.411000 97.631963
1263.035000 0.905000 1263.321000 96.553928
1263.928000 0.892000 1264.211000 98.742041
1264.834000 0.907000 1265.121000 98.753485
1265.768000 0.934000 1266.061000 96.933872
1266.691000 0.923000 1266.981000 98.135503
1267.586000 0.895000 1267.870000 98.989234
1268.496000 0.910000 1268.781000 96.721012
1269.420000 0.924000 1269.711000 97.361882
1270.343000 0.922000 1270.621000 98.034795
1271.282000 0.939000 1271.561000 98.439916
1272.248000 0.966000 1272.541000 95.565157
1273.170000 0.921000 1273.461000 96.373111
1274.078000 0.909000 1274.361000 96.585971
1274.981000 0.903000 1275.261000 96.059542
1275.892000 0.911000 1276.181000 94.475678
1276.779000 0.888000 1277.061000 95.588045
1277.677000 0.898000 1277.961000 96.238070
1278.592000 0.915000 1278.881000 94.306305
1279.481000 0.890000 1279.771000 95.317964
1280.353000 0.871000 1280.631000 97.169621
1281.226000 0.873000 1281.511000 97.350438
1282.123000 0.898000 1282.411000 95.441561
1283.009000 0.886000 1283.301000 96.272403
1283.881000 0.872000 1284.161000 97.293217
1284.767000 0.886000 1285.041000 97.474034
1285.651000 0.885000 1285.941000 95.642977
1286.518000 0.867000 1286.811000 96.519595
1287.384000 0.866000 1287.661000 97.057468
1288.263000 0.879000 1288.541000 97.114689
1289.148000 0.886000 1289.441000 95.125703
1290.022000 0.873000 1290.311000 96.709568
1290.892000 0.870000 1291.171000 97.485478
1291.771000 0.879000 1292.051000 97.169621
1292.676000 0.905000 1292.961000 95.105104
1293.564000 0.888000 1293.861000 95.496492
1294.435000 0.870000 1294.721000 97.149021
1295.313000 0.878000 1295.591000 96.913273
1296.197000 0.885000 1296.481000 94.970063
1297.070000 0.873000 1297.361000 95.407228
1297.943000 0.873000 1298.231000 96.766788
1298.829000 0.886000 1299.111000 96.698123
1299.738000 0.909000 1300.021000 95.125703
1300.647000 0.909000 1300.941000 94.754914
1301.533000 0.886000 1301.821000 95.620089
1302.437000 0.904000 1302.721000 95.665865
1303.390000 0.953000 1303.671000 94.734315
1304.377000 0.987000 1304.661000 93.397643
1305.320000 0.943000 1305.621000 92.802550
1306.224000 0.904000 1306.511000 94.004181
1307.121000 0.897000 1307.401000 94.306305
1308.006000 0.884000 1308.291000 93.104674
1308.873000 0.868000 1309.171000 92.768217
1309.730000 0.857000 1310.021000 95.047883
1310.591000 0.861000 1310.871000 95.789461
1311.478000 0.887000 1311.761000 95.171480
1312.377000 0.899000 1312.671000 94.901399
1313.253000 0.876000 1313.541000 96.125918
1314.129000 0.876000 1314.411000 97.126133
1315.027000 0.899000 1315.311000 96.496707
1315.934000 0.907000 1316.221000 95.306520
1316.818000 0.884000 1317.111000 96.867496
1317.718000 0.900000 1318.001000 97.080357
1318.635000 0.917000 1318.911000 96.194583
1319.553000 0.918000 1319.851000 94.352082
1320.428000 0.875000 1320.721000 96.183139
1321.286000 0.858000 1321.571000 96.450931
1322.148000 0.861000 1322.431000 95.519380
1323.023000 0.875000 1323.311000 94.498566
1323.888000 0.865000 1324.171000 95.855837
1324.764000 0.876000 1325.041000 96.272403
1325.666000 0.901000 1325.950000 95.990878
1326.579000 0.913000 1326.871000 94.116333
1327.476000 0.898000 1327.761000 95.024995
1328.371000 0.894000 1328.651000 95.093660
1329.243000 0.872000 1329.531000 93.553283
1330.108000 0.865000 1330.401000 93.958404
1330.954000 0.846000 1331.241000 95.642977
1331.798000 0.844000 1332.081000 95.711641
1332.656000 0.858000 1332.941000 94.835023
1333.508000 0.852000 1333.801000 94.912843
1334.355000 0.847000 1334.641000 96.553928
1335.217000 0.862000 1335.501000 96.585971
1336.100000 0.883000 1336.381000 95.217256
1336.996000 0.896000 1337.291000 93.587615
1337.862000 0.866000 1338.151000 95.317964
1338.733000 0.871000 1339.021000 94.878511
1339.608000 0.875000 1339.891000 93.834808
1340.498000 0.890000 1340.791000 91.857266
1341.389000 0.890000 1341.681000 92.992522
1342.256000 0.867000 1342.541000 93.779876
1343.115000 0.859000 1343.401000 93.049742
1343.962000 0.847000 1344.261000 91.486477
1344.804000 0.842000 1345.091000 93.541839
1345.639000 0.834000 1345.921000 93.958404
1346.477000 0.838000 1346.761000 92.969634
1347.329000 0.852000 1347.621000 92.443205
1348.188000 0.859000 1348.471000 94.352082
1349.082000 0.894000 1349.361000 94.564942
1349.992000 0.910000 1350.281000 92.363096
1350.868000 0.876000 1351.161000 92.431761
1351.729000 0.862000 1352.011000 94.452790
1352.586000 0.857000 1352.871000 93.880584
1353.449000 0.862000 1353.741000 92.196012
1354.298000 0.850000 1354.591000 92.667509
1355.138000 0.840000 1355.421000 94.677094
1355.969000 0.831000 1356.251000 94.654206
1356.803000 0.833000 1357.091000 92.656065
1357.643000 0.841000 1357.931000 93.576171
1358.483000 0.840000 1358.761000 95.317964
1359.329000 0.846000 1359.610000 95.260744
1360.172000 0.843000 1360.461000 93.003966
1361.011000 0.839000 1361.301000 95.125703
1361.850000 0.839000 1362.131000 95.979434
1362.700000 0.851000 1362.981000 95.350008
1363.568000 0.868000 1363.861000 93.564727
1364.427000 0.859000 1364.711000 95.194368
1365.286000 0.860000 1365.561000 95.755129
1366.161000 0.874000 1366.431000 95.205812
1367.041000 0.880000 1367.331000 93.139006
1367.907000 0.866000 1368.191000 95.372896
1368.767000 0.860000 1369.041000 95.700197
1369.627000 0.861000 1369.911000 93.834808
1370.484000 0.857000 1370.771000 94.093445
1371.365000 0.881000 1371.651000 94.981507
1372.309000 0.944000 1372.581000 94.475678
1373.328000 1.019000 1373.611000 93.015410
1374.287000 0.959000 1374.581000 92.104459
1375.209000 0.921000 1375.491000 93.182494
1376.113000 0.904000 1376.391000 92.834593
1377.012000 0.899000 1377.301000 91.362881
1377.885000 0.873000 1378.181000 91.825223
1378.748000 0.863000 1379.031000 94.429902
1379.612000 0.863000 1379.891000 95.047883
1380.502000 0.890000 1380.791000 94.271973
1381.405000 0.903000 1381.691000 94.395569
1382.299000 0.894000 1382.581000 95.464449
1383.218000 0.918000 1383.501000 95.125703
1384.156000 0.938000 1384.441000 93.532684
1385.065000 0.909000 1385.361000 93.656280
1385.965000 0.899000 1386.250000 94.441346
1386.863000 0.899000 1387.151000 93.397643
1387.763000 0.899000 1388.061000 91.532254
1388.644000 0.881000 1388.931000 93.038298
1389.550000 0.906000 1389.831000 93.541839
1390.534000 0.984000 1390.821000 91.497921
1391.526000 0.993000 1391.821000 88.959619
1392.430000 0.904000 1392.731000 88.893243
1393.305000 0.875000 1393.591000 90.264247
1394.188000 0.883000 1394.471000 90.129206
1395.063000 0.874000 1395.361000 88.128776
1395.919000 0.856000 1396.221000 88.208885
1396.762000 0.843000 1397.051000 91.296505
1397.605000 0.843000 1397.891000 92.408872
1398.452000 0.847000 1398.741000 90.623592
1399.294000 0.842000 1399.591000 89.545557
1400.131000 0.837000 1400.421000 92.498136
1400.965000 0.834000 1401.241000 93.823364
1401.808000 0.843000 1402.091000 92.667509
1402.671000 0.863000 1402.971000 90.758632
1403.527000 0.856000 1403.821000 92.667509
1404.389000 0.861000 1404.671000 93.475463
1405.281000 0.892000 1405.561000 92.644621
1406.206000 0.926000 1406.501000 89.318964
1407.097000 0.891000 1407.391000 90.982937
1408.001000 0.904000 1408.291000 91.285061
1408.880000 0.880000 1409.171000 89.534113
1409.737000 0.857000 1410.041000 88.881799
1410.578000 0.841000 1410.871000 91.095089
1411.417000 0.839000 1411.701000 91.813779
1412.261000 0.844000 1412.551000 91.195797
1413.115000 0.854000 1413.411000 90.184138
1413.971000 0.856000 1414.261000 92.633177
1414.838000 0.867000 1415.121000 93.026854
1415.713000 0.875000 1416.001000 92.239500
1416.584000 0.871000 1416.881000 91.195797
1417.443000 0.859000 1417.731000 93.193938
1418.314000 0.870000 1418.601000 92.992522
1419.180000 0.867000 1419.471000 91.273617
1420.033000 0.852000 1420.331000 91.768002
1420.879000 0.846000 1421.161000 93.857696
1421.729000 0.850000 1422.011000 93.935516
1422.584000 0.854000 1422.871000 92.308164
1423.445000 0.861000 1423.741000 92.015195
1424.304000 0.859000 1424.591000 94.622163
1425.170000 0.865000 1425.451000 95.093660
1426.066000 0.897000 1426.351000 92.813994
1426.959000 0.892000 1427.251000 91.678738
1427.835000 0.877000 1428.121000 93.745544
1428.717000 0.881000 1429.001000 93.756988
1429.624000 0.908000 1429.911000 93.038298
1430.524000 0.899000 1430.821000 91.218685
1431.396000 0.872000 1431.691000 92.946745
1432.277000 0.881000 1432.561000 93.486907
1433.151000 0.874000 1433.441000 92.958189
1434.037000 0.886000 1434.331000 91.442990
1434.909000 0.871000 1435.201000 92.173124
1435.764000 0.855000 1436.051000 93.857696
1436.615000 0.851000 1436.901000 94.082001
1437.467000 0.852000 1437.751000 93.553283
1438.327000 0.860000 1438.621000 92.768217
1439.185000 0.858000 1439.471000 94.418457
1440.041000 0.856000 1440.321000 94.878511
1440.901000 0.861000 1441.181000 94.507721
1441.781000 0.880000 1442.071000 92.935301
1442.657000 0.876000 1442.951000 92.802550
1443.519000 0.862000 1443.801000 94.171265
1444.391000 0.872000 1444.671000 93.768432
1445.278000 0.887000 1445.561000 93.116118
1446.163000 0.885000 1446.451000 91.454434
1447.024000 0.861000 1447.321000 91.600918
1447.872000 0.848000 1448.161000 92.891814
1448.719000 0.848000 1449.001000 92.610289
1449.572000 0.853000 1449.851000 92.228055
1450.425000 0.853000 1450.721000 91.431546
1451.282000 0.857000 1451.581000 91.060757
1452.132000 0.850000 1452.421000 92.196012
1452.983000 0.851000 1453.261000 92.667509
1453.845000 0.862000 1454.131000 92.509580
1454.718000 0.872000 1455.011000 90.790676
1455.581000 0.863000 1455.871000 92.408872
1456.428000 0.847000 1456.711000 93.486907
1457.283000 0.855000 1457.561000 93.216826
1458.150000 0.868000 1458.441000 92.083860
1459.006000 0.855000 1459.301000 91.442990
1459.847000 0.841000 1460.131000 92.846037
1460.682000 0.835000 1460.961000 93.340423
1461.521000 0.839000 1461.801000 92.969634
1462.376000 0.855000 1462.661000 91.857266
1463.233000 0.857000 1463.531000 91.925931
1464.093000 0.861000 1464.381000 93.722656
1464.982000 0.889000 1465.271000 93.328978
1465.889000 0.907000 1466.171000 92.779661
1466.788000 0.899000 1467.091000 90.859340
1467.686000 0.898000 1467.981000 91.678738
1468.572000 0.886000 1468.861000 92.374540
1469.456000 0.883000 1469.741000 92.207456
1470.370000 0.914000 1470.661000 91.241573
1471.259000 0.889000 1471.551000 91.644406
1472.132000 0.873000 1472.421000 93.239714
1473.007000 0.875000 1473.291000 93.541839
1473.902000 0.895000 1474.191000 93.026854
1474.795000 0.892000 1475.091000 92.385984
1475.660000 0.865000 1475.951000 94.677094
1476.510000 0.851000 1476.791000 95.507936
1477.389000 0.879000 1477.671000 95.620089
1478.307000 0.918000 1478.601000 93.274047
1479.205000 0.898000 1479.501000 94.564942
1480.085000 0.880000 1480.371000 95.553713
1480.988000 0.903000 1481.271000 94.271973
1481.919000 0.931000 1482.211000 93.374755
1482.823000 0.904000 1483.121000 92.532469
1483.718000 0.895000 1484.011000 92.969634
1484.604000 0.886000 1484.891000 92.319608
1485.490000 0.886000 1485.781000 91.701627
1486.382000 0.891000 1486.671000 91.241573
1487.273000 0.891000 1487.561000 89.790461
1488.141000 0.868000 1488.441000 89.364740
1488.992000 0.851000 1489.281000 90.847896
1489.834000 0.842000 1490.121000 90.825008
1490.677000 0.844000 1490.961000 90.408442
1491.517000 0.840000 1491.811000 90.005610
1492.360000 0.842000 1492.651000 91.385769
1493.198000 0.838000 1493.481000 93.070342
1494.046000 0.848000 1494.331000 93.015410
1494.911000 0.865000 1495.201000 91.083645
1495.769000 0.857000 1496.061000 92.150235
1496.638000 0.869000 1496.921000 93.070342
1497.514000 0.876000 1497.801000 93.274047
1498.428000 0.914000 1498.711000 92.060971
1499.358000 0.930000 1499.651000 91.037868
1500.254000 0.896000 1500.541000 91.644406
1501.132000 0.879000 1501.421000 92.104459
1502.030000 0.897000 1502.321000 91.477322
1502.921000 0.892000 1503.221000 90.060542
1503.789000 0.867000 1504.081000 92.173124
1504.648000 0.859000 1504.931000 92.598844
1505.518000 0.870000 1505.801000 92.083860
1506.371000 0.852000 1506.671000 91.230129
1507.216000 0.845000 1507.501000 93.633392
1508.062000 0.846000 1508.341000 94.139221
1508.925000 0.863000 1509.201000 94.642762
1509.840000 0.916000 1510.131000 93.058898
1510.757000 0.916000 1511.051000 93.857696
1511.664000 0.908000 1511.951000 94.384125
1512.568000 0.904000 1512.851000 93.587615
1513.467000 0.899000 1513.761000 91.307949
1514.339000 0.872000 1514.631000 91.836667
1515.204000 0.865000 1515.491000 93.205382
1516.084000 0.881000 1516.371000 93.093230
1516.972000 0.888000 1517.271000 91.273617
1517.847000 0.875000 1518.141000 91.566586
1518.705000 0.858000 1518.991000 93.800476
1519.562000 0.857000 1519.841000 93.633392
1520.429000 0.867000 1520.721000 92.049527
1521.287000 0.858000 1521.581000 92.633177
1522.135000 0.848000 1522.421000 94.734315
1522.988000 0.852000 1523.271000 94.418457
1523.853000 0.866000 1524.141000 92.328764
1524.703000 0.850000 1525.001000 91.903043
1525.550000 0.847000 1525.841000 94.171265
1526.392000 0.841000 1526.671000 94.587830
1527.238000 0.847000 1527.521000 92.690397
1528.083000 0.845000 1528.381000 91.420101
1528.928000 0.845000 1529.221000 94.283417
1529.769000 0.841000 1530.051000 94.777802
1530.614000 0.845000 1530.901000 93.621948
1531.458000 0.843000 1531.751000 92.296720
1532.303000 0.845000 1532.591000 94.530610
1533.162000 0.859000 1533.441000 95.036439
1534.037000 0.875000 1534.321000 94.587830
1534.939000 0.902000 1535.231000 92.621733
1535.836000 0.897000 1536.131000 92.443205
1536.702000 0.866000 1536.991000 93.521239
1537.580000 0.878000 1537.861000 93.429687
1538.499000 0.919000 1538.781000 92.196012
1539.437000 0.938000 1539.731000 90.779232
1540.331000 0.895000 1540.631000 91.026424
1541.213000 0.882000 1541.501000 92.239500
1542.084000 0.871000 1542.371000 92.296720
1542.967000 0.882000 1543.251000 91.241573
1543.843000 0.876000 1544.141000 90.532039
1544.692000 0.849000 1544.991000 91.026424
1545.528000 0.836000 1545.811000 93.351867
1546.362000 0.834000 1546.641000 93.811920
1547.213000 0.851000 1547.501000 92.340208
1548.072000 0.859000 1548.371000 92.610289
1548.919000 0.847000 1549.211000 94.699982
1549.776000 0.858000 1550.061000 94.766358
1550.653000 0.877000 1550.941000 94.553498
1551.539000 0.886000 1551.831000 92.779661
1552.421000 0.882000 1552.711000 93.644836
1553.283000 0.861000 1553.561000 95.137147
1554.137000 0.854000 1554.421000 95.507936
1554.996000 0.860000 1555.291000 93.789032
1555.853000 0.856000 1556.141000 95.036439
1556.712000 0.860000 1556.991000 95.979434
1557.588000 0.876000 1557.871000 96.542484
1558.481000 0.893000 1558.771000 94.722871
1559.380000 0.898000 1559.671000 93.946960
1560.255000 0.876000 1560.541000 95.082216
1561.135000 0.880000 1561.421000 94.889955
1562.023000 0.888000 1562.311000 93.274047
1562.907000 0.883000 1563.201000 92.207456
1563.777000 0.870000 1564.061000 93.946960
1564.709000 0.932000 1564.991000 93.912628
1565.706000 0.996000 1565.991000 92.678953
1566.696000 0.990000 1566.991000 91.273617
1567.653000 0.957000 1567.951000 90.218470
1568.568000 0.915000 1568.861000 91.756558
1569.488000 0.920000 1569.781000 91.655850
1570.375000 0.887000 1570.671000 90.600703
1571.229000 0.854000 1571.531000 90.307734
1572.073000 0.843000 1572.371000 92.610289
1572.919000 0.846000 1573.201000 93.521239
1573.769000 0.851000 1574.051000 93.564727
1574.639000 0.870000 1574.931000 92.610289
1575.513000 0.873000 1575.801000 93.912628
1576.365000 0.853000 1576.651000 95.114259
1577.227000 0.861000 1577.511000 95.013551
1578.095000 0.868000 1578.381000 93.093230
1578.968000 0.873000 1579.261000 94.004181
1579.832000 0.863000 1580.121000 94.935731
1580.706000 0.874000 1580.991000 94.823579
1581.577000 0.872000 1581.861000 93.846252
1582.450000 0.873000 1582.741000 92.115903
1583.314000 0.864000 1583.601000 94.251373
1584.161000 0.847000 1584.441000 94.127777
1585.005000 0.845000 1585.291000 94.194153
1585.854000 0.849000 1586.151000 92.138791
1586.702000 0.848000 1586.991000 93.306090
1587.544000 0.842000 1587.821000 94.688538
1588.387000 0.843000 1588.671000 94.553498
1589.246000 0.859000 1589.531000 93.892029
1590.117000 0.871000 1590.411000 93.205382
1590.979000 0.861000 1591.271000 94.441346
1591.831000 0.852000 1592.111000 94.878511
1592.688000 0.858000 1592.971000 94.576386
1593.560000 0.872000 1593.851000 93.026854
1594.427000 0.867000 1594.721000 92.914702
1595.283000 0.856000 1595.571000 94.418457
1596.136000 0.853000 1596.421000 94.429902
1596.999000 0.863000 1597.281000 94.127777
1597.874000 0.875000 1598.161000 92.463804
1598.742000 0.868000 1599.041000 90.532039
1599.575000 0.834000 1599.871000 93.363311
1600.391000 0.815000 1600.671000 95.171480
1601.209000 0.818000 1601.491000 92.914702
1602.028000 0.820000 1602.321000 92.823149
1602.854000 0.825000 1603.141000 94.745759
1603.686000 0.832000 1603.971000 95.901614
1604.536000 0.851000 1604.821000 94.846467
1605.403000 0.867000 1605.691000 92.733885
1606.267000 0.865000 1606.551000 93.901184
1607.132000 0.865000 1607.421000 93.823364
1608.035000 0.903000 1608.321000 92.575956
1608.958000 0.923000 1609.251000 91.150021
