32.056000 1.084000 32.418000 121.245120
33.083000 1.027000 33.441000 123.564140
34.093000 1.010000 34.445000 123.198030
35.064000 0.971000 35.432000 125.150950
36.097000 1.033000 36.447000 127.134740
37.157000 1.060000 37.519000 127.104970
38.127000 0.971000 38.496000 125.517050
39.141000 1.014000 39.501000 125.944910
40.062000 0.921000 40.413000 127.562600
41.135000 1.073000 41.494000 129.149410
42.337000 1.203000 42.701000 124.388970
43.526000 1.189000 43.867000 125.517050
44.693000 1.166000 45.044000 125.181820
45.841000 1.148000 46.200000 124.418740
47.001000 1.160000 47.387000 120.390510
48.159000 1.159000 48.513000 121.550570
49.243000 1.084000 49.603000 120.298980
50.287000 1.044000 50.652000 120.787490
51.386000 1.099000 51.735000 121.611220
52.581000 1.194000 52.943000 121.580340
53.814000 1.233000 54.168000 120.818360
55.046000 1.232000 55.394000 119.963760
56.186000 1.141000 56.562000 118.285420
57.295000 1.109000 57.663000 119.078270
58.415000 1.120000 58.796000 119.993530
59.576000 1.161000 59.933000 121.214240
60.760000 1.184000 61.110000 120.482030
61.797000 1.037000 62.158000 122.008200
62.823000 1.026000 63.192000 121.671870
63.910000 1.087000 64.271000 122.465830
64.969000 1.059000 65.340000 121.153590
66.098000 1.129000 66.459000 123.198030
67.178000 1.080000 67.535000 124.052640
68.261000 1.083000 68.605000 125.090300
69.341000 1.081000 69.690000 125.090300
70.487000 1.146000 70.844000 125.029650
71.660000 1.172000 72.019000 124.021760
72.852000 1.192000 73.219000 124.724200
74.034000 1.182000 74.398000 124.388970
75.166000 1.132000 75.539000 124.449620
76.313000 1.147000 76.676000 122.831930
77.413000 1.100000 77.797000 123.655660
78.490000 1.077000 78.837000 123.625890
79.584000 1.093000 79.938000 122.923460
80.692000 1.109000 81.058000 121.214240
81.723000 1.031000 82.096000 122.892580
82.847000 1.124000 83.197000 124.418740
84.053000 1.206000 84.405000 121.916670
85.118000 1.065000 85.476000 122.039070
86.236000 1.118000 86.596000 122.801050
87.459000 1.222000 87.820000 121.214240
88.671000 1.213000 89.026000 120.756610
89.870000 1.198000 90.225000 119.566780
91.044000 1.175000 91.384000 119.200670
92.181000 1.136000 92.544000 118.071490
93.252000 1.072000 93.614000 118.285420
94.321000 1.068000 94.677000 119.963760
95.428000 1.107000 95.806000 120.359630
96.554000 1.126000 96.903000 123.168260
97.738000 1.184000 98.102000 124.418740
98.965000 1.227000 99.339000 125.150950
100.195000 1.230000 100.542000 124.724200
101.399000 1.204000 101.744000 123.961110
102.556000 1.157000 102.926000 122.465830
103.704000 1.148000 104.051000 123.961110
104.809000 1.105000 105.184000 122.039070
105.832000 1.023000 106.184000 124.388970
106.863000 1.030000 107.204000 124.724200
108.040000 1.177000 108.384000 125.212700
109.301000 1.261000 109.651000 121.550570
110.513000 1.212000 110.868000 119.169800
111.688000 1.175000 112.063000 118.376940
112.840000 1.151000 113.206000 117.735160
113.893000 1.053000 114.248000 119.566780
114.888000 0.995000 115.263000 119.169800
115.789000 0.901000 116.149000 119.993530
116.699000 0.910000 117.057000 121.153590
117.622000 0.922000 117.986000 122.039070
118.524000 0.902000 118.888000 123.228910
119.562000 1.038000 119.909000 125.456400
120.878000 1.316000 121.226000 125.181820
122.015000 1.137000 122.398000 121.550570
123.080000 1.065000 123.425000 122.465830
124.071000 0.991000 124.426000 123.625890
125.024000 0.953000 125.373000 122.801050
125.936000 0.912000 126.327000 123.228910
126.826000 0.890000 127.194000 124.693320
127.701000 0.874000 128.037000 123.534360
128.566000 0.866000 128.913000 121.977320
129.408000 0.841000 129.734000 121.580340
130.224000 0.816000 130.563000 121.214240
131.018000 0.794000 131.409000 118.743050
131.816000 0.798000 132.146000 122.771280
132.616000 0.799000 132.946000 122.831930
133.441000 0.826000 133.788000 124.021760
134.364000 0.923000 134.695000 124.021760
135.359000 0.995000 135.705000 122.831930
136.410000 1.051000 136.749000 122.526480
137.537000 1.127000 137.908000 118.772820
138.682000 1.144000 139.032000 122.068850
139.834000 1.153000 140.195000 121.580340
140.969000 1.135000 141.327000 121.214240
142.064000 1.095000 142.427000 119.932880
143.178000 1.114000 143.527000 121.245120
144.260000 1.082000 144.595000 122.374300
145.410000 1.150000 145.755000 123.198030
146.691000 1.281000 147.028000 123.198030
147.914000 1.222000 148.272000 123.259780
149.016000 1.102000 149.364000 123.595010
150.087000 1.072000 150.450000 122.465830
151.103000 1.016000 151.470000 123.655660
152.165000 1.062000 152.513000 124.784850
153.486000 1.321000 153.850000 124.388970
154.747000 1.261000 155.102000 123.961110
155.970000 1.224000 156.344000 124.724200
157.201000 1.231000 157.552000 122.771280
158.325000 1.124000 158.712000 122.465830
159.374000 1.049000 159.737000 118.346070
160.355000 0.981000 160.712000 125.181820
161.379000 1.024000 161.727000 126.311010
162.575000 1.196000 162.944000 126.341890
163.735000 1.160000 164.090000 125.547930
164.909000 1.174000 165.256000 125.150950
166.147000 1.239000 166.499000 124.418740
167.272000 1.125000 167.631000 123.228910
168.312000 1.040000 168.671000 125.181820
169.373000 1.061000 169.717000 125.242470
170.529000 1.157000 170.872000 127.562600
171.789000 1.260000 172.150000 126.341890
173.054000 1.265000 173.399000 124.724200
174.314000 1.260000 174.677000 123.228910
175.508000 1.194000 175.888000 119.535900
176.668000 1.161000 177.031000 118.376940
177.703000 1.035000 178.071000 117.674510
178.672000 0.969000 179.037000 118.864340
179.648000 0.976000 179.998000 120.818360
180.663000 1.015000 181.018000 119.902000
181.790000 1.127000 182.137000 120.726840
183.081000 1.291000 183.432000 119.963760
184.347000 1.266000 184.695000 119.597650
185.588000 1.242000 185.935000 119.535900
186.803000 1.215000 187.157000 119.597650
187.993000 1.190000 188.378000 117.247760
189.183000 1.190000 189.535000 119.993530
190.374000 1.191000 190.717000 119.993530
191.576000 1.202000 191.933000 119.597650
192.745000 1.169000 193.088000 118.406720
193.899000 1.154000 194.254000 117.643630
194.987000 1.088000 195.357000 117.643630
196.090000 1.103000 196.446000 117.186010
197.231000 1.141000 197.568000 118.437590
198.492000 1.261000 198.847000 117.552110
199.798000 1.306000 200.177000 115.293740
201.036000 1.238000 201.393000 115.660940
202.291000 1.255000 202.644000 116.759250
203.564000 1.273000 203.910000 116.148350
204.825000 1.260000 205.205000 114.409360
206.090000 1.266000 206.445000 116.422920
207.306000 1.216000 207.652000 116.484680
208.548000 1.242000 208.908000 116.850780
209.855000 1.306000 210.204000 117.949090
211.174000 1.319000 211.542000 117.582980
212.409000 1.236000 212.784000 118.772820
213.613000 1.204000 213.990000 119.200670
214.843000 1.230000 215.209000 120.787490
216.047000 1.205000 216.398000 124.388970
217.356000 1.309000 217.730000 123.228910
218.540000 1.184000 218.897000 125.150950
219.829000 1.289000 220.193000 123.228910
221.027000 1.198000 221.421000 124.327220
222.148000 1.122000 222.511000 124.815720
223.291000 1.143000 223.651000 122.465830
224.414000 1.123000 224.791000 124.388970
225.619000 1.206000 225.969000 124.021760
226.803000 1.184000 227.170000 123.228910
227.988000 1.185000 228.357000 120.268110
229.131000 1.143000 229.487000 119.078270
230.198000 1.067000 230.557000 118.651520
231.147000 0.949000 231.508000 117.674510
232.033000 0.886000 232.396000 119.566780
232.890000 0.857000 233.254000 121.671870
233.767000 0.877000 234.132000 122.831930
234.649000 0.882000 234.996000 123.198030
235.618000 0.969000 235.979000 123.259780
236.643000 1.025000 236.996000 121.580340
237.629000 0.986000 237.976000 121.275990
238.621000 0.992000 238.967000 120.818360
239.671000 1.050000 240.016000 120.451160
240.782000 1.111000 241.133000 119.993530
241.858000 1.076000 242.194000 119.109150
242.929000 1.072000 243.319000 119.566780
243.997000 1.067000 244.358000 118.009740
245.093000 1.096000 245.448000 118.376940
246.168000 1.076000 246.518000 118.376940
247.304000 1.136000 247.646000 119.506130
248.505000 1.201000 248.847000 119.872230
249.724000 1.219000 250.071000 118.803690
250.912000 1.189000 251.274000 117.705390
252.035000 1.123000 252.377000 118.772820
253.166000 1.131000 253.516000 119.200670
254.387000 1.221000 254.732000 118.406720
255.620000 1.233000 255.971000 116.880550
256.848000 1.227000 257.203000 115.233090
257.959000 1.111000 258.336000 115.660940
258.981000 1.022000 259.352000 115.660940
259.986000 1.005000 260.370000 117.247760
260.987000 1.002000 261.365000 120.421380
262.293000 1.306000 262.634000 122.831930
263.531000 1.238000 263.895000 122.831930
264.811000 1.279000 265.170000 123.228910
265.976000 1.166000 266.369000 120.421380
267.016000 1.040000 267.390000 121.550570
267.995000 0.978000 268.382000 122.099720
268.993000 0.998000 269.353000 124.418740
270.142000 1.149000 270.490000 126.341890
271.258000 1.117000 271.606000 124.784850
272.364000 1.106000 272.710000 122.771280
273.330000 0.966000 273.701000 123.075630
274.294000 0.964000 274.661000 120.818360
275.321000 1.027000 275.688000 118.834570
276.303000 0.982000 276.667000 117.308410
277.223000 0.920000 277.583000 115.690720
278.074000 0.851000 278.450000 118.071490
278.950000 0.877000 279.328000 119.689180
279.942000 0.992000 280.317000 119.963760
281.207000 1.264000 281.546000 119.566780
282.451000 1.245000 282.801000 118.040610
283.613000 1.161000 283.965000 116.422920
284.645000 1.033000 285.008000 116.850780
285.695000 1.050000 286.046000 117.308410
286.872000 1.177000 287.225000 117.705390
288.101000 1.229000 288.448000 116.484680
289.260000 1.159000 289.620000 116.422920
290.404000 1.144000 290.765000 116.453800
291.542000 1.139000 291.886000 116.453800
292.702000 1.160000 293.047000 116.484680
293.852000 1.150000 294.208000 116.118570
294.965000 1.113000 295.335000 115.660940
296.076000 1.111000 296.425000 117.186010
297.182000 1.106000 297.535000 117.247760
298.277000 1.096000 298.628000 117.735160
299.322000 1.044000 299.705000 114.836110
300.365000 1.043000 300.723000 119.535900
301.502000 1.137000 301.854000 120.390510
302.618000 1.116000 302.981000 120.390510
303.773000 1.155000 304.126000 121.611220
304.846000 1.073000 305.205000 120.298980
305.831000 0.984000 306.194000 121.611220
306.768000 0.938000 307.113000 121.550570
307.641000 0.873000 307.993000 121.642090
308.512000 0.871000 308.853000 122.405180
309.363000 0.851000 309.713000 123.259780
310.218000 0.855000 310.564000 123.625890
311.064000 0.846000 311.412000 122.892580
311.916000 0.852000 312.253000 124.052640
312.832000 0.916000 313.167000 124.021760
313.870000 1.038000 314.207000 124.418740
315.063000 1.192000 315.387000 121.580340
316.247000 1.184000 316.614000 117.277530
317.432000 1.185000 317.794000 114.561530
318.562000 1.130000 318.932000 113.677150
319.691000 1.129000 320.047000 113.188650
320.879000 1.188000 321.252000 113.706930
322.096000 1.217000 322.454000 114.043250
323.329000 1.233000 323.690000 114.073030
324.522000 1.192000 324.888000 114.866990
325.750000 1.228000 326.120000 115.660940
326.943000 1.193000 327.325000 116.484680
328.190000 1.246000 328.562000 116.880550
329.382000 1.192000 329.731000 117.674510
330.590000 1.208000 330.942000 117.979960
331.756000 1.166000 332.110000 119.138920
332.935000 1.179000 333.329000 119.902000
334.094000 1.159000 334.450000 120.024410
335.225000 1.131000 335.591000 121.214240
336.393000 1.168000 336.748000 121.642090
337.533000 1.140000 337.881000 121.642090
338.697000 1.164000 339.049000 122.465830
339.793000 1.096000 340.150000 120.421380
340.865000 1.072000 341.220000 121.550570
342.027000 1.161000 342.403000 121.580340
343.176000 1.150000 343.529000 123.259780
344.385000 1.208000 344.745000 122.008200
345.540000 1.155000 345.895000 122.771280
346.791000 1.251000 347.145000 122.405180
348.035000 1.244000 348.394000 121.550570
349.262000 1.227000 349.615000 121.580340
350.507000 1.245000 350.857000 120.726840
351.689000 1.182000 352.046000 120.055280
352.786000 1.097000 353.148000 119.169800
353.861000 1.075000 354.214000 119.535900
354.884000 1.024000 355.243000 119.138920
355.932000 1.048000 356.330000 120.421380
357.034000 1.102000 357.405000 120.756610
358.121000 1.087000 358.469000 121.245120
359.377000 1.256000 359.732000 120.787490
360.532000 1.155000 360.886000 120.329860
361.697000 1.165000 362.072000 119.138920
362.834000 1.137000 363.184000 118.864340
363.983000 1.149000 364.350000 117.918210
365.130000 1.147000 365.502000 117.674510
366.186000 1.057000 366.564000 116.148350
367.123000 0.936000 367.491000 118.803690
368.039000 0.916000 368.383000 120.359630
369.143000 1.105000 369.494000 121.947550
370.370000 1.227000 370.714000 121.854920
371.393000 1.023000 371.763000 121.245120
372.269000 0.875000 372.655000 122.008200
373.079000 0.810000 373.444000 125.150950
373.932000 0.853000 374.308000 127.592370
374.994000 1.062000 375.349000 129.454860
376.178000 1.184000 376.511000 129.546390
377.333000 1.155000 377.680000 126.341890
378.454000 1.121000 378.799000 124.052640
379.584000 1.130000 379.919000 121.580340
380.692000 1.108000 381.037000 119.169800
381.792000 1.100000 382.128000 115.568320
382.909000 1.117000 383.263000 113.219520
384.045000 1.136000 384.381000 110.106550
385.215000 1.171000 385.561000 110.869630
386.407000 1.192000 386.764000 109.648920
387.572000 1.165000 387.914000 109.281710
388.685000 1.113000 389.036000 108.854960
389.831000 1.146000 390.197000 109.740440
390.944000 1.113000 391.320000 109.770220
392.121000 1.177000 392.499000 110.533300
393.293000 1.172000 393.637000 110.472650
394.523000 1.230000 394.863000 110.502420
395.736000 1.213000 396.118000 110.106550
396.839000 1.103000 397.192000 110.044790
397.872000 1.033000 398.226000 112.028590
398.935000 1.063000 399.316000 114.409360
400.151000 1.216000 400.500000 116.453800
401.368000 1.217000 401.723000 117.216880
402.541000 1.173000 402.900000 119.200670
403.648000 1.108000 404.002000 119.963760
404.728000 1.080000 405.098000 119.535900
405.757000 1.029000 406.121000 120.390510
406.786000 1.029000 407.121000 122.771280
407.880000 1.094000 408.225000 123.961110
409.172000 1.293000 409.517000 123.961110
410.429000 1.257000 410.820000 123.198030
411.657000 1.228000 412.020000 122.039070
412.862000 1.205000 413.226000 119.963760
414.010000 1.147000 414.385000 117.613860
415.113000 1.103000 415.501000 118.071490
416.265000 1.152000 416.623000 116.850780
417.411000 1.147000 417.767000 114.836110
418.419000 1.008000 418.805000 114.866990
419.345000 0.926000 419.690000 116.027050
420.231000 0.885000 420.594000 115.233090
421.207000 0.976000 421.570000 118.743050
422.138000 0.931000 422.484000 120.329860
423.256000 1.118000 423.603000 122.039070
424.569000 1.313000 424.922000 121.184470
425.838000 1.269000 426.204000 120.390510
427.090000 1.252000 427.442000 119.078270
428.292000 1.202000 428.631000 118.834570
429.438000 1.147000 429.811000 118.864340
430.600000 1.162000 430.942000 119.169800
431.771000 1.171000 432.131000 117.552110
432.938000 1.167000 433.309000 118.346070
434.134000 1.196000 434.485000 118.040610
435.277000 1.144000 435.649000 118.803690
436.393000 1.115000 436.731000 120.787490
437.522000 1.129000 437.889000 120.359630
438.668000 1.147000 439.025000 121.671870
439.857000 1.189000 440.208000 120.787490
441.067000 1.209000 441.420000 121.122710
442.266000 1.200000 442.625000 120.818360
443.459000 1.193000 443.820000 121.184470
444.644000 1.185000 445.020000 119.963760
445.830000 1.187000 446.178000 119.932880
446.994000 1.163000 447.390000 116.880550
448.148000 1.154000 448.505000 119.932880
449.275000 1.127000 449.638000 119.872230
450.319000 1.044000 450.686000 121.245120
451.377000 1.058000 451.749000 123.228910
452.457000 1.079000 452.822000 122.434950
453.544000 1.088000 453.905000 122.831930
454.763000 1.219000 455.107000 122.434950
455.969000 1.206000 456.347000 121.122710
457.221000 1.252000 457.602000 122.068850
458.456000 1.234000 458.826000 121.245120
459.644000 1.188000 460.004000 120.359630
460.837000 1.193000 461.186000 119.597650
461.964000 1.127000 462.337000 115.172440
462.952000 0.988000 463.334000 117.949090
463.927000 0.975000 464.289000 122.039070
464.977000 1.050000 465.353000 121.550570
466.033000 1.056000 466.409000 121.519690
467.331000 1.298000 467.704000 121.245120
468.608000 1.277000 468.986000 119.566780
469.826000 1.218000 470.201000 118.803690
470.948000 1.123000 471.335000 117.156230
472.036000 1.087000 472.394000 117.888440
473.122000 1.086000 473.494000 115.202210
474.205000 1.083000 474.582000 114.470010
475.321000 1.116000 475.682000 114.500880
476.473000 1.152000 476.844000 114.012380
477.519000 1.046000 477.861000 115.690720
478.477000 0.959000 478.845000 114.440230
479.368000 0.890000 479.721000 115.690720
480.184000 0.817000 480.547000 114.775460
480.991000 0.806000 481.378000 115.293740
481.787000 0.796000 482.136000 118.406720
482.629000 0.842000 482.980000 119.597650
483.632000 1.002000 483.997000 119.169800
484.749000 1.118000 485.103000 118.834570
485.921000 1.171000 486.272000 116.759250
487.069000 1.148000 487.432000 116.453800
488.171000 1.102000 488.530000 115.202210
489.297000 1.126000 489.658000 114.866990
490.392000 1.095000 490.755000 114.409360
491.513000 1.121000 491.859000 114.866990
492.649000 1.136000 493.017000 114.470010
493.804000 1.155000 494.155000 114.470010
494.954000 1.149000 495.338000 112.059460
496.087000 1.133000 496.439000 113.615400
497.171000 1.084000 497.527000 114.470010
498.315000 1.144000 498.660000 114.440230
499.458000 1.143000 499.820000 116.087700
500.680000 1.222000 501.031000 116.942300
501.926000 1.246000 502.294000 117.247760
503.198000 1.272000 503.576000 116.484680
504.418000 1.219000 504.792000 116.484680
505.601000 1.183000 505.948000 116.789030
506.776000 1.175000 507.135000 117.674510
507.959000 1.183000 508.336000 117.674510
509.165000 1.207000 509.515000 118.376940
510.389000 1.224000 510.756000 117.613860
511.504000 1.115000 511.858000 118.376940
512.558000 1.054000 512.916000 118.743050
513.556000 0.999000 513.956000 118.406720
514.522000 0.966000 514.901000 121.214240
515.641000 1.119000 516.001000 122.099720
516.769000 1.129000 517.135000 119.963760
517.755000 0.986000 518.120000 118.346070
518.682000 0.927000 519.054000 120.818360
519.637000 0.955000 520.010000 120.818360
520.663000 1.026000 521.026000 119.414600
521.690000 1.027000 522.055000 119.566780
522.711000 1.021000 523.074000 117.643630
523.677000 0.966000 524.057000 117.308410
524.740000 1.063000 525.096000 112.822540
525.850000 1.111000 526.219000 109.312590
527.003000 1.153000 527.393000 105.681330
528.179000 1.176000 528.541000 104.124290
529.330000 1.151000 529.695000 103.392090
530.421000 1.091000 530.792000 104.186040
531.486000 1.065000 531.840000 104.124290
532.597000 1.111000 532.953000 106.078310
533.786000 1.189000 534.134000 106.108080
535.005000 1.219000 535.371000 106.047440
536.149000 1.144000 536.518000 105.681330
537.218000 1.070000 537.580000 107.665120
538.303000 1.085000 538.653000 108.885840
539.356000 1.053000 539.716000 110.899400
540.313000 0.957000 540.674000 113.677150
541.312000 0.999000 541.660000 115.690720
542.462000 1.150000 542.813000 116.453800
543.594000 1.132000 543.952000 115.782240
544.865000 1.271000 545.212000 116.087700
546.143000 1.278000 546.497000 116.027050
547.421000 1.278000 547.775000 115.324610
548.615000 1.194000 548.971000 115.233090
549.802000 1.187000 550.171000 113.981500
550.962000 1.160000 551.353000 114.470010
552.110000 1.148000 552.470000 114.470010
553.231000 1.121000 553.590000 115.630070
554.365000 1.134000 554.713000 115.690720
555.546000 1.181000 555.910000 114.897860
556.654000 1.108000 557.010000 115.293740
557.813000 1.159000 558.189000 114.897860
559.043000 1.231000 559.628000 132.231510
560.217000 1.173000 560.591000 113.585630
561.347000 1.130000 561.711000 113.280170
562.437000 1.090000 562.810000 113.615400
563.455000 1.018000 563.828000 114.440230
564.539000 1.083000 564.911000 115.721590
565.677000 1.139000 566.033000 115.263970
566.795000 1.118000 567.168000 114.440230
567.914000 1.119000 568.270000 115.324610
568.979000 1.065000 569.346000 113.677150
569.961000 0.981000 570.345000 110.472650
570.863000 0.903000 571.210000 112.760790
571.691000 0.828000 572.054000 110.838750
572.483000 0.792000 572.852000 110.106550
573.250000 0.767000 573.607000 111.693360
574.016000 0.766000 574.404000 111.998810
574.789000 0.773000 575.133000 116.056820
575.577000 0.788000 575.904000 118.346070
576.388000 0.811000 576.712000 118.040610
577.230000 0.841000 577.564000 116.819900
578.065000 0.836000 578.393000 116.393150
578.914000 0.848000 579.252000 115.263970
579.773000 0.859000 580.101000 115.202210
580.722000 0.950000 581.092000 113.615400
581.965000 1.242000 582.327000 114.043250
583.178000 1.213000 583.524000 112.028590
584.382000 1.204000 584.731000 111.235730
585.517000 1.135000 585.868000 109.373240
586.469000 0.952000 586.821000 108.061000
587.340000 0.871000 587.687000 112.791670
588.258000 0.918000 588.603000 114.012380
589.685000 1.427000 590.009000 114.409360
590.983000 1.298000 591.350000 111.937060
592.288000 1.304000 592.642000 114.043250
593.561000 1.273000 593.907000 114.897860
594.826000 1.265000 595.180000 113.249300
595.903000 1.077000 596.267000 112.700140
596.866000 0.963000 597.237000 115.690720
598.012000 1.146000 598.388000 116.759250
599.402000 1.390000 599.722000 118.040610
600.760000 1.358000 601.101000 119.902000
602.132000 1.372000 602.499000 116.422920
603.369000 1.236000 603.704000 120.665090
604.600000 1.231000 604.947000 116.027050
605.775000 1.176000 606.141000 118.071490
606.881000 1.106000 607.243000 118.834570
607.861000 0.980000 608.239000 115.660940
608.757000 0.896000 609.119000 120.329860
609.774000 1.016000 610.119000 122.039070
611.245000 1.472000 611.586000 122.008200
612.563000 1.317000 612.915000 119.535900
613.790000 1.227000 614.144000 120.329860
615.009000 1.219000 615.377000 119.138920
616.196000 1.187000 616.555000 119.169800
617.426000 1.231000 617.797000 118.803690
618.662000 1.236000 619.018000 117.247760
619.817000 1.154000 620.177000 114.440230
620.902000 1.085000 621.277000 110.502420
621.981000 1.079000 622.355000 104.521270
623.003000 1.023000 623.384000 101.622220
623.949000 0.946000 624.334000 101.653100
624.892000 0.942000 625.260000 102.568360
625.833000 0.941000 626.211000 104.949130
626.719000 0.886000 627.075000 105.345000
627.592000 0.874000 627.956000 107.634250
628.552000 0.959000 628.894000 108.488860
629.617000 1.065000 629.973000 109.648920
630.823000 1.207000 631.199000 108.488860
631.963000 1.139000 632.333000 108.824080
633.096000 1.134000 633.440000 107.145740
634.239000 1.143000 634.596000 109.312590
635.393000 1.154000 635.738000 109.281710
636.501000 1.108000 636.851000 110.106550
637.633000 1.131000 637.997000 110.807880
638.828000 1.195000 639.184000 111.204850
639.991000 1.163000 640.400000 108.732560
641.073000 1.083000 641.437000 111.631610
642.150000 1.077000 642.490000 112.425570
643.271000 1.121000 643.628000 114.440230
644.421000 1.149000 644.771000 114.378480
645.569000 1.149000 645.928000 115.263970
646.757000 1.188000 647.115000 114.866990
647.944000 1.188000 648.332000 115.660940
649.121000 1.177000 649.489000 116.880550
650.374000 1.253000 650.729000 116.087700
651.529000 1.155000 651.895000 113.523870
652.532000 1.004000 652.911000 113.646280
653.482000 0.950000 653.847000 114.806340
654.417000 0.935000 654.788000 117.308410
655.416000 1.000000 655.767000 119.993530
656.866000 1.450000 657.206000 118.743050
658.042000 1.176000 658.389000 118.040610
659.179000 1.137000 659.529000 118.009740
660.366000 1.186000 660.720000 117.643630
661.630000 1.265000 661.981000 117.613860
662.898000 1.268000 663.259000 116.789030
664.150000 1.252000 664.487000 116.789030
665.389000 1.239000 665.746000 115.324610
666.542000 1.153000 666.905000 115.630070
667.683000 1.141000 668.037000 115.660940
668.897000 1.214000 669.257000 116.087700
670.169000 1.272000 670.520000 116.850780
671.475000 1.305000 671.841000 116.056820
672.783000 1.308000 673.123000 116.362270
674.113000 1.330000 674.464000 116.027050
675.303000 1.189000 675.660000 114.043250
676.332000 1.029000 676.702000 115.660940
677.394000 1.063000 677.753000 117.949090
678.529000 1.135000 678.896000 119.169800
679.745000 1.216000 680.098000 120.787490
681.085000 1.340000 681.448000 120.329860
682.470000 1.385000 682.835000 119.932880
683.784000 1.314000 684.143000 119.993530
685.054000 1.270000 685.414000 118.376940
686.282000 1.228000 686.640000 118.346070
687.529000 1.247000 687.908000 117.643630
688.721000 1.192000 689.113000 113.494100
689.836000 1.115000 690.200000 119.109150
690.910000 1.074000 691.294000 118.009740
691.970000 1.060000 692.350000 117.156230
693.222000 1.253000 693.596000 119.993530
694.491000 1.268000 694.861000 118.009740
695.553000 1.062000 695.920000 119.109150
696.569000 1.017000 696.938000 120.818360
697.662000 1.093000 698.017000 120.787490
698.880000 1.217000 699.228000 121.184470
700.113000 1.234000 700.462000 119.566780
701.375000 1.262000 701.751000 115.660940
702.535000 1.160000 702.898000 112.059460
703.635000 1.100000 704.018000 111.296380
704.722000 1.087000 705.091000 110.472650
705.809000 1.087000 706.171000 111.265500
706.995000 1.187000 707.375000 110.502420
708.132000 1.136000 708.486000 111.235730
709.360000 1.228000 709.730000 111.662480
710.619000 1.259000 710.988000 110.869630
711.777000 1.159000 712.154000 109.312590
712.772000 0.995000 713.149000 111.296380
713.707000 0.935000 714.090000 113.249300
714.608000 0.901000 714.968000 113.188650
715.474000 0.866000 715.848000 115.996170
716.387000 0.913000 716.736000 116.393150
717.366000 0.979000 717.731000 116.514450
718.379000 1.013000 718.746000 115.660940
719.301000 0.922000 719.671000 114.866990
720.283000 0.982000 720.650000 114.440230
721.485000 1.202000 721.832000 114.836110
722.677000 1.192000 723.028000 112.394690
723.808000 1.130000 724.151000 111.998810
724.891000 1.083000 725.251000 111.235730
725.876000 0.985000 726.230000 110.015020
726.770000 0.894000 727.133000 112.394690
727.686000 0.916000 728.047000 113.554750
728.811000 1.125000 729.150000 113.981500
730.018000 1.207000 730.375000 113.523870
731.217000 1.199000 731.572000 113.188650
732.424000 1.207000 732.787000 112.394690
733.575000 1.151000 733.933000 112.425570
734.733000 1.158000 735.105000 111.967940
735.899000 1.166000 736.251000 111.631610
736.974000 1.075000 737.350000 109.709570
737.927000 0.953000 738.322000 108.854960
738.781000 0.854000 739.164000 112.028590
739.629000 0.848000 740.003000 116.087700
740.869000 1.240000 741.205000 117.643630
742.145000 1.276000 742.506000 115.293740
743.406000 1.260000 743.750000 115.660940
744.716000 1.310000 745.102000 114.866990
745.923000 1.207000 746.289000 114.043250
747.050000 1.127000 747.402000 113.188650
748.150000 1.100000 748.499000 113.981500
749.311000 1.161000 749.679000 112.852320
750.414000 1.103000 750.800000 112.059460
751.452000 1.039000 751.808000 112.059460
752.452000 0.999000 752.820000 114.836110
753.407000 0.955000 753.786000 112.364920
754.291000 0.884000 754.645000 113.585630
755.149000 0.858000 755.507000 116.453800
756.003000 0.854000 756.361000 114.409360
756.832000 0.830000 757.198000 114.836110
757.643000 0.811000 757.996000 113.677150
758.437000 0.793000 758.779000 111.723130
759.204000 0.768000 759.557000 113.219520
759.971000 0.767000 760.356000 116.880550
760.751000 0.779000 761.098000 117.979960
761.633000 0.882000 761.979000 119.169800
762.929000 1.297000 763.267000 118.712170
764.145000 1.216000 764.500000 115.660940
765.322000 1.177000 765.654000 114.012380
766.510000 1.189000 766.853000 112.425570
767.640000 1.129000 768.017000 112.120110
768.733000 1.093000 769.073000 112.059460
769.789000 1.057000 770.152000 109.678690
770.721000 0.931000 771.117000 111.631610
771.624000 0.904000 771.996000 112.028590
772.640000 1.016000 773.006000 110.044790
773.649000 1.009000 774.012000 106.382660
774.721000 1.071000 775.089000 105.315230
775.992000 1.271000 776.364000 102.812060
777.251000 1.259000 777.615000 100.523910
778.454000 1.203000 778.843000 100.126930
779.512000 1.058000 779.910000 100.462160
780.428000 0.916000 780.797000 102.934460
781.462000 1.034000 781.845000 105.681330
782.900000 1.438000 783.254000 106.016560
784.159000 1.260000 784.525000 107.634250
785.369000 1.210000 785.724000 108.457980
786.736000 1.366000 787.105000 109.678690
788.111000 1.375000 788.464000 109.618040
789.464000 1.354000 789.812000 109.618040
790.760000 1.296000 791.121000 110.441770
792.054000 1.294000 792.410000 111.265500
793.346000 1.292000 793.702000 109.618040
794.616000 1.269000 794.986000 109.343460
795.890000 1.275000 796.241000 109.678690
797.109000 1.218000 797.461000 108.488860
798.279000 1.171000 798.633000 108.885840
799.502000 1.223000 799.840000 110.106550
800.797000 1.294000 801.161000 108.488860
802.038000 1.241000 802.422000 109.648920
803.306000 1.268000 803.658000 110.044790
804.606000 1.300000 804.959000 110.838750
805.860000 1.254000 806.224000 110.441770
807.203000 1.344000 807.565000 110.441770
808.544000 1.341000 808.903000 110.106550
809.880000 1.335000 810.242000 110.075670
