300.986000 0.825000 301.321000 101.081820
301.865000 0.879000 302.191000 100.958550
302.755000 0.890000 303.091000 100.285740
303.621000 0.865000 303.961000 98.916603
304.430000 0.810000 304.761000 101.104400
305.258000 0.827000 305.591000 102.327680
306.122000 0.864000 306.451000 102.069850
306.955000 0.833000 307.291000 101.216380
307.772000 0.817000 308.101000 102.977910
308.596000 0.824000 308.921000 103.034360
309.432000 0.836000 309.771000 101.070520
310.245000 0.814000 310.581000 100.106010
311.056000 0.810000 311.391000 100.913380
311.909000 0.853000 312.241000 100.958550
312.758000 0.849000 313.091000 99.308995
313.586000 0.828000 313.921000 100.992420
314.434000 0.848000 314.761000 100.756230
315.250000 0.816000 315.581000 99.096332
316.020000 0.770000 316.361000 101.441270
316.788000 0.767000 317.111000 104.998210
317.573000 0.785000 317.901000 107.051440
318.473000 0.900000 318.801000 107.589690
319.361000 0.888000 319.691000 108.958820
320.253000 0.891000 320.581000 109.979790
321.191000 0.938000 321.521000 108.161810
322.078000 0.887000 322.411000 104.795890
322.914000 0.837000 323.241000 104.650040
323.769000 0.854000 324.091000 103.561320
324.632000 0.863000 324.961000 101.003710
325.467000 0.835000 325.801000 99.611993
326.286000 0.819000 326.611000 100.756230
327.113000 0.828000 327.441000 99.500016
327.969000 0.856000 328.301000 97.704612
328.791000 0.822000 329.121000 95.482940
329.580000 0.789000 329.911000 96.234789
330.365000 0.785000 330.691000 97.592634
331.144000 0.780000 331.471000 97.009222
331.916000 0.772000 332.251000 97.043097
332.661000 0.745000 332.991000 98.961771
333.424000 0.762000 333.751000 101.496790
334.226000 0.803000 334.551000 102.810410
335.062000 0.835000 335.391000 102.608100
335.856000 0.794000 336.191000 104.538060
336.633000 0.777000 336.961000 104.492900
337.390000 0.757000 337.721000 105.356720
338.080000 0.690000 338.411000 103.774920
338.776000 0.696000 339.101000 104.627460
339.542000 0.767000 339.861000 104.661330
340.310000 0.767000 340.641000 104.604870
341.070000 0.761000 341.391000 105.032080
341.870000 0.800000 342.191000 104.369630
342.712000 0.841000 343.031000 103.247970
343.576000 0.865000 343.901000 102.562930
344.418000 0.842000 344.751000 100.577450
345.217000 0.798000 345.551000 99.948867
345.980000 0.763000 346.311000 100.352550
346.745000 0.766000 347.071000 101.496790
347.531000 0.786000 347.861000 102.697490
348.350000 0.819000 348.681000 103.707170
349.221000 0.871000 349.551000 103.932070
350.058000 0.836000 350.391000 103.629070
350.858000 0.801000 351.191000 105.132770
351.678000 0.820000 352.001000 105.356720
352.553000 0.875000 352.881000 103.831380
353.468000 0.916000 353.801000 101.822370
354.313000 0.844000 354.651000 100.420300
355.127000 0.815000 355.461000 101.463860
355.954000 0.827000 356.281000 101.081820
356.774000 0.821000 357.111000 100.532280
357.619000 0.845000 357.961000 98.782042
358.411000 0.792000 358.741000 100.285740
359.213000 0.802000 359.541000 101.183440
360.034000 0.821000 360.361000 100.543570
360.865000 0.831000 361.201000 99.432265
361.679000 0.814000 362.011000 99.028581
362.491000 0.813000 362.821000 101.015010
363.331000 0.839000 363.661000 101.026300
364.169000 0.838000 364.501000 99.477432
364.976000 0.807000 365.311000 98.624897
365.767000 0.791000 366.101000 99.869824
366.587000 0.820000 366.911000 99.589410
367.422000 0.836000 367.751000 99.017289
368.269000 0.847000 368.601000 97.503240
369.068000 0.799000 369.411000 96.649765
369.841000 0.773000 370.171000 98.265440
370.623000 0.781000 370.951000 99.151850
371.409000 0.786000 371.731000 101.081820
372.209000 0.800000 372.541000 101.990810
373.007000 0.799000 373.341000 104.089210
373.815000 0.807000 374.141000 106.580010
374.680000 0.865000 375.001000 107.646140
375.577000 0.897000 375.901000 105.873320
376.422000 0.845000 376.761000 103.415460
377.222000 0.800000 377.551000 103.875610
378.039000 0.817000 378.361000 103.505800
378.867000 0.829000 379.191000 102.417080
379.686000 0.819000 380.021000 100.880440
380.483000 0.797000 380.821000 100.520990
381.266000 0.783000 381.601000 101.015010
382.070000 0.804000 382.391000 101.541960
382.893000 0.823000 383.221000 101.149570
383.715000 0.822000 384.041000 100.812690
384.509000 0.793000 384.841000 99.657161
385.281000 0.772000 385.621000 99.914991
386.040000 0.759000 386.371000 100.263160
386.805000 0.765000 387.131000 101.968230
387.611000 0.805000 387.931000 101.744270
388.421000 0.810000 388.751000 101.553250
389.219000 0.799000 389.551000 99.994034
389.991000 0.771000 390.321000 99.971450
390.765000 0.774000 391.091000 101.261540
391.563000 0.799000 391.891000 101.227670
392.347000 0.784000 392.681000 98.681357
393.113000 0.766000 393.451000 99.589410
393.867000 0.754000 394.191000 102.069850
394.644000 0.776000 394.971000 104.650040
395.423000 0.779000 395.751000 104.998210
396.204000 0.781000 396.531000 105.177930
396.979000 0.775000 397.301000 108.430930
397.803000 0.824000 398.121000 109.048220
398.621000 0.819000 398.951000 107.937850
399.435000 0.814000 399.761000 107.242460
400.236000 0.800000 400.561000 107.174710
401.071000 0.835000 401.391000 107.174710
401.916000 0.845000 402.241000 105.166640
402.732000 0.816000 403.061000 103.415460
403.520000 0.788000 403.851000 103.326070
404.310000 0.790000 404.631000 104.021460
405.091000 0.781000 405.421000 102.383200
405.860000 0.769000 406.191000 101.676520
406.613000 0.753000 406.941000 102.977910
407.385000 0.772000 407.711000 104.919160
408.209000 0.824000 408.531000 105.155350
409.022000 0.813000 409.351000 103.932070
409.815000 0.794000 410.141000 104.672620
410.606000 0.791000 410.931000 105.604200
411.423000 0.817000 411.751000 104.324460
412.224000 0.800000 412.561000 102.933680
413.001000 0.777000 413.331000 104.459020
413.791000 0.791000 414.111000 104.818480
414.588000 0.796000 414.911000 104.403500
415.375000 0.787000 415.711000 102.899800
416.166000 0.791000 416.491000 103.774920
416.961000 0.796000 417.291000 104.683920
417.784000 0.823000 418.111000 105.873320
418.632000 0.848000 418.961000 105.513870
419.463000 0.830000 419.801000 104.178610
420.257000 0.794000 420.591000 105.525160
421.046000 0.790000 421.371000 106.007890
421.851000 0.805000 422.181000 105.771700
422.673000 0.822000 423.001000 103.820090
423.451000 0.778000 423.781000 103.326070
424.214000 0.764000 424.541000 104.481600
425.010000 0.796000 425.331000 105.042430
425.830000 0.820000 426.161000 104.683920
426.640000 0.811000 426.971000 105.917550
427.480000 0.839000 427.801000 106.277010
428.325000 0.845000 428.661000 103.786210
429.148000 0.824000 429.481000 103.864320
429.976000 0.827000 430.301000 103.326070
430.825000 0.849000 431.161000 100.229280
431.631000 0.806000 431.961000 100.318670
432.443000 0.812000 432.771000 100.689420
433.265000 0.822000 433.601000 99.388038
434.061000 0.797000 434.391000 101.407400
434.884000 0.823000 435.201000 103.886900
435.744000 0.860000 436.071000 103.617780
436.599000 0.855000 436.921000 105.771700
437.504000 0.906000 437.831000 105.581620
438.419000 0.915000 438.751000 102.697490
439.277000 0.858000 439.611000 101.575830
440.153000 0.876000 440.481000 100.924670
441.027000 0.874000 441.361000 98.243797
441.856000 0.829000 442.191000 97.985026
442.689000 0.833000 443.021000 98.422585
443.524000 0.835000 443.861000 97.098616
444.342000 0.818000 444.671000 97.267052
445.172000 0.831000 445.501000 98.310608
446.032000 0.860000 446.361000 97.727195
446.880000 0.848000 447.221000 95.785938
447.685000 0.805000 448.021000 95.842397
448.477000 0.791000 448.801000 97.581342
449.276000 0.799000 449.601000 98.871436
450.067000 0.791000 450.401000 100.947250
450.815000 0.748000 451.141000 104.189900
451.579000 0.764000 451.901000 107.758120
452.400000 0.821000 452.721000 109.530940
453.167000 0.767000 453.491000 110.237620
453.903000 0.736000 454.221000 111.921050
454.754000 0.851000 455.071000 110.933010
455.581000 0.827000 455.901000 110.843620
456.464000 0.883000 456.781000 109.530940
457.360000 0.896000 457.691000 104.874940
458.197000 0.837000 458.521000 104.426090
459.045000 0.847000 459.371000 103.405110
459.890000 0.845000 460.221000 101.553250
460.711000 0.822000 461.051000 99.096332
461.487000 0.776000 461.821000 99.926283
462.249000 0.762000 462.571000 100.700720
463.013000 0.764000 463.341000 101.407400
463.786000 0.773000 464.111000 102.394490
464.555000 0.769000 464.881000 105.042430
465.374000 0.819000 465.691000 106.198910
466.235000 0.861000 466.561000 106.299590
467.058000 0.822000 467.381000 107.309270
467.913000 0.856000 468.241000 107.129540
468.793000 0.880000 469.121000 105.771700
469.640000 0.846000 469.961000 105.188290
470.507000 0.868000 470.831000 104.750730
471.386000 0.878000 471.721000 101.632290
472.213000 0.827000 472.541000 101.126980
473.057000 0.844000 473.381000 101.048880
473.894000 0.837000 474.231000 98.479044
474.692000 0.798000 475.021000 99.331579
475.495000 0.803000 475.821000 99.679744
476.311000 0.817000 476.641000 98.759459
477.120000 0.808000 477.451000 98.142171
477.903000 0.784000 478.231000 98.793334
478.722000 0.819000 479.041000 99.477432
479.554000 0.832000 479.881000 98.725583
480.350000 0.795000 480.681000 99.825597
481.178000 0.829000 481.501000 100.924670
482.031000 0.853000 482.361000 99.454848
482.842000 0.811000 483.181000 98.770750
483.648000 0.806000 483.981000 99.836889
484.455000 0.806000 484.781000 99.005997
485.241000 0.786000 485.571000 98.535504
486.020000 0.779000 486.351000 101.564540
486.821000 0.801000 487.151000 102.843340
487.616000 0.794000 487.951000 102.966610
488.394000 0.778000 488.721000 104.470310
489.195000 0.801000 489.521000 106.366400
490.028000 0.833000 490.361000 106.131150
490.842000 0.813000 491.171000 106.434150
491.674000 0.833000 492.001000 106.939460
492.551000 0.877000 492.881000 106.220550
493.411000 0.861000 493.741000 104.447730
494.238000 0.827000 494.571000 102.024690
495.031000 0.793000 495.371000 101.081820
495.796000 0.764000 496.121000 100.678130
496.562000 0.767000 496.891000 101.968230
497.342000 0.780000 497.671000 101.407400
498.107000 0.764000 498.431000 103.864320
498.909000 0.802000 499.231000 106.501900
499.748000 0.839000 500.071000 106.636460
500.581000 0.833000 500.901000 106.826540
501.423000 0.843000 501.751000 106.501900
502.263000 0.840000 502.591000 104.841060
503.054000 0.791000 503.381000 103.382530
503.851000 0.797000 504.171000 104.313170
504.655000 0.804000 504.981000 104.111800
505.448000 0.793000 505.781000 105.379310
506.261000 0.813000 506.591000 107.106960
507.115000 0.854000 507.441000 108.330240
507.982000 0.867000 508.301000 107.264100
508.818000 0.836000 509.141000 107.208590
509.668000 0.851000 509.991000 107.163420
510.553000 0.885000 510.881000 105.368010
511.398000 0.845000 511.731000 103.752340
512.232000 0.834000 512.561000 103.786210
513.072000 0.839000 513.401000 101.878830
513.871000 0.799000 514.201000 102.518700
514.662000 0.791000 514.991000 103.505800
515.452000 0.789000 515.781000 103.157630
516.234000 0.783000 516.561000 104.257650
517.012000 0.778000 517.341000 107.028860
517.825000 0.813000 518.141000 108.521260
518.659000 0.834000 518.981000 110.787160
519.513000 0.854000 519.831000 111.550300
520.409000 0.896000 520.731000 112.044320
521.291000 0.882000 521.621000 109.923330
522.126000 0.835000 522.451000 110.809740
522.949000 0.823000 523.271000 110.047540
523.764000 0.815000 524.091000 108.206970
524.543000 0.779000 524.871000 109.036920
525.330000 0.786000 525.651000 109.317340
526.132000 0.803000 526.461000 108.576780
526.940000 0.808000 527.261000 109.519650
527.779000 0.839000 528.091000 109.362510
528.615000 0.836000 528.941000 107.825870
529.418000 0.803000 529.741000 106.939460
530.223000 0.805000 530.541000 106.803960
531.061000 0.838000 531.381000 105.928840
531.901000 0.841000 532.231000 104.986910
532.751000 0.850000 533.081000 104.089210
533.571000 0.820000 533.901000 104.123090
534.376000 0.805000 534.701000 104.426090
535.199000 0.823000 535.521000 103.797510
536.032000 0.832000 536.361000 102.058560
536.825000 0.793000 537.161000 100.947250
537.593000 0.768000 537.921000 101.407400
538.361000 0.768000 538.681000 101.732980
539.123000 0.762000 539.451000 101.687810
539.880000 0.757000 540.211000 103.056950
540.644000 0.764000 540.961000 105.368010
541.436000 0.792000 541.761000 106.165030
542.253000 0.817000 542.581000 105.828160
543.039000 0.786000 543.361000 106.803960
543.827000 0.789000 544.151000 107.836220
544.646000 0.818000 544.971000 107.522870
545.443000 0.798000 545.771000 107.074020
546.250000 0.806000 546.571000 107.511580
547.067000 0.817000 547.391000 107.140830
547.861000 0.795000 548.191000 104.492900
548.630000 0.769000 548.961000 105.256040
549.402000 0.772000 549.731000 105.087600
550.170000 0.768000 550.501000 105.604200
550.946000 0.776000 551.271000 107.567100
551.745000 0.800000 552.071000 109.048220
552.591000 0.845000 552.911000 109.542230
553.442000 0.851000 553.761000 110.226330
554.323000 0.882000 554.641000 110.518040
555.220000 0.896000 555.541000 108.240850
556.067000 0.847000 556.391000 106.265720
556.901000 0.835000 557.221000 106.097280
557.821000 0.920000 558.141000 104.706500
558.760000 0.938000 559.081000 103.146340
559.682000 0.923000 560.011000 101.699100
560.581000 0.899000 560.911000 99.320287
561.421000 0.841000 561.761000 98.288024
562.242000 0.821000 562.571000 98.265440
563.101000 0.859000 563.421000 98.535504
564.006000 0.905000 564.331000 96.200914
564.886000 0.880000 565.221000 95.628793
565.717000 0.832000 566.051000 96.840785
566.566000 0.849000 566.891000 97.513591
567.420000 0.854000 567.741000 97.043097
568.301000 0.881000 568.631000 96.291248
569.145000 0.844000 569.481000 96.010834
569.965000 0.820000 570.291000 98.276732
570.801000 0.836000 571.131000 98.804626
571.676000 0.875000 572.011000 98.950479
572.547000 0.871000 572.881000 98.097944
573.377000 0.830000 573.711000 100.072140
574.229000 0.852000 574.561000 99.735263
575.091000 0.862000 575.421000 99.096332
575.932000 0.841000 576.271000 99.085040
576.752000 0.820000 577.081000 100.251860
577.592000 0.840000 577.921000 100.935960
578.471000 0.879000 578.801000 100.767530
579.367000 0.896000 579.701000 99.365455
580.205000 0.838000 580.541000 100.375130
580.995000 0.791000 581.321000 102.159250
581.807000 0.811000 582.141000 103.146340
582.577000 0.771000 582.911000 102.966610
583.282000 0.704000 583.611000 103.774920
584.006000 0.725000 584.331000 104.750730
584.796000 0.790000 585.121000 105.559030
585.589000 0.793000 585.911000 105.951430
586.433000 0.844000 586.751000 106.512250
587.281000 0.848000 587.611000 105.166640
588.148000 0.867000 588.471000 103.988530
588.962000 0.814000 589.301000 101.721690
589.744000 0.783000 590.081000 102.271220
590.507000 0.763000 590.841000 104.189900
591.293000 0.785000 591.621000 105.771700
592.115000 0.822000 592.441000 106.377690
592.915000 0.800000 593.241000 105.177930
593.688000 0.773000 594.021000 105.637140
594.438000 0.750000 594.761000 107.993370
595.205000 0.767000 595.521000 109.912040
596.021000 0.816000 596.341000 110.776810
596.877000 0.856000 597.191000 110.462520
597.708000 0.832000 598.041000 110.529330
598.498000 0.790000 598.821000 111.775200
599.312000 0.813000 599.631000 111.146620
600.156000 0.844000 600.471000 110.540620
600.990000 0.834000 601.321000 108.352830
601.785000 0.795000 602.121000 107.578390
602.554000 0.769000 602.881000 108.173100
603.321000 0.767000 603.641000 108.610660
604.094000 0.773000 604.411000 107.668730
604.868000 0.774000 605.191000 106.602590
605.606000 0.739000 605.931000 107.847520
606.334000 0.728000 606.651000 108.644530
607.095000 0.761000 607.411000 110.057900
607.862000 0.767000 608.181000 109.957210
608.616000 0.754000 608.941000 108.824260
609.355000 0.739000 609.681000 109.485770
610.104000 0.749000 610.421000 110.675180
610.892000 0.788000 611.211000 109.945920
611.700000 0.808000 612.021000 108.375410
612.477000 0.777000 612.801000 107.657440
613.241000 0.764000 613.561000 107.960430
614.033000 0.792000 614.351000 107.746830
614.830000 0.797000 615.151000 106.288300
615.619000 0.789000 615.941000 105.648430
616.387000 0.768000 616.721000 104.123090
617.135000 0.748000 617.461000 105.076310
617.910000 0.776000 618.231000 106.534840
618.710000 0.800000 619.031000 105.805570
619.513000 0.803000 619.841000 105.761350
620.314000 0.802000 620.641000 107.511580
621.158000 0.844000 621.481000 107.477710
622.005000 0.846000 622.331000 105.368010
622.831000 0.826000 623.161000 105.356720
623.665000 0.834000 623.991000 105.256040
624.524000 0.860000 624.851000 103.943360
625.347000 0.822000 625.681000 101.676520
626.135000 0.788000 626.471000 102.922390
626.920000 0.785000 627.251000 103.438050
627.719000 0.799000 628.041000 103.707170
628.508000 0.789000 628.841000 102.753950
629.271000 0.763000 629.601000 103.943360
630.026000 0.755000 630.351000 106.468030
630.796000 0.770000 631.121000 106.916880
631.601000 0.804000 631.921000 106.949810
632.414000 0.813000 632.741000 105.267330
633.193000 0.779000 633.521000 106.176320
633.995000 0.803000 634.321000 106.344760
634.816000 0.821000 635.141000 104.358330
635.608000 0.792000 635.941000 101.642640
636.362000 0.755000 636.691000 101.822370
637.112000 0.750000 637.441000 102.417080
637.874000 0.762000 638.201000 102.394490
638.577000 0.702000 638.901000 102.271220
639.259000 0.683000 639.581000 102.102790
639.979000 0.720000 640.301000 101.822370
640.738000 0.759000 641.061000 101.766850
641.496000 0.758000 641.821000 102.810410
642.275000 0.779000 642.601000 102.956260
643.077000 0.802000 643.401000 101.329300
643.869000 0.791000 644.201000 99.869824
644.634000 0.765000 644.971000 100.632960
645.388000 0.754000 645.721000 102.394490
646.171000 0.784000 646.501000 103.606490
647.024000 0.853000 647.351000 104.021460
647.857000 0.832000 648.191000 103.517090
648.659000 0.802000 648.991000 103.280900
649.423000 0.764000 649.761000 104.167310
650.177000 0.754000 650.501000 106.131150
650.976000 0.800000 651.301000 108.061120
651.849000 0.872000 652.161000 107.949140
652.758000 0.909000 653.081000 107.803290
653.632000 0.874000 653.961000 107.106960
654.450000 0.818000 654.781000 106.680690
655.271000 0.821000 655.601000 106.703270
656.127000 0.856000 656.451000 105.424470
656.988000 0.861000 657.321000 102.911100
657.815000 0.827000 658.141000 102.641970
658.662000 0.847000 658.991000 103.202800
659.539000 0.877000 659.861000 101.732980
660.391000 0.852000 660.721000 99.477432
661.198000 0.807000 661.531000 99.869824
662.025000 0.827000 662.351000 100.442890
662.875000 0.850000 663.201000 99.488724
663.700000 0.825000 664.031000 99.376746
664.516000 0.816000 664.841000 101.093110
665.360000 0.843000 665.681000 101.429980
666.225000 0.865000 666.551000 99.937575
667.058000 0.833000 667.391000 100.992420
667.900000 0.842000 668.221000 102.327680
668.774000 0.874000 669.101000 101.284130
669.628000 0.853000 669.961000 99.746554
670.438000 0.810000 670.771000 98.905312
671.212000 0.774000 671.541000 99.971450
672.000000 0.788000 672.321000 101.799790
672.803000 0.803000 673.131000 102.596810
673.581000 0.778000 673.911000 103.090820
674.339000 0.758000 674.661000 107.567100
675.134000 0.795000 675.451000 109.227940
675.993000 0.859000 676.311000 109.766190
676.864000 0.871000 677.191000 109.317340
677.689000 0.825000 678.021000 110.170810
678.531000 0.841000 678.851000 110.182110
679.387000 0.856000 679.711000 108.263430
680.221000 0.834000 680.551000 106.949810
681.022000 0.801000 681.351000 107.915270
681.844000 0.822000 682.171000 108.173100
682.679000 0.835000 683.011000 106.434150
683.488000 0.809000 683.821000 105.053720
684.266000 0.778000 684.591000 106.220550
685.064000 0.798000 685.391000 106.546130
685.877000 0.813000 686.201000 106.142450
686.687000 0.810000 687.021000 104.358330
687.469000 0.783000 687.801000 104.223770
688.250000 0.780000 688.571000 104.571940
689.039000 0.789000 689.361000 104.280230
689.844000 0.805000 690.171000 103.539670
690.623000 0.779000 690.951000 103.011780
691.389000 0.765000 691.711000 104.941750
692.176000 0.787000 692.501000 106.064340
692.984000 0.808000 693.311000 104.044040
693.763000 0.779000 694.091000 105.020790
694.547000 0.784000 694.871000 105.334140
695.342000 0.795000 695.671000 104.358330
696.114000 0.772000 696.441000 103.090820
696.874000 0.760000 697.201000 104.077920
697.642000 0.768000 697.961000 104.627460
698.415000 0.773000 698.741000 103.371240
699.172000 0.757000 699.501000 104.380920
699.943000 0.770000 700.261000 106.602590
700.740000 0.798000 701.061000 107.578390
701.548000 0.808000 701.881000 106.422860
702.326000 0.779000 702.651000 107.600980
703.114000 0.788000 703.441000 108.004660
703.912000 0.798000 704.241000 106.703270
704.687000 0.775000 705.011000 106.198910
705.467000 0.780000 705.791000 107.174710
706.274000 0.807000 706.601000 107.275400
707.099000 0.825000 707.421000 105.693600
707.909000 0.810000 708.241000 105.323790
708.691000 0.783000 709.021000 105.469640
709.469000 0.778000 709.791000 105.379310
710.271000 0.801000 710.591000 105.469640
711.090000 0.819000 711.411000 105.447060
711.926000 0.836000 712.251000 105.750050
712.734000 0.808000 713.061000 104.739430
713.509000 0.775000 713.841000 104.941750
714.277000 0.768000 714.601000 105.547740
715.063000 0.786000 715.381000 106.636460
715.885000 0.822000 716.211000 106.994980
716.716000 0.831000 717.041000 106.636460
717.533000 0.817000 717.861000 107.634850
718.373000 0.840000 718.691000 107.724250
719.233000 0.859000 719.561000 105.323790
720.054000 0.821000 720.381000 103.898190
720.854000 0.800000 721.181000 105.009500
721.659000 0.804000 721.981000 103.707170
722.452000 0.793000 722.781000 102.608100
723.232000 0.780000 723.561000 101.553250
723.991000 0.759000 724.321000 103.438050
724.764000 0.774000 725.081000 104.818480
725.567000 0.803000 725.881000 105.076310
726.373000 0.807000 726.701000 104.773310
727.164000 0.791000 727.491000 106.053050
727.967000 0.803000 728.291000 107.600980
728.798000 0.831000 729.121000 107.297980
729.622000 0.825000 729.951000 106.310880
730.419000 0.797000 730.751000 105.828160
731.228000 0.809000 731.551000 106.344760
732.051000 0.822000 732.371000 106.265720
732.858000 0.807000 733.191000 105.032080
733.629000 0.771000 733.961000 105.401890
734.398000 0.769000 734.721000 106.725860
735.193000 0.795000 735.511000 107.297980
736.019000 0.826000 736.341000 107.197290
736.823000 0.805000 737.161000 107.500290
737.608000 0.784000 737.931000 109.048220
738.406000 0.798000 738.731000 110.036250
739.219000 0.813000 739.551000 108.128870
740.015000 0.795000 740.341000 108.700990
740.820000 0.805000 741.141000 109.362510
741.632000 0.812000 741.961000 106.613880
742.426000 0.794000 742.751000 105.570330
743.229000 0.803000 743.551000 106.422860
744.048000 0.819000 744.371000 104.930450
744.866000 0.818000 745.191000 103.539670
745.656000 0.789000 745.981000 104.246360
746.467000 0.811000 746.791000 102.799120
747.276000 0.810000 747.611000 101.115690
748.059000 0.783000 748.391000 101.621000
748.862000 0.803000 749.191000 102.259930
749.668000 0.806000 750.001000 99.780430
750.452000 0.784000 750.781000 100.049550
751.256000 0.805000 751.581000 101.676520
752.082000 0.826000 752.411000 100.060840
752.890000 0.808000 753.221000 98.501628
753.677000 0.787000 754.011000 99.589410
754.469000 0.793000 754.791000 99.702328
755.269000 0.800000 755.601000 98.636189
756.064000 0.795000 756.401000 98.782042
756.856000 0.791000 757.181000 99.657161
757.671000 0.816000 757.991000 99.757846
758.508000 0.837000 758.841000 99.028581
759.324000 0.816000 759.651000 98.479044
760.121000 0.797000 760.451000 100.139890
760.957000 0.836000 761.281000 100.475820
761.800000 0.843000 762.131000 100.588740
762.651000 0.852000 762.981000 99.937575
763.468000 0.817000 763.801000 101.015010
764.273000 0.805000 764.601000 102.259930
765.108000 0.835000 765.431000 103.326070
765.966000 0.858000 766.291000 103.337360
766.821000 0.856000 767.151000 103.517090
767.643000 0.822000 767.971000 105.087600
768.515000 0.872000 768.841000 104.930450
769.385000 0.870000 769.711000 104.414790
770.216000 0.832000 770.551000 103.797510
771.039000 0.822000 771.371000 103.202800
771.859000 0.820000 772.191000 104.695210
772.696000 0.837000 773.021000 106.019180
773.588000 0.892000 773.911000 106.961110
774.470000 0.882000 774.791000 105.648430
775.336000 0.866000 775.671000 104.953040
776.144000 0.808000 776.481000 103.932070
776.937000 0.793000 777.261000 104.930450
777.734000 0.797000 778.061000 104.526770
778.544000 0.810000 778.871000 104.818480
779.337000 0.793000 779.661000 106.231840
780.172000 0.836000 780.491000 108.318950
781.036000 0.864000 781.361000 108.509970
781.889000 0.853000 782.211000 107.960430
782.727000 0.838000 783.051000 108.184390
783.558000 0.831000 783.881000 108.509970
784.365000 0.808000 784.691000 107.174710
785.142000 0.777000 785.471000 108.173100
785.930000 0.788000 786.251000 109.485770
786.743000 0.813000 787.071000 109.182780
787.547000 0.804000 787.871000 107.825870
788.317000 0.769000 788.641000 107.870100
789.105000 0.788000 789.421000 108.790390
789.902000 0.797000 790.221000 106.714570
790.701000 0.799000 791.021000 105.659720
791.486000 0.784000 791.811000 105.917550
792.259000 0.773000 792.581000 104.571940
793.016000 0.758000 793.341000 103.842670
793.762000 0.746000 794.091000 105.032080
794.505000 0.744000 794.821000 107.511580
795.215000 0.709000 795.531000 109.171480
795.887000 0.672000 796.201000 109.867820
796.580000 0.693000 796.891000 111.707450
797.434000 0.854000 797.751000 112.987190
798.279000 0.846000 798.601000 113.199850
799.148000 0.868000 799.461000 113.379580
800.042000 0.894000 800.361000 109.598690
800.897000 0.855000 801.221000 107.320560
801.726000 0.829000 802.051000 107.477710
802.551000 0.825000 802.871000 105.895910
803.358000 0.807000 803.681000 105.267330
804.128000 0.770000 804.451000 107.421250
804.900000 0.772000 805.221000 108.902360
805.731000 0.831000 806.041000 109.733250
806.620000 0.889000 806.941000 109.721960
807.496000 0.876000 807.821000 111.068520
808.344000 0.848000 808.661000 112.582560
809.249000 0.905000 809.561000 112.818750
810.148000 0.899000 810.471000 111.203080
811.009000 0.861000 811.331000 109.161130
811.815000 0.806000 812.141000 109.530940
812.620000 0.805000 812.941000 109.900750
813.431000 0.811000 813.751000 109.093380
814.241000 0.810000 814.561000 108.184390
815.029000 0.788000 815.351000 108.655820
815.851000 0.822000 816.171000 109.530940
816.683000 0.832000 817.001000 108.958820
817.509000 0.826000 817.831000 108.015950
818.319000 0.811000 818.641000 108.318950
819.145000 0.826000 819.461000 107.746830
819.981000 0.836000 820.311000 106.210200
820.790000 0.810000 821.111000 107.208590
821.611000 0.820000 821.931000 107.612270
822.423000 0.813000 822.751000 105.312500
823.223000 0.799000 823.541000 105.356720
824.043000 0.820000 824.361000 106.153740
824.860000 0.817000 825.181000 104.874940
825.648000 0.788000 825.971000 105.301200
826.441000 0.793000 826.761000 106.388990
827.251000 0.810000 827.571000 106.602590
828.086000 0.835000 828.411000 105.996590
828.900000 0.814000 829.231000 107.006270
829.727000 0.827000 830.051000 107.331850
830.569000 0.842000 830.891000 106.277010
831.387000 0.817000 831.721000 105.637140
832.188000 0.801000 832.511000 107.466420
832.994000 0.806000 833.321000 106.580010
833.801000 0.807000 834.131000 106.108570
834.594000 0.793000 834.921000 106.939460
835.400000 0.806000 835.721000 108.420580
836.223000 0.823000 836.541000 108.667120
837.037000 0.814000 837.361000 107.489000
837.825000 0.788000 838.151000 108.184390
838.608000 0.783000 838.931000 108.801680
839.396000 0.788000 839.721000 109.149840
840.177000 0.781000 840.501000 109.115970
840.946000 0.769000 841.271000 110.349600
841.735000 0.789000 842.051000 112.515750
842.565000 0.831000 842.881000 112.100780
843.402000 0.837000 843.721000 111.214370
844.239000 0.837000 844.561000 111.651930
845.101000 0.861000 845.421000 111.169200
845.996000 0.895000 846.311000 109.879110
846.869000 0.873000 847.191000 107.792000
847.727000 0.859000 848.051000 105.368010
848.540000 0.813000 848.871000 104.156020
849.326000 0.786000 849.651000 104.907870
850.120000 0.794000 850.441000 105.132770
850.938000 0.818000 851.251000 105.581620
851.802000 0.863000 852.111000 106.243130
852.691000 0.889000 853.011000 106.119860
853.595000 0.904000 853.921000 106.210200
854.457000 0.861000 854.781000 106.871710
855.286000 0.829000 855.611000 108.218260
856.139000 0.853000 856.451000 108.835550
857.015000 0.876000 857.331000 108.072410
857.876000 0.861000 858.191000 108.633240
858.718000 0.842000 859.041000 108.700990
859.532000 0.814000 859.861000 107.365730
860.310000 0.778000 860.631000 107.612270
861.087000 0.778000 861.411000 107.769410
861.897000 0.810000 862.211000 107.769410
862.739000 0.841000 863.061000 107.208590
863.568000 0.829000 863.891000 106.490610
864.374000 0.806000 864.701000 106.782320
865.168000 0.794000 865.491000 107.534170
865.990000 0.822000 866.311000 107.377020
866.808000 0.818000 867.131000 107.051440
867.635000 0.827000 867.961000 106.456740
868.432000 0.797000 868.761000 105.502570
869.207000 0.775000 869.531000 107.231170
