22.420000 0.785000 22.801000 109.008070
23.206000 0.785000 23.536000 113.218650
24.090000 0.884000 24.439000 111.784970
25.083000 0.993000 25.439000 111.693390
26.200000 1.117000 26.558000 106.871120
27.241000 1.041000 27.578000 110.930190
28.236000 0.995000 28.578000 111.754440
29.195000 0.959000 29.530000 111.754440
30.181000 0.986000 30.549000 104.185810
31.139000 0.959000 31.487000 110.044890
32.095000 0.956000 32.449000 107.817490
33.117000 1.023000 33.448000 112.151310
34.104000 0.986000 34.456000 106.504790
35.058000 0.954000 35.415000 107.695370
36.076000 1.018000 36.435000 108.489100
37.130000 1.054000 37.484000 107.298510
38.145000 1.015000 38.495000 105.742720
39.096000 0.950000 39.455000 102.995220
40.029000 0.934000 40.368000 108.947020
40.981000 0.951000 41.315000 105.010060
41.951000 0.970000 42.295000 108.122760
42.939000 0.988000 43.278000 108.000650
43.879000 0.941000 44.256000 102.659410
44.810000 0.930000 45.153000 105.712200
45.687000 0.877000 46.047000 106.230040
46.496000 0.809000 46.836000 109.342750
47.334000 0.838000 47.674000 108.214350
48.242000 0.908000 48.574000 111.754440
49.161000 0.919000 49.507000 110.624910
50.055000 0.894000 50.395000 110.624910
51.013000 0.957000 51.354000 112.548170
52.009000 0.996000 52.355000 110.258580
53.022000 1.013000 53.355000 112.181830
53.982000 0.960000 54.335000 107.786960
54.899000 0.917000 55.245000 107.756430
55.800000 0.901000 56.141000 109.373270
56.675000 0.876000 57.055000 112.852320
57.549000 0.873000 57.883000 114.958730
58.473000 0.924000 58.814000 112.487110
59.473000 1.000000 59.843000 111.021780
60.456000 0.984000 60.855000 109.403800
61.489000 1.032000 61.832000 112.913370
62.512000 1.023000 62.853000 108.519630
63.480000 0.968000 63.854000 109.770140
64.446000 0.966000 64.823000 105.773250
65.403000 0.957000 65.761000 110.533330
66.380000 0.977000 66.719000 109.892250
67.299000 0.919000 67.681000 103.025750
68.288000 0.990000 68.640000 109.709080
69.335000 1.047000 69.673000 108.153290
70.325000 0.989000 70.684000 103.086800
71.344000 1.019000 71.688000 105.345860
72.440000 1.096000 72.800000 106.474260
73.494000 1.054000 73.868000 99.729874
74.427000 0.933000 74.790000 102.172100
75.319000 0.892000 75.661000 105.040580
76.202000 0.883000 76.556000 109.831190
77.156000 0.954000 77.501000 109.770140
78.093000 0.937000 78.457000 106.504790
79.200000 1.107000 79.569000 108.153290
80.400000 1.200000 80.789000 103.422610
81.435000 1.035000 81.797000 107.695370
82.529000 1.094000 82.877000 108.153290
83.578000 1.050000 83.929000 110.136470
84.559000 0.980000 84.909000 108.641740
85.545000 0.986000 85.878000 110.563860
86.538000 0.993000 86.888000 106.962710
87.496000 0.958000 87.837000 110.991250
88.493000 0.996000 88.850000 110.105940
89.490000 0.997000 89.865000 103.361550
90.438000 0.948000 90.798000 105.803780
91.486000 1.047000 91.826000 109.800660
92.523000 1.037000 92.865000 106.901650
93.426000 0.903000 93.797000 107.298510
94.243000 0.817000 94.597000 108.916490
95.011000 0.768000 95.365000 110.960720
95.739000 0.728000 96.068000 114.439760
96.578000 0.839000 96.943000 115.721930
97.790000 1.212000 98.145000 114.836620
98.915000 1.126000 99.256000 112.487110
99.978000 1.063000 100.365000 109.008070
100.990000 1.011000 101.354000 113.218650
101.995000 1.005000 102.363000 110.197530
102.973000 0.977000 103.334000 112.821790
103.912000 0.940000 104.264000 112.059720
104.893000 0.980000 105.245000 110.533330
105.863000 0.970000 106.215000 110.197530
106.796000 0.933000 107.154000 110.533330
107.764000 0.968000 108.097000 112.487110
108.784000 1.020000 109.153000 111.327050
109.691000 0.907000 110.041000 108.183820
110.584000 0.893000 110.923000 113.707090
111.465000 0.880000 111.812000 111.998670
112.334000 0.869000 112.683000 112.487110
113.255000 0.921000 113.594000 114.897680
114.206000 0.951000 114.550000 112.548170
115.133000 0.927000 115.484000 112.577560
116.084000 0.951000 116.402000 115.294540
117.014000 0.930000 117.350000 113.279700
117.893000 0.879000 118.250000 110.136470
118.756000 0.863000 119.073000 113.676570
119.548000 0.793000 119.890000 111.357580
120.287000 0.739000 120.629000 113.768150
121.032000 0.745000 121.373000 112.821790
121.830000 0.798000 122.159000 114.439760
122.739000 0.909000 123.071000 115.325070
123.608000 0.869000 123.951000 112.090250
124.495000 0.887000 124.818000 114.042900
125.413000 0.918000 125.764000 113.737620
126.280000 0.867000 126.620000 113.279700
127.159000 0.879000 127.500000 114.042900
128.024000 0.865000 128.350000 112.882840
128.858000 0.835000 129.197000 112.517640
129.682000 0.823000 130.051000 111.327050
130.500000 0.819000 130.850000 113.249180
131.320000 0.820000 131.657000 113.249180
132.124000 0.804000 132.471000 110.991250
132.911000 0.787000 133.250000 114.103960
133.738000 0.827000 134.079000 113.218650
134.918000 1.181000 135.258000 113.646040
135.935000 1.017000 136.271000 110.533330
136.784000 0.849000 137.121000 111.357580
137.584000 0.800000 137.938000 108.550150
138.426000 0.842000 138.785000 107.267980
139.277000 0.851000 139.621000 106.138460
140.091000 0.814000 140.429000 105.437450
140.911000 0.820000 141.229000 112.487110
141.826000 0.916000 142.156000 112.151310
142.880000 1.053000 143.214000 111.357580
143.858000 0.979000 144.195000 106.443730
144.787000 0.929000 145.156000 108.183820
145.705000 0.918000 146.046000 104.613190
146.591000 0.886000 146.941000 103.788940
147.457000 0.866000 147.835000 105.406920
148.327000 0.870000 148.667000 106.199510
149.207000 0.880000 149.554000 108.519630
150.305000 1.098000 150.632000 110.502800
151.420000 1.115000 151.785000 104.949000
152.487000 1.067000 152.854000 108.153290
153.481000 0.994000 153.856000 106.382680
154.477000 0.996000 154.847000 104.552140
155.462000 0.986000 155.824000 105.681670
156.428000 0.965000 156.783000 103.392080
157.330000 0.902000 157.675000 104.552140
158.199000 0.869000 158.555000 107.756430
159.079000 0.880000 159.404000 110.167000
160.101000 1.023000 160.462000 104.949000
161.319000 1.218000 161.655000 109.373270
162.440000 1.121000 162.794000 107.298510
163.488000 1.048000 163.855000 106.168980
164.508000 1.020000 164.855000 105.742720
165.517000 1.009000 165.862000 104.155280
166.492000 0.976000 166.861000 100.187790
167.416000 0.924000 167.789000 100.889930
168.310000 0.894000 168.654000 106.199510
169.206000 0.896000 169.543000 108.947020
170.200000 0.994000 170.552000 106.138460
171.558000 1.358000 171.901000 105.742720
172.735000 1.177000 173.081000 105.010060
173.757000 1.022000 174.099000 105.284810
174.678000 0.921000 175.021000 105.345860
175.555000 0.876000 175.911000 104.582670
176.399000 0.844000 176.754000 105.803780
177.295000 0.896000 177.639000 106.962710
178.697000 1.402000 179.039000 110.136470
179.833000 1.136000 180.181000 104.185810
180.860000 1.027000 181.210000 103.727890
181.839000 0.978000 182.190000 103.758420
182.788000 0.949000 183.138000 106.504790
183.697000 0.909000 184.051000 103.025750
184.599000 0.902000 184.931000 107.756430
185.493000 0.894000 185.837000 109.342750
186.403000 0.910000 186.790000 100.920460
187.406000 1.003000 187.770000 102.995220
188.307000 0.901000 188.647000 107.267980
189.130000 0.822000 189.472000 110.197530
189.914000 0.784000 190.266000 108.122760
190.774000 0.861000 191.150000 107.756430
191.849000 1.074000 192.180000 110.960720
192.899000 1.050000 193.259000 104.185810
193.832000 0.933000 194.177000 106.901650
194.701000 0.870000 195.046000 104.979530
195.548000 0.847000 195.885000 108.153290
196.438000 0.890000 196.799000 108.153290
197.803000 1.365000 198.159000 112.882840
198.932000 1.129000 199.279000 110.044890
200.002000 1.070000 200.358000 108.519630
201.094000 1.091000 201.434000 108.519630
202.104000 1.010000 202.468000 102.202630
203.037000 0.933000 203.382000 104.155280
203.945000 0.908000 204.285000 106.871120
204.909000 0.964000 205.227000 109.312220
205.904000 0.995000 206.246000 108.947020
206.896000 0.992000 207.247000 104.613190
207.918000 1.022000 208.273000 105.010060
208.945000 1.027000 209.273000 108.458570
209.947000 1.001000 210.295000 105.467970
210.869000 0.923000 211.226000 107.329040
211.762000 0.892000 212.115000 105.681670
212.688000 0.926000 213.043000 109.800660
213.685000 0.998000 214.012000 109.434330
214.733000 1.048000 215.073000 106.565840
215.774000 1.040000 216.140000 104.521610
216.777000 1.003000 217.121000 102.233160
217.712000 0.935000 218.059000 101.317320
218.608000 0.897000 218.961000 103.758420
219.501000 0.892000 219.854000 103.392080
220.440000 0.939000 220.793000 105.742720
221.491000 1.050000 221.831000 106.932180
222.585000 1.094000 222.964000 99.394068
223.624000 1.039000 223.974000 105.376390
224.589000 0.965000 224.947000 100.187790
225.508000 0.918000 225.871000 102.567830
226.448000 0.940000 226.833000 102.202630
227.373000 0.925000 227.770000 102.598360
228.339000 0.966000 228.672000 102.172100
229.355000 1.016000 229.707000 100.584650
230.326000 0.971000 230.667000 105.040580
231.258000 0.932000 231.610000 103.422610
232.290000 1.032000 232.648000 99.729874
233.205000 0.914000 233.551000 103.422610
234.043000 0.838000 234.391000 102.995220
234.827000 0.784000 235.178000 102.233160
235.681000 0.854000 236.012000 106.901650
236.793000 1.113000 237.149000 107.695370
237.867000 1.074000 238.239000 101.317320
238.822000 0.955000 239.187000 100.981510
239.716000 0.894000 240.046000 105.833180
240.638000 0.922000 240.984000 103.758420
241.742000 1.104000 242.086000 104.521610
242.849000 1.107000 243.198000 105.406920
243.893000 1.044000 244.246000 99.760402
244.888000 0.995000 245.255000 98.601475
245.861000 0.974000 246.227000 99.333012
246.816000 0.954000 247.167000 100.187790
247.769000 0.954000 248.139000 99.333012
248.676000 0.907000 249.024000 103.850000
249.539000 0.863000 249.896000 103.361550
250.391000 0.852000 250.727000 100.187790
251.275000 0.884000 251.634000 112.456580
252.804000 1.529000 253.144000 115.721930
254.000000 1.196000 254.353000 111.693390
255.041000 1.042000 255.388000 111.357580
256.019000 0.978000 256.377000 110.930190
256.978000 0.959000 257.336000 111.632330
257.929000 0.951000 258.287000 110.930190
258.899000 0.970000 259.248000 109.770140
259.829000 0.930000 260.182000 107.298510
260.730000 0.901000 261.084000 107.206930
261.611000 0.881000 261.955000 107.359570
262.576000 0.966000 262.936000 108.947020
263.863000 1.287000 264.203000 108.092240
265.015000 1.151000 265.356000 106.932180
266.085000 1.070000 266.455000 107.664850
267.062000 0.977000 267.452000 104.949000
267.968000 0.906000 268.312000 107.451150
268.862000 0.894000 269.212000 105.345860
269.740000 0.877000 270.073000 107.298510
270.607000 0.868000 270.944000 110.991250
271.451000 0.844000 271.801000 108.916490
272.308000 0.856000 272.632000 110.960720
273.138000 0.830000 273.462000 112.120780
273.964000 0.827000 274.353000 110.930190
274.920000 0.956000 275.261000 113.707090
276.190000 1.270000 276.553000 111.723920
277.232000 1.041000 277.564000 108.183820
278.147000 0.915000 278.493000 109.403800
278.972000 0.825000 279.349000 106.871120
279.731000 0.759000 280.083000 107.206930
280.452000 0.721000 280.813000 109.800660
281.178000 0.726000 281.501000 110.960720
281.965000 0.788000 282.293000 111.693390
282.829000 0.864000 283.160000 111.357580
283.716000 0.887000 284.062000 110.563860
284.562000 0.846000 284.910000 111.754440
285.394000 0.832000 285.779000 103.392080
286.199000 0.804000 286.541000 113.676570
287.013000 0.815000 287.355000 114.165010
287.949000 0.936000 288.281000 112.821790
289.016000 1.067000 289.341000 112.151310
290.000000 0.984000 290.359000 106.107930
290.894000 0.894000 291.256000 106.138460
291.744000 0.850000 292.101000 106.901650
292.581000 0.837000 292.921000 109.434330
293.418000 0.837000 293.768000 108.550150
294.237000 0.819000 294.564000 107.298510
295.062000 0.825000 295.404000 103.788940
295.866000 0.804000 296.210000 106.474260
296.642000 0.775000 296.970000 105.742720
297.405000 0.764000 297.789000 110.899670
298.177000 0.772000 298.557000 108.550150
299.083000 0.906000 299.438000 110.136470
300.158000 1.075000 300.498000 110.563860
301.161000 1.002000 301.495000 108.550150
302.113000 0.953000 302.459000 105.712200
303.011000 0.897000 303.364000 104.979530
303.874000 0.863000 304.246000 104.582670
304.722000 0.848000 305.066000 103.850000
305.553000 0.831000 305.885000 105.284810
306.372000 0.819000 306.766000 103.422610
307.182000 0.810000 307.547000 104.582670
307.971000 0.788000 308.338000 105.010060
308.760000 0.789000 309.092000 108.977540
309.569000 0.810000 309.896000 110.167000
310.418000 0.849000 310.784000 103.392080
311.382000 0.963000 311.767000 106.535320
312.302000 0.921000 312.647000 106.901650
313.206000 0.904000 313.545000 107.359570
314.096000 0.890000 314.445000 106.107930
314.982000 0.886000 315.365000 96.586639
315.869000 0.887000 316.206000 102.567830
316.768000 0.899000 317.111000 104.979530
317.636000 0.868000 317.988000 99.363540
318.468000 0.832000 318.856000 99.729874
319.281000 0.813000 319.625000 105.406920
320.087000 0.806000 320.444000 107.329040
320.943000 0.856000 321.265000 108.519630
321.903000 0.961000 322.253000 105.742720
322.857000 0.954000 323.200000 109.770140
323.767000 0.910000 324.112000 109.434330
324.672000 0.905000 325.041000 106.901650
325.586000 0.914000 325.952000 109.739610
326.468000 0.882000 326.845000 105.254280
327.307000 0.839000 327.648000 109.373270
328.132000 0.825000 328.493000 106.871120
328.952000 0.820000 329.277000 110.563860
329.828000 0.876000 330.161000 109.709080
330.752000 0.924000 331.102000 109.403800
331.683000 0.930000 332.051000 108.519630
332.647000 0.964000 332.987000 110.991250
333.598000 0.952000 333.942000 110.594390
334.529000 0.931000 334.870000 109.770140
335.445000 0.916000 335.789000 107.267980
336.354000 0.910000 336.703000 105.681670
337.233000 0.879000 337.572000 107.298510
338.092000 0.859000 338.471000 101.286790
338.927000 0.834000 339.271000 108.580680
339.734000 0.808000 340.083000 107.329040
340.579000 0.845000 340.950000 107.756430
341.666000 1.087000 341.996000 108.947020
342.680000 1.015000 343.020000 108.611210
343.604000 0.923000 343.950000 105.376390
344.443000 0.839000 344.810000 104.979530
345.226000 0.784000 345.560000 107.390100
345.979000 0.753000 346.345000 108.641740
346.747000 0.767000 347.099000 106.504790
347.584000 0.837000 347.945000 103.392080
348.495000 0.912000 348.845000 110.991250
349.414000 0.919000 349.779000 105.010060
350.305000 0.891000 350.639000 110.136470
351.172000 0.867000 351.547000 106.901650
352.018000 0.846000 352.377000 106.901650
352.918000 0.900000 353.267000 109.373270
353.916000 0.998000 354.259000 106.535320
354.853000 0.937000 355.207000 103.025750
355.729000 0.875000 356.067000 106.138460
356.584000 0.856000 356.946000 102.964690
357.455000 0.871000 357.819000 106.443730
358.384000 0.928000 358.726000 108.580680
359.360000 0.976000 359.707000 110.960720
360.309000 0.949000 360.667000 107.786960
361.230000 0.921000 361.587000 111.846030
362.152000 0.922000 362.494000 109.312220
363.086000 0.935000 363.458000 107.664850
364.161000 1.075000 364.513000 111.327050
365.277000 1.115000 365.634000 107.145870
366.319000 1.042000 366.675000 106.504790
367.269000 0.950000 367.613000 108.519630
368.128000 0.859000 368.487000 105.376390
368.934000 0.807000 369.282000 109.403800
369.701000 0.767000 370.045000 110.533330
370.435000 0.734000 370.792000 108.916490
371.151000 0.716000 371.502000 110.136470
371.868000 0.717000 372.200000 111.693390
372.658000 0.790000 373.006000 113.279700
373.456000 0.798000 373.803000 111.266000
374.257000 0.801000 374.601000 111.296530
375.078000 0.821000 375.411000 113.676570
376.299000 1.221000 376.623000 112.913370
377.418000 1.119000 377.781000 106.413210
378.439000 1.021000 378.804000 107.267980
379.377000 0.938000 379.773000 106.932180
380.265000 0.888000 380.601000 106.138460
381.149000 0.883000 381.482000 106.901650
382.024000 0.875000 382.357000 109.800660
382.917000 0.894000 383.250000 106.962710
383.882000 0.964000 384.230000 108.519630
384.904000 1.022000 385.262000 104.185810
385.858000 0.954000 386.211000 104.613190
386.781000 0.923000 387.155000 101.744710
387.676000 0.895000 388.009000 109.403800
388.606000 0.930000 388.971000 104.216330
389.664000 1.058000 390.000000 104.552140
390.762000 1.098000 391.103000 104.155280
391.772000 1.009000 392.131000 103.422610
392.725000 0.954000 393.078000 103.361550
393.655000 0.930000 394.000000 102.172100
394.567000 0.912000 394.911000 103.453140
395.481000 0.914000 395.851000 103.514190
396.379000 0.898000 396.759000 105.742720
397.296000 0.917000 397.650000 101.744710
398.232000 0.936000 398.590000 104.582670
399.106000 0.873000 399.458000 101.775240
399.968000 0.863000 400.324000 106.199510
400.846000 0.878000 401.177000 108.611210
401.863000 1.017000 402.198000 106.474260
402.887000 1.023000 403.258000 103.056280
403.851000 0.964000 404.197000 106.932180
404.784000 0.933000 405.156000 102.995220
405.705000 0.921000 406.056000 106.138460
406.624000 0.919000 406.967000 107.298510
407.540000 0.916000 407.878000 107.298510
408.421000 0.881000 408.786000 106.077400
409.276000 0.855000 409.632000 109.008070
410.128000 0.852000 410.477000 109.342750
410.963000 0.835000 411.317000 108.122760
411.815000 0.852000 412.165000 111.296530
412.768000 0.953000 413.097000 109.770140
413.700000 0.932000 414.048000 106.504790
414.581000 0.882000 414.946000 107.267980
415.394000 0.813000 415.752000 102.628890
416.149000 0.755000 416.492000 109.373270
416.906000 0.758000 417.265000 107.695370
417.733000 0.827000 418.065000 110.960720
418.613000 0.880000 418.946000 110.533330
419.538000 0.925000 419.897000 107.664850
420.438000 0.900000 420.828000 104.643720
421.303000 0.865000 421.685000 103.392080
422.138000 0.836000 422.494000 107.267980
422.959000 0.821000 423.325000 107.664850
423.812000 0.853000 424.148000 110.533330
424.740000 0.928000 425.084000 107.695370
425.684000 0.944000 426.053000 106.199510
426.599000 0.915000 426.944000 107.298510
427.486000 0.887000 427.832000 107.329040
428.373000 0.887000 428.771000 105.315330
429.245000 0.873000 429.597000 106.871120
430.128000 0.882000 430.454000 108.580680
431.033000 0.905000 431.372000 109.403800
431.934000 0.901000 432.291000 106.138460
432.828000 0.894000 433.164000 108.214350
433.695000 0.867000 434.052000 103.392080
434.555000 0.861000 434.903000 107.267980
435.418000 0.863000 435.772000 105.406920
436.333000 0.915000 436.672000 108.916490
437.317000 0.984000 437.671000 106.138460
438.277000 0.960000 438.639000 104.155280
439.214000 0.936000 439.562000 103.697360
440.132000 0.918000 440.479000 103.056280
441.036000 0.904000 441.383000 103.392080
441.902000 0.866000 442.262000 102.506780
442.753000 0.851000 443.102000 102.964690
443.643000 0.889000 443.978000 105.681670
444.558000 0.915000 444.889000 104.521610
445.507000 0.950000 445.868000 100.523600
446.415000 0.908000 446.778000 96.922445
447.282000 0.868000 447.628000 99.394068
448.119000 0.837000 448.469000 102.141570
448.928000 0.809000 449.270000 102.567830
449.705000 0.776000 450.046000 109.770140
450.521000 0.816000 450.861000 110.594390
451.577000 1.056000 451.908000 111.693390
452.571000 0.994000 452.908000 110.228050
453.492000 0.921000 453.859000 105.712200
454.324000 0.832000 454.667000 109.312220
455.096000 0.772000 455.450000 109.342750
455.848000 0.752000 456.198000 109.281690
456.640000 0.791000 456.978000 108.977540
457.477000 0.837000 457.857000 106.871120
458.362000 0.885000 458.694000 109.739610
459.261000 0.899000 459.597000 107.695370
460.149000 0.887000 460.490000 108.580680
461.014000 0.865000 461.355000 108.885960
461.854000 0.840000 462.208000 106.901650
462.666000 0.811000 463.008000 110.869140
463.488000 0.822000 463.849000 111.327050
464.443000 0.955000 464.795000 108.092240
465.415000 0.971000 465.786000 104.185810
466.340000 0.925000 466.687000 106.504790
467.235000 0.895000 467.575000 105.651140
468.108000 0.873000 468.446000 104.582670
468.974000 0.865000 469.307000 107.237460
469.857000 0.884000 470.205000 104.979530
470.732000 0.875000 471.080000 106.840600
471.569000 0.837000 471.947000 104.155280
472.403000 0.834000 472.740000 107.298510
473.268000 0.865000 473.595000 105.742720
474.186000 0.918000 474.536000 107.267980
475.116000 0.929000 475.439000 106.932180
476.056000 0.941000 476.412000 102.567830
476.976000 0.920000 477.319000 104.124750
477.889000 0.913000 478.244000 99.790930
478.781000 0.892000 479.115000 104.979530
479.656000 0.875000 480.004000 105.376390
480.502000 0.846000 480.854000 100.523600
481.343000 0.841000 481.692000 103.025750
482.158000 0.815000 482.514000 102.995220
482.998000 0.840000 483.337000 102.202630
483.944000 0.946000 484.278000 104.155280
484.889000 0.945000 485.244000 104.155280
485.824000 0.935000 486.170000 102.537300
486.734000 0.911000 487.112000 99.363540
487.637000 0.903000 487.982000 103.422610
488.534000 0.897000 488.880000 102.567830
489.437000 0.903000 489.800000 100.920460
490.302000 0.865000 490.661000 102.172100
491.151000 0.849000 491.502000 102.964690
491.988000 0.837000 492.343000 107.329040
492.830000 0.841000 493.161000 108.153290
493.856000 1.026000 494.183000 106.535320
494.885000 1.029000 495.237000 105.284810
495.773000 0.889000 496.149000 102.598360
496.568000 0.795000 496.917000 104.155280
497.336000 0.768000 497.682000 103.025750
498.128000 0.792000 498.480000 104.185810
498.974000 0.846000 499.302000 108.489100
499.863000 0.889000 500.202000 105.985820
500.780000 0.916000 501.148000 105.345860
501.713000 0.933000 502.060000 103.392080
502.635000 0.922000 502.976000 103.025750
503.556000 0.922000 503.901000 103.392080
504.457000 0.901000 504.828000 102.689940
505.363000 0.906000 505.708000 104.949000
506.276000 0.913000 506.637000 103.392080
507.175000 0.899000 507.548000 101.775240
508.035000 0.860000 508.396000 100.157260
508.879000 0.844000 509.240000 102.995220
509.693000 0.815000 510.047000 105.315330
510.498000 0.804000 510.847000 106.138460
511.382000 0.885000 511.756000 106.840600
512.442000 1.060000 512.796000 106.810070
513.410000 0.969000 513.796000 107.267980
514.357000 0.947000 514.707000 106.504790
515.273000 0.916000 515.636000 105.651140
516.194000 0.921000 516.565000 101.744710
517.124000 0.930000 517.477000 104.185810
518.108000 0.984000 518.468000 103.819470
519.100000 0.992000 519.450000 105.742720
520.130000 1.030000 520.477000 105.376390
521.092000 0.962000 521.464000 97.746696
522.011000 0.919000 522.368000 100.157260
522.915000 0.904000 523.257000 105.010060
523.813000 0.898000 524.164000 103.025750
524.755000 0.942000 525.107000 106.840600
525.945000 1.190000 526.283000 103.788940
527.058000 1.114000 527.396000 103.758420
528.025000 0.966000 528.368000 102.202630
528.881000 0.856000 529.243000 101.317320
529.669000 0.788000 530.004000 101.744710
530.447000 0.778000 530.806000 99.333012
531.300000 0.853000 531.654000 104.155280
532.262000 0.962000 532.613000 100.096210
533.262000 1.000000 533.613000 98.998337
534.279000 1.017000 534.632000 96.189777
535.214000 0.935000 535.597000 95.366657
536.114000 0.900000 536.470000 96.952973
537.007000 0.893000 537.364000 100.950990
537.867000 0.861000 538.242000 102.202630
538.837000 0.970000 539.171000 104.124750
539.881000 1.044000 540.253000 103.727890
540.933000 1.052000 541.270000 100.096210
541.944000 1.012000 542.283000 101.347850
542.944000 1.000000 543.281000 101.286790
543.913000 0.969000 544.270000 98.570947
544.886000 0.973000 545.251000 96.556111
545.868000 0.982000 546.249000 99.302484
546.847000 0.979000 547.200000 98.601475
547.834000 0.987000 548.183000 98.662531
548.854000 1.020000 549.210000 98.937281
549.886000 1.032000 550.248000 98.235141
550.872000 0.986000 551.210000 99.394068
551.782000 0.910000 552.148000 96.189777
552.647000 0.865000 553.002000 100.920460
553.496000 0.849000 553.861000 103.392080
554.365000 0.869000 554.721000 110.533330
555.988000 1.623000 556.349000 109.008070
557.152000 1.164000 557.511000 105.315330
558.169000 1.017000 558.547000 100.584650
559.126000 0.957000 559.475000 104.155280
560.063000 0.937000 560.407000 105.437450
561.010000 0.947000 561.348000 106.871120
561.952000 0.942000 562.304000 106.901650
562.862000 0.910000 563.215000 103.819470
563.708000 0.846000 564.059000 105.712200
564.491000 0.784000 564.827000 101.805770
565.269000 0.778000 565.639000 103.697360
566.135000 0.866000 566.486000 104.674250
567.010000 0.875000 567.356000 106.443730
568.047000 1.037000 568.378000 109.312220
569.166000 1.120000 569.508000 106.016340
570.097000 0.931000 570.466000 100.523600
570.972000 0.875000 571.345000 101.714180
571.942000 0.970000 572.299000 102.598360
572.982000 1.040000 573.325000 98.632003
574.044000 1.062000 574.385000 98.570947
575.079000 1.035000 575.417000 94.572933
576.194000 1.115000 576.566000 92.924431
577.284000 1.090000 577.629000 97.777224
578.253000 0.969000 578.616000 94.908739
579.161000 0.908000 579.542000 92.985487
580.044000 0.883000 580.378000 99.394068
580.989000 0.945000 581.364000 98.113030
582.041000 1.052000 582.376000 100.920460
583.063000 1.022000 583.413000 100.523600
584.064000 1.001000 584.414000 102.628890
585.097000 1.033000 585.445000 105.345860
586.136000 1.039000 586.481000 106.901650
587.134000 0.998000 587.484000 105.376390
588.118000 0.984000 588.464000 107.634320
589.062000 0.944000 589.413000 106.535320
590.034000 0.972000 590.394000 105.406920
591.013000 0.979000 591.364000 105.742720
592.019000 1.007000 592.371000 104.155280
592.978000 0.959000 593.344000 103.361550
593.891000 0.913000 594.263000 102.934160
594.759000 0.868000 595.105000 107.664850
595.630000 0.871000 595.984000 107.664850
596.654000 1.023000 597.004000 107.267980
597.798000 1.144000 598.152000 106.535320
598.870000 1.072000 599.211000 109.770140
599.873000 1.002000 600.253000 106.474260
600.837000 0.964000 601.191000 106.077400
601.792000 0.956000 602.142000 107.329040
602.751000 0.959000 603.108000 104.613190
603.712000 0.960000 604.058000 104.124750
604.662000 0.950000 604.999000 104.552140
605.587000 0.926000 605.930000 99.394068
606.532000 0.944000 606.868000 106.504790
607.515000 0.983000 607.859000 103.392080
608.565000 1.051000 608.910000 101.653130
609.563000 0.998000 609.937000 99.363540
610.481000 0.918000 610.831000 102.995220
611.387000 0.905000 611.742000 97.807752
612.313000 0.927000 612.668000 100.126740
613.289000 0.975000 613.640000 102.995220
614.316000 1.027000 614.688000 98.632003
615.361000 1.045000 615.720000 98.174086
616.395000 1.034000 616.769000 100.584650
617.344000 0.949000 617.767000 94.969795
618.247000 0.904000 618.608000 97.807752
619.127000 0.880000 619.489000 100.096210
620.101000 0.974000 620.465000 97.807752
621.140000 1.038000 621.504000 99.668818
622.108000 0.969000 622.458000 99.363540
623.003000 0.894000 623.355000 102.506780
623.811000 0.808000 624.178000 99.760402
624.611000 0.800000 624.976000 100.523600
625.423000 0.811000 625.787000 100.126740
626.197000 0.774000 626.547000 104.613190
627.070000 0.873000 627.406000 104.643720
628.114000 1.044000 628.456000 103.422610
629.103000 0.989000 629.457000 100.096210
630.028000 0.924000 630.371000 103.850000
630.904000 0.876000 631.237000 104.613190
631.784000 0.880000 632.154000 98.967809
632.804000 1.020000 633.143000 104.124750
633.803000 0.999000 634.156000 99.028865
634.765000 0.962000 635.104000 100.523600
635.710000 0.945000 636.065000 96.617167
636.664000 0.955000 637.013000 96.617167
637.630000 0.966000 637.974000 96.922445
638.582000 0.952000 638.955000 93.718154
639.564000 0.983000 639.921000 96.556111
640.552000 0.987000 640.902000 96.525583
641.546000 0.994000 641.891000 96.128722
642.520000 0.974000 642.863000 99.028865
643.439000 0.919000 643.828000 93.748682
644.328000 0.889000 644.674000 98.265669
645.201000 0.872000 645.543000 102.567830
646.078000 0.877000 646.454000 100.187790
647.111000 1.034000 647.461000 100.065680
648.149000 1.038000 648.492000 100.157260
649.154000 1.005000 649.513000 98.998337
650.108000 0.954000 650.461000 99.302484
651.050000 0.942000 651.380000 102.567830
651.971000 0.921000 652.363000 100.157260
652.885000 0.914000 653.257000 98.937281
653.775000 0.890000 654.139000 100.889930
654.696000 0.920000 655.032000 104.613190
655.623000 0.928000 655.971000 101.378380
656.611000 0.988000 656.959000 101.805770
657.589000 0.978000 657.979000 96.556111
658.513000 0.924000 658.870000 99.760402
659.406000 0.893000 659.771000 97.380362
660.286000 0.880000 660.651000 100.187790
661.178000 0.891000 661.520000 102.659410
662.126000 0.948000 662.489000 99.821457
663.166000 1.040000 663.528000 100.218320
664.231000 1.065000 664.586000 101.347850
665.253000 1.022000 665.614000 100.523600
666.231000 0.977000 666.580000 97.410890
667.144000 0.913000 667.495000 96.617167
668.046000 0.902000 668.380000 101.347850
668.940000 0.894000 669.295000 98.601475
669.865000 0.925000 670.205000 102.172100
670.799000 0.934000 671.155000 98.967809
671.758000 0.959000 672.112000 101.775240
672.681000 0.923000 673.047000 102.111040
673.582000 0.901000 673.946000 104.918470
674.470000 0.888000 674.834000 104.216330
