22.214000 0.822000 22.501000 131.990290
23.160000 0.946000 23.441000 132.484390
24.107000 0.947000 24.391000 131.530700
25.056000 0.950000 25.341000 131.048410
25.931000 0.875000 26.221000 129.611520
26.762000 0.831000 27.041000 130.598810
27.711000 0.949000 27.991000 130.476200
28.669000 0.959000 28.951000 129.768650
29.614000 0.945000 29.901000 128.546110
30.506000 0.892000 30.791000 129.263650
31.441000 0.934000 31.721000 129.667830
32.386000 0.945000 32.671000 128.602430
33.286000 0.901000 33.581000 127.031110
34.144000 0.858000 34.431000 128.366280
35.058000 0.914000 35.341000 129.847670
36.017000 0.959000 36.301000 129.656930
36.950000 0.933000 37.241000 129.634230
37.802000 0.852000 38.091000 130.711440
38.737000 0.935000 39.021000 132.012990
39.679000 0.942000 39.961000 131.507990
40.612000 0.933000 40.901000 130.296360
41.490000 0.878000 41.781000 130.453490
42.438000 0.948000 42.721000 130.386280
43.374000 0.936000 43.661000 128.242750
44.245000 0.871000 44.531000 128.736850
45.144000 0.899000 45.431000 129.443490
46.075000 0.931000 46.361000 129.510700
46.999000 0.925000 47.291000 128.624230
47.837000 0.838000 48.131000 129.533410
48.724000 0.886000 49.011000 130.610620
49.660000 0.936000 49.941000 130.633330
50.602000 0.942000 50.891000 129.757750
51.459000 0.858000 51.751000 129.432590
52.343000 0.884000 52.631000 129.903980
53.279000 0.936000 53.561000 129.107430
54.203000 0.923000 54.491000 127.389880
55.070000 0.867000 55.361000 127.378980
55.959000 0.889000 56.241000 129.028410
56.889000 0.931000 57.171000 128.299060
57.798000 0.909000 58.091000 127.143740
58.644000 0.846000 58.931000 127.580620
59.519000 0.875000 59.801000 129.107430
60.472000 0.953000 60.751000 128.837670
61.402000 0.930000 61.691000 126.593330
62.248000 0.846000 62.541000 126.358080
63.083000 0.835000 63.361000 127.087430
63.986000 0.903000 64.261000 128.512510
64.908000 0.922000 65.191000 128.759560
65.757000 0.849000 66.051000 129.005700
66.570000 0.813000 66.861000 130.857670
67.487000 0.917000 67.771000 132.675130
68.447000 0.960000 68.731000 132.091110
69.382000 0.935000 69.671000 131.272750
70.252000 0.870000 70.541000 131.485290
71.189000 0.936000 71.471000 131.283650
72.142000 0.954000 72.431000 129.656930
73.064000 0.922000 73.351000 127.917590
73.930000 0.865000 74.221000 128.399880
74.850000 0.921000 75.131000 128.602430
75.759000 0.909000 76.051000 126.672350
76.585000 0.826000 76.881000 127.154640
77.460000 0.874000 77.741000 129.992990
78.356000 0.897000 78.641000 130.408080
79.269000 0.913000 79.561000 130.946680
80.115000 0.846000 80.401000 132.203730
81.034000 0.919000 81.321000 133.011190
81.987000 0.953000 82.271000 132.484390
82.887000 0.900000 83.181000 130.824060
83.764000 0.877000 84.051000 131.923080
84.716000 0.951000 85.001000 130.913080
85.663000 0.947000 85.951000 129.735040
86.572000 0.909000 86.861000 127.435300
87.422000 0.851000 87.711000 128.108330
88.360000 0.938000 88.641000 128.231850
89.288000 0.928000 89.571000 127.479800
90.159000 0.871000 90.451000 127.525220
91.010000 0.851000 91.291000 129.623330
91.924000 0.914000 92.211000 129.892180
92.846000 0.921000 93.131000 130.128330
93.721000 0.876000 94.011000 129.814060
94.606000 0.885000 94.891000 131.092910
95.537000 0.931000 95.821000 130.072010
96.451000 0.913000 96.741000 128.366280
97.307000 0.856000 97.591000 128.433490
98.227000 0.921000 98.511000 128.747750
99.161000 0.934000 99.441000 127.502510
100.083000 0.922000 100.371000 126.122840
100.989000 0.906000 101.271000 126.548820
101.902000 0.913000 102.181000 125.123740
102.764000 0.862000 103.051000 122.778580
103.580000 0.816000 103.861000 123.788580
104.462000 0.882000 104.741000 125.438000
105.431000 0.969000 105.711000 125.527920
106.366000 0.934000 106.651000 124.821290
107.246000 0.880000 107.531000 125.651450
108.203000 0.957000 108.481000 125.606030
109.138000 0.936000 109.431000 123.687760
110.017000 0.879000 110.301000 124.249070
110.940000 0.922000 111.221000 125.842190
111.876000 0.937000 112.161000 124.641450
112.758000 0.882000 113.041000 125.427100
113.647000 0.889000 113.931000 126.526110
114.572000 0.925000 114.861000 126.347190
115.449000 0.877000 115.741000 125.752270
116.304000 0.855000 116.591000 127.513410
117.253000 0.948000 117.531000 128.231850
118.162000 0.910000 118.451000 126.268170
119.035000 0.873000 119.321000 125.685050
119.913000 0.878000 120.191000 126.750460
120.858000 0.945000 121.141000 126.010220
121.777000 0.919000 122.061000 123.182760
122.627000 0.850000 122.911000 123.530630
123.479000 0.852000 123.761000 123.855790
124.370000 0.891000 124.651000 124.428000
125.243000 0.873000 125.531000 123.373500
126.062000 0.819000 126.351000 124.978420
126.882000 0.821000 127.161000 126.582430
127.762000 0.879000 128.041000 127.458000
128.655000 0.894000 128.941000 127.311770
129.475000 0.820000 129.761000 128.097430
130.293000 0.819000 130.571000 130.476200
131.205000 0.911000 131.481000 130.340860
132.143000 0.939000 132.421000 129.118330
132.997000 0.853000 133.281000 127.873080
133.833000 0.837000 134.111000 129.241850
134.774000 0.941000 135.051000 128.646930
135.714000 0.940000 136.001000 126.660540
136.593000 0.879000 136.881000 125.280870
137.479000 0.887000 137.761000 125.639640
138.415000 0.935000 138.691000 125.448900
139.349000 0.934000 139.631000 124.989320
140.200000 0.851000 140.491000 126.458900
141.089000 0.889000 141.371000 128.546110
142.003000 0.913000 142.291000 128.590620
142.870000 0.868000 143.161000 128.254560
143.674000 0.804000 143.961000 129.241850
144.482000 0.808000 144.761000 131.530700
145.399000 0.917000 145.681000 131.373570
146.288000 0.889000 146.581000 129.757750
147.094000 0.805000 147.381000 130.352670
147.912000 0.819000 148.191000 131.654230
148.821000 0.909000 149.101000 131.025700
149.744000 0.923000 150.031000 129.298170
150.568000 0.823000 150.861000 128.131030
151.401000 0.834000 151.681000 128.793170
152.173000 0.772000 152.451000 128.826770
152.931000 0.758000 153.211000 129.556110
153.760000 0.828000 154.041000 130.554310
154.537000 0.778000 154.821000 130.240040
155.322000 0.785000 155.601000 132.428080
156.232000 0.910000 156.511000 132.383570
157.169000 0.937000 157.451000 130.531600
158.012000 0.843000 158.301000 127.491610
158.778000 0.766000 159.071000 127.401690
159.525000 0.747000 159.801000 129.129230
160.369000 0.844000 160.641000 130.845860
161.289000 0.919000 161.571000 131.721440
162.155000 0.867000 162.441000 131.518890
162.983000 0.828000 163.271000 133.213730
163.892000 0.909000 164.171000 134.638810
164.815000 0.923000 165.101000 133.157420
165.750000 0.935000 166.031000 132.652420
166.667000 0.917000 166.961000 130.273650
167.511000 0.844000 167.801000 130.139230
168.415000 0.904000 168.701000 131.350860
169.343000 0.928000 169.631000 130.980290
170.271000 0.928000 170.561000 130.363570
171.200000 0.929000 171.491000 129.263650
172.042000 0.843000 172.331000 129.757750
172.968000 0.925000 173.251000 129.690540
173.887000 0.919000 174.171000 129.151930
174.792000 0.905000 175.081000 128.411690
175.643000 0.851000 175.931000 129.084720
176.552000 0.909000 176.831000 130.128330
177.465000 0.913000 177.751000 129.982100
178.378000 0.912000 178.671000 128.703250
179.209000 0.832000 179.491000 129.623330
180.089000 0.880000 180.371000 130.419880
180.958000 0.869000 181.241000 128.714150
181.787000 0.829000 182.071000 129.129230
182.626000 0.839000 182.911000 130.913080
183.518000 0.892000 183.801000 130.711440
184.399000 0.881000 184.691000 128.994800
185.236000 0.836000 185.521000 130.206440
186.119000 0.883000 186.401000 130.015700
187.017000 0.898000 187.301000 127.603330
187.866000 0.850000 188.151000 127.244560
188.748000 0.882000 189.031000 128.041110
189.665000 0.917000 189.941000 126.335380
190.573000 0.909000 190.861000 124.585130
191.408000 0.835000 191.691000 124.943900
192.282000 0.874000 192.561000 125.651450
193.161000 0.879000 193.441000 124.719560
194.010000 0.849000 194.301000 124.876690
194.809000 0.799000 195.091000 127.737750
195.673000 0.864000 195.951000 129.634230
196.599000 0.926000 196.881000 130.072010
197.481000 0.882000 197.771000 129.196440
198.311000 0.831000 198.601000 129.948490
199.233000 0.922000 199.511000 130.038410
200.137000 0.904000 200.421000 127.940300
200.974000 0.836000 201.261000 127.536110
201.854000 0.881000 202.131000 128.669640
202.717000 0.863000 203.001000 127.636930
203.569000 0.851000 203.851000 126.548820
204.361000 0.792000 204.651000 126.817670
205.144000 0.784000 205.421000 129.162830
205.968000 0.823000 206.241000 129.084720
206.832000 0.864000 207.111000 128.343570
207.638000 0.807000 207.931000 127.210950
208.402000 0.763000 208.681000 128.736850
209.190000 0.788000 209.461000 130.061110
210.053000 0.863000 210.331000 129.039310
210.932000 0.879000 211.211000 128.152830
211.757000 0.826000 212.041000 126.616030
212.537000 0.780000 212.821000 127.311770
213.351000 0.814000 213.631000 127.356280
214.202000 0.851000 214.481000 126.368980
215.063000 0.861000 215.341000 124.821290
215.876000 0.814000 216.161000 124.405300
216.705000 0.828000 216.981000 125.370790
217.569000 0.864000 217.851000 124.832190
218.461000 0.892000 218.741000 123.138260
219.304000 0.843000 219.591000 122.386200
220.146000 0.842000 220.421000 123.059240
221.029000 0.883000 221.311000 122.891200
221.907000 0.878000 222.191000 120.826700
222.732000 0.825000 223.021000 121.286290
223.570000 0.838000 223.851000 123.227270
224.438000 0.868000 224.721000 123.822190
225.283000 0.845000 225.571000 123.912100
226.073000 0.790000 226.361000 125.000220
226.921000 0.847000 227.201000 127.199150
227.836000 0.915000 228.111000 126.626930
228.721000 0.886000 229.011000 124.282680
229.549000 0.828000 229.831000 124.922100
230.461000 0.912000 230.741000 124.540630
231.385000 0.923000 231.661000 123.193660
232.253000 0.868000 232.541000 121.734970
233.047000 0.794000 233.331000 122.891200
233.880000 0.833000 234.161000 123.732270
234.774000 0.894000 235.051000 124.641450
235.625000 0.852000 235.911000 124.832190
236.470000 0.845000 236.751000 127.737750
237.354000 0.883000 237.641000 127.458000
238.170000 0.816000 238.461000 127.917590
239.017000 0.847000 239.301000 129.331770
239.886000 0.869000 240.161000 128.916690
240.726000 0.840000 241.011000 127.300870
241.516000 0.789000 241.801000 128.568820
242.376000 0.861000 242.651000 129.017510
243.291000 0.914000 243.571000 128.523410
244.174000 0.883000 244.461000 126.953000
244.985000 0.810000 245.271000 126.953000
245.824000 0.839000 246.101000 127.378980
246.676000 0.852000 246.951000 126.705950
247.533000 0.857000 247.821000 126.010220
248.321000 0.788000 248.611000 126.492510
249.127000 0.806000 249.401000 128.242750
250.055000 0.928000 250.331000 128.747750
250.911000 0.856000 251.201000 126.200950
251.714000 0.803000 252.001000 127.154640
252.581000 0.867000 252.861000 127.479800
253.509000 0.928000 253.791000 127.311770
254.444000 0.935000 254.731000 125.639640
255.285000 0.841000 255.571000 125.897590
256.161000 0.876000 256.441000 127.154640
257.070000 0.910000 257.351000 126.347190
257.892000 0.821000 258.181000 125.494320
258.709000 0.818000 258.991000 127.569720
259.503000 0.794000 259.781000 128.220950
260.236000 0.732000 260.521000 129.017510
261.075000 0.839000 261.351000 131.260940
261.894000 0.820000 262.181000 130.677830
262.680000 0.786000 262.961000 132.540700
263.591000 0.911000 263.871000 133.201920
264.498000 0.906000 264.781000 130.487100
265.349000 0.852000 265.641000 128.927590
266.141000 0.792000 266.431000 129.667830
267.014000 0.873000 267.291000 130.520700
267.930000 0.916000 268.211000 130.105620
268.834000 0.904000 269.121000 128.994800
269.661000 0.827000 269.951000 127.389880
270.457000 0.795000 270.741000 129.309060
271.354000 0.897000 271.631000 128.871280
272.238000 0.884000 272.521000 128.321770
273.146000 0.909000 273.431000 127.255460
273.947000 0.800000 274.241000 126.852190
274.733000 0.786000 275.011000 129.162830
275.581000 0.849000 275.861000 129.556110
276.426000 0.844000 276.711000 128.265460
277.253000 0.828000 277.541000 128.378080
278.027000 0.774000 278.311000 129.263650
278.875000 0.847000 279.151000 129.982100
279.801000 0.926000 280.081000 128.781360
280.682000 0.882000 280.971000 126.100130
281.522000 0.839000 281.801000 127.121030
282.423000 0.901000 282.701000 126.335380
283.354000 0.931000 283.641000 124.428000
284.236000 0.882000 284.521000 122.924810
285.080000 0.845000 285.361000 124.147350
285.973000 0.892000 286.251000 123.901200
286.871000 0.898000 287.151000 123.036530
287.748000 0.877000 288.041000 121.824890
288.586000 0.837000 288.871000 123.867600
289.476000 0.890000 289.761000 124.349890
290.397000 0.921000 290.681000 124.035630
291.288000 0.892000 291.581000 122.296290
292.134000 0.846000 292.421000 123.025630
293.044000 0.910000 293.321000 123.608740
293.973000 0.929000 294.261000 122.711370
294.834000 0.861000 295.121000 121.308990
295.656000 0.822000 295.941000 123.193660
296.537000 0.880000 296.821000 123.249970
297.447000 0.910000 297.731000 121.701370
298.315000 0.868000 298.601000 121.903910
299.213000 0.899000 299.491000 122.633260
300.178000 0.965000 300.461000 121.421620
301.136000 0.958000 301.421000 119.120960
302.009000 0.873000 302.301000 118.200880
302.926000 0.917000 303.211000 118.818510
303.868000 0.942000 304.151000 117.516950
304.781000 0.914000 305.071000 116.540560
305.645000 0.863000 305.931000 118.649570
306.580000 0.935000 306.861000 119.906620
307.534000 0.954000 307.821000 119.940220
308.437000 0.903000 308.731000 119.087360
309.267000 0.829000 309.551000 122.105550
310.154000 0.887000 310.441000 125.505220
311.063000 0.909000 311.351000 126.537920
311.898000 0.835000 312.191000 128.085620
312.830000 0.931000 313.111000 130.419880
313.790000 0.961000 314.081000 131.149230
314.673000 0.883000 314.971000 131.239150
315.538000 0.865000 315.821000 133.247340
316.466000 0.928000 316.751000 132.371760
317.361000 0.896000 317.651000 130.038410
318.170000 0.808000 318.461000 130.868570
319.051000 0.881000 319.331000 131.451680
319.982000 0.932000 320.271000 129.914880
320.882000 0.900000 321.171000 127.648740
321.689000 0.807000 321.981000 128.478900
322.514000 0.825000 322.801000 129.365380
323.392000 0.878000 323.671000 129.129230
324.320000 0.928000 324.611000 129.376280
325.186000 0.866000 325.471000 130.464390
326.094000 0.908000 326.381000 131.082010
327.003000 0.909000 327.291000 129.387180
327.858000 0.855000 328.151000 127.771360
328.668000 0.811000 328.951000 129.141030
329.540000 0.872000 329.821000 128.961200
330.411000 0.871000 330.701000 127.322670
331.206000 0.795000 331.501000 126.963900
332.010000 0.804000 332.291000 129.286360
332.894000 0.884000 333.171000 129.196440
333.810000 0.916000 334.101000 128.826770
334.646000 0.836000 334.941000 129.162830
335.505000 0.858000 335.791000 130.340860
336.408000 0.903000 336.691000 129.982100
337.301000 0.893000 337.591000 128.299060
338.123000 0.822000 338.411000 127.615130
338.985000 0.862000 339.271000 128.602430
339.901000 0.916000 340.181000 128.152830
340.781000 0.880000 341.071000 126.211850
341.566000 0.785000 341.851000 126.941200
342.371000 0.805000 342.651000 128.680540
343.236000 0.865000 343.521000 128.041110
344.053000 0.817000 344.341000 127.760460
344.861000 0.808000 345.141000 129.667830
345.753000 0.891000 346.031000 129.870380
346.680000 0.927000 346.961000 128.703250
347.511000 0.832000 347.801000 127.300870
348.332000 0.821000 348.611000 128.433490
349.197000 0.865000 349.481000 126.626930
350.034000 0.837000 350.321000 125.269970
350.802000 0.768000 351.091000 126.335380
351.587000 0.785000 351.871000 127.558820
352.428000 0.841000 352.711000 127.042920
353.269000 0.841000 353.551000 124.787680
354.022000 0.753000 354.311000 125.729560
354.813000 0.791000 355.091000 127.244560
355.676000 0.862000 355.951000 126.414400
356.507000 0.831000 356.791000 124.618740
357.276000 0.769000 357.561000 125.763170
358.079000 0.803000 358.361000 127.076530
358.959000 0.880000 359.241000 127.267270
359.879000 0.921000 360.161000 127.165540
360.726000 0.846000 361.011000 125.370790
361.575000 0.849000 361.861000 127.064720
362.493000 0.918000 362.781000 126.425300
363.443000 0.950000 363.731000 125.909400
364.416000 0.974000 364.711000 123.945710
365.275000 0.858000 365.561000 123.440710
366.116000 0.841000 366.401000 124.058340
367.045000 0.929000 367.331000 123.721370
367.951000 0.906000 368.241000 122.587840
368.761000 0.810000 369.051000 124.035630
369.654000 0.892000 369.941000 125.897590
370.589000 0.935000 370.871000 126.268170
371.513000 0.924000 371.801000 124.585130
372.354000 0.841000 372.641000 125.415300
373.253000 0.899000 373.541000 125.224560
374.140000 0.887000 374.431000 123.631450
374.980000 0.840000 375.271000 124.327190
375.866000 0.886000 376.151000 125.628740
376.786000 0.920000 377.071000 125.157350
377.659000 0.873000 377.951000 123.216370
378.469000 0.809000 378.751000 124.876690
379.310000 0.841000 379.591000 124.933000
380.184000 0.874000 380.471000 124.562430
380.983000 0.799000 381.271000 124.136450
381.755000 0.771000 382.041000 127.042920
382.623000 0.869000 382.901000 128.074720
383.529000 0.906000 383.811000 127.951200
384.359000 0.829000 384.651000 127.580620
385.202000 0.843000 385.481000 129.443490
386.098000 0.896000 386.381000 128.141930
386.932000 0.834000 387.221000 127.020220
387.735000 0.803000 388.021000 127.906690
388.622000 0.887000 388.901000 128.231850
389.527000 0.906000 389.811000 127.300870
390.392000 0.865000 390.681000 125.280870
391.229000 0.837000 391.511000 125.943000
392.089000 0.861000 392.371000 124.753170
392.983000 0.894000 393.271000 123.002920
393.793000 0.809000 394.081000 123.070130
394.651000 0.858000 394.931000 123.799480
395.546000 0.896000 395.831000 122.744970
396.447000 0.901000 396.731000 120.871200
397.277000 0.829000 397.561000 121.510630
398.181000 0.904000 398.461000 122.218170
399.135000 0.954000 399.421000 121.286290
400.092000 0.957000 400.381000 119.131860
400.965000 0.873000 401.251000 117.886620
401.805000 0.841000 402.091000 119.457930
402.707000 0.901000 402.991000 119.120960
403.601000 0.894000 403.891000 118.347110
404.418000 0.817000 404.711000 118.829410
405.223000 0.805000 405.501000 121.803090
406.139000 0.916000 406.421000 122.520630
407.100000 0.961000 407.381000 121.353500
407.961000 0.861000 408.251000 120.051940
408.800000 0.839000 409.081000 121.971120
409.693000 0.893000 409.971000 121.734970
410.560000 0.868000 410.851000 119.625960
411.351000 0.791000 411.641000 120.793090
412.135000 0.784000 412.411000 122.677760
413.036000 0.902000 413.321000 123.844890
413.969000 0.932000 414.251000 126.200950
414.872000 0.903000 415.161000 125.953900
415.703000 0.831000 415.991000 127.491610
416.581000 0.878000 416.871000 128.646930
417.510000 0.929000 417.791000 128.152830
418.425000 0.915000 418.721000 126.156450
419.259000 0.834000 419.551000 126.335380
420.124000 0.865000 420.411000 126.716850
421.014000 0.889000 421.301000 125.460710
421.872000 0.858000 422.161000 123.968420
422.673000 0.802000 422.971000 123.811290
423.421000 0.747000 423.711000 124.428000
424.147000 0.726000 424.431000 127.525220
424.950000 0.803000 425.231000 130.172830
425.885000 0.934000 426.161000 132.854060
426.817000 0.933000 427.101000 133.740530
427.748000 0.931000 428.031000 134.716920
428.705000 0.957000 428.991000 133.617910
429.600000 0.895000 429.891000 132.955780
430.541000 0.941000 430.831000 131.239150
431.479000 0.938000 431.771000 128.826770
432.399000 0.921000 432.691000 128.927590
433.335000 0.935000 433.621000 127.984800
434.277000 0.942000 434.571000 127.233660
435.148000 0.871000 435.441000 126.458900
435.991000 0.842000 436.281000 127.883980
436.849000 0.859000 437.131000 128.063820
437.725000 0.876000 438.011000 128.152830
438.580000 0.855000 438.871000 128.242750
439.387000 0.806000 439.671000 129.690540
440.250000 0.864000 440.531000 130.711440
441.193000 0.942000 441.481000 130.340860
442.060000 0.868000 442.351000 129.107430
442.872000 0.811000 443.161000 130.430780
443.781000 0.909000 444.061000 130.229150
444.714000 0.933000 445.001000 128.983900
445.609000 0.895000 445.901000 127.267270
446.461000 0.852000 446.751000 127.121030
447.365000 0.904000 447.651000 126.190050
448.268000 0.903000 448.551000 125.123740
449.130000 0.862000 449.421000 123.710470
449.941000 0.811000 450.231000 125.202760
450.776000 0.835000 451.061000 125.348080
451.674000 0.898000 451.961000 125.639640
452.524000 0.850000 452.811000 125.460710
453.318000 0.794000 453.611000 127.715950
454.195000 0.877000 454.481000 129.107430
455.139000 0.943000 455.421000 129.365380
456.078000 0.939000 456.371000 129.992990
456.947000 0.869000 457.241000 129.937590
457.836000 0.889000 458.121000 131.227340
458.738000 0.902000 459.021000 130.430780
459.640000 0.902000 459.931000 129.365380
460.457000 0.817000 460.751000 130.296360
461.318000 0.861000 461.601000 131.698730
462.195000 0.877000 462.481000 131.631520
463.029000 0.834000 463.321000 131.294550
463.827000 0.798000 464.111000 133.090210
464.705000 0.877000 464.991000 133.404470
465.632000 0.928000 465.921000 132.316360
466.526000 0.894000 466.821000 129.814060
467.373000 0.846000 467.661000 130.386280
468.276000 0.903000 468.561000 129.477100
469.192000 0.916000 469.481000 128.399880
470.082000 0.890000 470.371000 126.380790
470.919000 0.837000 471.211000 127.244560
471.791000 0.872000 472.071000 126.840380
472.693000 0.902000 472.981000 125.999320
473.550000 0.857000 473.841000 124.664150
474.337000 0.787000 474.621000 126.863080
475.188000 0.851000 475.471000 127.951200
476.086000 0.898000 476.371000 127.592430
476.950000 0.863000 477.241000 126.930300
477.760000 0.810000 478.051000 127.816770
478.621000 0.861000 478.901000 129.072910
479.550000 0.929000 479.831000 129.084720
480.447000 0.897000 480.741000 128.332670
481.288000 0.841000 481.581000 129.196440
482.191000 0.903000 482.481000 129.814060
483.092000 0.901000 483.381000 129.701440
483.942000 0.850000 484.241000 128.916690
484.753000 0.811000 485.041000 130.935780
485.627000 0.874000 485.911000 131.732340
486.537000 0.910000 486.821000 131.709630
487.424000 0.887000 487.721000 131.541600
488.279000 0.855000 488.561000 133.236440
489.211000 0.932000 489.501000 132.708730
490.082000 0.871000 490.371000 130.217340
490.919000 0.837000 491.211000 131.014800
491.803000 0.885000 492.091000 131.564310
492.693000 0.890000 492.981000 130.094720
493.527000 0.834000 493.821000 129.556110
494.355000 0.828000 494.641000 131.709630
495.248000 0.893000 495.531000 130.745040
496.159000 0.911000 496.451000 130.105620
497.007000 0.849000 497.301000 128.198250
497.873000 0.865000 498.161000 130.161930
498.812000 0.939000 499.101000 129.028410
499.772000 0.960000 500.061000 127.704150
500.659000 0.887000 500.951000 126.021110
501.553000 0.894000 501.841000 127.076530
502.472000 0.919000 502.761000 126.907590
503.375000 0.904000 503.671000 126.178250
504.224000 0.848000 504.511000 127.682350
505.142000 0.918000 505.431000 129.398980
506.075000 0.933000 506.361000 128.950300
506.966000 0.891000 507.261000 127.715950
507.798000 0.832000 508.091000 129.477100
508.712000 0.913000 509.001000 129.151930
509.661000 0.950000 509.951000 128.523410
510.560000 0.899000 510.851000 127.053820
511.408000 0.847000 511.701000 128.288170
512.340000 0.932000 512.631000 128.332670
513.265000 0.925000 513.551000 126.436200
514.133000 0.868000 514.431000 125.863980
515.022000 0.889000 515.311000 127.322670
515.960000 0.938000 516.251000 125.763170
516.880000 0.920000 517.171000 124.461610
517.734000 0.854000 518.031000 123.912100
518.607000 0.873000 518.891000 124.304480
519.520000 0.913000 519.801000 124.147350
520.451000 0.931000 520.741000 123.227270
521.319000 0.868000 521.611000 123.642350
522.153000 0.833000 522.441000 125.169150
523.052000 0.899000 523.341000 125.685050
523.943000 0.892000 524.231000 124.360790
524.778000 0.835000 525.071000 124.652350
525.572000 0.794000 525.861000 126.077430
526.467000 0.895000 526.751000 126.750460
527.424000 0.957000 527.711000 125.561530
528.332000 0.908000 528.621000 123.654150
529.170000 0.838000 529.461000 123.149150
530.043000 0.874000 530.331000 124.080130
530.948000 0.905000 531.231000 123.295390
531.853000 0.904000 532.141000 123.216370
532.756000 0.903000 533.051000 122.497920
533.587000 0.832000 533.881000 123.497020
534.414000 0.827000 534.701000 125.785870
535.366000 0.952000 535.651000 126.504320
536.295000 0.928000 536.581000 125.157350
537.152000 0.857000 537.441000 125.482510
538.014000 0.861000 538.301000 127.345380
538.949000 0.935000 539.231000 127.737750
539.768000 0.819000 540.061000 127.783170
540.544000 0.776000 540.831000 127.928490
541.307000 0.762000 541.601000 127.894880
542.029000 0.723000 542.311000 129.791360
542.822000 0.793000 543.101000 131.687830
543.669000 0.847000 543.951000 130.958490
544.544000 0.875000 544.831000 130.082910
545.366000 0.821000 545.651000 129.802260
546.240000 0.875000 546.521000 130.319060
547.128000 0.888000 547.411000 128.703250
548.017000 0.889000 548.311000 126.593330
548.813000 0.796000 549.101000 126.672350
549.640000 0.827000 549.921000 128.265460
550.494000 0.854000 550.781000 127.615130
551.349000 0.856000 551.641000 127.356280
552.114000 0.765000 552.401000 128.770460
552.943000 0.828000 553.221000 130.734150
553.883000 0.940000 554.161000 131.193730
554.818000 0.935000 555.111000 130.240040
555.672000 0.855000 555.961000 131.059310
556.580000 0.908000 556.871000 131.059310
557.454000 0.874000 557.741000 129.252750
558.241000 0.787000 558.541000 128.938490
559.016000 0.775000 559.301000 131.092910
559.861000 0.845000 560.141000 131.048410
560.764000 0.903000 561.051000 132.270940
561.605000 0.841000 561.901000 131.822260
562.393000 0.788000 562.681000 133.808650
563.293000 0.900000 563.571000 134.953080
564.217000 0.924000 564.501000 133.505290
565.101000 0.884000 565.391000 131.799550
565.952000 0.852000 566.241000 132.697830
566.846000 0.894000 567.131000 131.642420
567.758000 0.912000 568.051000 130.217340
568.616000 0.857000 568.911000 128.814960
569.519000 0.903000 569.801000 129.600620
570.472000 0.953000 570.761000 128.893980
571.419000 0.947000 571.711000 126.852190
572.295000 0.876000 572.581000 127.794060
573.222000 0.927000 573.511000 128.759560
574.155000 0.933000 574.451000 127.648740
575.035000 0.880000 575.331000 128.793170
575.951000 0.916000 576.241000 130.587910
576.902000 0.951000 577.191000 130.273650
577.827000 0.925000 578.121000 128.814960
578.658000 0.831000 578.951000 129.420780
579.533000 0.875000 579.821000 130.700540
580.470000 0.937000 580.751000 130.734150
581.448000 0.978000 581.741000 130.128330
582.369000 0.921000 582.661000 130.240040
583.326000 0.957000 583.611000 130.755940
584.327000 1.001000 584.621000 130.038410
585.310000 0.983000 585.611000 128.557010
586.208000 0.899000 586.501000 128.366280
587.155000 0.947000 587.441000 128.972100
588.110000 0.954000 588.401000 128.175540
588.995000 0.885000 589.291000 128.198250
589.886000 0.891000 590.171000 130.520700
590.867000 0.981000 591.151000 130.767750
591.840000 0.972000 592.131000 129.623330
592.747000 0.908000 593.041000 131.205540
593.718000 0.971000 594.011000 131.283650
594.664000 0.946000 594.961000 130.374470
595.518000 0.854000 595.811000 130.531600
596.409000 0.891000 596.691000 131.788650
597.340000 0.931000 597.631000 131.968490
598.236000 0.896000 598.531000 131.272750
