1.397000 0.819000 1.741000 83.351664
2.316000 0.919000 2.711000 78.593877
3.235000 0.919000 3.621000 76.562939
4.154000 0.919000 4.521000 77.550811
5.053000 0.899000 5.431000 77.169261
5.952000 0.899000 6.351000 73.792096
6.851000 0.899000 7.251000 73.724104
7.729000 0.878000 8.111000 77.954759
8.608000 0.879000 8.991000 75.631859
9.487000 0.879000 9.881000 75.003140
10.366000 0.879000 10.751000 78.773854
11.245000 0.879000 11.621000 79.727331
12.124000 0.879000 12.511000 77.999554
13.003000 0.879000 13.381000 75.755043
13.881000 0.878000 14.271000 77.359636
14.740000 0.859000 15.111000 79.446567
15.599000 0.859000 15.961000 75.227911
16.459000 0.859000 16.841000 77.729988
17.317000 0.858000 17.711000 81.095955
18.176000 0.859000 18.521000 78.156333
19.015000 0.839000 19.411000 78.694664
19.874000 0.859000 20.241000 81.656683
20.733000 0.859000 21.041000 81.623087
21.612000 0.879000 22.021000 80.736801
22.491000 0.879000 22.881000 84.193156
23.370000 0.879000 23.741000 82.251806
24.249000 0.879000 24.601000 86.919205
25.128000 0.879000 25.541000 80.019294
25.987000 0.859000 26.381000 83.374061
26.886000 0.899000 27.261000 83.362863
27.765000 0.879000 28.131000 82.599761
28.644000 0.879000 29.031000 82.128622
29.543000 0.899000 29.921000 82.207012
30.422000 0.879000 30.841000 88.635784
31.302000 0.880000 31.691000 77.830775
32.181000 0.879000 32.561000 80.064088
33.080000 0.899000 33.461000 80.332853
33.999000 0.919000 34.381000 78.908237
34.898000 0.899000 35.291000 76.170189
35.797000 0.899000 36.141000 82.857328
36.697000 0.900000 37.101000 78.089142
37.595000 0.898000 37.941000 76.585336
38.494000 0.899000 38.831000 76.630130
39.374000 0.880000 39.771000 80.220868
40.273000 0.899000 40.631000 77.932362
41.171000 0.899000 41.511000 77.707591
42.090000 0.919000 42.461000 80.557624
42.990000 0.899000 43.381000 80.803992
43.889000 0.899000 44.271000 80.837588
44.808000 0.919000 45.181000 81.354322
45.707000 0.899000 46.051000 80.736801
46.606000 0.899000 46.961000 81.343123
47.525000 0.919000 47.911000 83.834002
48.444000 0.919000 48.821000 81.298329
49.363000 0.919000 49.751000 80.871984
50.282000 0.919000 50.611000 78.369906
51.201000 0.919000 51.541000 79.816920
52.120000 0.919000 52.511000 79.368177
53.058000 0.938000 53.411000 79.682537
53.977000 0.919000 54.381000 78.156333
54.896000 0.919000 55.231000 77.011681
55.815000 0.919000 56.201000 78.908237
56.734000 0.919000 57.121000 79.592948
57.653000 0.919000 58.031000 79.132208
58.572000 0.919000 58.951000 79.637743
59.491000 0.919000 59.881000 79.536156
60.429000 0.938000 60.811000 79.390574
61.349000 0.919000 61.731000 79.087414
62.287000 0.938000 62.661000 79.323383
63.206000 0.919000 63.591000 78.841045
64.145000 0.938000 64.511000 79.828118
65.084000 0.939000 65.451000 80.535227
66.003000 0.919000 66.371000 78.750657
66.902000 0.899000 67.261000 77.752385
67.821000 0.919000 68.211000 78.089142
68.720000 0.899000 69.101000 78.582679
69.619000 0.899000 69.981000 77.573209
70.518000 0.899000 70.901000 78.762655
71.416000 0.898000 71.791000 80.052889
72.296000 0.880000 72.611000 81.219139
73.195000 0.899000 73.581000 82.666952
74.114000 0.918000 74.471000 80.725603
75.013000 0.899000 75.401000 80.703205
75.912000 0.900000 76.291000 83.553238
76.811000 0.898000 77.161000 82.095026
77.690000 0.879000 78.061000 82.846129
78.589000 0.899000 78.921000 81.140749
79.508000 0.919000 79.911000 79.536156
80.427000 0.919000 80.741000 80.131279
81.346000 0.919000 81.631000 77.214055
82.264000 0.919000 82.581000 77.011681
83.184000 0.919000 83.561000 77.090071
84.083000 0.899000 84.411000 80.332853
84.982000 0.899000 85.341000 79.098612
85.881000 0.899000 86.251000 78.705863
86.780000 0.899000 87.161000 76.843703
87.660000 0.880000 88.061000 81.039962
88.559000 0.899000 88.931000 80.792794
89.458000 0.899000 89.851000 80.265662
90.357000 0.899000 90.721000 80.535227
91.276000 0.919000 91.661000 79.928905
92.176000 0.899000 92.551000 78.885840
93.095000 0.919000 93.491000 83.216482
94.014000 0.919000 94.331000 82.038233
94.893000 0.879000 95.241000 76.765313
95.812000 0.919000 96.201000 81.006366
96.712000 0.899000 97.081000 82.060631
97.630000 0.919000 97.981000 76.618931
98.530000 0.900000 98.901000 76.338968
99.449000 0.919000 99.821000 79.143406
100.348000 0.899000 100.731000 78.616274
101.247000 0.899000 101.641000 81.129551
102.166000 0.919000 102.531000 79.491362
103.046000 0.879000 103.421000 78.796251
103.965000 0.919000 104.331000 80.546426
104.884000 0.918000 105.221000 77.785981
105.803000 0.919000 106.181000 80.086485
106.702000 0.899000 107.101000 79.940104
107.601000 0.899000 107.981000 79.660140
108.520000 0.919000 108.891000 79.693735
109.419000 0.899000 109.731000 79.716133
110.318000 0.899000 110.671000 80.468036
111.217000 0.899000 111.611000 80.658411
112.117000 0.900000 112.441000 82.722945
113.016000 0.899000 113.381000 79.132208
113.935000 0.919000 114.301000 83.182886
114.834000 0.899000 115.191000 81.399116
115.733000 0.900000 116.091000 81.982241
116.652000 0.918000 117.011000 80.557624
117.551000 0.900000 117.951000 82.038233
118.470000 0.919000 118.871000 82.599761
119.409000 0.939000 119.761000 80.624816
120.328000 0.919000 120.651000 80.591220
121.227000 0.899000 121.601000 82.756541
122.107000 0.880000 122.491000 84.237950
123.006000 0.899000 123.421000 81.522300
123.905000 0.899000 124.301000 82.419784
124.804000 0.899000 125.191000 82.925319
125.704000 0.900000 126.091000 83.575635
126.603000 0.898000 127.031000 80.624816
127.502000 0.899000 127.881000 83.205283
128.401000 0.900000 128.791000 87.906278
129.300000 0.899000 129.681000 82.711747
130.200000 0.900000 130.601000 81.298329
131.099000 0.899000 131.471000 77.270048
132.018000 0.919000 132.411000 79.390574
132.937000 0.919000 133.311000 79.165803
133.837000 0.899000 134.201000 78.863442
134.755000 0.918000 135.151000 79.682537
135.655000 0.900000 136.031000 76.798908
136.534000 0.879000 136.921000 77.819577
137.453000 0.919000 137.831000 80.524029
138.352000 0.899000 138.731000 77.584407
139.272000 0.919000 139.641000 79.626544
140.191000 0.919000 140.581000 80.377647
141.111000 0.919000 141.481000 81.399116
142.010000 0.899000 142.341000 79.177802
142.889000 0.879000 143.261000 78.010752
143.789000 0.899000 144.171000 80.468036
144.688000 0.899000 145.071000 81.140749
145.567000 0.880000 146.001000 82.240607
146.467000 0.899000 146.851000 79.569751
147.366000 0.899000 147.721000 80.535227
148.266000 0.900000 148.631000 81.129551
149.165000 0.899000 149.531000 75.127124
150.064000 0.899000 150.401000 78.145135
150.964000 0.900000 151.331000 80.736801
151.863000 0.899000 152.241000 74.218441
152.762000 0.899000 153.151000 72.602649
153.682000 0.919000 154.061000 77.550811
154.601000 0.919000 154.981000 75.486277
155.520000 0.919000 155.901000 74.947147
156.440000 0.919000 156.831000 76.686923
157.379000 0.939000 157.711000 75.699050
158.258000 0.880000 158.661000 75.407088
159.177000 0.919000 159.561000 77.482820
160.077000 0.900000 160.521000 70.201358
160.976000 0.899000 161.371000 75.418286
161.876000 0.900000 162.261000 75.766241
162.795000 0.919000 163.171000 76.506946
163.694000 0.899000 164.031000 74.565596
164.613000 0.919000 164.981000 77.281246
165.493000 0.880000 165.881000 76.810107
166.392000 0.899000 166.771000 77.449225
167.291000 0.899000 167.701000 77.482820
168.211000 0.919000 168.581000 74.431213
169.110000 0.900000 169.481000 77.785981
170.009000 0.899000 170.351000 77.808378
170.889000 0.880000 171.271000 78.133936
171.788000 0.899000 172.171000 77.752385
172.687000 0.899000 173.071000 78.549083
173.606000 0.919000 174.001000 77.629201
174.506000 0.900000 174.891000 77.584407
175.405000 0.899000 175.761000 75.115925
176.324000 0.919000 176.721000 77.943561
177.223000 0.899000 177.591000 75.811036
178.103000 0.880000 178.511000 77.404430
179.001000 0.898000 179.401000 78.414700
179.881000 0.880000 180.241000 79.783324
180.761000 0.880000 181.151000 76.698121
181.640000 0.879000 182.041000 76.540542
182.519000 0.879000 182.921000 81.309527
183.378000 0.859000 183.761000 79.973699
184.237000 0.859000 184.631000 80.041691
185.156000 0.919000 185.561000 80.366449
186.135000 0.978000 186.521000 79.154605
187.074000 0.939000 187.461000 77.415629
188.013000 0.939000 188.371000 73.937677
188.952000 0.939000 189.281000 71.402003
189.872000 0.919000 190.261000 70.010183
190.810000 0.939000 191.181000 68.226412
191.730000 0.919000 192.121000 67.755273
192.629000 0.899000 192.981000 65.567555
193.528000 0.899000 193.921000 66.577025
194.427000 0.899000 194.801000 68.563169
195.306000 0.879000 195.701000 70.380535
196.165000 0.859000 196.521000 72.243495
197.024000 0.859000 197.401000 70.470923
197.884000 0.859000 198.231000 66.734605
198.742000 0.859000 199.041000 68.944720
199.582000 0.839000 199.951000 67.396119
200.441000 0.859000 200.821000 67.351325
201.299000 0.859000 201.681000 70.683696
202.159000 0.859000 202.541000 70.414131
202.998000 0.840000 203.371000 68.978316
203.857000 0.859000 204.221000 69.909396
204.696000 0.839000 205.071000 72.007525
205.536000 0.840000 205.971000 72.591450
206.394000 0.858000 206.781000 70.044578
207.233000 0.839000 207.611000 68.395191
208.073000 0.840000 208.451000 71.076445
208.912000 0.839000 209.301000 72.905010
209.751000 0.839000 210.131000 72.725833
210.590000 0.839000 210.981000 73.286561
211.430000 0.840000 211.801000 73.780897
212.250000 0.820000 212.651000 74.902353
213.089000 0.839000 213.481000 74.565596
213.928000 0.839000 214.311000 74.958345
214.768000 0.840000 215.151000 73.982471
215.587000 0.820000 215.991000 73.690509
216.427000 0.839000 216.831000 75.822234
217.266000 0.839000 217.661000 78.055546
218.085000 0.819000 218.491000 77.078872
218.925000 0.840000 219.311000 77.999554
219.784000 0.859000 220.181000 79.222596
220.643000 0.859000 221.031000 79.189000
221.503000 0.859000 221.881000 78.257120
222.382000 0.880000 222.781000 79.682537
223.281000 0.899000 223.681000 79.312185
224.180000 0.899000 224.581000 78.818648
225.100000 0.919000 225.491000 78.313113
225.999000 0.899000 226.391000 76.922092
226.918000 0.919000 227.321000 77.830775
227.837000 0.919000 228.241000 75.755043
228.776000 0.939000 229.161000 76.271776
229.696000 0.919000 230.101000 75.833433
230.615000 0.919000 231.021000 74.767970
231.534000 0.919000 231.921000 73.634516
232.453000 0.919000 232.851000 75.328698
233.372000 0.919000 233.771000 73.163377
234.291000 0.919000 234.671000 74.980742
235.210000 0.919000 235.621000 75.991012
236.110000 0.899000 236.501000 74.969544
237.028000 0.918000 237.421000 75.071131
237.928000 0.900000 238.321000 75.418286
238.827000 0.899000 239.211000 76.361365
239.726000 0.899000 240.111000 76.024608
240.625000 0.899000 241.031000 79.513759
241.543000 0.918000 241.931000 75.822234
242.443000 0.900000 242.831000 77.135665
243.342000 0.899000 243.741000 78.077944
244.261000 0.919000 244.661000 78.021951
245.161000 0.900000 245.561000 77.460423
246.079000 0.918000 246.471000 77.438026
246.959000 0.880000 247.351000 77.965958
247.858000 0.899000 248.251000 79.783324
248.737000 0.879000 249.141000 80.288059
249.636000 0.899000 250.031000 80.803992
250.515000 0.880000 250.931000 80.916778
251.414000 0.899000 251.821000 81.174345
252.313000 0.899000 252.701000 79.816920
253.212000 0.899000 253.611000 80.725603
254.112000 0.899000 254.511000 79.906508
254.991000 0.880000 255.411000 78.863442
255.890000 0.899000 256.291000 79.211398
256.789000 0.899000 257.201000 78.750657
257.688000 0.899000 258.091000 80.568823
258.587000 0.899000 258.991000 80.019294
259.467000 0.880000 259.871000 79.906508
260.346000 0.879000 260.751000 79.794522
261.246000 0.899000 261.651000 80.366449
262.145000 0.899000 262.551000 80.512830
263.044000 0.899000 263.431000 80.591220
263.924000 0.880000 264.321000 79.805721
264.823000 0.899000 265.231000 80.613617
265.723000 0.899000 266.131000 79.267390
266.622000 0.899000 267.021000 80.064088
267.501000 0.880000 267.891000 80.153676
268.381000 0.880000 268.801000 80.613617
269.260000 0.879000 269.651000 78.638671
270.140000 0.880000 270.541000 81.421513
270.999000 0.859000 271.411000 80.512830
271.878000 0.879000 272.271000 80.983969
272.738000 0.860000 273.131000 79.738530
273.597000 0.859000 273.991000 81.555896
274.457000 0.860000 274.861000 81.847858
275.336000 0.879000 275.731000 81.645484
276.195000 0.860000 276.591000 81.028763
277.075000 0.879000 277.471000 82.543768
277.934000 0.859000 278.341000 81.421513
278.813000 0.879000 279.201000 82.430983
279.672000 0.859000 280.061000 81.600690
280.551000 0.879000 280.951000 82.285402
281.411000 0.860000 281.821000 81.331924
282.290000 0.879000 282.701000 81.600690
283.169000 0.879000 283.571000 80.434440
284.048000 0.880000 284.441000 79.435369
284.927000 0.879000 285.341000 79.076215
285.807000 0.880000 286.221000 80.153676
286.686000 0.879000 287.091000 78.941832
287.565000 0.879000 287.981000 78.313113
288.443000 0.878000 288.841000 79.189000
289.323000 0.880000 289.731000 77.584407
290.202000 0.879000 290.601000 79.211398
291.080000 0.878000 291.481000 79.401773
291.940000 0.860000 292.351000 76.933291
292.819000 0.879000 293.171000 80.041691
293.698000 0.879000 294.091000 78.908237
294.557000 0.859000 294.941000 78.290716
295.436000 0.879000 295.821000 79.222596
296.296000 0.860000 296.701000 79.794522
297.174000 0.879000 297.561000 79.491362
298.054000 0.880000 298.451000 78.279518
298.933000 0.879000 299.331000 79.671338
299.832000 0.899000 300.221000 80.243265
300.711000 0.879000 301.101000 79.615346
301.590000 0.879000 301.961000 79.704934
302.469000 0.879000 302.841000 81.758270
303.349000 0.880000 303.741000 81.151948
304.248000 0.899000 304.631000 79.457766
305.127000 0.879000 305.521000 80.108882
306.026000 0.899000 306.431000 79.244993
306.945000 0.919000 307.341000 78.122738
307.864000 0.919000 308.241000 76.754114
308.783000 0.919000 309.181000 76.910894
309.722000 0.939000 310.131000 77.370835
310.641000 0.919000 311.031000 75.598263
311.580000 0.939000 311.961000 75.205514
312.519000 0.939000 312.901000 75.059932
313.438000 0.919000 313.831000 75.553469
314.377000 0.939000 314.761000 74.184845
315.316000 0.939000 315.701000 74.072060
316.235000 0.919000 316.621000 74.172847
317.154000 0.919000 317.541000 74.196044
318.073000 0.919000 318.451000 73.960074
318.992000 0.919000 319.391000 74.532000
319.911000 0.919000 320.311000 75.037535
320.810000 0.899000 321.201000 78.268319
321.709000 0.899000 322.101000 74.857558
322.608000 0.899000 323.001000 76.674924
323.507000 0.899000 323.911000 77.920364
324.406000 0.899000 324.801000 75.777440
325.285000 0.879000 325.681000 80.187272
326.145000 0.860000 326.531000 76.013409
327.024000 0.879000 327.421000 83.227680
327.863000 0.839000 328.281000 77.415629
328.722000 0.859000 329.111000 80.624816
329.562000 0.839000 329.961000 81.691078
330.421000 0.859000 330.831000 84.417127
331.280000 0.859000 331.671000 84.338737
332.120000 0.840000 332.541000 85.090640
332.979000 0.859000 333.411000 86.200897
333.858000 0.879000 334.261000 83.003709
334.717000 0.859000 335.131000 84.024378
335.597000 0.880000 336.011000 82.285402
336.476000 0.879000 336.881000 82.599761
337.355000 0.879000 337.781000 74.027265
338.234000 0.879000 338.621000 76.910894
339.113000 0.880000 339.491000 77.539613
339.993000 0.880000 340.371000 76.866100
340.852000 0.859000 341.251000 78.178731
341.731000 0.880000 342.101000 77.078872
342.590000 0.859000 342.981000 79.850515
343.450000 0.860000 343.841000 80.377647
344.309000 0.859000 344.651000 79.660140
345.169000 0.860000 345.551000 81.207940
346.028000 0.859000 346.411000 81.207940
346.887000 0.859000 347.281000 82.240607
347.766000 0.879000 348.151000 78.694664
348.645000 0.879000 349.031000 79.480163
349.544000 0.899000 349.921000 83.048503
350.443000 0.899000 350.811000 78.111539
351.342000 0.899000 351.721000 79.962501
352.221000 0.879000 352.611000 81.522300
353.101000 0.880000 353.491000 79.861714
353.980000 0.879000 354.371000 83.227680
354.878000 0.899000 355.251000 81.892652
355.778000 0.899000 356.161000 79.626544
356.697000 0.919000 357.051000 82.071829
357.616000 0.919000 358.001000 76.181388
358.535000 0.919000 358.871000 77.853173
359.454000 0.919000 359.831000 78.705863
360.373000 0.919000 360.701000 79.660140
361.272000 0.899000 361.671000 77.629201
362.191000 0.919000 362.581000 77.124466
363.130000 0.939000 363.501000 76.922092
364.049000 0.919000 364.421000 78.537884
364.968000 0.919000 365.351000 76.226182
365.868000 0.900000 366.261000 77.875570
366.787000 0.919000 367.181000 76.069402
367.706000 0.919000 368.101000 78.874641
368.625000 0.919000 369.011000 73.892883
369.524000 0.899000 369.911000 77.482820
370.404000 0.880000 370.811000 76.417357
371.283000 0.879000 371.681000 78.852244
372.162000 0.879000 372.551000 78.234723
373.021000 0.859000 373.421000 79.839317
373.900000 0.879000 374.281000 78.279518
374.779000 0.880000 375.161000 80.052889
375.659000 0.879000 376.041000 78.493090
376.518000 0.859000 376.911000 80.736801
377.397000 0.879000 377.771000 81.365520
378.256000 0.859000 378.651000 76.585336
379.135000 0.879000 379.531000 78.290716
380.014000 0.879000 380.391000 79.289787
380.874000 0.860000 381.271000 79.569751
381.753000 0.879000 382.141000 79.165803
382.632000 0.879000 383.011000 79.660140
383.491000 0.860000 383.881000 78.874641
384.371000 0.880000 384.751000 80.120081
385.250000 0.879000 385.631000 80.770397
386.109000 0.859000 386.481000 79.233795
386.988000 0.879000 387.381000 81.769468
387.868000 0.880000 388.251000 76.652527
388.747000 0.879000 389.131000 80.377647
389.626000 0.880000 389.971000 76.214984
390.486000 0.860000 390.881000 79.345780
391.345000 0.859000 391.721000 81.387917
392.205000 0.860000 392.581000 77.875570
393.064000 0.859000 393.461000 80.714404
393.923000 0.860000 394.311000 78.077944
394.783000 0.859000 395.181000 79.738530
395.642000 0.859000 396.021000 78.358707
396.501000 0.859000 396.901000 80.883182
397.361000 0.860000 397.751000 80.972771
398.220000 0.859000 398.611000 81.702277
399.059000 0.839000 399.451000 81.287130
399.918000 0.859000 400.301000 82.925319
400.778000 0.859000 401.191000 83.609231
401.637000 0.860000 402.031000 83.732415
402.477000 0.839000 402.891000 80.265662
403.336000 0.859000 403.731000 85.393001
404.195000 0.860000 404.601000 79.984898
405.055000 0.859000 405.451000 83.306070
405.914000 0.859000 406.291000 81.522300
406.773000 0.859000 407.161000 82.486976
407.632000 0.860000 408.021000 81.959844
408.492000 0.859000 408.871000 81.421513
409.331000 0.839000 409.681000 78.549083
410.230000 0.899000 410.601000 81.791865
411.130000 0.900000 411.521000 76.776511
412.049000 0.919000 412.441000 78.347509
412.988000 0.939000 413.351000 73.241766
413.907000 0.919000 414.261000 75.676653
414.866000 0.959000 415.221000 70.380535
415.805000 0.939000 416.141000 67.688082
416.764000 0.959000 417.051000 68.810337
417.683000 0.919000 418.071000 67.632089
418.602000 0.919000 418.981000 66.005099
419.501000 0.899000 419.881000 63.592609
420.420000 0.919000 420.751000 68.013640
421.339000 0.919000 421.731000 65.926709
422.278000 0.939000 422.641000 65.320387
423.197000 0.919000 423.551000 68.395191
424.096000 0.899000 424.431000 69.898197
425.015000 0.919000 425.401000 70.021381
425.914000 0.899000 426.281000 69.696623
426.813000 0.899000 427.181000 72.254694
427.712000 0.899000 428.101000 68.866330
428.611000 0.899000 428.981000 76.248579
429.490000 0.879000 429.881000 72.501062
430.389000 0.899000 430.771000 72.647443
431.268000 0.879000 431.651000 71.278819
432.147000 0.879000 432.521000 76.910894
433.027000 0.880000 433.401000 75.553469
433.906000 0.879000 434.301000 74.969544
434.765000 0.859000 435.141000 78.133936
435.664000 0.899000 436.041000 77.606804
436.523000 0.859000 436.931000 75.452682
437.402000 0.879000 437.791000 76.832504
438.262000 0.860000 438.651000 77.573209
439.121000 0.859000 439.511000 78.122738
439.981000 0.860000 440.371000 77.326040
440.840000 0.859000 441.221000 76.742916
441.700000 0.860000 442.091000 80.097683
442.559000 0.859000 442.931000 77.640400
443.418000 0.859000 443.811000 81.847858
444.258000 0.840000 444.651000 79.390574
445.097000 0.839000 445.501000 83.374061
445.936000 0.839000 446.351000 79.615346
446.796000 0.859000 447.191000 84.540311
447.635000 0.839000 448.001000 82.408586
448.474000 0.839000 448.861000 82.992511
449.314000 0.840000 449.721000 85.494588
450.172000 0.858000 450.571000 84.361134
451.032000 0.860000 451.421000 83.710018
451.891000 0.859000 452.291000 83.374061
452.770000 0.879000 453.161000 82.823732
453.649000 0.880000 454.041000 80.007295
454.548000 0.899000 454.921000 83.261276
455.427000 0.879000 455.811000 80.388846
456.306000 0.880000 456.691000 79.626544
457.205000 0.899000 457.591000 79.704934
458.104000 0.899000 458.481000 78.728260
458.983000 0.880000 459.371000 77.539613
459.882000 0.898000 460.261000 78.201128
460.761000 0.880000 461.161000 77.034078
461.660000 0.899000 462.041000 77.741187
462.539000 0.879000 462.921000 77.438026
463.418000 0.880000 463.801000 77.236452
464.297000 0.879000 464.691000 76.698121
465.176000 0.879000 465.561000 78.010752
466.055000 0.878000 466.441000 77.977157
466.934000 0.880000 467.321000 78.055546
467.813000 0.879000 468.191000 78.459494
468.672000 0.859000 469.051000 80.075286
469.531000 0.860000 469.921000 80.781595
470.390000 0.859000 470.781000 82.341394
471.250000 0.860000 471.621000 82.812534
472.109000 0.859000 472.501000 79.345780
472.968000 0.859000 473.361000 83.654025
473.827000 0.860000 474.211000 81.287130
474.686000 0.859000 475.081000 78.560281
475.546000 0.859000 475.921000 82.498174
476.385000 0.839000 476.771000 80.254463
477.244000 0.859000 477.631000 81.107153
478.083000 0.839000 478.461000 80.108882
478.902000 0.820000 479.301000 80.961572
479.721000 0.819000 480.091000 78.268319
480.561000 0.839000 480.931000 78.997825
481.419000 0.858000 481.791000 79.760927
482.259000 0.839000 482.641000 75.138322
483.118000 0.859000 483.511000 75.743844
483.997000 0.879000 484.351000 76.989284
484.856000 0.860000 485.251000 75.149521
485.735000 0.878000 486.101000 78.796251
486.614000 0.879000 486.961000 74.587993
487.474000 0.860000 487.871000 75.351095
488.333000 0.859000 488.721000 75.833433
489.212000 0.879000 489.571000 74.723176
490.071000 0.859000 490.451000 75.115925
490.930000 0.859000 491.321000 75.844631
491.809000 0.879000 492.201000 77.886768
492.668000 0.859000 493.051000 74.947147
493.547000 0.879000 493.951000 75.183116
494.406000 0.859000 494.811000 75.339896
495.285000 0.879000 495.671000 76.821305
496.184000 0.899000 496.571000 76.866100
497.083000 0.899000 497.441000 76.731717
497.982000 0.899000 498.371000 78.335510
498.881000 0.899000 499.291000 73.937677
499.800000 0.918000 500.181000 77.337239
500.719000 0.920000 501.111000 74.408816
501.618000 0.899000 501.991000 75.687851
502.537000 0.919000 502.921000 75.620660
503.437000 0.899000 503.821000 77.056475
504.356000 0.919000 504.711000 73.388148
505.274000 0.918000 505.651000 77.595606
506.173000 0.899000 506.551000 76.069402
507.053000 0.880000 507.441000 78.100341
507.972000 0.919000 508.351000 76.899695
508.871000 0.899000 509.241000 77.573209
509.770000 0.899000 510.151000 78.919435
510.649000 0.880000 511.041000 79.569751
511.548000 0.899000 511.931000 79.513759
512.428000 0.879000 512.811000 77.539613
513.307000 0.880000 513.701000 81.207940
514.186000 0.879000 514.581000 82.521371
515.084000 0.899000 515.471000 78.941832
515.944000 0.860000 516.331000 81.028763
516.842000 0.899000 517.221000 82.554967
517.741000 0.899000 518.111000 79.962501
518.641000 0.899000 519.041000 79.760927
519.540000 0.899000 519.901000 81.095955
520.439000 0.899000 520.821000 81.207940
521.377000 0.938000 521.771000 76.338968
522.296000 0.919000 522.671000 78.807450
523.216000 0.919000 523.571000 75.665454
524.135000 0.919000 524.511000 77.438026
525.034000 0.899000 525.411000 75.014338
525.952000 0.919000 526.351000 76.170189
526.851000 0.899000 527.241000 73.129781
527.731000 0.880000 528.131000 76.776511
528.630000 0.899000 529.021000 75.441483
529.509000 0.880000 529.901000 78.897038
530.428000 0.918000 530.791000 76.663726
531.307000 0.879000 531.691000 78.425899
532.186000 0.879000 532.571000 80.075286
533.084000 0.899000 533.471000 78.145135
533.963000 0.879000 534.361000 80.826390
534.842000 0.879000 535.251000 77.022879
535.741000 0.899000 536.121000 78.537884
536.620000 0.879000 536.991000 80.411243
537.500000 0.880000 537.891000 79.502560
538.398000 0.899000 538.771000 80.041691
539.278000 0.880000 539.671000 75.306301
540.177000 0.899000 540.561000 81.948645
541.075000 0.898000 541.461000 76.674924
541.974000 0.899000 542.381000 76.282975
542.873000 0.899000 543.241000 79.716133
543.772000 0.899000 544.151000 76.674924
544.690000 0.918000 545.071000 77.875570
545.590000 0.900000 545.971000 78.493090
546.489000 0.899000 546.871000 73.275362
547.408000 0.918000 547.801000 77.909165
548.326000 0.918000 548.701000 76.709320
549.226000 0.899000 549.621000 77.808378
550.144000 0.918000 550.511000 79.704934
551.043000 0.899000 551.441000 78.785052
551.982000 0.938000 552.361000 79.177802
552.901000 0.919000 553.261000 78.593877
553.800000 0.899000 554.191000 76.698121
554.719000 0.919000 555.081000 80.468036
555.618000 0.899000 556.001000 77.797180
556.537000 0.919000 556.931000 79.558553
557.456000 0.919000 557.841000 79.671338
558.395000 0.939000 558.761000 79.356979
559.314000 0.919000 559.701000 79.379376
560.252000 0.938000 560.641000 79.580950
561.172000 0.920000 561.561000 78.750657
562.091000 0.919000 562.481000 76.069402
563.030000 0.939000 563.431000 75.766241
563.968000 0.938000 564.331000 77.426827
564.887000 0.919000 565.281000 73.892883
565.807000 0.919000 566.191000 79.300986
566.725000 0.918000 567.091000 74.543199
567.625000 0.899000 568.031000 76.450953
568.524000 0.899000 568.901000 77.034078
569.423000 0.899000 569.831000 74.442412
570.341000 0.918000 570.721000 77.618003
571.241000 0.899000 571.611000 77.337239
572.139000 0.899000 572.511000 76.406159
573.038000 0.899000 573.411000 78.616274
573.918000 0.880000 574.301000 79.278589
574.817000 0.899000 575.191000 78.077944
575.716000 0.899000 576.101000 78.964229
576.595000 0.880000 576.981000 79.368177
577.493000 0.898000 577.871000 79.267390
578.392000 0.899000 578.771000 78.111539
579.252000 0.860000 579.641000 79.312185
580.131000 0.879000 580.521000 80.108882
581.010000 0.880000 581.411000 79.805721
581.890000 0.879000 582.271000 79.368177
582.769000 0.880000 583.151000 79.872912
583.647000 0.878000 584.031000 80.961572
584.507000 0.860000 584.901000 81.140749
585.366000 0.859000 585.751000 80.714404
586.226000 0.860000 586.621000 81.611888
587.104000 0.878000 587.491000 82.207012
587.963000 0.859000 588.341000 82.207012
588.822000 0.860000 589.211000 81.758270
589.682000 0.859000 590.061000 82.521371
590.540000 0.859000 590.921000 82.622158
591.399000 0.859000 591.781000 82.015836
592.239000 0.840000 592.621000 81.702277
593.097000 0.858000 593.481000 82.778938
593.957000 0.859000 594.331000 82.374990
594.816000 0.860000 595.211000 79.278589
595.675000 0.859000 596.061000 82.162218
596.534000 0.859000 596.921000 79.816920
597.373000 0.839000 597.781000 78.201128
598.232000 0.859000 598.601000 80.736801
599.091000 0.859000 599.431000 79.973699
599.930000 0.839000 600.341000 77.651598
600.809000 0.879000 601.161000 80.613617
601.668000 0.859000 602.041000 78.369906
602.528000 0.860000 602.911000 77.415629
603.367000 0.839000 603.761000 80.299257
604.226000 0.860000 604.601000 76.495747
605.106000 0.879000 605.481000 74.991941
605.965000 0.860000 606.311000 80.041691
606.824000 0.859000 607.201000 73.825691
607.683000 0.859000 608.041000 74.790367
608.522000 0.839000 608.871000 78.986627
609.361000 0.839000 609.691000 72.321885
610.221000 0.859000 610.561000 77.090071
611.060000 0.839000 611.421000 75.699050
611.879000 0.819000 612.261000 79.569751
612.718000 0.839000 613.101000 75.946218
613.538000 0.820000 613.921000 76.439755
614.377000 0.839000 614.751000 77.258849
615.276000 0.899000 615.641000 77.785981
616.175000 0.899000 616.571000 74.879955
617.054000 0.879000 617.411000 77.774783
617.933000 0.880000 618.291000 69.225484
618.793000 0.860000 619.221000 64.726063
619.652000 0.859000 619.981000 69.583838
620.531000 0.879000 620.871000 64.972432
621.430000 0.899000 621.781000 63.525418
622.349000 0.919000 622.711000 65.477966
