20.407000 1.010000 20.783000 128.203720
21.409000 1.002000 21.805000 129.178990
22.400000 0.991000 22.719000 126.982390
23.368000 0.968000 23.708000 129.455060
24.343000 0.976000 24.684000 136.717030
25.316000 0.973000 25.629000 137.572260
26.305000 0.988000 26.616000 137.480740
27.296000 0.991000 27.597000 135.435680
28.293000 0.997000 28.592000 133.360620
29.301000 1.008000 29.615000 131.377080
30.304000 1.003000 30.605000 130.247280
31.313000 1.009000 31.616000 129.455060
32.302000 0.989000 32.605000 129.821160
33.287000 0.985000 33.583000 130.278790
34.260000 0.973000 34.587000 131.040990
35.215000 0.955000 35.535000 131.743180
36.189000 0.974000 36.486000 135.131100
37.180000 0.991000 37.486000 134.733490
38.166000 0.986000 38.533000 131.834710
39.166000 1.001000 39.473000 131.377080
40.166000 0.999000 40.466000 130.247280
41.156000 0.990000 41.532000 126.586290
42.148000 0.992000 42.455000 129.027450
43.148000 1.000000 43.451000 129.423550
44.148000 1.001000 44.452000 129.423550
45.124000 0.976000 45.460000 129.851170
46.085000 0.961000 46.393000 130.949470
47.051000 0.966000 47.371000 132.994520
48.026000 0.975000 48.387000 134.307380
49.016000 0.989000 49.391000 132.994520
50.017000 1.001000 50.394000 132.964510
51.008000 0.991000 51.451000 131.040990
51.994000 0.986000 52.427000 132.628420
52.989000 0.995000 53.425000 129.515080
53.990000 1.001000 54.400000 128.355270
54.986000 0.997000 55.368000 131.468610
55.976000 0.989000 56.389000 131.040990
56.941000 0.965000 57.259000 141.203240
57.922000 0.980000 58.231000 142.852190
58.894000 0.972000 59.209000 140.379520
59.880000 0.986000 60.248000 137.602270
60.885000 1.005000 61.188000 138.365980
61.886000 1.001000 62.200000 136.687020
62.884000 0.998000 63.188000 135.924820
63.946000 1.062000 64.249000 135.954820
65.013000 1.067000 65.317000 134.275870
66.067000 1.054000 66.382000 135.465690
67.106000 1.038000 67.418000 137.114640
68.136000 1.030000 68.461000 137.938360
69.175000 1.039000 69.476000 137.083130
70.206000 1.031000 70.520000 135.863300
71.227000 1.021000 71.558000 133.818240
72.245000 1.018000 72.619000 135.039580
73.257000 1.013000 73.569000 135.131100
74.250000 0.993000 74.569000 135.924820
75.257000 1.007000 75.621000 136.808550
76.294000 1.037000 76.709000 136.778550
77.323000 1.029000 77.678000 135.039580
78.350000 1.026000 78.709000 133.390630
79.378000 1.028000 79.788000 129.912690
80.410000 1.032000 80.716000 135.069580
81.453000 1.042000 81.756000 135.069580
82.511000 1.059000 82.806000 132.505390
83.564000 1.053000 83.865000 131.040990
84.618000 1.053000 84.914000 129.789650
85.669000 1.052000 85.979000 129.087460
86.707000 1.037000 87.006000 129.851170
87.747000 1.040000 88.054000 129.455060
88.787000 1.040000 89.093000 131.010980
89.831000 1.044000 90.139000 130.736410
90.865000 1.034000 91.223000 131.040990
91.905000 1.040000 92.291000 130.217270
92.942000 1.037000 93.254000 130.187260
93.950000 1.008000 94.262000 130.247280
94.966000 1.016000 95.272000 131.804700
95.998000 1.032000 96.319000 131.804700
97.022000 1.024000 97.340000 132.994520
98.093000 1.070000 98.402000 130.704900
99.192000 1.100000 99.510000 126.952390
100.275000 1.083000 100.582000 126.220190
101.335000 1.059000 101.661000 126.646300
102.386000 1.051000 102.764000 127.043910
103.431000 1.045000 103.752000 128.661350
104.462000 1.031000 104.838000 130.674890
105.487000 1.025000 105.858000 132.170800
106.515000 1.028000 106.888000 133.422140
107.543000 1.028000 107.899000 133.909770
108.554000 1.011000 108.860000 132.933000
109.560000 1.006000 109.882000 134.703480
110.578000 1.017000 110.891000 135.497200
111.601000 1.023000 111.911000 135.131100
112.631000 1.030000 112.959000 132.505390
113.671000 1.040000 113.982000 133.390630
114.697000 1.026000 114.999000 129.851170
115.725000 1.028000 116.048000 129.485070
116.756000 1.031000 117.068000 129.087460
117.785000 1.029000 118.088000 129.851170
118.815000 1.029000 119.187000 129.789650
119.846000 1.031000 120.154000 130.553360
120.862000 1.016000 121.180000 130.278790
121.893000 1.031000 122.207000 133.848250
122.932000 1.039000 123.368000 136.808550
123.935000 1.003000 124.259000 135.893310
124.937000 1.002000 125.302000 135.099590
125.967000 1.029000 126.329000 133.879760
127.011000 1.044000 127.376000 131.377080
128.053000 1.042000 128.353000 130.583370
129.106000 1.053000 129.406000 129.057460
130.162000 1.057000 130.469000 127.043910
131.214000 1.052000 131.598000 127.012400
132.253000 1.038000 132.565000 128.629840
133.298000 1.045000 133.606000 129.087460
134.349000 1.051000 134.716000 129.057460
135.394000 1.045000 135.746000 128.295250
136.415000 1.021000 136.757000 126.554780
137.427000 1.013000 137.846000 128.295250
138.463000 1.036000 138.774000 131.040990
139.516000 1.053000 139.835000 130.644890
140.568000 1.052000 140.886000 130.278790
141.620000 1.053000 141.912000 127.867630
142.676000 1.055000 142.982000 126.982390
143.700000 1.024000 144.076000 127.043910
144.717000 1.017000 145.101000 128.721360
145.726000 1.009000 146.034000 129.851170
146.725000 0.999000 147.045000 131.040990
147.719000 0.994000 148.053000 133.024530
148.712000 0.993000 149.028000 135.161110
149.723000 1.011000 150.055000 135.497200
150.772000 1.048000 151.085000 134.641970
151.799000 1.028000 152.169000 132.170800
152.816000 1.017000 153.189000 131.407090
153.833000 1.016000 154.150000 130.644890
154.839000 1.006000 155.153000 131.407090
155.855000 1.016000 156.229000 133.390630
156.874000 1.019000 157.189000 132.109280
157.886000 1.012000 158.202000 130.583370
158.869000 0.983000 159.183000 131.377080
159.866000 0.998000 160.193000 133.756730
160.866000 1.000000 161.179000 133.848250
161.895000 1.029000 162.198000 132.964510
162.926000 1.031000 163.321000 132.170800
163.950000 1.024000 164.259000 131.773190
164.981000 1.031000 165.292000 129.821160
165.989000 1.009000 166.310000 129.087460
167.028000 1.038000 167.355000 130.278790
168.059000 1.031000 168.447000 132.566910
169.087000 1.028000 169.461000 134.703480
170.110000 1.024000 170.420000 135.497200
171.110000 0.999000 171.438000 135.893310
172.118000 1.008000 172.428000 137.540750
173.155000 1.038000 173.601000 136.350930
174.188000 1.032000 174.557000 135.527210
175.224000 1.036000 175.537000 132.536900
176.258000 1.035000 176.687000 136.259410
177.295000 1.037000 177.724000 129.942690
178.324000 1.029000 178.745000 131.438600
179.355000 1.030000 179.756000 128.295250
180.379000 1.024000 180.807000 127.897640
181.403000 1.024000 181.847000 131.834710
182.429000 1.026000 182.863000 132.596910
183.456000 1.026000 183.898000 145.140310
184.481000 1.025000 184.785000 140.409530
185.506000 1.026000 185.813000 137.876840
186.539000 1.032000 186.915000 136.748540
187.571000 1.032000 187.880000 136.717030
188.604000 1.034000 188.968000 137.938360
189.628000 1.024000 190.007000 139.983410
190.672000 1.043000 190.981000 139.128180
191.700000 1.028000 192.066000 139.555800
192.731000 1.031000 193.110000 140.379520
193.765000 1.034000 194.202000 140.409530
194.801000 1.036000 195.123000 141.234750
195.849000 1.048000 196.304000 142.088480
196.894000 1.046000 197.324000 144.042010
197.963000 1.069000 198.405000 143.248300
199.017000 1.054000 199.352000 143.644410
200.054000 1.037000 200.517000 147.612980
201.090000 1.036000 201.541000 149.565010
202.159000 1.069000 202.610000 148.466710
203.243000 1.084000 203.698000 147.185370
204.315000 1.072000 204.759000 143.675910
205.379000 1.064000 205.852000 139.585810
206.434000 1.055000 206.802000 137.938360
207.473000 1.040000 207.913000 137.174650
208.502000 1.029000 208.819000 137.083130
209.505000 1.003000 209.822000 138.670560
210.495000 0.990000 210.812000 138.700570
211.499000 1.004000 211.802000 141.477820
212.547000 1.048000 212.850000 139.983410
213.590000 1.043000 214.020000 137.540750
214.628000 1.038000 214.947000 135.954820
215.662000 1.034000 216.061000 132.566910
216.700000 1.037000 217.009000 130.644890
217.737000 1.037000 218.060000 127.806120
218.780000 1.043000 219.088000 126.554780
219.809000 1.029000 220.121000 125.701050
220.828000 1.019000 221.141000 126.554780
221.804000 0.977000 222.129000 129.057460
222.798000 0.994000 223.116000 132.933000
223.821000 1.023000 224.127000 132.109280
224.857000 1.036000 225.276000 131.072500
225.885000 1.028000 226.198000 129.851170
226.905000 1.020000 227.209000 129.057460
227.936000 1.031000 228.259000 126.982390
228.930000 0.994000 229.257000 128.203720
229.945000 1.015000 230.258000 130.613380
230.977000 1.032000 231.290000 130.583370
232.046000 1.069000 232.428000 128.295250
233.100000 1.054000 233.498000 128.295250
234.140000 1.040000 234.517000 127.410010
235.167000 1.027000 235.477000 127.837620
236.203000 1.036000 236.595000 127.837620
237.234000 1.031000 237.557000 129.821160
238.261000 1.026000 238.627000 131.010980
239.277000 1.016000 239.576000 131.347080
240.299000 1.023000 240.724000 132.933000
241.331000 1.032000 241.745000 131.743180
242.365000 1.034000 242.795000 131.010980
243.387000 1.022000 243.773000 129.455060
244.405000 1.018000 244.782000 127.867630
245.427000 1.022000 245.826000 128.661350
246.438000 1.011000 246.762000 127.410010
247.467000 1.030000 247.773000 127.073920
248.506000 1.038000 248.800000 126.524770
249.536000 1.030000 249.844000 128.661350
250.572000 1.036000 250.882000 132.139290
251.618000 1.046000 252.004000 134.703480
252.703000 1.085000 253.142000 135.099590
253.781000 1.078000 254.165000 133.422140
254.852000 1.071000 255.220000 133.452150
255.923000 1.070000 256.302000 132.139290
256.995000 1.072000 257.378000 131.804700
258.055000 1.061000 258.363000 131.040990
259.092000 1.036000 259.479000 133.390630
260.118000 1.026000 260.434000 132.566910
261.140000 1.022000 261.564000 135.527210
262.195000 1.055000 262.670000 138.732080
263.257000 1.063000 263.629000 137.206160
264.321000 1.064000 264.748000 135.527210
265.385000 1.065000 265.764000 131.468610
266.447000 1.062000 266.738000 128.629840
267.547000 1.100000 267.856000 127.012400
268.645000 1.099000 268.937000 128.661350
269.702000 1.056000 270.022000 129.851170
270.738000 1.036000 271.047000 131.773190
271.793000 1.055000 272.108000 134.673480
272.851000 1.058000 273.299000 133.818240
273.945000 1.094000 274.357000 132.079270
275.038000 1.093000 275.400000 130.674890
276.111000 1.074000 276.429000 127.806120
277.183000 1.071000 277.497000 126.586290
278.246000 1.064000 278.626000 126.616290
279.311000 1.064000 279.707000 127.043910
280.370000 1.060000 280.744000 128.263740
281.433000 1.062000 281.843000 129.087460
282.489000 1.056000 282.924000 129.821160
283.511000 1.023000 283.826000 129.821160
284.539000 1.028000 284.946000 131.072500
285.581000 1.042000 286.008000 133.482150
286.664000 1.083000 287.067000 130.674890
287.715000 1.051000 288.092000 131.407090
288.806000 1.091000 289.186000 130.674890
289.874000 1.068000 290.254000 127.470030
290.944000 1.071000 291.329000 126.220190
292.008000 1.063000 292.314000 126.097150
293.085000 1.077000 293.462000 126.220190
294.145000 1.060000 294.541000 125.518000
295.209000 1.064000 295.516000 126.494760
296.260000 1.051000 296.642000 127.837620
297.303000 1.043000 297.702000 128.691360
298.346000 1.043000 298.746000 129.485070
299.398000 1.052000 299.781000 129.087460
300.452000 1.054000 300.884000 135.099590
301.495000 1.043000 301.953000 139.494280
302.557000 1.062000 302.976000 142.333050
303.659000 1.102000 304.113000 139.983410
304.750000 1.091000 305.209000 140.837150
305.836000 1.086000 306.294000 137.144650
306.908000 1.072000 307.329000 135.099590
307.976000 1.069000 308.444000 139.189700
309.039000 1.063000 309.484000 139.921900
310.089000 1.050000 310.403000 140.318010
311.107000 1.018000 311.423000 142.790670
312.130000 1.022000 312.441000 145.110300
313.163000 1.034000 313.466000 145.536420
314.206000 1.043000 314.519000 145.048790
315.242000 1.036000 315.552000 143.218290
316.281000 1.039000 316.590000 143.218290
317.321000 1.040000 317.656000 141.630860
318.354000 1.033000 318.700000 141.600850
319.378000 1.024000 319.775000 135.131100
320.408000 1.030000 320.809000 134.245860
321.449000 1.041000 321.752000 140.379520
322.483000 1.034000 322.792000 140.409530
323.500000 1.018000 323.818000 139.921900
324.476000 0.976000 324.792000 132.109280
325.458000 0.981000 325.761000 143.980500
326.466000 1.008000 326.767000 144.378100
327.505000 1.039000 327.825000 142.820680
328.528000 1.023000 328.837000 141.630860
329.546000 1.018000 329.850000 141.539340
330.564000 1.018000 330.964000 132.596910
331.540000 0.976000 331.857000 141.143230
332.563000 1.023000 332.869000 142.026970
333.577000 1.015000 333.897000 143.126770
334.597000 1.020000 334.903000 142.820680
335.615000 1.018000 335.917000 141.203240
336.639000 1.024000 336.949000 140.775630
337.673000 1.034000 337.984000 139.098170
338.701000 1.028000 339.009000 139.098170
339.742000 1.041000 340.043000 138.640550
340.795000 1.053000 341.097000 135.831790
341.856000 1.060000 342.164000 137.480740
342.930000 1.074000 343.234000 137.846840
343.971000 1.041000 344.284000 137.908350
345.013000 1.042000 345.325000 139.921900
346.086000 1.073000 346.393000 139.525790
347.184000 1.098000 347.493000 140.807140
348.263000 1.078000 348.573000 139.525790
349.276000 1.013000 349.592000 141.600850
350.281000 1.005000 350.604000 141.996960
351.288000 1.007000 351.605000 141.143230
352.313000 1.024000 352.614000 142.790670
353.346000 1.033000 353.653000 142.026970
354.374000 1.029000 354.763000 137.144650
355.403000 1.029000 355.813000 135.131100
356.442000 1.039000 356.732000 140.807140
357.453000 1.011000 357.746000 141.111720
358.470000 1.017000 358.774000 141.996960
359.487000 1.018000 359.802000 142.729160
360.555000 1.067000 360.864000 139.525790
361.600000 1.045000 361.911000 138.640550
362.650000 1.050000 362.953000 137.540750
363.702000 1.052000 364.021000 135.863300
364.750000 1.048000 365.054000 134.641970
365.797000 1.047000 366.112000 135.069580
366.843000 1.047000 367.161000 134.581950
367.890000 1.047000 368.200000 134.275870
368.938000 1.048000 369.261000 135.069580
369.984000 1.045000 370.289000 135.008070
371.032000 1.048000 371.339000 134.245860
372.063000 1.031000 372.379000 133.818240
373.096000 1.034000 373.412000 135.497200
374.174000 1.078000 374.472000 133.330610
375.245000 1.072000 375.568000 131.347080
376.309000 1.063000 376.611000 132.079270
377.367000 1.058000 377.711000 124.571240
378.387000 1.020000 378.719000 128.172220
379.404000 1.017000 379.814000 127.470030
380.467000 1.063000 380.779000 133.756730
381.532000 1.066000 381.870000 134.184340
382.588000 1.056000 382.896000 132.964510
383.648000 1.060000 383.970000 132.933000
384.707000 1.059000 385.021000 133.024530
385.755000 1.048000 386.067000 131.347080
386.789000 1.034000 387.195000 129.821160
387.827000 1.038000 388.206000 130.613380
388.868000 1.041000 389.168000 134.611960
389.911000 1.043000 390.223000 134.641970
390.952000 1.041000 391.264000 136.717030
391.991000 1.039000 392.303000 136.290910
393.035000 1.043000 393.451000 135.099590
394.080000 1.045000 394.384000 138.274450
395.119000 1.038000 395.424000 140.288000
396.174000 1.056000 396.584000 141.539340
397.225000 1.051000 397.557000 142.790670
398.277000 1.052000 398.576000 144.804220
399.337000 1.060000 399.774000 146.787760
400.389000 1.053000 400.781000 145.964030
401.427000 1.038000 401.877000 145.110300
402.437000 1.010000 402.724000 143.614400
403.470000 1.033000 403.943000 149.596520
404.537000 1.067000 404.995000 151.884640
405.562000 1.024000 405.990000 154.357310
406.546000 0.985000 407.005000 156.034760
407.557000 1.011000 408.003000 159.635740
408.626000 1.069000 409.085000 160.429450
409.685000 1.059000 410.138000 157.592180
410.726000 1.041000 411.179000 151.518540
411.713000 0.987000 412.024000 146.727740
412.691000 0.978000 413.011000 145.904020
413.681000 0.990000 413.997000 144.378100
414.658000 0.977000 415.099000 143.248300
415.622000 0.964000 416.041000 142.790670
416.572000 0.951000 416.960000 141.660870
417.510000 0.938000 417.814000 139.891890
418.453000 0.943000 418.752000 139.402760
419.400000 0.947000 419.782000 137.480740
420.348000 0.948000 420.648000 136.350930
421.303000 0.955000 421.601000 135.497200
422.257000 0.954000 422.562000 133.788240
423.215000 0.958000 423.513000 132.841480
424.157000 0.942000 424.460000 131.407090
425.101000 0.944000 425.421000 129.393550
426.056000 0.955000 426.360000 132.109280
427.010000 0.955000 427.322000 130.644890
427.960000 0.949000 428.264000 129.881180
428.904000 0.944000 429.209000 128.995940
429.852000 0.948000 430.158000 128.203720
430.802000 0.950000 431.226000 126.158670
431.760000 0.957000 432.148000 128.233730
432.706000 0.946000 433.070000 125.060370
433.631000 0.926000 434.004000 121.917020
434.558000 0.927000 434.990000 127.440020
435.491000 0.933000 435.924000 128.629840
436.437000 0.946000 436.797000 140.715610
437.376000 0.940000 437.759000 135.131100
438.322000 0.946000 438.617000 136.748540
439.270000 0.948000 439.564000 135.069580
440.222000 0.952000 440.540000 135.131100
441.182000 0.959000 441.485000 135.924820
442.143000 0.961000 442.446000 135.893310
443.111000 0.969000 443.404000 135.527210
444.081000 0.970000 444.392000 135.863300
445.047000 0.966000 445.369000 134.703480
446.021000 0.974000 446.327000 135.099590
447.000000 0.979000 447.313000 135.497200
447.989000 0.989000 448.298000 132.903000
448.983000 0.994000 449.276000 133.299100
449.964000 0.981000 450.343000 135.131100
450.975000 1.011000 451.346000 137.174650
451.993000 1.018000 452.285000 138.700570
453.003000 1.010000 453.393000 137.876840
454.039000 1.035000 454.393000 137.908350
455.061000 1.023000 455.375000 138.640550
456.102000 1.041000 456.554000 139.098170
457.136000 1.034000 457.573000 140.349510
458.166000 1.030000 458.594000 139.525790
459.172000 1.005000 459.645000 145.536420
460.217000 1.045000 460.688000 151.914650
461.261000 1.044000 461.734000 151.457020
462.301000 1.039000 462.732000 151.122430
463.350000 1.049000 463.788000 148.741290
464.379000 1.029000 464.797000 143.248300
465.417000 1.038000 465.851000 148.375190
466.465000 1.048000 466.917000 144.378100
467.451000 0.986000 467.885000 148.436700
468.417000 0.966000 468.874000 153.105970
469.428000 1.011000 469.895000 155.943240
470.443000 1.015000 470.910000 155.272560
471.499000 1.055000 471.951000 151.914650
472.475000 0.976000 472.794000 146.757750
473.453000 0.978000 473.762000 147.153860
474.438000 0.985000 474.858000 146.421660
475.432000 0.994000 475.862000 145.567930
476.432000 1.000000 476.861000 143.584390
477.418000 0.986000 477.858000 140.715610
478.404000 0.986000 478.847000 139.128180
479.402000 0.998000 479.813000 136.778550
480.392000 0.990000 480.729000 134.641970
481.368000 0.976000 481.789000 135.924820
482.381000 1.013000 482.780000 134.611960
483.385000 1.004000 483.718000 132.047770
484.401000 1.016000 484.750000 128.295250
485.375000 0.974000 485.708000 130.583370
486.378000 1.003000 486.714000 128.691360
487.396000 1.018000 487.788000 129.057460
488.431000 1.035000 488.759000 128.478300
489.457000 1.025000 489.739000 127.410010
490.517000 1.061000 490.828000 126.586290
491.550000 1.033000 491.871000 125.456480
492.546000 0.996000 492.859000 126.982390
493.555000 1.009000 493.870000 129.423550
494.574000 1.019000 494.885000 128.569820
495.590000 1.016000 495.893000 128.599830
496.603000 1.013000 496.904000 128.569820
497.624000 1.021000 497.957000 129.057460
498.624000 1.000000 498.926000 128.629840
499.626000 1.002000 499.935000 129.362040
500.624000 0.998000 500.926000 130.187260
501.620000 0.995000 501.917000 131.713170
502.622000 1.002000 502.932000 132.047770
503.617000 0.995000 503.926000 133.330610
504.648000 1.031000 504.962000 133.330610
505.673000 1.025000 506.063000 131.407090
506.697000 1.023000 507.002000 131.040990
507.717000 1.020000 508.023000 130.247280
508.746000 1.029000 509.054000 129.789650
509.768000 1.022000 510.083000 129.393550
510.793000 1.026000 511.093000 128.965930
511.832000 1.039000 512.163000 128.629840
512.861000 1.028000 513.163000 129.057460
513.882000 1.021000 514.260000 128.661350
514.914000 1.033000 515.222000 130.217270
515.967000 1.053000 516.366000 131.040990
517.021000 1.054000 517.415000 133.879760
518.087000 1.066000 518.482000 135.497200
519.140000 1.053000 519.581000 135.924820
520.167000 1.027000 520.480000 135.831790
521.222000 1.055000 521.700000 143.584390
522.276000 1.053000 522.729000 142.790670
523.299000 1.023000 523.741000 148.039100
524.299000 1.000000 524.728000 151.884640
525.333000 1.034000 525.788000 153.502080
526.420000 1.087000 526.869000 152.342260
527.470000 1.049000 527.909000 149.198910
528.475000 1.005000 528.909000 145.140310
529.501000 1.026000 529.947000 145.536420
530.520000 1.019000 530.954000 145.567930
531.534000 1.014000 531.970000 139.525790
532.495000 0.960000 532.809000 138.670560
533.445000 0.951000 533.752000 140.654100
534.408000 0.962000 534.820000 136.748540
535.390000 0.982000 535.813000 135.039580
536.374000 0.984000 536.707000 135.497200
537.370000 0.997000 537.700000 133.788240
538.344000 0.973000 538.667000 131.804700
539.303000 0.960000 539.615000 131.347080
540.269000 0.965000 540.578000 131.713170
541.272000 1.003000 541.584000 130.949470
542.255000 0.984000 542.570000 129.789650
543.253000 0.997000 543.564000 127.837620
544.240000 0.987000 544.550000 125.761060
545.237000 0.997000 545.540000 127.837620
546.255000 1.018000 546.563000 125.701050
547.265000 1.010000 547.565000 124.998860
548.268000 1.003000 548.563000 125.731050
549.263000 0.995000 549.586000 125.792570
550.269000 1.005000 550.577000 127.410010
551.277000 1.009000 551.593000 125.426470
552.291000 1.014000 552.604000 123.900560
553.289000 0.999000 553.584000 122.709240
554.303000 1.014000 554.603000 121.367870
555.303000 1.000000 555.605000 121.459400
556.293000 0.990000 556.687000 123.809030
557.289000 0.995000 557.724000 119.016740
558.288000 1.000000 558.710000 120.238070
559.273000 0.985000 559.676000 117.460810
560.258000 0.985000 560.698000 115.111180
561.244000 0.986000 561.684000 115.873380
562.230000 0.986000 562.676000 117.094720
563.206000 0.976000 563.506000 132.079270
564.175000 0.969000 564.476000 132.139290
565.173000 0.997000 565.476000 129.821160
566.166000 0.994000 566.483000 128.203720
567.148000 0.981000 567.505000 126.554780
568.135000 0.987000 568.450000 127.776110
569.122000 0.987000 569.444000 127.806120
570.106000 0.984000 570.501000 128.263740
571.098000 0.991000 571.413000 128.569820
572.085000 0.987000 572.392000 129.362040
573.065000 0.980000 573.376000 129.027450
574.045000 0.980000 574.363000 129.821160
575.034000 0.989000 575.382000 129.087460
576.018000 0.984000 576.328000 128.599830
576.976000 0.958000 577.281000 129.789650
577.952000 0.976000 578.260000 132.079270
578.957000 1.005000 579.269000 131.713170
579.988000 1.030000 580.290000 130.919460
581.007000 1.019000 581.392000 129.759650
582.034000 1.028000 582.443000 129.821160
583.068000 1.034000 583.499000 129.789650
584.099000 1.031000 584.418000 128.599830
585.132000 1.033000 585.461000 128.569820
586.160000 1.029000 586.582000 129.821160
587.190000 1.029000 587.604000 131.773190
588.207000 1.017000 588.517000 129.057460
589.218000 1.012000 589.532000 128.599830
590.293000 1.074000 590.620000 129.393550
591.291000 0.999000 591.606000 128.965930
592.276000 0.985000 592.586000 127.714590
593.342000 1.067000 593.677000 126.890870
594.365000 1.022000 594.743000 126.158670
595.377000 1.013000 595.764000 125.426470
596.402000 1.025000 596.809000 125.426470
597.423000 1.021000 597.749000 126.128660
598.443000 1.019000 598.750000 127.318480
599.459000 1.016000 599.897000 123.502950
600.478000 1.019000 600.904000 122.740740
601.475000 0.996000 601.890000 123.045330
602.476000 1.002000 602.936000 121.031780
603.476000 1.000000 603.895000 121.031780
604.484000 1.008000 604.895000 121.091800
605.502000 1.019000 605.915000 123.900560
606.518000 1.015000 606.814000 132.933000
607.548000 1.030000 607.868000 130.553360
608.562000 1.014000 608.863000 130.187260
609.570000 1.008000 609.876000 130.887950
610.576000 1.006000 610.885000 132.017760
611.577000 1.001000 611.980000 125.028860
612.584000 1.007000 612.883000 130.491840
613.592000 1.007000 613.878000 131.010980
614.590000 0.999000 614.895000 124.571240
615.577000 0.986000 615.871000 130.491840
616.553000 0.977000 616.853000 132.445370
617.558000 1.005000 617.873000 132.475380
618.561000 1.003000 618.873000 132.079270
619.567000 1.006000 619.880000 130.247280
620.563000 0.995000 620.861000 129.332030
621.553000 0.991000 621.863000 129.362040
622.545000 0.991000 622.854000 130.155750
623.524000 0.979000 623.824000 131.621650
624.498000 0.974000 624.784000 132.903000
625.462000 0.965000 625.759000 134.154340
626.432000 0.969000 626.819000 133.390630
627.399000 0.967000 627.733000 135.435680
628.361000 0.962000 628.693000 136.259410
629.322000 0.962000 629.622000 135.771770
630.296000 0.974000 630.712000 135.527210
631.273000 0.977000 631.571000 136.259410
632.241000 0.968000 632.542000 135.099590
633.231000 0.990000 633.538000 132.933000
634.229000 0.998000 634.526000 133.788240
635.234000 1.005000 635.551000 132.903000
636.239000 1.005000 636.558000 132.475380
637.243000 1.004000 637.549000 132.566910
638.249000 1.006000 638.549000 132.841480
639.249000 1.000000 639.653000 133.818240
640.252000 1.003000 640.676000 130.613380
641.256000 1.005000 641.694000 133.788240
642.267000 1.011000 642.708000 132.933000
643.293000 1.026000 643.737000 137.114640
644.298000 1.005000 644.720000 140.775630
645.312000 1.013000 645.753000 142.026970
646.335000 1.024000 646.774000 142.760670
647.374000 1.038000 647.827000 141.996960
648.428000 1.055000 648.796000 140.715610
649.471000 1.042000 649.870000 138.700570
650.504000 1.034000 650.894000 138.274450
651.532000 1.028000 651.908000 138.670560
652.557000 1.025000 652.935000 137.144650
653.584000 1.028000 653.978000 137.480740
654.616000 1.032000 655.018000 136.717030
655.649000 1.033000 656.033000 135.527210
656.686000 1.037000 656.994000 132.445370
657.685000 0.999000 657.997000 132.079270
658.688000 1.003000 658.995000 132.872990
659.673000 0.986000 659.987000 134.214350
660.682000 1.008000 660.998000 133.360620
661.674000 0.992000 662.032000 131.040990
662.675000 1.001000 663.065000 130.125740
663.683000 1.008000 663.983000 129.362040
664.695000 1.012000 665.001000 128.142210
665.695000 1.000000 666.110000 126.128660
666.695000 1.000000 666.993000 128.203720
667.691000 0.996000 668.006000 126.158670
668.683000 0.993000 668.994000 126.616290
669.678000 0.994000 669.993000 128.569820
670.667000 0.990000 670.966000 128.172220
671.639000 0.972000 671.944000 129.332030
672.611000 0.972000 672.926000 131.743180
673.602000 0.990000 673.993000 132.536900
674.590000 0.988000 674.972000 132.079270
675.572000 0.982000 675.982000 131.315570
676.553000 0.981000 676.863000 130.919460
677.533000 0.980000 677.843000 130.521850
678.490000 0.957000 678.810000 130.919460
679.452000 0.962000 679.747000 133.330610
680.427000 0.976000 680.812000 133.818240
681.406000 0.979000 681.785000 134.245860
682.395000 0.989000 682.773000 133.848250
683.385000 0.990000 683.770000 132.964510
684.370000 0.985000 684.753000 133.330610
685.347000 0.977000 685.739000 133.756730
686.314000 0.967000 686.630000 134.611960
687.275000 0.961000 687.589000 136.717030
688.250000 0.975000 688.699000 138.274450
689.236000 0.986000 689.609000 139.066670
690.217000 0.981000 690.610000 137.876840
691.196000 0.979000 691.586000 137.876840
692.135000 0.940000 692.460000 137.419220
693.072000 0.936000 693.378000 136.991600
694.040000 0.969000 694.397000 135.863300
695.017000 0.976000 695.330000 135.039580
696.007000 0.990000 696.311000 133.360620
697.007000 1.000000 697.329000 133.422140
697.975000 0.968000 698.291000 134.245860
698.939000 0.964000 699.266000 137.083130
699.920000 0.981000 700.225000 138.242940
700.909000 0.990000 701.296000 137.510740
701.903000 0.993000 702.304000 137.083130
702.889000 0.986000 703.198000 137.083130
703.872000 0.984000 704.289000 135.924820
704.856000 0.984000 705.173000 135.801780
705.848000 0.992000 706.238000 137.816830
706.840000 0.992000 707.262000 139.434270
707.842000 1.001000 708.232000 137.510740
708.858000 1.017000 709.245000 136.717030
709.869000 1.011000 710.185000 135.069580
710.873000 1.004000 711.259000 134.611960
711.884000 1.011000 712.188000 133.330610
712.894000 1.010000 713.283000 132.536900
713.902000 1.008000 714.203000 132.841480
714.914000 1.012000 715.222000 131.713170
715.953000 1.038000 716.266000 130.979480
716.956000 1.003000 717.265000 131.315570
717.963000 1.008000 718.287000 137.785320
718.957000 0.994000 719.387000 138.304460
719.967000 1.010000 720.391000 139.891890
720.979000 1.012000 721.381000 139.891890
722.004000 1.025000 722.391000 138.609040
723.024000 1.021000 723.406000 137.083130
724.033000 1.008000 724.431000 137.144650
725.023000 0.990000 725.336000 139.036660
726.005000 0.981000 726.410000 140.745620
726.979000 0.974000 727.423000 137.876840
727.947000 0.968000 728.375000 138.274450
728.889000 0.942000 729.325000 135.863300
729.831000 0.942000 730.271000 135.039580
730.779000 0.948000 731.210000 135.069580
