17.713000 0.983000 18.021000 124.360830
18.692000 0.979000 19.001000 123.104210
19.613000 0.921000 19.921000 122.924410
20.584000 0.970000 20.881000 125.561890
21.646000 1.063000 21.951000 125.561890
22.703000 1.056000 23.011000 127.278130
23.720000 1.017000 24.031000 126.919530
24.647000 0.927000 24.961000 127.895320
25.623000 0.976000 25.931000 129.813590
26.600000 0.977000 26.901000 129.892380
27.567000 0.967000 27.871000 127.143780
28.486000 0.919000 28.791000 126.458900
29.560000 1.073000 29.861000 127.345810
30.717000 1.157000 31.021000 124.630540
31.797000 1.080000 32.111000 121.533440
32.758000 0.960000 33.071000 119.233340
33.650000 0.892000 33.961000 121.981940
34.544000 0.894000 34.851000 125.527550
35.566000 1.023000 35.871000 128.815570
36.597000 1.031000 36.911000 129.398420
37.534000 0.937000 37.851000 129.735810
38.516000 0.982000 38.821000 131.418710
39.554000 1.038000 39.861000 129.903490
40.620000 1.066000 40.931000 126.638710
41.611000 0.991000 41.921000 123.137550
42.572000 0.961000 42.881000 123.171890
43.586000 1.014000 43.891000 122.386000
44.620000 1.034000 44.921000 121.601120
45.637000 1.017000 45.951000 115.059430
46.542000 0.905000 46.851000 121.791030
47.419000 0.877000 47.731000 121.511220
48.354000 0.935000 48.661000 123.866870
49.368000 1.014000 49.681000 122.846630
50.319000 0.950000 50.631000 121.959720
51.244000 0.925000 51.551000 121.847590
52.179000 0.935000 52.481000 123.036530
53.087000 0.907000 53.401000 116.349380
53.934000 0.847000 54.241000 117.528220
54.785000 0.851000 55.091000 118.459570
55.712000 0.928000 56.021000 120.960690
56.620000 0.907000 56.931000 121.084930
57.438000 0.818000 57.751000 124.046680
58.264000 0.826000 58.571000 124.136580
59.116000 0.852000 59.421000 125.639670
59.967000 0.851000 60.271000 126.111410
60.883000 0.916000 61.191000 128.130690
61.889000 1.005000 62.191000 128.927690
62.939000 1.050000 63.241000 125.370980
63.935000 0.996000 64.241000 120.478850
64.818000 0.883000 65.131000 116.316050
65.662000 0.844000 65.971000 117.023150
66.504000 0.842000 66.811000 117.000920
67.379000 0.875000 67.681000 118.369670
68.304000 0.925000 68.601000 118.706050
69.260000 0.956000 69.561000 119.288900
70.275000 1.015000 70.581000 121.039480
71.359000 1.084000 71.661000 120.489960
72.448000 1.089000 72.751000 116.619090
73.383000 0.936000 73.691000 115.474600
74.341000 0.958000 74.641000 116.562520
75.365000 1.024000 75.671000 117.528220
76.403000 1.038000 76.711000 116.394840
77.295000 0.892000 77.611000 118.761600
78.248000 0.953000 78.551000 121.061700
79.392000 1.144000 79.691000 120.445510
80.504000 1.112000 80.811000 119.031310
81.386000 0.882000 81.701000 119.435370
82.340000 0.954000 82.651000 120.276820
83.373000 1.033000 83.681000 120.332380
84.374000 1.001000 84.681000 118.761600
85.254000 0.880000 85.571000 118.470680
86.237000 0.983000 86.541000 121.375860
87.357000 1.120000 87.661000 123.205230
88.407000 1.050000 88.721000 122.464790
89.285000 0.878000 89.601000 123.295130
90.243000 0.958000 90.551000 125.393200
91.290000 1.047000 91.601000 126.346770
92.358000 1.067000 92.671000 124.989140
93.280000 0.922000 93.591000 124.080010
94.297000 1.017000 94.601000 125.067930
95.464000 1.167000 95.771000 124.024450
96.543000 1.079000 96.861000 122.105180
97.436000 0.892000 97.751000 121.926380
98.347000 0.912000 98.661000 123.462810
99.295000 0.948000 99.601000 125.168950
100.233000 0.938000 100.551000 124.114360
101.095000 0.862000 101.411000 128.141800
102.034000 0.939000 102.341000 134.088520
103.138000 1.104000 103.441000 136.265380
104.208000 1.069000 104.521000 132.888470
105.109000 0.901000 105.421000 130.722720
106.104000 0.995000 106.411000 128.747890
107.212000 1.108000 107.521000 125.628560
108.256000 1.043000 108.571000 121.500100
109.180000 0.925000 109.491000 120.108130
110.159000 0.978000 110.461000 119.301020
111.167000 1.008000 111.471000 119.009090
112.141000 0.974000 112.451000 115.687740
113.021000 0.879000 113.331000 115.945320
113.960000 0.939000 114.261000 116.832230
114.925000 0.965000 115.231000 118.593920
115.905000 0.980000 116.211000 116.865560
116.796000 0.892000 117.111000 117.023150
117.759000 0.963000 118.061000 119.233340
118.698000 0.939000 119.011000 116.181700
119.534000 0.836000 119.851000 115.878650
120.414000 0.879000 120.711000 117.886820
121.311000 0.897000 121.611000 119.266680
122.141000 0.831000 122.451000 121.252620
122.963000 0.821000 123.271000 123.462810
123.881000 0.918000 124.191000 124.843680
124.835000 0.954000 125.141000 123.115320
125.771000 0.936000 126.071000 124.169910
126.792000 1.021000 127.091000 122.330440
127.799000 1.007000 128.101000 119.906100
128.762000 0.963000 129.071000 117.416090
129.649000 0.887000 129.961000 113.275510
130.502000 0.853000 130.811000 116.484740
131.445000 0.943000 131.751000 117.291840
132.442000 0.997000 132.741000 116.977690
133.407000 0.965000 133.711000 115.103870
134.314000 0.906000 134.631000 112.882570
135.202000 0.888000 135.511000 114.633150
136.171000 0.969000 136.471000 116.248370
137.226000 1.055000 137.531000 116.966580
138.304000 1.078000 138.621000 114.532130
139.202000 0.898000 139.511000 115.945320
140.220000 1.018000 140.521000 117.370640
141.376000 1.156000 141.681000 116.720100
142.408000 1.032000 142.721000 116.327160
143.338000 0.930000 143.651000 114.723050
144.274000 0.936000 144.581000 116.372610
145.290000 1.016000 145.591000 117.853480
146.375000 1.085000 146.681000 117.370640
147.356000 0.981000 147.671000 115.507930
148.296000 0.940000 148.601000 117.808030
149.292000 0.996000 149.601000 117.247400
150.335000 1.043000 150.641000 116.215030
151.348000 1.013000 151.661000 113.297740
152.317000 0.969000 152.621000 114.397780
153.327000 1.010000 153.631000 114.644260
154.349000 1.021000 154.651000 114.184640
155.348000 0.999000 155.661000 111.805750
156.262000 0.915000 156.581000 112.186580
157.187000 0.924000 157.491000 117.695900
158.099000 0.912000 158.411000 120.837450
159.057000 0.958000 159.371000 125.370980
159.985000 0.928000 160.301000 124.573970
161.010000 1.024000 161.321000 125.718460
162.072000 1.063000 162.381000 125.325520
163.076000 1.004000 163.391000 121.724360
163.999000 0.923000 164.311000 121.713240
164.997000 0.998000 165.301000 121.779910
165.980000 0.983000 166.291000 123.104210
166.949000 0.969000 167.261000 122.318320
167.864000 0.916000 168.181000 122.632480
168.850000 0.986000 169.151000 123.418370
169.923000 1.073000 170.231000 122.038510
171.006000 1.083000 171.311000 120.108130
172.002000 0.996000 172.321000 116.338270
172.937000 0.934000 173.251000 116.518070
173.904000 0.968000 174.211000 115.575610
174.866000 0.962000 175.171000 114.296770
175.729000 0.864000 176.041000 116.125130
176.610000 0.880000 176.911000 118.178750
177.570000 0.960000 177.871000 118.605030
178.560000 0.990000 178.871000 117.315080
179.463000 0.903000 179.771000 117.617110
180.488000 1.025000 180.791000 119.424260
181.608000 1.120000 181.911000 118.952520
182.712000 1.103000 183.021000 116.439280
183.708000 0.996000 184.021000 112.915900
184.610000 0.901000 184.921000 113.746240
185.537000 0.928000 185.841000 115.317010
186.488000 0.951000 186.791000 115.889770
187.434000 0.945000 187.741000 113.477540
188.289000 0.855000 188.601000 114.464450
189.234000 0.946000 189.541000 117.258510
190.327000 1.093000 190.631000 120.198030
191.361000 1.034000 191.671000 120.085900
192.269000 0.909000 192.591000 119.828320
193.185000 0.915000 193.501000 120.781890
194.097000 0.912000 194.411000 121.757690
194.971000 0.874000 195.291000 121.768800
195.810000 0.839000 196.131000 122.139530
196.694000 0.884000 197.001000 126.773060
197.630000 0.936000 197.941000 129.903490
198.587000 0.957000 198.901000 129.847930
199.542000 0.956000 199.861000 126.559910
200.423000 0.880000 200.741000 124.103240
201.313000 0.890000 201.621000 123.530490
202.236000 0.923000 202.541000 121.757690
203.194000 0.958000 203.501000 120.804110
204.137000 0.944000 204.451000 118.055510
204.982000 0.845000 205.291000 118.021170
205.844000 0.861000 206.151000 118.952520
206.733000 0.889000 207.041000 118.212090
207.716000 0.983000 208.021000 117.629230
208.638000 0.922000 208.951000 115.766530
209.583000 0.945000 209.891000 117.482760
210.615000 1.032000 210.921000 117.179720
211.643000 1.028000 211.951000 115.204890
212.530000 0.887000 212.841000 113.062370
213.435000 0.905000 213.741000 116.417060
214.410000 0.975000 214.711000 115.507930
215.463000 1.053000 215.771000 113.825030
216.388000 0.925000 216.701000 112.041120
217.293000 0.905000 217.601000 113.769470
218.181000 0.888000 218.491000 113.690680
219.057000 0.875000 219.361000 114.453340
219.918000 0.862000 220.231000 115.766530
220.760000 0.841000 221.071000 120.030340
221.701000 0.941000 222.001000 122.273870
222.705000 1.005000 223.011000 123.261790
223.710000 1.005000 224.021000 119.716190
224.605000 0.894000 224.921000 117.516100
225.511000 0.906000 225.821000 118.873730
226.465000 0.954000 226.771000 121.006140
227.428000 0.962000 227.741000 119.389910
228.319000 0.891000 228.631000 118.930300
229.226000 0.907000 229.531000 120.714210
230.188000 0.962000 230.491000 120.108130
231.199000 1.011000 231.501000 117.179720
232.139000 0.941000 232.451000 114.599810
233.051000 0.911000 233.361000 115.485710
234.018000 0.968000 234.321000 115.037200
234.998000 0.980000 235.301000 113.218940
235.900000 0.903000 236.221000 110.727930
236.762000 0.862000 237.071000 113.376530
237.676000 0.913000 237.981000 114.901840
238.673000 0.997000 238.981000 114.677590
239.657000 0.984000 239.971000 112.232030
240.507000 0.850000 240.821000 112.915900
241.405000 0.898000 241.711000 115.081650
242.475000 1.069000 242.781000 114.789720
243.541000 1.066000 243.851000 112.737110
244.447000 0.906000 244.761000 112.579520
245.366000 0.918000 245.671000 114.027060
246.305000 0.940000 246.611000 114.655370
247.245000 0.940000 247.561000 113.163390
248.112000 0.867000 248.431000 112.871460
249.045000 0.933000 249.351000 114.879620
250.082000 1.037000 250.391000 115.149330
251.117000 1.035000 251.431000 113.354300
252.017000 0.900000 252.331000 111.524930
252.892000 0.875000 253.201000 113.825030
253.841000 0.950000 254.151000 114.868510
254.887000 1.046000 255.191000 115.114980
255.885000 0.998000 256.201000 113.623000
256.795000 0.910000 257.111000 114.128070
257.797000 1.002000 258.101000 114.677590
258.842000 1.044000 259.151000 113.499760
259.902000 1.061000 260.211000 111.996670
260.853000 0.951000 261.171000 110.538020
261.841000 0.988000 262.151000 111.827980
262.854000 1.014000 263.161000 112.590640
263.916000 1.062000 264.231000 114.498800
264.975000 1.059000 265.291000 114.587690
265.911000 0.936000 266.231000 114.723050
266.894000 0.983000 267.201000 115.856430
267.928000 1.034000 268.241000 115.182660
268.986000 1.057000 269.301000 114.206870
270.041000 1.055000 270.351000 112.759330
271.149000 1.108000 271.461000 113.174500
272.169000 1.019000 272.481000 111.267350
273.151000 0.982000 273.471000 109.830920
274.018000 0.867000 274.341000 108.192470
274.841000 0.823000 275.151000 111.794640
275.705000 0.864000 276.011000 113.230060
276.588000 0.883000 276.891000 113.690680
277.491000 0.903000 277.801000 111.581500
278.327000 0.836000 278.641000 111.502710
279.223000 0.897000 279.531000 114.734160
280.077000 0.854000 280.381000 117.785810
280.899000 0.822000 281.211000 116.293820
281.745000 0.846000 282.051000 117.785810
282.702000 0.957000 283.011000 115.463480
283.584000 0.883000 283.901000 114.116960
284.541000 0.957000 284.851000 115.351360
285.591000 1.050000 285.901000 114.475560
286.615000 1.024000 286.921000 112.153240
287.558000 0.943000 287.881000 109.348070
288.450000 0.892000 288.761000 111.570390
289.352000 0.902000 289.661000 114.038170
290.329000 0.977000 290.641000 113.499760
291.335000 1.006000 291.641000 112.568410
292.293000 0.958000 292.611000 109.920820
293.147000 0.855000 293.461000 109.976380
294.060000 0.913000 294.371000 111.726960
295.055000 0.995000 295.361000 112.748220
296.094000 1.038000 296.401000 111.973440
297.081000 0.988000 297.401000 110.301650
297.973000 0.892000 298.291000 111.917880
298.962000 0.990000 299.271000 113.466430
299.995000 1.033000 300.311000 115.294790
301.027000 1.031000 301.341000 115.261460
301.962000 0.935000 302.281000 114.318990
302.797000 0.836000 303.121000 115.911990
303.687000 0.890000 304.001000 120.837450
304.661000 0.974000 304.981000 117.247400
305.799000 1.138000 306.121000 118.099960
306.861000 1.062000 307.181000 114.800830
307.817000 0.956000 308.151000 113.354300
308.852000 1.035000 309.171000 112.849230
309.839000 0.987000 310.151000 110.929960
310.776000 0.937000 311.101000 105.758020
311.599000 0.823000 311.931000 108.506620
312.440000 0.841000 312.761000 108.730880
313.281000 0.840000 313.591000 108.574300
314.141000 0.861000 314.451000 111.042080
314.991000 0.849000 315.301000 112.489620
315.793000 0.803000 316.111000 110.560250
316.652000 0.859000 316.961000 114.128070
317.606000 0.954000 317.911000 113.051260
318.551000 0.944000 318.861000 112.871460
319.488000 0.938000 319.801000 108.831890
320.323000 0.834000 320.651000 104.692320
321.089000 0.766000 321.411000 106.946960
321.852000 0.763000 322.161000 110.683480
322.648000 0.796000 322.961000 114.756380
323.500000 0.852000 323.811000 120.534410
324.421000 0.920000 324.731000 122.677930
325.284000 0.863000 325.601000 121.993050
326.134000 0.850000 326.451000 122.868850
327.047000 0.913000 327.361000 125.000250
327.962000 0.915000 328.271000 122.105180
328.887000 0.925000 329.201000 118.706050
329.743000 0.856000 330.061000 116.226140
330.667000 0.924000 330.971000 116.966580
331.667000 1.000000 331.971000 115.553390
332.678000 1.012000 332.991000 114.341210
333.695000 1.017000 334.011000 111.592610
334.600000 0.905000 334.921000 110.257200
335.537000 0.937000 335.841000 111.008750
336.507000 0.970000 336.821000 110.492570
337.553000 1.047000 337.861000 109.718800
338.581000 1.028000 338.901000 121.566770
339.474000 0.892000 339.801000 118.414110
340.385000 0.912000 340.701000 109.830920
341.330000 0.945000 341.641000 108.282370
342.351000 1.021000 342.661000 108.170250
343.291000 0.940000 343.611000 109.359180
344.215000 0.923000 344.521000 111.423920
345.167000 0.952000 345.481000 109.640000
346.114000 0.947000 346.431000 110.066290
347.067000 0.953000 347.381000 110.391550
347.960000 0.893000 348.281000 109.931940
348.893000 0.933000 349.201000 114.778610
349.772000 0.880000 350.091000 118.234310
350.656000 0.884000 350.971000 119.479820
351.506000 0.850000 351.831000 119.805080
352.390000 0.884000 352.701000 123.699190
353.334000 0.944000 353.641000 122.565810
354.313000 0.979000 354.621000 121.129380
355.205000 0.892000 355.521000 116.708990
356.086000 0.882000 356.401000 116.899910
357.017000 0.931000 357.321000 115.698850
357.969000 0.952000 358.281000 113.319960
358.854000 0.885000 359.171000 111.188560
359.753000 0.899000 360.061000 113.141160
360.714000 0.962000 361.021000 113.016920
361.732000 1.018000 362.041000 111.940100
362.669000 0.937000 362.991000 109.808700
363.546000 0.877000 363.861000 111.794640
364.486000 0.941000 364.791000 112.175470
365.610000 1.124000 365.921000 113.129040
366.693000 1.083000 367.011000 112.512850
367.613000 0.920000 367.931000 112.759330
368.581000 0.969000 368.891000 114.420010
369.604000 1.023000 369.921000 114.767500
370.671000 1.066000 370.991000 114.835170
371.622000 0.951000 371.941000 116.147350
372.611000 0.990000 372.931000 121.174840
373.716000 1.105000 374.031000 122.554690
374.789000 1.072000 375.111000 119.805080
375.726000 0.937000 376.051000 118.369670
376.685000 0.960000 377.001000 118.963630
377.685000 1.000000 378.001000 118.492910
378.671000 0.986000 378.991000 115.990780
379.558000 0.887000 379.881000 114.060390
380.462000 0.903000 380.771000 115.788750
381.416000 0.954000 381.731000 116.226140
382.399000 0.983000 382.711000 117.225180
383.303000 0.904000 383.631000 113.084600
384.224000 0.921000 384.541000 114.184640
385.231000 1.007000 385.551000 118.470680
386.186000 0.955000 386.501000 121.847590
387.068000 0.882000 387.381000 125.325520
388.027000 0.960000 388.331000 122.318320
388.974000 0.947000 389.281000 126.256870
389.868000 0.894000 390.191000 108.214690
390.702000 0.834000 391.021000 107.766190
391.572000 0.870000 391.881000 109.258170
392.480000 0.908000 392.791000 106.454010
393.396000 0.916000 393.711000 106.072180
394.257000 0.861000 394.581000 104.141790
395.074000 0.817000 395.391000 104.624640
395.946000 0.873000 396.261000 106.476230
396.813000 0.867000 397.131000 107.878310
397.666000 0.853000 397.981000 107.979330
398.560000 0.894000 398.881000 107.878310
399.400000 0.840000 399.721000 107.654060
400.262000 0.862000 400.571000 109.460200
401.158000 0.896000 401.471000 110.178410
402.063000 0.906000 402.381000 108.618750
402.902000 0.839000 403.231000 105.208500
403.664000 0.762000 404.001000 104.635750
404.414000 0.750000 404.741000 107.339910
405.208000 0.794000 405.531000 111.311790
406.142000 0.933000 406.451000 121.129380
407.316000 1.174000 407.631000 124.966920
408.353000 1.037000 408.671000 125.112380
409.291000 0.938000 409.611000 125.942720
410.156000 0.864000 410.481000 123.508270
410.998000 0.843000 411.321000 123.115320
411.911000 0.912000 412.221000 121.724360
412.832000 0.921000 413.141000 120.243490
413.769000 0.938000 414.081000 118.324210
414.726000 0.957000 415.041000 117.000920
415.696000 0.970000 416.011000 115.048320
416.688000 0.992000 417.001000 113.712900
417.704000 1.016000 418.021000 112.579520
418.704000 1.000000 419.021000 111.065320
419.676000 0.972000 419.991000 108.776330
420.630000 0.954000 420.951000 110.650150
421.545000 0.915000 421.861000 126.750830
422.441000 0.896000 422.761000 119.782860
423.337000 0.896000 423.651000 114.397780
424.263000 0.926000 424.581000 112.915900
425.202000 0.939000 425.521000 113.343190
426.140000 0.938000 426.461000 109.382420
427.098000 0.958000 427.421000 115.441260
428.011000 0.913000 428.331000 106.340880
428.873000 0.861000 429.201000 102.840730
429.695000 0.822000 430.031000 113.174500
430.565000 0.870000 430.871000 121.465760
431.514000 0.949000 431.831000 104.378170
432.542000 1.028000 432.851000 104.681210
433.473000 0.931000 433.791000 104.299370
434.311000 0.838000 434.631000 103.469040
435.221000 0.911000 435.531000 103.772080
436.185000 0.963000 436.501000 103.390240
437.164000 0.980000 437.481000 103.020530
438.068000 0.904000 438.391000 103.311450
438.930000 0.862000 439.251000 105.028700
439.863000 0.933000 440.171000 105.892370
440.839000 0.976000 441.151000 106.026720
441.856000 1.017000 442.171000 104.782220
442.772000 0.916000 443.101000 103.928650
443.707000 0.935000 444.021000 106.599470
444.668000 0.961000 444.981000 106.049950
445.757000 1.089000 446.071000 105.140820
446.673000 0.916000 447.001000 103.838750
447.604000 0.931000 447.921000 105.623670
448.642000 1.038000 448.951000 105.353960
449.766000 1.124000 450.081000 105.084260
450.853000 1.087000 451.171000 102.728600
451.756000 0.903000 452.081000 102.874060
452.705000 0.949000 453.021000 104.692320
453.748000 1.044000 454.061000 105.376190
454.801000 1.053000 455.121000 104.793330
455.781000 0.979000 456.101000 104.007440
456.832000 1.051000 457.151000 105.017590
457.873000 1.041000 458.191000 105.499430
458.875000 1.002000 459.191000 105.096380
459.834000 0.959000 460.161000 103.659950
460.791000 0.957000 461.111000 105.241840
461.863000 1.072000 462.181000 106.049950
462.967000 1.104000 463.291000 106.834840
463.983000 1.016000 464.301000 105.937830
464.914000 0.930000 465.241000 104.119570
465.813000 0.899000 466.131000 105.421640
466.764000 0.952000 467.081000 106.902520
467.804000 1.040000 468.121000 108.944020
468.827000 1.024000 469.151000 108.831890
469.743000 0.915000 470.071000 110.380440
470.671000 0.928000 470.991000 114.688700
471.702000 1.032000 472.021000 117.280730
472.714000 1.011000 473.041000 117.460540
473.678000 0.964000 474.011000 115.945320
474.550000 0.872000 474.871000 116.955470
475.496000 0.946000 475.811000 117.528220
476.478000 0.982000 476.791000 117.113050
477.445000 0.967000 477.761000 114.723050
478.315000 0.870000 478.641000 112.803780
479.202000 0.887000 479.511000 113.881600
480.123000 0.921000 480.441000 115.250340
481.072000 0.949000 481.381000 116.764550
481.981000 0.909000 482.301000 115.171550
482.839000 0.859000 483.161000 114.969520
483.806000 0.966000 484.121000 115.709960
484.820000 1.014000 485.131000 112.399720
485.735000 0.914000 486.061000 106.845950
486.543000 0.808000 486.861000 107.171210
487.349000 0.806000 487.661000 110.437010
488.142000 0.794000 488.461000 112.299710
488.940000 0.798000 489.261000 115.631170
489.755000 0.815000 490.071000 116.619090
490.539000 0.784000 490.861000 117.012030
491.296000 0.757000 491.621000 115.957440
492.033000 0.737000 492.361000 116.069570
492.795000 0.762000 493.111000 116.529190
493.568000 0.773000 493.881000 114.587690
494.395000 0.827000 494.711000 114.767500
495.218000 0.823000 495.531000 113.354300
496.113000 0.895000 496.421000 112.063340
497.017000 0.904000 497.331000 110.156190
497.901000 0.883000 498.211000 108.506620
498.798000 0.897000 499.111000 106.487350
499.694000 0.897000 500.001000 104.714540
500.582000 0.887000 500.891000 105.589330
501.436000 0.854000 501.751000 104.961020
502.246000 0.810000 502.561000 105.129710
503.078000 0.832000 503.391000 105.802470
503.990000 0.912000 504.301000 106.722710
504.912000 0.922000 505.221000 107.990440
505.800000 0.888000 506.121000 108.394500
506.787000 0.987000 507.101000 109.662230
507.861000 1.075000 508.171000 108.102570
508.854000 0.993000 509.171000 109.584450
509.757000 0.904000 510.081000 107.205560
510.651000 0.894000 510.971000 105.825700
511.492000 0.841000 511.811000 105.118600
512.352000 0.860000 512.661000 106.812610
513.202000 0.851000 513.511000 107.194450
514.056000 0.854000 514.371000 107.059090
514.902000 0.846000 515.221000 106.263090
515.737000 0.835000 516.051000 109.258170
516.694000 0.957000 517.001000 110.828940
517.688000 0.994000 518.001000 110.178410
518.622000 0.933000 518.941000 107.620730
519.516000 0.894000 519.831000 109.157160
520.491000 0.975000 520.801000 110.841070
521.438000 0.947000 521.751000 107.844980
522.323000 0.885000 522.651000 105.859040
523.144000 0.821000 523.471000 104.568070
523.917000 0.774000 524.251000 104.433720
524.656000 0.739000 524.981000 104.591310
525.356000 0.700000 525.681000 109.864260
526.114000 0.758000 526.431000 116.158460
527.068000 0.954000 527.371000 121.623340
528.153000 1.085000 528.461000 123.967890
529.113000 0.960000 529.431000 123.912330
530.059000 0.946000 530.381000 122.049620
531.015000 0.957000 531.331000 119.288900
531.998000 0.983000 532.311000 116.607980
532.931000 0.933000 533.251000 114.543240
533.843000 0.913000 534.161000 113.319960
534.697000 0.854000 535.011000 112.445170
535.548000 0.851000 535.861000 112.445170
536.427000 0.879000 536.741000 112.344160
537.314000 0.887000 537.621000 111.940100
538.258000 0.944000 538.571000 111.345130
539.191000 0.933000 539.501000 110.762270
540.116000 0.926000 540.431000 110.066290
541.053000 0.936000 541.361000 109.079380
542.005000 0.952000 542.311000 108.675320
542.936000 0.932000 543.251000 108.148020
543.846000 0.910000 544.181000 100.608310
544.670000 0.824000 544.991000 104.086230
545.479000 0.808000 545.791000 105.971160
546.289000 0.811000 546.591000 107.082320
547.129000 0.840000 547.431000 110.257200
547.966000 0.837000 548.271000 112.647200
548.811000 0.845000 549.121000 113.881600
549.705000 0.894000 550.021000 115.968560
550.535000 0.830000 550.851000 114.958410
551.324000 0.789000 551.651000 113.937160
552.064000 0.740000 552.391000 110.021840
552.769000 0.705000 553.091000 112.669430
553.319000 0.550000 553.651000 113.062370
554.088000 0.769000 554.391000 121.555660
554.763000 0.674000 555.071000 123.205230
555.443000 0.680000 555.751000 125.303300
556.490000 1.047000 556.791000 127.827650
557.409000 0.919000 557.721000 124.966920
558.330000 0.922000 558.641000 123.451700
559.260000 0.930000 559.571000 118.369670
560.176000 0.916000 560.491000 117.449430
561.113000 0.938000 561.421000 115.171550
562.093000 0.980000 562.401000 114.901840
563.083000 0.990000 563.391000 113.611890
564.062000 0.979000 564.371000 113.420970
565.048000 0.986000 565.361000 113.163390
566.063000 1.014000 566.381000 113.376530
567.069000 1.006000 567.381000 112.759330
568.041000 0.972000 568.361000 112.063340
569.015000 0.973000 569.331000 112.142130
570.011000 0.996000 570.321000 111.827980
571.013000 1.002000 571.331000 111.131990
571.981000 0.968000 572.301000 111.973440
572.946000 0.965000 573.261000 113.387640
573.877000 0.931000 574.191000 114.318990
574.772000 0.895000 575.091000 114.363440
575.559000 0.787000 575.891000 113.443200
576.332000 0.773000 576.651000 117.606000
577.116000 0.783000 577.431000 120.186920
577.918000 0.803000 578.231000 123.104210
578.691000 0.773000 579.011000 123.934550
579.556000 0.865000 579.871000 125.213390
580.592000 1.036000 580.901000 124.809340
581.561000 0.968000 581.871000 121.690010
582.463000 0.903000 582.781000 117.954500
583.274000 0.811000 583.601000 114.835170
584.111000 0.837000 584.421000 116.708990
584.943000 0.832000 585.251000 115.698850
585.795000 0.852000 586.111000 116.450390
586.681000 0.886000 586.991000 117.403970
587.519000 0.837000 587.841000 117.326190
588.371000 0.853000 588.681000 120.063680
589.294000 0.923000 589.601000 120.545520
590.234000 0.940000 590.541000 120.287930
591.130000 0.896000 591.451000 118.683820
591.936000 0.806000 592.261000 116.383730
592.765000 0.829000 593.081000 120.030340
593.615000 0.850000 593.931000 121.331410
594.462000 0.847000 594.781000 121.959720
595.253000 0.791000 595.571000 123.361800
596.087000 0.834000 596.401000 125.146720
596.968000 0.882000 597.281000 124.809340
597.875000 0.906000 598.191000 123.361800
598.795000 0.920000 599.111000 121.713240
599.677000 0.882000 599.991000 121.399090
600.658000 0.981000 600.971000 120.602090
601.636000 0.979000 601.951000 118.133290
602.598000 0.962000 602.911000 115.911990
603.539000 0.941000 603.851000 113.690680
604.402000 0.863000 604.721000 112.198700
605.311000 0.909000 605.621000 112.871460
606.232000 0.921000 606.541000 112.287590
607.154000 0.921000 607.471000 111.008750
608.069000 0.916000 608.391000 109.819810
