1.494000 0.841000 1.821000 99.522641
2.318000 0.824000 2.651000 99.095759
3.108000 0.790000 3.431000 100.711990
3.950000 0.842000 4.261000 100.936530
4.856000 0.905000 5.171000 100.599300
5.766000 0.910000 6.081000 100.779430
6.649000 0.883000 6.971000 100.151040
7.500000 0.851000 7.831000 99.387750
8.336000 0.836000 8.661000 99.029136
9.185000 0.849000 9.501000 100.308140
10.060000 0.875000 10.371000 100.251380
10.984000 0.924000 11.301000 100.027660
11.920000 0.936000 12.241000 99.993938
12.857000 0.937000 13.181000 100.095110
13.790000 0.933000 14.111000 98.938660
14.723000 0.934000 15.051000 97.828275
15.613000 0.889000 15.941000 96.773819
16.475000 0.863000 16.801000 97.570007
17.332000 0.857000 17.651000 98.658185
18.232000 0.900000 18.551000 99.085067
19.161000 0.929000 19.481000 98.748661
20.116000 0.954000 20.441000 98.557839
21.075000 0.959000 21.401000 97.738621
22.004000 0.930000 22.331000 96.953126
22.895000 0.890000 23.221000 96.402868
23.773000 0.878000 24.101000 97.098710
24.692000 0.919000 25.011000 96.997542
25.647000 0.955000 25.971000 96.638928
26.625000 0.979000 26.951000 96.919403
27.599000 0.974000 27.931000 96.549275
28.578000 0.979000 28.901000 95.707849
29.554000 0.976000 29.891000 94.417334
30.479000 0.925000 30.811000 93.934522
31.346000 0.867000 31.681000 94.552225
32.205000 0.859000 32.531000 95.920879
33.089000 0.884000 33.411000 97.177671
34.008000 0.919000 34.331000 98.186888
34.949000 0.941000 35.271000 98.703423
35.888000 0.939000 36.221000 99.196928
36.825000 0.937000 37.161000 98.635977
37.733000 0.908000 38.061000 98.186888
38.641000 0.908000 38.971000 97.760829
39.556000 0.915000 39.881000 98.389225
40.496000 0.941000 40.821000 97.704898
41.484000 0.988000 41.811000 97.120918
42.495000 1.011000 42.821000 96.111701
43.495000 1.000000 43.831000 94.899324
44.453000 0.958000 44.791000 93.261710
45.389000 0.936000 45.721000 93.351364
46.317000 0.928000 46.651000 93.014958
47.276000 0.959000 47.601000 92.633314
48.254000 0.977000 48.581000 92.094572
49.222000 0.968000 49.551000 91.286869
50.151000 0.928000 50.491000 90.479166
51.059000 0.908000 51.391000 91.264661
51.992000 0.933000 52.321000 91.421760
52.967000 0.975000 53.301000 90.714403
53.958000 0.991000 54.291000 90.198691
54.964000 1.006000 55.301000 89.962631
55.964000 1.000000 56.311000 88.200819
56.932000 0.968000 57.271000 88.156404
57.877000 0.944000 58.211000 88.190126
58.819000 0.943000 59.151000 88.548740
59.798000 0.979000 60.131000 89.222374
60.785000 0.986000 61.121000 88.661423
61.749000 0.965000 62.091000 88.840730
62.687000 0.937000 63.021000 90.097522
63.661000 0.975000 64.001000 90.703711
64.652000 0.991000 64.991000 90.535097
65.627000 0.975000 65.971000 90.075315
66.566000 0.939000 66.911000 89.805532
67.481000 0.915000 67.831000 90.703711
68.380000 0.900000 68.721000 92.139810
69.301000 0.921000 69.641000 92.756691
70.257000 0.956000 70.591000 95.135384
71.237000 0.980000 71.581000 94.529195
72.239000 1.002000 72.581000 94.529195
73.234000 0.995000 73.581000 93.552878
74.182000 0.948000 74.521000 93.496948
75.123000 0.941000 75.461000 93.867076
76.103000 0.981000 76.441000 93.990452
77.093000 0.990000 77.431000 93.463225
78.079000 0.986000 78.421000 92.565869
79.019000 0.940000 79.361000 93.126819
79.972000 0.953000 80.311000 93.834176
80.957000 0.986000 81.291000 93.329156
81.955000 0.998000 82.291000 92.162017
82.900000 0.945000 83.241000 92.229463
83.860000 0.960000 84.201000 93.048681
84.826000 0.966000 85.171000 92.296909
85.764000 0.938000 86.111000 91.679205
86.677000 0.913000 87.021000 92.969720
87.603000 0.926000 87.941000 94.821186
88.562000 0.959000 88.901000 95.550750
89.540000 0.978000 89.881000 95.561443
90.521000 0.981000 90.861000 95.976809
91.412000 0.891000 91.761000 95.943086
92.295000 0.883000 92.641000 96.044255
93.197000 0.902000 93.541000 97.076502
94.156000 0.959000 94.491000 97.648968
95.159000 1.002000 95.491000 95.965294
96.150000 0.992000 96.491000 94.349888
97.124000 0.974000 97.461000 94.552225
98.132000 1.009000 98.471000 94.013483
99.149000 1.017000 99.491000 92.644829
100.148000 0.999000 100.491000 91.141285
101.100000 0.952000 101.441000 90.692196
102.025000 0.925000 102.361000 92.004918
102.988000 0.963000 103.321000 91.735958
103.973000 0.985000 104.311000 91.903750
104.961000 0.987000 105.301000 91.791889
105.895000 0.934000 106.241000 91.971195
106.769000 0.874000 107.111000 93.755215
107.618000 0.849000 107.951000 95.292483
108.506000 0.888000 108.841000 96.829750
109.495000 0.989000 109.831000 97.334770
110.484000 0.989000 110.831000 96.784512
111.432000 0.948000 111.781000 97.525592
112.414000 0.983000 112.751000 98.029789
113.448000 1.034000 113.781000 96.179146
114.457000 1.009000 114.791000 94.686294
115.418000 0.962000 115.761000 93.205780
116.379000 0.960000 116.711000 94.047206
117.351000 0.972000 117.691000 92.913790
118.345000 0.994000 118.691000 91.948988
119.301000 0.956000 119.651000 91.589552
120.266000 0.966000 120.601000 93.138334
121.265000 0.998000 121.601000 92.128294
122.290000 1.025000 122.631000 91.331284
123.315000 1.025000 123.651000 89.704363
124.286000 0.971000 124.631000 88.829215
125.251000 0.965000 125.591000 89.558780
126.238000 0.987000 126.571000 88.672116
127.214000 0.975000 127.551000 87.943374
128.166000 0.953000 128.511000 87.325670
129.083000 0.917000 129.431000 88.649908
129.990000 0.907000 130.331000 89.951938
130.905000 0.915000 131.241000 90.568819
131.839000 0.934000 132.181000 90.467651
132.763000 0.925000 133.111000 91.443968
133.668000 0.905000 134.011000 92.038641
134.566000 0.898000 134.911000 93.429502
135.523000 0.957000 135.861000 95.236552
136.521000 0.998000 136.851000 94.608156
137.523000 1.002000 137.861000 94.495472
138.483000 0.961000 138.831000 93.463225
139.426000 0.942000 139.771000 93.519978
140.371000 0.945000 140.711000 94.147552
141.358000 0.987000 141.691000 93.834176
142.359000 1.001000 142.701000 93.474740
143.372000 1.012000 143.711000 92.173532
144.327000 0.956000 144.671000 91.163493
145.242000 0.914000 145.581000 91.656997
146.165000 0.923000 146.501000 92.285393
147.107000 0.942000 147.451000 92.229463
148.063000 0.956000 148.401000 92.139810
149.000000 0.937000 149.341000 92.072364
149.935000 0.935000 150.271000 93.160542
150.923000 0.988000 151.261000 93.552878
151.923000 1.000000 152.261000 92.363532
152.887000 0.964000 153.231000 91.768858
153.826000 0.939000 154.171000 93.115304
154.810000 0.984000 155.151000 93.115304
155.810000 1.000000 156.151000 92.745175
156.779000 0.969000 157.131000 91.668513
157.735000 0.956000 158.081000 92.554354
158.721000 0.986000 159.061000 92.644829
159.745000 1.024000 160.081000 91.174185
160.749000 1.004000 161.101000 90.355790
161.727000 0.978000 162.071000 91.578859
162.714000 0.987000 163.051000 91.511413
163.686000 0.972000 164.021000 90.748126
164.594000 0.908000 164.941000 91.185700
165.485000 0.891000 165.831000 92.891582
166.426000 0.940000 166.761000 94.787463
167.483000 1.058000 167.821000 96.223562
168.535000 1.052000 168.871000 96.122393
169.575000 1.040000 169.921000 95.684819
170.552000 0.977000 170.901000 94.720017
171.531000 0.979000 171.861000 95.595166
172.563000 1.031000 172.901000 94.910839
173.596000 1.034000 173.941000 94.192789
174.604000 1.008000 174.951000 93.822661
175.595000 0.990000 175.941000 94.159067
176.618000 1.023000 176.961000 93.867076
177.653000 1.035000 177.991000 92.644829
178.679000 1.026000 179.021000 90.680680
179.669000 0.990000 180.011000 90.984186
180.688000 1.019000 181.021000 90.804057
181.703000 1.015000 182.041000 89.435403
182.708000 1.005000 183.051000 88.504324
183.679000 0.971000 184.021000 88.807007
184.678000 0.999000 185.011000 89.166443
185.685000 1.007000 186.021000 87.864413
186.673000 0.989000 187.021000 87.146364
187.601000 0.928000 187.951000 87.741037
188.565000 0.963000 188.901000 88.380948
189.539000 0.974000 189.881000 88.605493
190.499000 0.960000 190.841000 89.345750
191.456000 0.957000 191.801000 91.735958
192.479000 1.023000 192.811000 92.487730
193.539000 1.060000 193.881000 92.611107
194.552000 1.013000 194.901000 92.139810
195.552000 1.000000 195.891000 93.025651
196.600000 1.048000 196.941000 92.621799
197.640000 1.040000 197.981000 91.758166
198.625000 0.986000 198.971000 93.138334
199.654000 1.028000 199.991000 92.947512
200.733000 1.079000 201.081000 92.408770
201.748000 1.014000 202.091000 92.981235
202.778000 1.030000 203.111000 93.261710
203.804000 1.026000 204.141000 92.217948
204.748000 0.944000 205.091000 92.273878
205.695000 0.947000 206.031000 93.306126
206.650000 0.955000 206.991000 93.643354
207.543000 0.893000 207.891000 93.552878
208.412000 0.869000 208.751000 95.696334
209.344000 0.932000 209.681000 97.390700
210.405000 1.061000 210.741000 97.828275
211.409000 1.003000 211.751000 96.728582
212.405000 0.996000 212.741000 97.379185
213.434000 1.029000 213.761000 96.369968
214.484000 1.050000 214.811000 95.113176
215.509000 1.025000 215.841000 93.385087
216.458000 0.950000 216.801000 92.408770
217.409000 0.951000 217.741000 92.532146
218.417000 1.008000 218.741000 92.094572
219.487000 1.070000 219.821000 91.925958
220.537000 1.050000 220.881000 91.645482
221.577000 1.040000 221.911000 92.633314
222.638000 1.061000 222.971000 91.893057
223.702000 1.064000 224.041000 90.377998
224.748000 1.046000 225.091000 89.637740
225.791000 1.043000 226.131000 89.817047
226.860000 1.069000 227.191000 89.256097
227.899000 1.040000 228.231000 88.223849
228.879000 0.980000 229.221000 87.291948
229.858000 0.980000 230.191000 88.649908
230.880000 1.022000 231.211000 88.661423
231.898000 1.018000 232.231000 88.279780
232.889000 0.992000 233.221000 88.212334
233.898000 1.009000 234.231000 88.829215
234.940000 1.042000 235.271000 88.582463
235.982000 1.042000 236.321000 88.874453
237.033000 1.051000 237.371000 88.538047
238.015000 0.982000 238.351000 89.693671
239.028000 1.013000 239.361000 90.736611
240.052000 1.024000 240.381000 90.557304
241.045000 0.993000 241.391000 91.365007
242.042000 0.997000 242.381000 93.351364
243.110000 1.068000 243.441000 94.001968
244.158000 1.048000 244.501000 92.991928
245.143000 0.985000 245.481000 93.172057
246.138000 0.995000 246.481000 94.260235
247.171000 1.032000 247.501000 93.844869
248.206000 1.035000 248.541000 93.755215
249.180000 0.975000 249.521000 94.238027
250.189000 1.008000 250.521000 94.832701
251.210000 1.022000 251.541000 95.146899
252.227000 1.017000 252.571000 94.866423
253.176000 0.948000 253.511000 95.954602
254.187000 1.011000 254.521000 96.796027
255.249000 1.063000 255.581000 96.683344
256.313000 1.064000 256.651000 96.616720
257.339000 1.026000 257.681000 97.199879
258.394000 1.055000 258.731000 97.110225
259.457000 1.063000 259.791000 95.696334
260.478000 1.020000 260.811000 95.034215
261.480000 1.002000 261.811000 95.348413
262.519000 1.038000 262.851000 94.417334
263.522000 1.003000 263.861000 93.822661
264.506000 0.984000 264.831000 94.114651
265.531000 1.025000 265.861000 93.912314
266.565000 1.034000 266.901000 92.902274
267.556000 0.991000 267.901000 93.070889
268.560000 1.005000 268.891000 93.429502
269.587000 1.026000 269.921000 92.577384
270.620000 1.034000 270.961000 91.354314
271.608000 0.987000 271.941000 92.285393
272.616000 1.008000 272.941000 92.487730
273.640000 1.024000 273.971000 91.264661
274.628000 0.987000 274.961000 90.916740
275.613000 0.986000 275.941000 91.791889
276.647000 1.034000 276.971000 91.881542
277.661000 1.014000 277.991000 90.355790
278.594000 0.933000 278.931000 90.871502
279.522000 0.928000 279.851000 92.420285
280.474000 0.952000 280.801000 93.923829
281.488000 1.014000 281.821000 95.359928
282.457000 0.969000 282.791000 96.851958
283.371000 0.914000 283.701000 99.656710
284.305000 0.934000 284.631000 101.205490
285.303000 0.998000 285.631000 102.237740
286.347000 1.044000 286.681000 102.653110
287.340000 0.993000 287.671000 103.438600
288.382000 1.043000 288.701000 105.020280
289.445000 1.063000 289.761000 103.729770
290.500000 1.055000 290.821000 102.349600
291.502000 1.001000 291.831000 101.384800
292.486000 0.984000 292.811000 101.699000
293.483000 0.998000 293.801000 101.171770
294.509000 1.025000 294.821000 100.823850
295.529000 1.020000 295.851000 98.872037
296.507000 0.978000 296.831000 99.926492
297.538000 1.031000 297.851000 99.163205
298.555000 1.017000 298.881000 97.861997
299.546000 0.991000 299.871000 98.176196
300.571000 1.025000 300.891000 98.153988
301.572000 1.000000 301.891000 97.042780
302.553000 0.981000 302.871000 98.164680
303.534000 0.981000 303.851000 98.602255
304.514000 0.980000 304.841000 98.299572
305.445000 0.931000 305.771000 98.164680
306.346000 0.901000 306.671000 99.140997
307.274000 0.927000 307.591000 100.274410
308.282000 1.008000 308.601000 100.588610
309.292000 1.010000 309.611000 99.847532
310.257000 0.965000 310.581000 99.275889
311.151000 0.894000 311.481000 99.118790
312.055000 0.904000 312.371000 100.846060
313.019000 0.964000 313.331000 101.183280
314.010000 0.991000 314.331000 101.597830
314.980000 0.970000 315.301000 100.891290
315.904000 0.923000 316.231000 101.688300
316.860000 0.957000 317.181000 102.563450
317.863000 1.003000 318.181000 102.181810
318.863000 1.000000 319.191000 101.093630
319.790000 0.928000 320.111000 101.845400
320.769000 0.979000 321.091000 101.945750
321.781000 1.012000 322.101000 100.891290
322.760000 0.978000 323.091000 100.184760
323.716000 0.956000 324.041000 100.980950
324.713000 0.997000 325.031000 100.588610
325.719000 1.006000 326.041000 99.095759
326.658000 0.938000 326.981000 99.309611
327.617000 0.959000 327.931000 100.161730
328.617000 1.000000 328.941000 99.152512
329.563000 0.945000 329.891000 98.703423
330.488000 0.926000 330.811000 100.161730
331.492000 1.004000 331.811000 100.666750
332.510000 1.018000 332.831000 99.690433
333.476000 0.966000 333.801000 99.836839
334.459000 0.982000 334.781000 100.913500
335.467000 1.008000 335.781000 100.700470
336.451000 0.985000 336.781000 99.511126
337.403000 0.952000 337.721000 100.240690
338.395000 0.992000 338.711000 100.408480
339.392000 0.997000 339.711000 99.118790
340.330000 0.939000 340.661000 99.017621
341.295000 0.965000 341.611000 100.240690
342.297000 1.002000 342.621000 99.847532
343.283000 0.986000 343.611000 98.613770
344.204000 0.921000 344.531000 98.972383
345.152000 0.948000 345.471000 100.173240
346.154000 1.002000 346.471000 99.970908
347.149000 0.995000 347.471000 99.870562
348.084000 0.935000 348.411000 99.938008
349.010000 0.925000 349.331000 101.138050
349.976000 0.967000 350.291000 103.393360
351.015000 1.039000 351.341000 103.965830
352.071000 1.056000 352.391000 104.133620
353.085000 1.014000 353.411000 103.381850
354.042000 0.957000 354.371000 103.146610
354.974000 0.933000 355.291000 103.685350
355.959000 0.985000 356.271000 103.864660
356.985000 1.026000 357.301000 103.079170
358.012000 1.027000 358.331000 102.653110
359.000000 0.988000 359.331000 101.957260
359.952000 0.951000 360.271000 102.563450
360.927000 0.976000 361.241000 102.641590
361.945000 1.018000 362.261000 102.585660
362.911000 0.966000 363.231000 102.428560
363.808000 0.897000 364.131000 102.820900
364.655000 0.846000 364.981000 103.864660
365.494000 0.839000 365.821000 106.265560
366.396000 0.901000 366.711000 108.341570
367.467000 1.071000 367.781000 108.072610
368.473000 1.007000 368.791000 108.723220
369.502000 1.029000 369.831000 107.556080
370.481000 0.979000 370.801000 105.469370
371.476000 0.994000 371.791000 106.490110
372.510000 1.035000 372.821000 104.224100
373.562000 1.051000 373.881000 102.316700
374.571000 1.010000 374.891000 101.396310
375.560000 0.988000 375.881000 101.553410
376.550000 0.990000 376.861000 100.857570
377.563000 1.012000 377.881000 100.049870
378.529000 0.966000 378.851000 99.747186
379.467000 0.938000 379.791000 100.453720
380.413000 0.946000 380.731000 101.508180
381.411000 0.998000 381.721000 102.046920
382.435000 1.024000 382.751000 101.531210
383.447000 1.012000 383.771000 101.351080
384.449000 1.002000 384.761000 101.923540
385.489000 1.040000 385.801000 101.250730
386.514000 1.025000 386.831000 99.982423
387.509000 0.995000 387.831000 99.196928
388.452000 0.943000 388.771000 99.590087
389.376000 0.924000 389.691000 100.577100
390.380000 1.004000 390.691000 101.430040
391.422000 1.043000 391.741000 101.531210
392.459000 1.037000 392.771000 102.440080
393.491000 1.031000 393.811000 101.722030
394.472000 0.981000 394.791000 101.317350
395.394000 0.922000 395.721000 100.554890
396.284000 0.889000 396.611000 100.711990
397.199000 0.915000 397.511000 101.833890
398.238000 1.039000 398.551000 101.766440
399.294000 1.056000 399.611000 100.891290
400.351000 1.057000 400.671000 100.105800
401.383000 1.032000 401.711000 98.243641
402.409000 1.026000 402.731000 97.412908
403.420000 1.011000 403.741000 96.694859
404.408000 0.988000 404.721000 97.009057
405.392000 0.984000 405.711000 95.943086
406.370000 0.978000 406.691000 95.797502
407.320000 0.950000 407.641000 95.618196
408.223000 0.903000 408.541000 96.717066
409.154000 0.931000 409.471000 98.557839
410.131000 0.977000 410.451000 99.466711
411.127000 0.996000 411.451000 99.264374
412.055000 0.928000 412.381000 99.051344
412.954000 0.899000 413.271000 100.364070
413.887000 0.933000 414.201000 101.328870
414.848000 0.961000 415.161000 100.588610
415.752000 0.904000 416.081000 100.397790
416.635000 0.883000 416.951000 101.800170
417.574000 0.940000 417.891000 102.484490
418.531000 0.957000 418.851000 102.069130
419.438000 0.906000 419.761000 101.788650
420.349000 0.911000 420.671000 103.538950
421.280000 0.931000 421.591000 103.629420
422.212000 0.933000 422.531000 102.697520
423.093000 0.881000 423.411000 103.886870
424.038000 0.945000 424.361000 104.437130
425.049000 1.011000 425.371000 104.133620
426.064000 1.015000 426.391000 102.563450
427.031000 0.967000 427.361000 102.013200
427.993000 0.962000 428.311000 102.136570
428.974000 0.981000 429.291000 101.879130
429.985000 1.011000 430.301000 101.362590
430.998000 1.012000 431.321000 100.318830
431.958000 0.961000 432.281000 101.160250
432.928000 0.969000 433.251000 101.699000
433.928000 1.001000 434.251000 101.519690
434.885000 0.957000 435.211000 100.846060
435.740000 0.855000 436.061000 102.922070
436.608000 0.868000 436.921000 104.268510
437.547000 0.940000 437.861000 104.672360
438.464000 0.917000 438.791000 104.852490
439.411000 0.947000 439.731000 106.243350
440.432000 1.021000 440.741000 106.591270
441.386000 0.954000 441.711000 105.469370
442.336000 0.950000 442.651000 105.817290
443.325000 0.988000 443.641000 105.177380
444.296000 0.971000 444.621000 103.898380
445.231000 0.936000 445.551000 104.695390
446.189000 0.958000 446.511000 104.212580
447.123000 0.934000 447.451000 103.584190
448.010000 0.887000 448.331000 104.548990
448.950000 0.940000 449.261000 104.998080
449.882000 0.932000 450.201000 104.290720
450.784000 0.901000 451.101000 104.986560
451.760000 0.977000 452.071000 105.143660
452.723000 0.962000 453.041000 104.178860
453.671000 0.948000 453.991000 104.437130
454.642000 0.971000 454.961000 103.359640
455.611000 0.969000 455.931000 102.215530
456.541000 0.930000 456.861000 101.889820
457.505000 0.964000 457.821000 102.002500
458.482000 0.977000 458.801000 100.633030
459.430000 0.947000 459.751000 101.048390
460.410000 0.981000 460.721000 101.250730
461.378000 0.968000 461.701000 99.825324
462.313000 0.935000 462.631000 100.274410
463.264000 0.951000 463.581000 100.487440
464.224000 0.960000 464.541000 99.488918
465.136000 0.912000 465.461000 99.590087
466.068000 0.932000 466.381000 100.577100
467.030000 0.962000 467.351000 100.195450
467.945000 0.915000 468.271000 99.724156
468.868000 0.923000 469.181000 101.328870
469.802000 0.935000 470.121000 101.171770
470.639000 0.837000 470.961000 100.711990
471.395000 0.756000 471.721000 99.870562
472.162000 0.767000 472.481000 101.957260
472.971000 0.809000 473.281000 103.561980
473.870000 0.899000 474.181000 104.728290
474.836000 0.966000 475.151000 104.481540
475.728000 0.892000 476.051000 103.786520
476.643000 0.915000 476.961000 105.413440
477.604000 0.961000 477.921000 104.358170
478.553000 0.949000 478.881000 103.965830
479.459000 0.906000 479.781000 105.065520
480.465000 1.005000 480.781000 105.143660
481.491000 1.026000 481.811000 103.472320
482.455000 0.964000 482.781000 102.394840
483.426000 0.971000 483.741000 102.417050
484.452000 1.027000 484.771000 102.810210
485.513000 1.060000 485.831000 100.711990
486.555000 1.042000 486.881000 98.938660
487.552000 0.998000 487.871000 98.838314
488.598000 1.046000 488.921000 98.176196
489.611000 1.012000 489.931000 96.245769
490.551000 0.940000 490.871000 97.255809
491.518000 0.967000 491.841000 97.412908
492.486000 0.969000 492.811000 97.603730
493.427000 0.941000 493.751000 98.467363
494.390000 0.963000 494.711000 100.790130
495.414000 1.024000 495.731000 102.428560
496.390000 0.976000 496.711000 102.383320
497.380000 0.990000 497.711000 101.564930
498.332000 0.952000 498.661000 102.102850
499.305000 0.973000 499.621000 103.830940
500.371000 1.066000 500.691000 103.303710
501.422000 1.051000 501.741000 102.450770
502.440000 1.017000 502.761000 101.048390
503.414000 0.975000 503.731000 101.048390
504.394000 0.980000 504.711000 101.531210
505.429000 1.034000 505.751000 100.386270
506.467000 1.038000 506.791000 99.600779
507.519000 1.052000 507.841000 98.927968
508.548000 1.029000 508.871000 98.534809
509.586000 1.038000 509.911000 98.546324
510.637000 1.050000 510.961000 97.222086
511.702000 1.066000 512.031000 96.032740
512.698000 0.996000 513.031000 94.238027
513.655000 0.957000 513.981000 95.213522
514.649000 0.994000 514.971000 95.461097
515.696000 1.046000 516.021000 94.989800
516.758000 1.063000 517.081000 94.428849
517.804000 1.046000 518.131000 93.586601
518.807000 1.003000 519.141000 92.700760
519.828000 1.022000 520.151000 93.654047
520.895000 1.067000 521.221000 92.969720
521.939000 1.044000 522.271000 91.533621
522.961000 1.022000 523.291000 91.623275
524.034000 1.073000 524.361000 91.724443
525.112000 1.077000 525.431000 90.950463
526.161000 1.049000 526.491000 90.018562
527.179000 1.019000 527.501000 91.264661
528.221000 1.042000 528.541000 91.634790
529.250000 1.029000 529.581000 90.703711
530.205000 0.955000 530.541000 91.656997
531.103000 0.898000 531.431000 93.620324
531.985000 0.882000 532.301000 96.773819
532.931000 0.946000 533.251000 98.781561
533.986000 1.055000 534.301000 101.396310
535.038000 1.051000 535.361000 103.673840
536.058000 1.020000 536.381000 104.695390
537.047000 0.990000 537.371000 105.760540
538.059000 1.012000 538.381000 107.106990
539.111000 1.051000 539.421000 106.602790
540.148000 1.038000 540.461000 106.310800
541.192000 1.043000 541.511000 105.570540
542.203000 1.012000 542.521000 105.065520
543.230000 1.026000 543.541000 104.604920
544.285000 1.055000 544.601000 103.538950
545.300000 1.015000 545.621000 101.676790
546.257000 0.957000 546.581000 101.754930
547.159000 0.902000 547.471000 102.776480
548.093000 0.935000 548.411000 104.033270
549.091000 0.997000 549.401000 103.842450
550.053000 0.963000 550.371000 104.067000
550.991000 0.938000 551.311000 104.504570
551.935000 0.944000 552.251000 105.861710
552.938000 1.004000 553.251000 106.636510
553.968000 1.029000 554.291000 104.728290
554.919000 0.952000 555.241000 105.222620
555.894000 0.975000 556.211000 105.447170
556.909000 1.015000 557.221000 104.246300
557.875000 0.966000 558.201000 103.146610
558.794000 0.918000 559.111000 104.077690
559.771000 0.977000 560.081000 104.986560
560.795000 1.024000 561.111000 104.548990
561.809000 1.014000 562.131000 103.538950
562.789000 0.980000 563.111000 103.842450
563.780000 0.992000 564.101000 103.786520
564.794000 1.014000 565.111000 103.292200
565.766000 0.971000 566.091000 102.518220
566.729000 0.963000 567.041000 104.335960
567.785000 1.056000 568.101000 104.302230
568.842000 1.058000 569.161000 102.955790
569.852000 1.010000 570.171000 102.854620
570.847000 0.995000 571.161000 103.663150
571.863000 1.016000 572.181000 104.055480
572.866000 1.003000 573.181000 102.204020
573.848000 0.981000 574.171000 101.945750
574.864000 1.016000 575.181000 102.742760
575.912000 1.048000 576.231000 102.619380
576.909000 0.997000 577.231000 102.226220
577.888000 0.978000 578.201000 102.417050
578.898000 1.010000 579.211000 102.597180
579.923000 1.025000 580.241000 102.125880
580.904000 0.981000 581.231000 102.316700
581.857000 0.953000 582.171000 103.999550
582.846000 0.990000 583.161000 104.246300
583.886000 1.039000 584.201000 104.470850
584.863000 0.977000 585.191000 103.561980
585.832000 0.969000 586.151000 104.728290
586.847000 1.015000 587.161000 104.807250
587.876000 1.029000 588.201000 103.011720
588.842000 0.966000 589.161000 103.584190
589.849000 1.007000 590.161000 103.258470
590.855000 1.006000 591.171000 101.935060
591.804000 0.949000 592.131000 101.217010
592.742000 0.938000 593.061000 102.204020
593.728000 0.986000 594.041000 102.192500
594.761000 1.033000 595.081000 101.643070
595.773000 1.012000 596.101000 101.138050
596.756000 0.983000 597.071000 101.889820
597.789000 1.033000 598.111000 101.452240
598.832000 1.043000 599.151000 100.577100
599.838000 1.005000 600.161000 99.488918
600.811000 0.973000 601.131000 101.048390
601.820000 1.009000 602.141000 100.554890
602.855000 1.035000 603.181000 99.443680
603.825000 0.970000 604.151000 99.701948
604.832000 1.006000 605.151000 101.093630
605.857000 1.025000 606.171000 100.644540
606.845000 0.988000 607.171000 100.161730
607.798000 0.954000 608.121000 101.474450
608.796000 0.998000 609.111000 102.697520
609.851000 1.054000 610.171000 103.214060
610.891000 1.041000 611.221000 102.563450
611.892000 1.001000 612.221000 103.538950
612.912000 1.020000 613.231000 104.459330
613.976000 1.064000 614.291000 104.538290
615.052000 1.075000 615.381000 103.202540
616.038000 0.986000 616.361000 103.359640
617.053000 1.015000 617.371000 104.280030
618.086000 1.034000 618.401000 103.673840
619.117000 1.031000 619.441000 102.675310
620.086000 0.969000 620.411000 103.663150
621.110000 1.024000 621.421000 104.324440
622.138000 1.028000 622.461000 102.810210
623.097000 0.960000 623.421000 102.798690
624.042000 0.944000 624.361000 104.335960
625.062000 1.020000 625.381000 104.672360
626.129000 1.067000 626.451000 103.707560
627.179000 1.050000 627.501000 102.899860
628.190000 1.011000 628.511000 103.595700
629.235000 1.045000 629.551000 102.349600
630.278000 1.043000 630.601000 101.183280
631.255000 0.978000 631.581000 100.790130
632.247000 0.991000 632.561000 100.980950
633.274000 1.027000 633.591000 100.184760
634.274000 1.000000 634.601000 98.333295
635.218000 0.944000 635.541000 99.365542
636.207000 0.989000 636.521000 99.443680
637.215000 1.008000 637.531000 99.455195
638.193000 0.979000 638.521000 99.186235
639.177000 0.984000 639.491000 101.597830
640.206000 1.029000 640.521000 101.306660
641.206000 1.000000 641.531000 100.498960
642.164000 0.958000 642.481000 101.440730
643.156000 0.991000 643.471000 102.204020
644.193000 1.037000 644.511000 102.764970
645.245000 1.053000 645.571000 102.002500
646.257000 1.011000 646.581000 101.418520
647.237000 0.980000 647.561000 103.158130
648.246000 1.009000 648.561000 103.415570
649.283000 1.037000 649.601000 102.215530
650.307000 1.024000 650.631000 101.631550
651.322000 1.015000 651.641000 102.630080
652.347000 1.025000 652.671000 103.180330
653.376000 1.029000 653.701000 101.541900
654.366000 0.989000 654.691000 102.563450
655.370000 1.004000 655.691000 102.114360
656.364000 0.995000 656.681000 101.452240
657.323000 0.959000 657.651000 100.543370
658.244000 0.921000 658.571000 101.788650
659.154000 0.909000 659.471000 103.965830
660.129000 0.975000 660.451000 104.067000
661.170000 1.042000 661.491000 105.547510
662.228000 1.058000 662.551000 104.942150
663.228000 1.000000 663.551000 106.018810
664.259000 1.031000 664.581000 106.322310
665.285000 1.026000 665.611000 105.727640
666.268000 0.983000 666.591000 104.594230
667.230000 0.962000 667.551000 104.885390
668.216000 0.986000 668.531000 106.142190
669.217000 1.000000 669.531000 105.704610
670.225000 1.009000 670.541000 105.155180
671.205000 0.980000 671.531000 104.122930
672.189000 0.984000 672.511000 104.795740
673.199000 1.010000 673.511000 104.043970
674.212000 1.013000 674.531000 103.292200
675.220000 1.008000 675.541000 102.002500
676.154000 0.934000 676.481000 101.722030
677.081000 0.927000 677.401000 102.663800
678.076000 0.995000 678.391000 102.518220
679.115000 1.039000 679.431000 102.338910
680.109000 0.995000 680.431000 100.980950
681.049000 0.940000 681.371000 101.160250
682.014000 0.965000 682.331000 102.092160
683.045000 1.031000 683.361000 101.968780
684.069000 1.024000 684.381000 101.699000
685.062000 0.993000 685.381000 101.474450
686.024000 0.962000 686.341000 102.316700
