227.830000 0.933000 228.202000 124.419420
228.741000 0.911000 229.092000 128.660910
229.643000 0.902000 230.033000 128.721800
230.590000 0.947000 230.922000 131.895800
231.572000 0.982000 231.915000 131.834910
232.541000 0.969000 232.894000 133.512600
233.496000 0.956000 233.843000 130.644340
234.440000 0.944000 234.774000 133.055280
235.368000 0.928000 235.710000 132.597970
236.303000 0.935000 236.642000 137.998950
237.281000 0.979000 237.613000 136.411950
238.251000 0.970000 238.620000 128.294290
239.209000 0.957000 239.547000 133.971210
240.141000 0.933000 240.511000 121.947590
241.057000 0.916000 241.431000 123.960810
241.954000 0.897000 242.291000 135.283560
242.876000 0.922000 243.212000 135.252470
243.821000 0.945000 244.169000 134.398730
244.751000 0.930000 245.109000 133.025490
245.672000 0.921000 246.042000 134.428520
246.591000 0.919000 246.929000 137.969150
247.519000 0.928000 247.851000 136.443040
248.476000 0.957000 248.798000 135.191580
249.406000 0.930000 249.759000 127.897860
250.321000 0.915000 250.671000 128.294290
251.235000 0.914000 251.610000 127.470340
252.140000 0.906000 252.465000 133.512600
253.087000 0.947000 253.414000 133.086370
254.044000 0.957000 254.387000 131.132750
254.985000 0.941000 255.328000 123.564380
255.909000 0.924000 256.304000 120.817900
256.830000 0.921000 257.192000 124.419420
257.731000 0.902000 258.080000 126.218880
258.655000 0.924000 259.002000 132.323320
259.593000 0.938000 259.938000 125.457120
260.524000 0.931000 260.867000 122.709350
261.434000 0.910000 261.792000 121.641850
262.336000 0.901000 262.684000 128.782690
263.228000 0.892000 263.576000 128.294290
264.135000 0.907000 264.455000 129.912380
265.071000 0.936000 265.425000 127.134800
266.005000 0.933000 266.339000 131.132750
266.930000 0.925000 267.305000 130.277710
267.844000 0.913000 268.194000 131.834910
268.755000 0.911000 269.126000 125.486920
269.649000 0.894000 270.047000 136.411950
270.538000 0.889000 270.905000 137.969150
271.466000 0.928000 271.799000 137.633610
272.421000 0.954000 272.767000 133.512600
273.365000 0.945000 273.717000 130.369690
274.284000 0.919000 274.631000 131.834910
275.207000 0.923000 275.561000 133.940120
276.123000 0.916000 276.465000 131.468280
277.053000 0.931000 277.413000 134.367630
278.005000 0.952000 278.346000 131.834910
278.969000 0.964000 279.316000 131.438490
279.914000 0.945000 280.256000 127.501430
280.845000 0.931000 281.185000 130.736320
281.773000 0.928000 282.109000 131.895800
282.707000 0.934000 283.063000 132.688650
283.691000 0.985000 284.054000 130.705230
284.683000 0.992000 285.031000 133.451710
285.654000 0.970000 286.015000 122.038270
286.600000 0.947000 286.948000 124.021700
287.531000 0.931000 287.870000 132.262430
288.454000 0.922000 288.790000 134.032100
289.380000 0.926000 289.732000 133.971210
290.392000 1.013000 290.732000 133.543690
291.385000 0.992000 291.719000 134.795150
292.334000 0.950000 292.690000 134.336540
293.272000 0.938000 293.611000 133.971210
294.206000 0.934000 294.551000 132.231340
295.138000 0.933000 295.499000 134.336540
296.067000 0.929000 296.411000 136.778580
297.021000 0.954000 297.369000 135.985720
297.985000 0.964000 298.331000 136.717690
298.938000 0.953000 299.284000 133.512600
299.887000 0.950000 300.232000 133.940120
300.821000 0.934000 301.166000 132.597970
301.735000 0.914000 302.097000 126.310860
302.634000 0.899000 303.000000 116.819960
303.534000 0.900000 303.897000 127.134800
304.450000 0.916000 304.820000 122.038270
305.362000 0.913000 305.717000 131.438490
306.279000 0.917000 306.617000 130.705230
307.205000 0.925000 307.555000 129.881280
308.119000 0.915000 308.467000 126.341950
309.029000 0.910000 309.417000 121.153440
309.931000 0.902000 310.298000 125.029600
310.817000 0.886000 311.159000 128.386270
311.691000 0.874000 312.069000 122.771530
312.555000 0.864000 312.887000 127.958750
313.396000 0.841000 313.738000 125.853550
314.218000 0.822000 314.557000 127.928950
315.038000 0.820000 315.407000 129.118230
315.863000 0.826000 316.228000 123.534580
316.689000 0.826000 317.056000 126.677490
317.513000 0.824000 317.847000 136.747480
318.325000 0.812000 318.678000 131.071860
319.151000 0.826000 319.503000 133.177060
320.002000 0.851000 320.348000 130.675430
320.874000 0.872000 321.228000 126.585510
321.750000 0.877000 322.105000 127.105010
322.630000 0.880000 323.003000 127.989840
323.504000 0.874000 323.844000 132.201540
324.417000 0.913000 324.747000 133.482800
325.354000 0.937000 325.705000 133.055280
326.315000 0.961000 326.653000 132.658860
327.272000 0.957000 327.612000 131.803820
328.229000 0.957000 328.573000 125.883340
329.164000 0.935000 329.521000 120.299700
330.079000 0.916000 330.424000 125.151380
330.988000 0.909000 331.325000 129.942170
331.916000 0.928000 332.250000 129.606640
332.860000 0.944000 333.222000 121.214330
333.807000 0.947000 334.150000 122.740440
334.752000 0.945000 335.130000 115.203160
335.683000 0.931000 336.053000 121.549860
336.616000 0.933000 336.951000 125.853550
337.576000 0.960000 337.932000 121.184530
338.532000 0.956000 338.872000 120.725920
339.473000 0.941000 339.819000 117.888760
340.391000 0.918000 340.742000 116.727980
341.318000 0.926000 341.649000 122.771530
342.259000 0.942000 342.600000 124.358530
343.201000 0.942000 343.541000 121.947590
344.140000 0.940000 344.480000 123.595470
345.057000 0.917000 345.400000 123.564380
345.985000 0.928000 346.328000 119.444660
346.911000 0.926000 347.261000 119.536640
347.822000 0.911000 348.180000 121.580960
348.735000 0.913000 349.099000 121.092550
349.610000 0.875000 349.951000 122.771530
350.494000 0.884000 350.821000 127.134800
351.471000 0.977000 351.821000 126.218880
352.465000 0.994000 352.829000 127.440550
353.426000 0.961000 353.759000 132.658860
354.384000 0.958000 354.738000 131.010970
355.341000 0.957000 355.701000 131.895800
356.278000 0.937000 356.617000 129.912380
357.206000 0.928000 357.559000 134.367630
358.116000 0.910000 358.448000 137.296780
359.071000 0.955000 359.409000 136.778580
360.067000 0.996000 360.430000 132.170450
361.076000 1.010000 361.418000 132.688650
362.056000 0.980000 362.390000 133.451710
363.025000 0.969000 363.364000 131.774020
363.988000 0.962000 364.349000 124.266550
364.938000 0.950000 365.309000 127.623210
365.881000 0.943000 366.227000 128.600030
366.818000 0.937000 367.159000 133.116170
367.785000 0.967000 368.124000 131.071860
368.757000 0.972000 369.109000 124.815840
369.735000 0.978000 370.118000 126.218880
370.696000 0.961000 371.054000 125.486920
371.649000 0.952000 372.000000 125.914440
372.611000 0.963000 372.966000 128.692010
373.577000 0.966000 373.916000 129.118230
374.553000 0.976000 374.903000 128.692010
375.539000 0.986000 375.906000 122.801330
376.508000 0.969000 376.854000 121.153440
377.473000 0.965000 377.813000 123.960810
378.436000 0.963000 378.804000 118.681610
379.379000 0.943000 379.727000 122.008470
380.331000 0.952000 380.672000 124.694070
381.281000 0.950000 381.626000 124.694070
382.260000 0.979000 382.622000 124.694070
383.240000 0.981000 383.572000 130.277710
384.192000 0.952000 384.536000 127.470340
385.109000 0.918000 385.486000 122.404900
386.005000 0.896000 386.355000 126.677490
386.914000 0.909000 387.271000 127.470340
387.856000 0.942000 388.220000 125.518010
388.810000 0.954000 389.152000 129.453770
389.760000 0.950000 390.104000 129.423970
390.705000 0.945000 391.072000 124.358530
391.633000 0.928000 392.034000 119.597530
392.563000 0.930000 392.923000 128.294290
393.529000 0.966000 393.870000 133.086370
394.501000 0.971000 394.834000 130.644340
395.459000 0.959000 395.789000 128.294290
396.406000 0.946000 396.751000 126.249970
397.351000 0.946000 397.721000 119.505550
398.305000 0.954000 398.643000 129.851490
399.279000 0.973000 399.622000 125.090490
400.243000 0.964000 400.620000 123.656360
401.205000 0.963000 401.562000 120.786810
402.166000 0.961000 402.508000 123.107070
403.115000 0.949000 403.469000 119.872180
404.084000 0.969000 404.420000 125.059400
405.045000 0.961000 405.398000 121.184530
405.994000 0.949000 406.339000 122.771530
406.919000 0.925000 407.285000 123.564380
407.851000 0.931000 408.200000 124.296340
408.811000 0.961000 409.150000 125.120290
409.772000 0.961000 410.111000 129.545750
410.718000 0.946000 411.071000 124.694070
411.645000 0.927000 412.020000 126.281060
412.548000 0.903000 412.927000 118.346070
413.462000 0.913000 413.833000 123.136860
414.375000 0.913000 414.707000 131.438490
415.327000 0.952000 415.668000 131.895800
416.271000 0.944000 416.640000 132.292230
417.196000 0.925000 417.548000 129.515950
418.105000 0.909000 418.459000 129.912380
419.024000 0.919000 419.399000 130.979880
419.961000 0.937000 420.293000 135.161780
420.933000 0.972000 421.278000 134.764060
421.898000 0.965000 422.245000 133.482800
422.856000 0.958000 423.205000 131.529170
423.798000 0.942000 424.155000 126.249970
424.746000 0.948000 425.092000 133.025490
425.705000 0.959000 426.079000 127.531230
426.680000 0.975000 427.046000 126.646400
427.638000 0.958000 428.037000 127.042820
428.572000 0.933000 428.917000 126.677490
429.499000 0.928000 429.836000 125.853550
430.438000 0.939000 430.773000 129.149320
431.403000 0.965000 431.730000 129.149320
432.350000 0.947000 432.687000 128.325380
433.286000 0.935000 433.625000 126.646400
434.209000 0.923000 434.564000 124.723860
435.125000 0.916000 435.465000 125.120290
436.051000 0.927000 436.418000 122.434700
436.981000 0.930000 437.313000 128.355170
437.941000 0.959000 438.312000 123.931010
438.898000 0.957000 439.242000 122.740440
439.856000 0.958000 440.224000 118.314980
440.814000 0.957000 441.162000 118.346070
441.779000 0.965000 442.143000 119.109120
442.731000 0.952000 443.103000 117.522130
443.680000 0.949000 444.054000 113.127760
444.617000 0.937000 444.961000 118.375870
445.579000 0.962000 445.932000 122.832420
446.544000 0.965000 446.880000 122.038270
447.498000 0.954000 447.851000 123.931010
448.426000 0.927000 448.792000 123.228840
449.349000 0.924000 449.719000 125.822450
450.267000 0.918000 450.612000 128.782690
451.233000 0.966000 451.600000 133.025490
452.188000 0.954000 452.533000 135.619100
453.133000 0.946000 453.473000 133.940120
454.049000 0.916000 454.400000 133.055280
454.938000 0.889000 455.308000 126.677490
455.849000 0.912000 456.212000 134.673370
456.787000 0.938000 457.127000 135.497320
457.748000 0.960000 458.096000 134.336540
458.712000 0.965000 459.062000 131.803820
459.656000 0.943000 460.039000 118.314980
460.590000 0.934000 460.949000 128.692010
461.514000 0.924000 461.856000 133.451710
462.442000 0.928000 462.789000 134.764060
463.385000 0.943000 463.734000 135.985720
464.345000 0.960000 464.720000 127.470340
465.284000 0.939000 465.629000 133.879230
466.220000 0.936000 466.575000 132.658860
467.134000 0.913000 467.509000 127.897860
468.048000 0.914000 468.409000 131.774020
468.992000 0.944000 469.338000 133.940120
469.961000 0.969000 470.307000 133.055280
470.916000 0.955000 471.256000 130.308800
471.863000 0.947000 472.209000 126.707290
472.802000 0.939000 473.155000 127.531230
473.753000 0.951000 474.119000 127.897860
474.738000 0.984000 475.119000 126.646400
475.717000 0.979000 476.075000 123.564380
476.673000 0.957000 477.047000 121.580960
477.601000 0.928000 477.955000 123.899920
478.539000 0.938000 478.904000 128.752900
479.486000 0.947000 479.835000 127.042820
480.461000 0.975000 480.801000 128.721800
481.435000 0.974000 481.785000 126.249970
482.390000 0.955000 482.735000 125.914440
483.327000 0.938000 483.715000 120.725920
484.246000 0.918000 484.637000 117.247480
485.150000 0.904000 485.483000 126.677490
486.058000 0.908000 486.406000 127.928950
486.962000 0.904000 487.303000 129.881280
487.882000 0.921000 488.236000 130.644340
488.800000 0.918000 489.163000 127.928950
489.709000 0.909000 490.078000 128.417360
490.629000 0.920000 491.034000 132.566880
491.583000 0.954000 491.924000 131.742930
492.555000 0.972000 492.892000 131.040770
493.516000 0.961000 493.855000 131.101650
494.457000 0.940000 494.824000 123.991900
495.397000 0.940000 495.741000 127.470340
496.339000 0.942000 496.701000 129.118230
497.288000 0.949000 497.634000 129.484860
498.266000 0.978000 498.610000 128.752900
499.227000 0.961000 499.572000 127.073920
500.180000 0.953000 500.522000 127.470340
501.124000 0.944000 501.471000 125.853550
502.058000 0.933000 502.422000 123.136860
502.995000 0.938000 503.340000 127.928950
503.961000 0.966000 504.303000 130.339900
504.921000 0.960000 505.271000 127.073920
505.873000 0.952000 506.210000 124.694070
506.821000 0.948000 507.168000 125.120290
507.771000 0.950000 508.123000 123.167960
508.730000 0.959000 509.087000 121.610750
509.685000 0.955000 510.039000 117.949640
510.641000 0.956000 510.979000 121.520070
511.595000 0.954000 511.947000 116.759070
512.546000 0.951000 512.880000 119.109120
513.501000 0.955000 513.831000 118.314980
514.429000 0.928000 514.801000 113.585070
515.358000 0.928000 515.709000 121.549860
516.293000 0.936000 516.638000 124.694070
517.213000 0.919000 517.549000 129.484860
518.139000 0.926000 518.505000 129.118230
519.062000 0.923000 519.406000 133.421910
519.985000 0.923000 520.345000 133.879230
520.907000 0.922000 521.257000 135.252470
521.885000 0.978000 522.227000 136.778580
522.909000 1.024000 523.248000 135.923540
523.913000 1.004000 524.256000 135.588000
524.848000 0.935000 525.229000 127.105010
525.799000 0.951000 526.158000 132.627760
526.766000 0.967000 527.117000 138.365580
527.760000 0.993000 528.116000 138.273590
528.789000 1.029000 529.126000 140.044560
529.803000 1.014000 530.135000 135.130690
530.812000 1.009000 531.155000 133.086370
531.795000 0.983000 532.157000 131.407390
532.761000 0.966000 533.116000 130.705230
533.730000 0.969000 534.105000 131.407390
534.726000 0.996000 535.080000 131.560260
535.736000 1.010000 536.083000 133.543690
536.726000 0.990000 537.104000 131.468280
537.711000 0.985000 538.076000 128.721800
538.668000 0.957000 539.054000 123.991900
539.621000 0.953000 539.975000 134.367630
540.592000 0.971000 540.940000 135.191580
541.563000 0.971000 541.916000 134.795150
542.517000 0.954000 542.884000 133.543690
543.464000 0.947000 543.824000 127.868060
544.392000 0.928000 544.744000 128.692010
545.326000 0.933000 545.675000 132.262430
546.284000 0.958000 546.631000 133.910320
547.246000 0.962000 547.605000 132.688650
548.200000 0.954000 548.540000 131.101650
549.145000 0.945000 549.497000 129.973270
550.068000 0.923000 550.421000 125.090490
550.992000 0.924000 551.341000 130.675430
551.920000 0.928000 552.270000 126.677490
552.854000 0.934000 553.230000 123.931010
553.812000 0.958000 554.152000 129.088430
554.759000 0.947000 555.103000 129.484860
555.702000 0.943000 556.058000 127.928950
556.640000 0.938000 556.969000 130.308800
557.543000 0.903000 557.886000 126.616600
558.448000 0.906000 558.802000 125.029600
559.360000 0.911000 559.703000 128.386270
560.285000 0.926000 560.629000 129.851490
561.237000 0.952000 561.612000 127.440550
562.182000 0.945000 562.531000 126.218880
563.111000 0.928000 563.460000 125.120290
564.020000 0.909000 564.381000 119.933070
564.925000 0.905000 565.306000 117.491030
565.827000 0.902000 566.180000 122.038270
566.722000 0.895000 567.108000 121.488980
567.615000 0.893000 568.029000 120.299700
568.475000 0.860000 568.839000 125.853550
569.303000 0.828000 569.658000 127.073920
570.130000 0.827000 570.476000 129.545750
570.983000 0.853000 571.340000 126.707290
571.868000 0.885000 572.217000 127.958750
572.742000 0.874000 573.096000 127.531230
573.630000 0.888000 573.976000 128.813790
574.519000 0.889000 574.868000 128.294290
575.391000 0.873000 575.737000 129.149320
576.286000 0.895000 576.627000 127.897860
577.185000 0.899000 577.528000 129.149320
578.093000 0.908000 578.449000 123.960810
578.996000 0.903000 579.368000 120.390380
579.907000 0.911000 580.275000 125.090490
580.836000 0.929000 581.215000 127.928950
581.800000 0.964000 582.142000 129.942170
582.774000 0.974000 583.115000 129.149320
583.744000 0.971000 584.106000 127.897860
584.708000 0.964000 585.066000 123.046180
585.664000 0.956000 586.036000 118.773590
586.598000 0.934000 586.954000 119.444660
587.536000 0.938000 587.887000 123.960810
588.476000 0.940000 588.834000 123.564380
589.442000 0.965000 589.806000 125.457120
590.415000 0.973000 590.773000 121.549860
591.378000 0.963000 591.712000 122.709350
592.326000 0.948000 592.660000 121.123640
593.266000 0.941000 593.615000 119.962870
594.190000 0.924000 594.564000 118.406960
595.116000 0.926000 595.458000 119.170010
596.044000 0.928000 596.396000 116.819960
596.994000 0.949000 597.354000 119.138920
597.958000 0.965000 598.353000 117.186590
598.911000 0.953000 599.254000 119.901980
599.856000 0.944000 600.218000 119.048240
600.789000 0.933000 601.133000 115.966220
601.708000 0.920000 602.073000 114.775650
602.632000 0.924000 603.041000 117.643900
603.548000 0.916000 603.913000 121.580960
604.485000 0.937000 604.842000 123.991900
605.402000 0.917000 605.760000 122.771530
606.303000 0.901000 606.658000 124.754950
607.207000 0.904000 607.560000 129.453770
608.088000 0.880000 608.432000 131.071860
608.956000 0.868000 609.321000 126.310860
609.830000 0.874000 610.201000 129.484860
610.706000 0.876000 611.070000 131.774020
611.590000 0.884000 611.934000 137.266980
612.502000 0.912000 612.858000 133.879230
613.424000 0.922000 613.767000 136.411950
614.342000 0.918000 614.712000 133.025490
615.267000 0.925000 615.609000 131.040770
616.178000 0.911000 616.542000 131.101650
617.101000 0.923000 617.448000 130.247910
618.035000 0.934000 618.379000 136.382150
618.999000 0.964000 619.360000 131.132750
619.966000 0.967000 620.298000 131.864710
620.933000 0.967000 621.278000 129.576840
621.888000 0.955000 622.228000 126.616600
622.815000 0.927000 623.179000 120.786810
623.748000 0.933000 624.096000 120.451270
624.692000 0.944000 625.039000 123.991900
625.654000 0.962000 626.039000 128.355170
626.619000 0.964000 626.967000 124.266550
627.575000 0.957000 627.928000 125.486920
628.510000 0.935000 628.868000 119.536640
629.439000 0.929000 629.797000 119.536640
630.373000 0.934000 630.724000 124.662970
631.327000 0.954000 631.677000 127.531230
632.291000 0.964000 632.638000 129.149320
633.245000 0.954000 633.598000 130.675430
634.192000 0.947000 634.537000 129.515950
635.131000 0.940000 635.499000 122.771530
636.066000 0.935000 636.426000 127.562320
637.012000 0.946000 637.374000 127.868060
637.962000 0.950000 638.316000 132.262430
638.932000 0.970000 639.277000 131.071860
639.906000 0.974000 640.264000 127.928950
640.871000 0.966000 641.222000 129.149320
641.825000 0.954000 642.215000 123.564380
642.759000 0.933000 643.114000 122.283120
643.696000 0.937000 644.063000 124.266550
644.634000 0.938000 644.976000 125.792660
645.585000 0.951000 645.925000 129.515950
646.534000 0.948000 646.886000 129.606640
647.471000 0.937000 647.826000 131.101650
648.392000 0.922000 648.752000 127.897860
649.316000 0.924000 649.684000 128.325380
650.249000 0.933000 650.621000 128.325380
651.207000 0.957000 651.555000 133.879230
652.179000 0.973000 652.529000 133.025490
653.152000 0.973000 653.511000 131.742930
654.112000 0.960000 654.461000 129.545750
655.054000 0.942000 655.432000 122.740440
655.988000 0.934000 656.344000 128.294290
656.941000 0.953000 657.288000 130.339900
657.900000 0.959000 658.244000 129.942170
658.850000 0.949000 659.233000 129.973270
659.784000 0.934000 660.119000 125.975320
660.695000 0.911000 661.082000 120.725920
661.606000 0.911000 661.961000 127.531230
662.529000 0.923000 662.871000 129.453770
663.472000 0.943000 663.820000 127.836970
664.405000 0.933000 664.750000 128.752900
665.323000 0.918000 665.672000 129.149320
666.215000 0.892000 666.570000 127.531230
667.099000 0.884000 667.459000 123.595470
668.001000 0.902000 668.362000 128.355170
668.914000 0.913000 669.260000 129.942170
669.844000 0.930000 670.191000 130.400780
670.765000 0.920000 671.111000 129.515950
671.677000 0.913000 672.048000 125.059400
672.567000 0.889000 672.950000 118.375870
673.462000 0.895000 673.817000 126.218880
674.362000 0.900000 674.716000 126.585510
675.291000 0.928000 675.628000 129.912380
676.208000 0.917000 676.559000 127.897860
677.113000 0.905000 677.468000 129.149320
678.009000 0.895000 678.353000 127.928950
678.892000 0.884000 679.237000 126.371750
679.788000 0.895000 680.148000 125.090490
680.679000 0.892000 681.048000 127.073920
681.604000 0.925000 681.949000 132.292230
682.544000 0.940000 682.916000 130.339900
683.482000 0.938000 683.829000 128.355170
684.412000 0.930000 684.761000 124.754950
685.335000 0.923000 685.696000 119.170010
686.276000 0.941000 686.625000 124.694070
687.234000 0.957000 687.595000 123.931010
688.176000 0.942000 688.526000 120.329490
689.094000 0.918000 689.453000 120.329490
690.024000 0.929000 690.377000 124.021700
690.957000 0.933000 691.314000 121.520070
691.909000 0.952000 692.256000 121.580960
692.837000 0.928000 693.222000 121.153440
693.758000 0.921000 694.118000 118.040330
694.667000 0.909000 695.043000 121.916490
695.569000 0.902000 695.923000 124.662970
696.477000 0.909000 696.830000 131.834910
697.404000 0.927000 697.755000 131.438490
698.348000 0.943000 698.695000 133.116170
699.292000 0.944000 699.651000 131.132750
700.226000 0.933000 700.576000 129.149320
701.144000 0.918000 701.532000 123.534580
702.087000 0.943000 702.435000 130.736320
703.051000 0.963000 703.415000 131.407390
704.011000 0.960000 704.364000 129.484860
704.961000 0.950000 705.333000 122.771530
705.903000 0.942000 706.255000 123.595470
706.834000 0.931000 707.221000 116.819960
707.771000 0.937000 708.131000 123.564380
708.718000 0.947000 709.087000 124.419420
709.688000 0.970000 710.051000 125.120290
710.647000 0.959000 710.994000 122.038270
711.594000 0.947000 711.953000 125.883340
712.521000 0.927000 712.881000 123.534580
713.451000 0.930000 713.800000 125.486920
714.380000 0.929000 714.740000 127.897860
715.330000 0.949000 715.703000 129.881280
716.291000 0.961000 716.637000 131.040770
717.240000 0.949000 717.610000 129.149320
718.187000 0.947000 718.549000 124.694070
719.124000 0.937000 719.472000 126.310860
720.071000 0.947000 720.432000 125.518010
721.019000 0.948000 721.367000 128.355170
721.952000 0.933000 722.298000 127.958750
722.917000 0.965000 723.255000 127.501430
723.868000 0.951000 724.209000 127.042820
724.813000 0.946000 725.171000 127.501430
725.755000 0.942000 726.117000 127.836970
726.678000 0.923000 727.057000 119.505550
727.608000 0.930000 727.970000 125.518010
728.550000 0.942000 728.920000 126.189080
729.500000 0.950000 729.858000 130.308800
730.451000 0.951000 730.819000 124.694070
731.395000 0.944000 731.747000 125.457120
732.320000 0.925000 732.674000 124.694070
733.255000 0.936000 733.609000 127.593420
734.188000 0.933000 734.545000 129.118230
735.154000 0.966000 735.509000 127.928950
736.117000 0.963000 736.453000 126.310860
737.075000 0.958000 737.428000 121.549860
738.036000 0.961000 738.408000 121.977380
739.013000 0.976000 739.367000 122.832420
739.982000 0.970000 740.333000 121.672940
740.948000 0.966000 741.307000 121.184530
741.909000 0.961000 742.256000 118.712700
742.877000 0.967000 743.236000 115.660480
743.832000 0.955000 744.196000 115.324940
744.779000 0.948000 745.127000 118.346070
745.726000 0.947000 746.076000 115.629390
746.669000 0.943000 747.034000 117.216390
747.613000 0.944000 747.975000 118.346070
748.563000 0.950000 748.922000 121.977380
749.511000 0.948000 749.860000 123.564380
750.474000 0.963000 750.834000 121.214330
751.435000 0.961000 751.812000 121.092550
752.404000 0.968000 752.751000 121.153440
753.380000 0.976000 753.734000 119.536640
754.355000 0.975000 754.705000 122.008470
755.330000 0.976000 755.683000 121.610750
756.306000 0.976000 756.645000 122.008470
757.276000 0.970000 757.634000 119.138920
758.242000 0.966000 758.624000 119.536640
759.208000 0.966000 759.568000 125.486920
760.178000 0.971000 760.539000 127.134800
761.153000 0.974000 761.502000 127.928950
762.138000 0.985000 762.532000 123.167960
763.126000 0.988000 763.471000 126.738380
764.103000 0.977000 764.471000 124.754950
765.085000 0.982000 765.440000 126.310860
766.065000 0.981000 766.421000 125.518010
767.043000 0.978000 767.399000 125.059400
768.013000 0.970000 768.369000 125.151380
768.984000 0.971000 769.360000 124.754950
769.946000 0.962000 770.328000 125.090490
770.918000 0.972000 771.279000 130.308800
771.900000 0.983000 772.258000 134.336540
772.883000 0.983000 773.262000 131.529170
773.866000 0.983000 774.220000 132.658860
774.861000 0.995000 775.218000 132.597970
775.851000 0.990000 776.212000 131.774020
776.836000 0.985000 777.221000 127.134800
777.825000 0.989000 778.214000 130.705230
778.805000 0.980000 779.157000 133.055280
779.779000 0.974000 780.137000 131.438490
780.753000 0.975000 781.124000 131.468280
781.726000 0.973000 782.092000 134.367630
782.698000 0.972000 783.075000 131.895800
783.664000 0.965000 784.046000 131.407390
784.640000 0.976000 785.030000 134.306740
785.620000 0.981000 785.979000 134.428520
786.596000 0.976000 786.956000 131.499380
787.577000 0.981000 787.949000 130.339900
788.563000 0.986000 788.915000 133.086370
789.534000 0.971000 789.928000 125.853550
790.506000 0.972000 790.864000 130.247910
791.465000 0.958000 791.817000 132.627760
792.429000 0.965000 792.817000 131.040770
793.403000 0.974000 793.754000 132.688650
794.375000 0.972000 794.738000 131.101650
795.346000 0.970000 795.719000 131.864710
796.310000 0.965000 796.664000 131.407390
797.276000 0.966000 797.644000 127.501430
798.238000 0.962000 798.616000 129.515950
799.211000 0.972000 799.575000 127.897860
800.173000 0.963000 800.536000 126.616600
801.139000 0.966000 801.514000 125.486920
802.090000 0.951000 802.445000 125.059400
803.042000 0.952000 803.405000 126.281060
803.994000 0.952000 804.364000 124.662970
804.948000 0.955000 805.305000 127.897860
805.909000 0.960000 806.263000 126.646400
806.874000 0.965000 807.244000 126.341950
807.850000 0.976000 808.213000 126.707290
808.814000 0.964000 809.183000 124.327440
809.773000 0.959000 810.131000 124.266550
810.716000 0.942000 811.115000 118.406960
811.650000 0.934000 812.015000 118.406960
812.617000 0.967000 812.961000 129.942170
813.578000 0.962000 813.931000 133.512600
814.524000 0.946000 814.883000 135.252470
815.438000 0.914000 815.821000 133.971210
816.359000 0.921000 816.732000 131.071860
817.287000 0.928000 817.651000 131.774020
818.245000 0.958000 818.610000 130.308800
819.227000 0.982000 819.581000 133.512600
820.193000 0.966000 820.552000 128.660910
821.123000 0.930000 821.500000 127.501430
822.063000 0.941000 822.421000 128.355170
823.028000 0.965000 823.371000 131.834910
824.012000 0.984000 824.361000 131.010970
824.984000 0.972000 825.341000 128.325380
825.938000 0.953000 826.312000 128.752900
826.892000 0.955000 827.268000 123.595470
827.857000 0.965000 828.228000 124.662970
828.865000 1.008000 829.210000 129.118230
829.857000 0.992000 830.231000 124.327440
830.827000 0.970000 831.207000 126.218880
831.786000 0.959000 832.151000 125.394940
832.749000 0.963000 833.108000 127.836970
833.737000 0.988000 834.118000 120.268610
834.724000 0.987000 835.089000 125.486920
835.707000 0.983000 836.078000 125.059400
836.658000 0.951000 837.043000 117.551920
837.616000 0.957000 837.980000 125.151380
838.577000 0.962000 838.929000 124.694070
839.568000 0.990000 839.929000 124.662970
840.547000 0.980000 840.908000 125.914440
841.515000 0.967000 841.864000 124.327440
842.460000 0.946000 842.828000 115.966220
843.408000 0.948000 843.768000 119.138920
844.367000 0.959000 844.718000 123.899920
845.354000 0.987000 845.720000 123.960810
846.331000 0.976000 846.677000 120.786810
847.298000 0.968000 847.644000 117.949640
848.230000 0.932000 848.594000 115.172070
849.176000 0.946000 849.545000 113.555280
850.125000 0.949000 850.505000 116.027110
851.098000 0.972000 851.453000 116.790160
852.052000 0.954000 852.415000 120.725920
852.990000 0.938000 853.335000 120.237510
853.908000 0.918000 854.266000 117.216390
854.834000 0.927000 855.225000 118.742500
855.768000 0.934000 856.124000 123.931010
856.702000 0.934000 857.055000 123.167960
857.654000 0.952000 858.009000 118.803380
858.605000 0.951000 858.945000 129.515950
859.548000 0.944000 859.892000 129.942170
860.485000 0.937000 860.845000 127.989840
861.416000 0.931000 861.770000 129.149320
862.352000 0.936000 862.730000 125.151380
863.323000 0.971000 863.673000 132.201540
864.311000 0.988000 864.653000 131.407390
865.298000 0.986000 865.642000 130.644340
866.274000 0.977000 866.634000 125.457120
867.268000 0.993000 867.624000 129.179120
868.237000 0.969000 868.620000 123.870120
869.201000 0.964000 869.557000 121.153440
870.197000 0.997000 870.542000 124.633180
871.170000 0.972000 871.522000 123.136860
872.128000 0.958000 872.482000 120.268610
873.089000 0.962000 873.443000 120.268610
874.064000 0.975000 874.420000 121.916490
875.022000 0.958000 875.371000 120.329490
875.998000 0.976000 876.340000 122.709350
876.956000 0.958000 877.332000 112.364700
877.910000 0.954000 878.280000 116.056900
878.897000 0.987000 879.249000 119.505550
879.876000 0.979000 880.215000 123.960810
880.850000 0.974000 881.218000 125.426030
881.812000 0.962000 882.171000 123.931010
882.808000 0.996000 883.149000 130.675430
883.805000 0.997000 884.159000 127.073920
884.804000 1.000000 885.157000 126.677490
885.796000 0.992000 886.157000 125.853550
886.792000 0.996000 887.150000 126.677490
