301.155000 0.909000 301.461000 97.390841
302.044000 0.889000 302.341000 96.818274
302.939000 0.894000 303.231000 98.601973
303.865000 0.926000 304.151000 98.601973
304.802000 0.937000 305.111000 97.727068
305.734000 0.932000 306.031000 98.826719
306.636000 0.902000 306.931000 99.073761
307.582000 0.946000 307.871000 100.049440
308.539000 0.957000 308.821000 97.614695
309.478000 0.940000 309.771000 97.547807
310.401000 0.923000 310.701000 97.469324
311.374000 0.974000 311.671000 96.548935
312.373000 0.999000 312.671000 96.078039
313.354000 0.981000 313.661000 94.405821
314.297000 0.943000 314.601000 93.979517
315.289000 0.992000 315.591000 93.227688
316.269000 0.979000 316.571000 93.082317
317.226000 0.957000 317.531000 92.274301
318.147000 0.921000 318.441000 91.287024
319.072000 0.925000 319.371000 91.163057
320.004000 0.932000 320.301000 91.533175
320.943000 0.940000 321.241000 91.399397
321.848000 0.905000 322.151000 92.184225
322.771000 0.923000 323.071000 92.823681
323.702000 0.931000 324.001000 92.296598
324.646000 0.944000 324.951000 92.465157
325.561000 0.915000 325.861000 92.318894
326.444000 0.883000 326.741000 93.261579
327.346000 0.902000 327.641000 94.462008
328.262000 0.916000 328.561000 95.157650
329.231000 0.969000 329.531000 94.473602
330.221000 0.990000 330.521000 95.045277
331.223000 1.002000 331.521000 95.471581
332.259000 1.036000 332.561000 94.103484
333.291000 1.032000 333.601000 93.923331
334.234000 0.943000 334.531000 91.735624
335.149000 0.915000 335.441000 93.587104
336.046000 0.897000 336.341000 93.227688
336.925000 0.878000 337.221000 93.216986
337.779000 0.854000 338.081000 93.452434
338.632000 0.853000 338.921000 95.258429
339.545000 0.913000 339.841000 95.797106
340.502000 0.957000 340.801000 96.178818
341.471000 0.969000 341.761000 95.135354
342.421000 0.950000 342.721000 96.414266
343.379000 0.958000 343.671000 95.270023
344.320000 0.942000 344.611000 94.989091
345.279000 0.958000 345.581000 93.474731
346.202000 0.923000 346.501000 92.902163
347.112000 0.910000 347.411000 94.574381
348.026000 0.914000 348.321000 94.013408
348.938000 0.911000 349.231000 93.755663
349.819000 0.881000 350.121000 94.338933
350.693000 0.875000 351.001000 94.877610
351.571000 0.877000 351.861000 95.247727
352.447000 0.876000 352.741000 96.414266
353.329000 0.882000 353.631000 96.436562
354.209000 0.880000 354.511000 98.198857
355.147000 0.939000 355.431000 100.655900
356.109000 0.962000 356.411000 100.072630
357.070000 0.961000 357.371000 99.500065
357.987000 0.917000 358.281000 98.725940
358.944000 0.957000 359.231000 99.960259
359.864000 0.920000 360.161000 98.333526
360.789000 0.925000 361.091000 96.414266
361.684000 0.895000 361.991000 96.852164
362.574000 0.890000 362.871000 96.852164
363.483000 0.909000 363.771000 96.751385
364.414000 0.931000 364.711000 95.909479
365.328000 0.915000 365.631000 95.875589
366.234000 0.906000 366.531000 97.199985
367.178000 0.944000 367.471000 96.639012
368.125000 0.948000 368.421000 95.146948
369.058000 0.932000 369.351000 93.957221
369.955000 0.897000 370.261000 95.034575
370.834000 0.879000 371.121000 95.505472
371.756000 0.922000 372.051000 94.383525
372.711000 0.955000 373.011000 95.000685
373.690000 0.979000 373.981000 94.652864
374.589000 0.899000 374.881000 94.731346
375.536000 0.947000 375.821000 96.201114
376.466000 0.930000 376.751000 94.922202
377.405000 0.940000 377.701000 95.797106
378.339000 0.933000 378.631000 97.435434
379.277000 0.939000 379.581000 98.849015
380.251000 0.974000 380.551000 99.511659
381.221000 0.969000 381.521000 98.501194
382.147000 0.927000 382.441000 98.658159
383.098000 0.950000 383.391000 98.816016
384.045000 0.947000 384.341000 99.039871
384.981000 0.936000 385.281000 97.547807
385.894000 0.913000 386.191000 97.143799
386.823000 0.930000 387.111000 96.852164
387.737000 0.913000 388.041000 95.830997
388.648000 0.911000 388.951000 96.291191
389.543000 0.895000 389.841000 96.661308
390.487000 0.943000 390.771000 96.784384
391.445000 0.959000 391.741000 95.113058
392.386000 0.940000 392.681000 96.134225
393.283000 0.897000 393.581000 94.933796
394.209000 0.926000 394.511000 97.065316
395.115000 0.906000 395.411000 98.265745
396.012000 0.898000 396.311000 99.612438
396.893000 0.880000 397.201000 101.003720
397.771000 0.878000 398.071000 104.302670
398.761000 0.990000 399.051000 105.760850
399.753000 0.992000 400.051000 106.872090
400.736000 0.983000 401.051000 106.691940
401.691000 0.955000 401.991000 106.108670
402.654000 0.963000 402.941000 104.526530
403.626000 0.972000 403.921000 104.066330
404.569000 0.943000 404.871000 100.824460
405.475000 0.906000 405.781000 100.408860
406.387000 0.913000 406.681000 100.722790
407.302000 0.915000 407.601000 100.262600
408.226000 0.924000 408.521000 99.208430
409.131000 0.904000 409.431000 99.253023
410.043000 0.912000 410.331000 100.465050
410.981000 0.938000 411.271000 99.432284
411.928000 0.947000 412.221000 98.512788
412.851000 0.923000 413.151000 97.278468
413.726000 0.875000 414.031000 98.254151
414.610000 0.884000 414.901000 99.353802
415.473000 0.863000 415.771000 101.418430
416.308000 0.835000 416.601000 106.198750
417.103000 0.795000 417.401000 108.341860
417.961000 0.858000 418.251000 110.394900
418.901000 0.940000 419.201000 111.651510
419.830000 0.929000 420.121000 113.581470
420.838000 1.008000 421.131000 112.280270
421.890000 1.052000 422.181000 110.294120
422.952000 1.063000 423.251000 108.038630
423.919000 0.967000 424.231000 106.703530
424.934000 1.014000 425.241000 107.242210
425.947000 1.013000 426.241000 104.403450
426.961000 1.014000 427.271000 102.809720
427.905000 0.945000 428.201000 102.304930
428.862000 0.957000 429.161000 103.124540
429.802000 0.940000 430.091000 102.540380
430.745000 0.943000 431.051000 101.553100
431.662000 0.917000 431.961000 101.261470
432.564000 0.901000 432.861000 102.865900
433.512000 0.948000 433.801000 100.768270
434.475000 0.963000 434.761000 99.399286
435.418000 0.943000 435.721000 99.084463
436.336000 0.918000 436.631000 98.949794
437.282000 0.946000 437.581000 97.570103
438.238000 0.957000 438.541000 96.616716
439.172000 0.934000 439.471000 95.897885
440.081000 0.909000 440.371000 96.403564
441.040000 0.959000 441.331000 97.278468
442.017000 0.978000 442.321000 95.943370
443.005000 0.988000 443.311000 95.662437
443.955000 0.950000 444.251000 95.629439
444.888000 0.933000 445.181000 96.291191
445.862000 0.974000 446.161000 95.573252
446.853000 0.991000 447.161000 94.574381
447.837000 0.984000 448.141000 93.755663
448.785000 0.949000 449.091000 93.653992
449.671000 0.886000 449.971000 94.282746
450.549000 0.878000 450.861000 96.492749
451.415000 0.866000 451.711000 101.329250
452.245000 0.829000 452.541000 103.617730
453.067000 0.822000 453.371000 106.422600
453.937000 0.870000 454.231000 110.181740
454.898000 0.961000 455.191000 112.268670
455.979000 1.082000 456.281000 112.212490
457.102000 1.123000 457.411000 110.328010
458.134000 1.031000 458.431000 107.163730
459.194000 1.060000 459.491000 104.638900
460.224000 1.031000 460.531000 104.089520
461.212000 0.987000 461.521000 102.720530
462.138000 0.926000 462.441000 101.575400
463.095000 0.957000 463.391000 100.857460
464.038000 0.943000 464.341000 99.994149
464.966000 0.928000 465.261000 99.713217
465.848000 0.882000 466.141000 98.995278
466.753000 0.905000 467.041000 98.860609
467.662000 0.909000 467.961000 98.669753
468.598000 0.936000 468.891000 96.986833
469.525000 0.927000 469.831000 97.076018
470.430000 0.904000 470.731000 96.538233
471.356000 0.926000 471.651000 96.672902
472.288000 0.932000 472.581000 96.301893
473.223000 0.935000 473.511000 94.618973
474.127000 0.904000 474.431000 93.597806
475.019000 0.892000 475.321000 94.686754
475.942000 0.923000 476.241000 94.451306
476.877000 0.935000 477.181000 93.957221
477.803000 0.925000 478.111000 93.283875
478.695000 0.892000 478.991000 93.283875
479.615000 0.920000 479.911000 93.530917
480.534000 0.919000 480.841000 93.788662
481.454000 0.921000 481.751000 93.283875
482.361000 0.906000 482.661000 91.847997
483.271000 0.910000 483.561000 95.169244
484.196000 0.925000 484.491000 92.666715
485.151000 0.955000 485.441000 93.732475
486.115000 0.964000 486.411000 93.452434
487.031000 0.916000 487.331000 92.173522
487.933000 0.902000 488.241000 92.341190
488.848000 0.916000 489.151000 92.622123
489.771000 0.923000 490.071000 92.577530
490.701000 0.930000 491.001000 93.867144
491.596000 0.896000 491.901000 92.408971
492.519000 0.922000 492.821000 95.022981
493.454000 0.935000 493.741000 93.093019
494.382000 0.928000 494.671000 93.979517
495.305000 0.922000 495.611000 92.150334
496.215000 0.910000 496.511000 94.248856
497.138000 0.923000 497.431000 93.362358
498.058000 0.920000 498.361000 93.564807
498.968000 0.909000 499.271000 93.878738
499.863000 0.895000 500.171000 92.902163
500.791000 0.928000 501.081000 96.291191
501.759000 0.968000 502.071000 95.000685
502.714000 0.955000 503.011000 95.225431
503.632000 0.919000 503.931000 93.755663
504.515000 0.883000 504.811000 96.593528
505.436000 0.921000 505.731000 96.795978
506.354000 0.918000 506.661000 96.526639
507.259000 0.905000 507.561000 97.738662
508.135000 0.876000 508.441000 98.625161
509.032000 0.897000 509.331000 100.173410
509.930000 0.898000 510.221000 100.756680
510.859000 0.929000 511.161000 103.034460
511.782000 0.923000 512.081000 107.881670
512.726000 0.944000 513.021000 108.083220
513.683000 0.957000 513.981000 108.756570
514.635000 0.952000 514.951000 111.842370
515.562000 0.927000 515.861000 113.166760
516.500000 0.938000 516.801000 113.806220
517.491000 0.991000 517.791000 113.199760
518.487000 0.996000 518.791000 113.816920
519.488000 1.001000 519.781000 112.391750
520.429000 0.941000 520.731000 112.302560
521.341000 0.912000 521.641000 111.482950
522.283000 0.942000 522.581000 112.077820
523.255000 0.972000 523.551000 109.474510
524.229000 0.974000 524.521000 108.778870
525.169000 0.940000 525.471000 108.891240
526.098000 0.929000 526.391000 110.080970
527.061000 0.963000 527.361000 109.934700
528.039000 0.977000 528.341000 106.838200
528.980000 0.941000 529.281000 105.670770
529.899000 0.920000 530.201000 107.702400
530.856000 0.957000 531.151000 106.950570
531.823000 0.967000 532.121000 106.221040
532.781000 0.957000 533.081000 103.203020
533.707000 0.926000 534.011000 102.596570
534.671000 0.965000 534.971000 102.081080
535.639000 0.968000 535.931000 101.811740
536.614000 0.975000 536.911000 100.139520
537.542000 0.928000 537.851000 100.117220
538.477000 0.935000 538.771000 100.240300
539.428000 0.951000 539.721000 99.107651
540.380000 0.952000 540.671000 99.690921
541.329000 0.949000 541.631000 98.187263
542.234000 0.905000 542.531000 98.221153
543.185000 0.951000 543.481000 99.275319
544.144000 0.958000 544.441000 97.087612
545.112000 0.969000 545.411000 96.078039
546.049000 0.937000 546.351000 96.459750
546.967000 0.918000 547.261000 97.851035
547.899000 0.932000 548.191000 97.143799
548.827000 0.928000 549.141000 95.550064
549.736000 0.910000 550.031000 95.505472
550.649000 0.913000 550.951000 96.325081
551.595000 0.945000 551.891000 95.977260
552.535000 0.941000 552.841000 95.101464
553.444000 0.909000 553.741000 94.652864
554.341000 0.897000 554.641000 96.078039
555.279000 0.938000 555.581000 95.179947
556.231000 0.952000 556.521000 95.270023
557.174000 0.943000 557.491000 94.226560
558.074000 0.900000 558.371000 93.901035
558.985000 0.910000 559.271000 95.292320
559.894000 0.909000 560.201000 94.282746
560.841000 0.947000 561.141000 96.134225
561.744000 0.903000 562.041000 94.585975
562.648000 0.904000 562.941000 95.943370
563.568000 0.920000 563.861000 96.919053
564.489000 0.921000 564.801000 98.568974
565.405000 0.916000 565.721000 103.169130
566.320000 0.915000 566.621000 107.690810
567.262000 0.942000 567.561000 109.867810
568.237000 0.976000 568.531000 111.023650
569.225000 0.987000 569.531000 112.043930
570.176000 0.952000 570.471000 110.137150
571.173000 0.996000 571.471000 110.304820
572.204000 1.031000 572.501000 110.024780
573.206000 1.002000 573.511000 105.322950
574.159000 0.953000 574.471000 105.592290
575.164000 1.004000 575.461000 105.547700
576.187000 1.024000 576.481000 103.179840
577.193000 1.005000 577.501000 103.146840
578.128000 0.936000 578.421000 102.338820
579.106000 0.977000 579.401000 101.844740
580.088000 0.982000 580.381000 100.442750
581.054000 0.966000 581.361000 101.092910
581.990000 0.936000 582.311000 98.625161
582.949000 0.959000 583.261000 100.577420
583.912000 0.962000 584.211000 98.254151
584.884000 0.972000 585.181000 97.469324
585.823000 0.939000 586.121000 97.884034
586.736000 0.913000 587.031000 97.873332
587.677000 0.941000 587.981000 98.120374
588.644000 0.967000 588.941000 97.447028
589.609000 0.965000 589.911000 97.166095
590.532000 0.923000 590.831000 95.000685
591.480000 0.948000 591.771000 95.786404
592.397000 0.917000 592.691000 95.034575
593.295000 0.899000 593.591000 95.045277
594.157000 0.862000 594.461000 96.548935
595.034000 0.876000 595.341000 97.895628
595.945000 0.912000 596.241000 99.196836
596.918000 0.972000 597.211000 98.826719
597.933000 1.015000 598.241000 101.092910
598.919000 0.986000 599.221000 99.926369
599.848000 0.928000 600.141000 103.090650
600.812000 0.964000 601.111000 104.257190
601.804000 0.992000 602.101000 103.438470
602.767000 0.963000 603.071000 105.188280
603.686000 0.918000 603.991000 106.882790
604.625000 0.939000 604.921000 106.546570
605.548000 0.923000 605.841000 106.355710
606.460000 0.912000 606.751000 105.222170
607.361000 0.901000 607.661000 107.039760
608.255000 0.894000 608.551000 108.263380
609.207000 0.952000 609.491000 106.848900
610.178000 0.970000 610.471000 106.389600
611.153000 0.976000 611.451000 106.782010
612.106000 0.953000 612.401000 105.536100
613.080000 0.974000 613.391000 103.999440
614.049000 0.969000 614.341000 102.596570
614.991000 0.942000 615.291000 102.911390
615.924000 0.933000 616.211000 102.361120
616.899000 0.975000 617.191000 102.551970
617.923000 1.024000 618.221000 100.846760
618.905000 0.982000 619.201000 100.127930
619.839000 0.934000 620.141000 100.139520
620.805000 0.966000 621.101000 99.174540
621.768000 0.962000 622.071000 98.164966
622.726000 0.958000 623.021000 97.873332
623.626000 0.900000 623.931000 96.649714
624.520000 0.894000 624.821000 96.896757
625.393000 0.873000 625.691000 96.997536
626.268000 0.875000 626.561000 96.829868
627.136000 0.868000 627.431000 96.639012
628.004000 0.868000 628.301000 97.738662
628.885000 0.880000 629.181000 97.469324
629.794000 0.910000 630.091000 97.536213
630.678000 0.884000 630.981000 97.917924
631.544000 0.866000 631.831000 98.490491
632.443000 0.899000 632.761000 97.513916
633.348000 0.905000 633.641000 101.227580
634.259000 0.911000 634.571000 101.104500
635.166000 0.907000 635.461000 104.459640
636.130000 0.965000 636.421000 103.943260
637.107000 0.976000 637.411000 105.177580
638.095000 0.988000 638.391000 103.561550
639.044000 0.949000 639.351000 102.461900
639.980000 0.936000 640.281000 103.247620
640.887000 0.907000 641.181000 103.236020
641.798000 0.911000 642.101000 105.996300
642.695000 0.897000 642.991000 108.768160
643.686000 0.991000 643.981000 112.447930
644.698000 1.012000 645.011000 112.212490
645.774000 1.076000 646.071000 112.111710
646.795000 1.021000 647.111000 110.125560
647.842000 1.047000 648.141000 111.068240
648.876000 1.034000 649.181000 108.689680
649.869000 0.993000 650.171000 104.437340
650.803000 0.934000 651.101000 105.356840
651.763000 0.960000 652.051000 104.964430
652.716000 0.953000 653.011000 104.044040
653.655000 0.939000 653.951000 103.561550
654.571000 0.916000 654.871000 103.876370
655.471000 0.900000 655.761000 104.021740
656.422000 0.951000 656.711000 102.933680
657.409000 0.986000 657.711000 102.125670
658.384000 0.976000 658.691000 101.362250
659.313000 0.928000 659.611000 100.981430
660.238000 0.926000 660.551000 101.440730
661.155000 0.917000 661.451000 100.857460
662.069000 0.914000 662.381000 99.466175
662.968000 0.900000 663.261000 99.253023
663.874000 0.906000 664.181000 104.144820
664.848000 0.974000 665.141000 104.526530
665.890000 1.043000 666.181000 103.269910
666.959000 1.069000 667.261000 103.269910
667.939000 0.980000 668.241000 103.987850
668.919000 0.980000 669.221000 105.379140
669.899000 0.980000 670.201000 103.314500
670.864000 0.964000 671.181000 101.138390
671.800000 0.936000 672.091000 101.900920
672.781000 0.981000 673.071000 102.383410
673.760000 0.979000 674.061000 99.690921
674.701000 0.941000 675.021000 98.568974
675.620000 0.919000 675.921000 99.590142
676.578000 0.958000 676.871000 98.378118
677.523000 0.945000 677.831000 97.716366
678.478000 0.955000 678.781000 98.040999
679.393000 0.915000 679.691000 97.290062
680.367000 0.974000 680.671000 98.108780
681.312000 0.945000 681.611000 96.044149
682.262000 0.950000 682.571000 94.787533
683.188000 0.926000 683.491000 94.417415
684.102000 0.914000 684.401000 96.616716
685.034000 0.931000 685.331000 94.395119
685.980000 0.947000 686.281000 94.944498
686.904000 0.923000 687.201000 93.934925
687.802000 0.898000 688.111000 93.587104
688.728000 0.927000 689.031000 93.991111
689.658000 0.929000 689.951000 93.283875
690.592000 0.935000 690.891000 92.453563
691.512000 0.920000 691.811000 94.035704
692.413000 0.901000 692.701000 92.689011
693.342000 0.929000 693.631000 94.383525
694.278000 0.935000 694.581000 95.090762
695.231000 0.953000 695.531000 94.742940
696.164000 0.933000 696.471000 94.383525
697.071000 0.908000 697.391000 93.867144
698.013000 0.942000 698.321000 94.618973
698.968000 0.956000 699.271000 94.484304
699.925000 0.957000 700.231000 95.067574
700.866000 0.941000 701.181000 93.486325
701.779000 0.913000 702.071000 93.340061
702.737000 0.958000 703.041000 94.552085
703.701000 0.964000 704.021000 93.036833
704.693000 0.992000 704.991000 93.239282
705.601000 0.909000 705.901000 93.440840
706.509000 0.907000 706.811000 94.787533
707.408000 0.899000 707.701000 98.008001
708.354000 0.947000 708.651000 100.812870
709.284000 0.930000 709.591000 103.830890
710.247000 0.963000 710.551000 109.508400
711.327000 1.080000 711.621000 109.598480
712.490000 1.163000 712.801000 108.936720
713.543000 1.053000 713.861000 108.476530
714.531000 0.988000 714.831000 107.331390
715.526000 0.995000 715.831000 106.478790
716.523000 0.997000 716.821000 103.561550
717.474000 0.951000 717.771000 102.204150
718.396000 0.922000 718.691000 103.696220
719.376000 0.980000 719.671000 102.686640
720.335000 0.959000 720.631000 102.652750
721.303000 0.968000 721.601000 100.229600
722.236000 0.933000 722.531000 99.982555
723.216000 0.980000 723.521000 101.665480
724.188000 0.972000 724.481000 99.646328
725.151000 0.963000 725.461000 98.400415
726.078000 0.927000 726.371000 98.478897
727.034000 0.957000 727.341000 99.365396
728.004000 0.969000 728.301000 99.286913
728.971000 0.967000 729.261000 98.243449
729.909000 0.939000 730.201000 96.908351
730.841000 0.931000 731.131000 97.716366
731.800000 0.959000 732.101000 97.794849
732.774000 0.974000 733.071000 96.919053
733.736000 0.962000 734.031000 95.191541
734.635000 0.899000 734.941000 95.954072
735.545000 0.910000 735.841000 95.696327
736.437000 0.891000 736.741000 95.179947
737.336000 0.899000 737.651000 95.909479
738.215000 0.879000 738.521000 98.591270
739.092000 0.877000 739.391000 99.657030
740.024000 0.933000 740.311000 101.677070
740.964000 0.940000 741.261000 103.124540
741.909000 0.946000 742.211000 102.944390
742.827000 0.917000 743.141000 105.322950
743.778000 0.952000 744.081000 106.950570
744.759000 0.981000 745.071000 107.252910
745.750000 0.991000 746.061000 105.760850
746.680000 0.930000 746.981000 108.038630
747.638000 0.957000 747.931000 106.703530
748.629000 0.991000 748.921000 105.895520
749.634000 1.005000 749.931000 104.548820
750.637000 1.003000 750.941000 103.112950
751.596000 0.959000 751.901000 102.821310
752.582000 0.986000 752.881000 100.498940
753.553000 0.971000 753.861000 101.407730
754.516000 0.963000 754.811000 97.917924
755.445000 0.929000 755.751000 98.523490
756.371000 0.926000 756.671000 98.983684
757.325000 0.954000 757.631000 98.400415
758.270000 0.945000 758.561000 97.648586
759.204000 0.934000 759.501000 95.281617
760.102000 0.899000 760.401000 95.786404
761.020000 0.918000 761.311000 96.313487
761.937000 0.917000 762.231000 96.301893
762.833000 0.897000 763.141000 95.954072
763.726000 0.892000 764.021000 98.535084
764.634000 0.909000 764.931000 98.209559
765.553000 0.919000 765.861000 100.678200
766.468000 0.915000 766.781000 105.334540
767.384000 0.915000 767.701000 108.251780
768.443000 1.059000 768.741000 111.393770
769.504000 1.061000 769.801000 111.595330
770.565000 1.061000 770.881000 110.877390
771.572000 1.007000 771.871000 110.372600
772.651000 1.079000 772.951000 107.276100
773.693000 1.041000 774.001000 105.907110
774.699000 1.007000 775.011000 103.707810
775.669000 0.970000 775.971000 103.752400
776.657000 0.988000 776.951000 102.922090
777.648000 0.990000 777.951000 101.699370
778.629000 0.981000 778.931000 102.405710
779.573000 0.945000 779.871000 102.855200
780.563000 0.990000 780.851000 101.418430
781.535000 0.972000 781.831000 99.747107
782.467000 0.932000 782.761000 100.151110
783.357000 0.890000 783.661000 101.250770
784.245000 0.888000 784.531000 106.030190
785.192000 0.947000 785.491000 109.710850
786.225000 1.033000 786.531000 110.328010
787.239000 1.014000 787.541000 111.169020
788.213000 0.974000 788.511000 115.163620
789.234000 1.021000 789.541000 111.348280
790.252000 1.018000 790.551000 108.947430
791.219000 0.967000 791.531000 108.094820
792.151000 0.932000 792.441000 107.522250
793.127000 0.976000 793.421000 106.231740
794.094000 0.967000 794.391000 105.569990
795.045000 0.951000 795.341000 104.695090
795.967000 0.921000 796.261000 105.682360
796.951000 0.985000 797.251000 104.761980
797.945000 0.994000 798.241000 103.741700
798.949000 1.004000 799.251000 102.865900
799.908000 0.959000 800.221000 103.595440
800.858000 0.950000 801.151000 102.608160
801.785000 0.928000 802.081000 102.047190
802.720000 0.935000 803.021000 103.034460
803.640000 0.920000 803.941000 106.422600
804.632000 0.992000 804.931000 109.564580
805.682000 1.050000 805.981000 110.855090
806.753000 1.071000 807.061000 109.474510
807.741000 0.988000 808.051000 109.676960
808.749000 1.009000 809.051000 109.239060
809.738000 0.989000 810.041000 107.994040
810.730000 0.991000 811.041000 105.233760
811.671000 0.942000 811.971000 105.278360
812.615000 0.944000 812.911000 105.794740
813.563000 0.948000 813.861000 104.818160
814.505000 0.942000 814.811000 103.808590
815.409000 0.904000 815.721000 101.677070
816.294000 0.886000 816.591000 102.899790
817.221000 0.927000 817.521000 103.056760
818.167000 0.946000 818.461000 100.408860
819.111000 0.943000 819.421000 100.599720
820.026000 0.916000 820.331000 100.947540
820.957000 0.931000 821.251000 98.601973
821.882000 0.925000 822.181000 97.648586
822.813000 0.931000 823.111000 96.728197
823.712000 0.899000 824.011000 94.989091
824.596000 0.884000 824.891000 97.099206
825.522000 0.926000 825.821000 95.797106
826.457000 0.935000 826.751000 95.943370
827.375000 0.919000 827.681000 94.899906
828.275000 0.899000 828.581000 95.045277
829.196000 0.921000 829.501000 94.473602
830.116000 0.919000 830.421000 93.249985
831.038000 0.923000 831.341000 95.157650
831.969000 0.931000 832.281000 94.652864
832.881000 0.912000 833.171000 94.349635
833.822000 0.941000 834.111000 94.395119
834.821000 0.999000 835.131000 94.719752
835.739000 0.918000 836.051000 93.631696
836.691000 0.952000 837.001000 97.087612
837.650000 0.960000 837.951000 98.265745
838.659000 1.009000 838.961000 96.582826
839.603000 0.944000 839.911000 95.774810
840.526000 0.923000 840.841000 95.819403
841.455000 0.929000 841.761000 95.247727
842.438000 0.983000 842.741000 96.144928
843.412000 0.974000 843.731000 95.573252
844.363000 0.952000 844.671000 95.146948
845.269000 0.905000 845.561000 96.751385
846.215000 0.947000 846.511000 97.996407
847.164000 0.949000 847.471000 98.669753
848.088000 0.924000 848.401000 98.321932
848.997000 0.909000 849.291000 100.543530
849.948000 0.951000 850.251000 100.756680
850.921000 0.973000 851.221000 99.724811
851.861000 0.940000 852.181000 100.229600
852.774000 0.913000 853.071000 101.968700
853.735000 0.961000 854.041000 101.295360
854.679000 0.944000 854.991000 101.385430
855.616000 0.937000 855.931000 101.059910
856.526000 0.911000 856.831000 104.279490
857.491000 0.965000 857.791000 105.917810
858.489000 0.998000 858.791000 103.999440
859.481000 0.993000 859.791000 104.156410
860.441000 0.960000 860.731000 104.302670
861.448000 1.007000 861.751000 104.055630
862.441000 0.993000 862.741000 103.314500
863.397000 0.956000 863.701000 101.934810
864.301000 0.904000 864.611000 100.420450
865.172000 0.871000 865.471000 102.170260
866.068000 0.896000 866.371000 101.733260
866.979000 0.910000 867.291000 103.673920
867.892000 0.913000 868.201000 106.658940
868.836000 0.944000 869.141000 108.161710
869.912000 1.076000 870.211000 108.285670
871.000000 1.087000 871.301000 107.219910
872.062000 1.062000 872.381000 104.975130
873.028000 0.966000 873.331000 104.942130
873.999000 0.971000 874.301000 103.954850
874.982000 0.983000 875.281000 101.979410
875.952000 0.971000 876.251000 100.308080
876.897000 0.945000 877.191000 100.341970
877.888000 0.990000 878.191000 99.679327
878.866000 0.979000 879.161000 99.051465
879.844000 0.978000 880.141000 97.839441
880.793000 0.949000 881.101000 97.121503
881.759000 0.965000 882.061000 97.660180
882.717000 0.959000 883.021000 97.065316
883.666000 0.949000 883.971000 95.774810
884.601000 0.934000 884.921000 93.643290
885.531000 0.931000 885.821000 94.630567
886.472000 0.941000 886.771000 94.608271
887.421000 0.949000 887.721000 94.888312
888.339000 0.918000 888.641000 92.845977
889.207000 0.869000 889.511000 95.169244
890.077000 0.869000 890.381000 98.546678
890.941000 0.865000 891.241000 102.933680
891.844000 0.903000 892.151000 107.612330
892.746000 0.902000 893.051000 111.269800
893.683000 0.937000 893.981000 114.961170
894.722000 1.039000 895.021000 116.790350
895.779000 1.057000 896.081000 116.273970
896.832000 1.053000 897.141000 116.072410
897.874000 1.041000 898.181000 113.772330
898.819000 0.946000 899.131000 114.198630
899.733000 0.913000 900.031000 113.794630
900.673000 0.940000 900.971000 115.926150
901.644000 0.972000 901.961000 114.445680
902.607000 0.962000 902.901000 114.367190
903.548000 0.942000 903.861000 114.456380
904.465000 0.916000 904.761000 114.512570
905.414000 0.949000 905.711000 115.085130
906.368000 0.954000 906.661000 114.423380
907.342000 0.975000 907.641000 114.725720
908.307000 0.965000 908.621000 112.762760
909.234000 0.927000 909.531000 111.886960
910.131000 0.897000 910.431000 113.985480
911.051000 0.920000 911.351000 112.100110
911.983000 0.932000 912.291000 112.055520
912.923000 0.939000 913.231000 112.122410
913.841000 0.918000 914.141000 112.055520
914.753000 0.912000 915.051000 111.225210
915.692000 0.939000 915.991000 110.563460
916.613000 0.921000 916.921000 108.621900
917.507000 0.894000 917.811000 107.163730
918.402000 0.895000 918.691000 108.633490
919.313000 0.911000 919.611000 106.097970
920.207000 0.894000 920.501000 105.109800
921.081000 0.874000 921.381000 105.850920
921.974000 0.894000 922.271000 104.134110
922.894000 0.920000 923.191000 104.066330
923.816000 0.922000 924.121000 103.303800
924.707000 0.891000 925.011000 101.991000
925.617000 0.910000 925.911000 104.077930
926.557000 0.940000 926.851000 100.745090
927.517000 0.960000 927.821000 99.107651
928.435000 0.918000 928.751000 99.331505
929.353000 0.918000 929.661000 99.500065
930.288000 0.935000 930.591000 98.635863
931.241000 0.953000 931.531000 96.582826
932.166000 0.925000 932.471000 94.922202
933.102000 0.936000 933.401000 98.355822
934.060000 0.958000 934.361000 96.548935
935.000000 0.940000 935.311000 94.371931
935.919000 0.919000 936.221000 93.193798
936.824000 0.905000 937.121000 94.473602
937.770000 0.946000 938.081000 93.384654
938.706000 0.936000 939.011000 95.247727
939.622000 0.917000 939.921000 92.599826
940.528000 0.905000 940.831000 94.035704
941.485000 0.957000 941.791000 94.686754
942.460000 0.975000 942.771000 93.699477
943.409000 0.950000 943.721000 93.486325
944.344000 0.935000 944.641000 95.326210
945.318000 0.973000 945.611000 94.170373
946.278000 0.961000 946.581000 93.396248
947.201000 0.923000 947.501000 92.330488
948.094000 0.894000 948.391000 94.462008
949.000000 0.906000 949.301000 93.587104
949.917000 0.917000 950.221000 95.684733
950.841000 0.924000 951.141000 93.452434
951.736000 0.894000 952.051000 93.104613
952.633000 0.897000 952.931000 95.853293
953.536000 0.903000 953.841000 96.111929
954.465000 0.929000 954.751000 94.361229
955.395000 0.931000 955.701000 95.684733
956.317000 0.921000 956.621000 98.512788
957.284000 0.967000 957.591000 99.455472
958.280000 0.996000 958.581000 100.958240
959.242000 0.962000 959.551000 100.061040
960.167000 0.924000 960.461000 100.207300
