899.041000 0.699000 899.311000 130.913240
899.726000 0.685000 899.991000 130.565400
900.393000 0.668000 900.661000 130.251210
901.065000 0.672000 901.331000 130.733710
901.719000 0.654000 901.981000 129.970690
902.373000 0.654000 902.641000 132.091430
903.019000 0.646000 903.291000 132.517820
903.653000 0.633000 903.921000 133.729670
904.280000 0.627000 904.551000 135.367910
904.914000 0.634000 905.181000 136.546090
905.568000 0.654000 905.831000 136.007490
906.265000 0.696000 906.531000 135.278140
906.978000 0.713000 907.241000 132.955430
907.673000 0.696000 907.941000 131.003010
908.347000 0.673000 908.611000 129.634070
908.995000 0.648000 909.261000 129.600410
909.624000 0.629000 909.891000 130.509290
910.251000 0.627000 910.511000 131.608930
910.884000 0.633000 911.141000 132.944210
911.535000 0.651000 911.801000 134.560010
912.214000 0.679000 912.481000 136.299230
912.901000 0.687000 913.171000 137.051030
913.572000 0.671000 913.841000 137.039810
914.237000 0.665000 914.501000 136.849050
914.923000 0.686000 915.191000 136.052370
915.645000 0.722000 915.911000 134.055070
916.389000 0.744000 916.651000 131.743580
917.130000 0.742000 917.401000 129.398430
917.846000 0.716000 918.111000 128.826170
918.545000 0.698000 918.811000 128.713960
919.227000 0.683000 919.491000 129.308670
919.901000 0.674000 920.171000 130.486850
920.582000 0.680000 920.851000 130.857140
921.270000 0.688000 921.531000 131.564050
921.950000 0.680000 922.221000 131.911890
922.611000 0.661000 922.881000 132.832000
923.252000 0.641000 923.521000 133.954080
923.902000 0.650000 924.171000 135.087380
924.589000 0.688000 924.851000 135.738190
925.335000 0.746000 925.601000 135.412790
926.111000 0.775000 926.381000 133.998970
926.874000 0.764000 927.141000 133.056420
927.615000 0.741000 927.881000 131.238650
928.331000 0.716000 928.601000 129.813600
929.024000 0.694000 929.291000 129.555520
929.695000 0.670000 929.961000 130.902020
930.351000 0.656000 930.621000 132.686130
930.998000 0.647000 931.261000 133.998970
931.687000 0.689000 931.951000 135.042500
932.491000 0.804000 932.751000 135.872840
933.316000 0.825000 933.581000 133.617460
934.131000 0.815000 934.401000 132.192410
934.935000 0.804000 935.201000 129.903370
935.713000 0.778000 935.981000 128.467100
936.468000 0.755000 936.741000 126.896190
937.200000 0.732000 937.471000 125.830210
937.912000 0.712000 938.181000 126.660550
938.616000 0.703000 938.881000 128.298790
939.311000 0.696000 939.581000 129.577960
940.005000 0.693000 940.271000 130.778590
940.717000 0.712000 940.981000 131.294750
941.505000 0.788000 941.771000 132.080210
942.298000 0.794000 942.571000 130.666380
943.058000 0.760000 943.331000 129.779940
943.795000 0.737000 944.061000 129.252560
944.517000 0.722000 944.791000 128.624200
945.210000 0.693000 945.481000 129.533080
945.894000 0.684000 946.161000 130.744930
946.599000 0.705000 946.871000 133.931640
947.309000 0.710000 947.581000 135.031280
948.008000 0.698000 948.281000 135.266920
948.739000 0.731000 949.001000 135.390350
949.521000 0.782000 949.791000 134.324370
950.323000 0.803000 950.591000 132.181190
951.088000 0.764000 951.361000 130.374640
951.835000 0.747000 952.101000 129.443310
952.567000 0.732000 952.831000 129.028140
953.276000 0.709000 953.541000 128.669080
953.977000 0.701000 954.241000 128.164140
954.664000 0.687000 954.931000 128.871050
955.337000 0.673000 955.601000 129.746280
956.001000 0.664000 956.271000 131.620150
956.683000 0.683000 956.951000 132.371950
957.411000 0.728000 957.681000 131.911890
958.177000 0.765000 958.441000 131.474280
958.962000 0.785000 959.231000 130.026800
959.705000 0.744000 959.981000 128.556870
960.429000 0.724000 960.701000 128.321230
961.145000 0.716000 961.411000 128.500770
961.858000 0.713000 962.131000 128.467100
962.561000 0.702000 962.831000 129.275000
963.260000 0.699000 963.531000 130.812250
963.956000 0.696000 964.221000 132.102650
964.638000 0.683000 964.911000 133.572570
965.321000 0.683000 965.591000 134.503900
966.047000 0.726000 966.311000 134.829310
966.798000 0.751000 967.071000 133.393040
967.555000 0.756000 967.821000 132.068990
968.299000 0.745000 968.571000 131.249870
969.023000 0.723000 969.291000 130.565400
969.741000 0.718000 970.011000 129.858490
970.451000 0.710000 970.721000 129.521860
971.164000 0.713000 971.431000 129.701390
971.906000 0.742000 972.171000 129.824820
972.645000 0.739000 972.911000 128.669080
973.354000 0.709000 973.621000 128.938380
974.048000 0.694000 974.321000 129.836040
974.770000 0.722000 975.031000 130.655160
975.506000 0.736000 975.771000 130.195110
976.238000 0.731000 976.501000 129.499420
976.967000 0.729000 977.231000 128.949600
977.695000 0.728000 977.961000 128.702740
978.405000 0.710000 978.671000 128.242690
979.090000 0.685000 979.361000 129.196460
979.757000 0.667000 980.031000 130.015580
980.431000 0.673000 980.701000 131.036670
981.142000 0.711000 981.411000 131.597710
981.904000 0.763000 982.171000 132.338290
982.661000 0.756000 982.931000 132.237300
983.400000 0.740000 983.671000 131.934340
984.146000 0.745000 984.411000 131.552830
984.893000 0.747000 985.161000 130.890800
985.623000 0.730000 985.891000 131.115220
986.328000 0.705000 986.601000 132.428050
987.020000 0.692000 987.291000 133.841870
987.702000 0.683000 987.971000 133.740890
988.441000 0.738000 988.701000 133.494030
989.199000 0.759000 989.461000 132.270960
989.956000 0.756000 990.221000 131.833350
990.690000 0.734000 990.961000 131.171320
991.414000 0.724000 991.681000 130.632720
992.114000 0.701000 992.381000 130.094120
992.788000 0.674000 993.051000 129.937030
993.457000 0.669000 993.721000 131.676260
994.128000 0.671000 994.391000 132.719790
994.805000 0.677000 995.071000 132.944210
995.505000 0.700000 995.771000 133.819430
996.172000 0.667000 996.441000 133.437920
996.818000 0.646000 997.081000 133.752110
997.467000 0.649000 997.731000 133.449150
998.120000 0.653000 998.391000 132.865660
998.784000 0.664000 999.051000 134.212160
999.437000 0.653000 999.701000 134.245820
1000.113000 0.676000 1000.371000 133.909200
1000.848000 0.736000 1001.111000 133.280830
1001.598000 0.750000 1001.861000 132.226080
1002.351000 0.752000 1002.621000 130.756150
1003.082000 0.731000 1003.351000 129.420870
1003.778000 0.696000 1004.051000 127.928510
1004.455000 0.677000 1004.721000 128.691520
1005.103000 0.648000 1005.371000 129.768720
1005.730000 0.628000 1006.001000 130.666380
1006.361000 0.630000 1006.621000 131.519170
1007.065000 0.704000 1007.321000 133.269610
1007.848000 0.783000 1008.111000 133.942860
1008.656000 0.808000 1008.921000 133.359380
1009.459000 0.803000 1009.721000 132.158750
1010.257000 0.798000 1010.521000 131.025450
1011.017000 0.760000 1011.281000 129.073030
1011.760000 0.743000 1012.021000 128.568090
1012.496000 0.736000 1012.761000 128.108040
1013.222000 0.726000 1013.491000 127.883620
1013.938000 0.716000 1014.201000 128.972040
1014.626000 0.688000 1014.891000 129.802380
1015.298000 0.672000 1015.561000 131.126440
1015.970000 0.672000 1016.231000 130.879580
1016.670000 0.700000 1016.931000 131.070330
1017.426000 0.757000 1017.691000 130.834700
1018.204000 0.777000 1018.471000 128.635420
1018.978000 0.774000 1019.241000 126.739100
1019.731000 0.753000 1020.001000 124.821360
1020.449000 0.718000 1020.721000 123.676840
1021.149000 0.700000 1021.411000 123.721720
1021.852000 0.703000 1022.121000 124.136890
1022.545000 0.693000 1022.811000 124.372530
1023.241000 0.696000 1023.511000 123.800270
1023.938000 0.697000 1024.211000 125.202870
1024.608000 0.670000 1024.881000 127.244040
1025.264000 0.656000 1025.531000 128.826170
1025.941000 0.678000 1026.211000 129.375990
1026.697000 0.756000 1026.961000 130.116560
1027.482000 0.785000 1027.751000 129.073030
1028.249000 0.767000 1028.521000 127.401130
1028.971000 0.722000 1029.241000 126.077070
1029.669000 0.697000 1029.941000 125.818990
1030.345000 0.676000 1030.611000 126.514680
1031.017000 0.672000 1031.281000 128.590530
1031.706000 0.688000 1031.971000 130.688830
1032.409000 0.703000 1032.671000 131.070330
1033.120000 0.711000 1033.391000 133.011530
1033.814000 0.694000 1034.081000 134.560010
1034.481000 0.668000 1034.751000 135.592320
1035.161000 0.680000 1035.431000 135.424010
1035.900000 0.738000 1036.161000 134.301930
1036.675000 0.776000 1036.941000 133.202290
1037.440000 0.765000 1037.711000 131.451840
1038.183000 0.743000 1038.451000 130.340980
1038.902000 0.719000 1039.171000 129.129130
1039.612000 0.710000 1039.881000 128.511990
1040.312000 0.700000 1040.581000 127.816300
1040.993000 0.681000 1041.261000 129.286220
1041.662000 0.669000 1041.931000 130.520510
1042.349000 0.687000 1042.611000 131.822130
1043.090000 0.741000 1043.351000 132.068990
1043.863000 0.773000 1044.121000 130.554180
1044.654000 0.792000 1044.921000 130.430750
1045.436000 0.782000 1045.701000 129.039370
1046.196000 0.760000 1046.461000 127.524560
1046.943000 0.747000 1047.211000 126.727880
1047.652000 0.709000 1047.921000 127.244040
1048.327000 0.675000 1048.591000 128.915940
1048.980000 0.653000 1049.251000 130.071680
1049.656000 0.676000 1049.921000 131.519170
1050.410000 0.754000 1050.671000 132.226080
1051.224000 0.814000 1051.491000 131.911890
1052.029000 0.806000 1052.301000 130.397080
1052.835000 0.806000 1053.101000 129.398430
1053.643000 0.808000 1053.911000 127.928510
1054.438000 0.794000 1054.711000 126.211720
1055.196000 0.758000 1055.461000 125.393620
1055.921000 0.725000 1056.191000 124.810140
1056.633000 0.712000 1056.901000 126.110730
1057.332000 0.698000 1057.601000 127.187930
1058.052000 0.720000 1058.321000 128.175360
1058.800000 0.748000 1059.071000 128.130480
1059.572000 0.772000 1059.841000 127.995830
1060.353000 0.782000 1060.621000 127.367460
1061.120000 0.766000 1061.391000 126.817640
1061.862000 0.742000 1062.131000 125.471150
1062.579000 0.717000 1062.851000 125.371180
1063.272000 0.693000 1063.541000 126.256600
1063.944000 0.672000 1064.211000 126.537120
1064.622000 0.678000 1064.891000 126.985960
1065.332000 0.710000 1065.601000 126.929850
1066.092000 0.760000 1066.361000 127.019620
1066.840000 0.748000 1067.111000 126.626890
1067.579000 0.739000 1067.851000 125.427280
1068.296000 0.717000 1068.571000 125.482370
1068.998000 0.702000 1069.271000 125.303850
1069.702000 0.704000 1069.971000 126.189280
1070.439000 0.736000 1070.701000 125.931200
1071.188000 0.749000 1071.451000 124.956010
1071.937000 0.749000 1072.211000 124.282760
1072.648000 0.711000 1072.921000 124.316420
1073.337000 0.689000 1073.611000 125.729230
1074.001000 0.664000 1074.271000 127.782630
1074.677000 0.676000 1074.941000 128.007050
1075.402000 0.725000 1075.671000 128.018270
1076.120000 0.718000 1076.391000 126.907410
1076.804000 0.684000 1077.071000 126.245380
1077.458000 0.654000 1077.731000 126.200500
1078.103000 0.646000 1078.371000 126.997180
1078.733000 0.630000 1079.001000 128.298790
1079.363000 0.630000 1079.631000 130.958120
1079.981000 0.618000 1080.251000 133.325720
1080.598000 0.617000 1080.861000 136.557310
1081.238000 0.640000 1081.501000 138.442410
1081.962000 0.725000 1082.221000 139.845010
1082.757000 0.795000 1083.021000 138.678050
1083.570000 0.813000 1083.831000 137.320330
1084.380000 0.810000 1084.641000 135.401570
1085.176000 0.796000 1085.441000 133.090080
1085.966000 0.790000 1086.231000 130.980570
1086.744000 0.778000 1087.001000 129.443310
1087.487000 0.743000 1087.751000 127.356240
1088.182000 0.695000 1088.441000 126.739100
1088.853000 0.671000 1089.111000 127.726530
1089.515000 0.661000 1089.771000 128.736400
1090.173000 0.659000 1090.431000 129.073030
1090.877000 0.704000 1091.131000 128.960820
1091.623000 0.746000 1091.881000 128.758850
1092.382000 0.759000 1092.641000 127.917280
1093.137000 0.755000 1093.401000 126.963520
1093.853000 0.716000 1094.111000 126.750320
1094.536000 0.684000 1094.801000 126.481020
1095.189000 0.652000 1095.451000 126.570790
1095.818000 0.630000 1096.081000 126.503460
1096.445000 0.627000 1096.701000 126.840090
1097.081000 0.636000 1097.341000 128.040710
1097.733000 0.652000 1097.991000 129.712610
1098.379000 0.646000 1098.641000 131.014230
1099.004000 0.625000 1099.271000 131.665040
1099.628000 0.624000 1099.891000 132.214860
1100.271000 0.644000 1100.531000 131.305970
1100.956000 0.684000 1101.221000 129.802380
1101.677000 0.721000 1101.941000 128.904720
1102.412000 0.736000 1102.681000 127.984610
1103.137000 0.724000 1103.401000 127.625540
1103.831000 0.694000 1104.101000 127.434790
1104.504000 0.673000 1104.771000 127.625540
1105.162000 0.659000 1105.431000 128.556870
1105.816000 0.654000 1106.081000 130.284880
1106.471000 0.655000 1106.731000 132.371950
1107.136000 0.665000 1107.401000 135.020060
1107.852000 0.716000 1108.111000 136.882710
1108.608000 0.756000 1108.871000 137.006140
1109.399000 0.791000 1109.661000 136.815390
1110.215000 0.816000 1110.481000 135.424010
1111.026000 0.812000 1111.291000 133.920420
1111.834000 0.807000 1112.101000 132.293400
1112.617000 0.784000 1112.881000 130.239990
1113.386000 0.769000 1113.651000 128.646640
1114.112000 0.726000 1114.381000 128.590530
1114.805000 0.694000 1115.071000 128.725180
1115.507000 0.702000 1115.761000 128.972040
1116.220000 0.713000 1116.481000 129.016920
1116.952000 0.732000 1117.211000 129.499420
1117.684000 0.732000 1117.951000 130.565400
1118.425000 0.740000 1118.691000 131.036670
1119.197000 0.772000 1119.461000 130.857140
1119.981000 0.784000 1120.241000 130.329760
1120.756000 0.774000 1121.021000 129.443310
1121.505000 0.749000 1121.771000 128.489550
1122.230000 0.726000 1122.501000 127.479670
1122.925000 0.695000 1123.191000 129.375990
1123.600000 0.675000 1123.861000 131.339630
1124.298000 0.699000 1124.561000 132.775900
1125.053000 0.754000 1125.311000 133.819430
1125.832000 0.779000 1126.091000 133.303280
1126.604000 0.773000 1126.871000 132.955430
1127.359000 0.754000 1127.631000 131.676260
1128.074000 0.716000 1128.341000 131.451840
1128.764000 0.690000 1129.031000 132.203640
1129.470000 0.706000 1129.731000 131.373300
1130.212000 0.742000 1130.471000 130.599060
1130.958000 0.746000 1131.221000 129.959470
1131.686000 0.728000 1131.951000 129.476980
1132.393000 0.708000 1132.661000 129.746280
1133.092000 0.698000 1133.361000 129.768720
1133.764000 0.672000 1134.031000 130.486850
1134.428000 0.664000 1134.691000 132.450490
1135.102000 0.674000 1135.361000 133.045200
1135.833000 0.731000 1136.091000 133.752110
1136.631000 0.798000 1136.891000 132.663690
1137.430000 0.799000 1137.691000 131.204980
1138.203000 0.774000 1138.471000 129.903370
1138.934000 0.731000 1139.201000 127.917280
1139.626000 0.692000 1139.901000 127.255260
1140.300000 0.673000 1140.561000 128.949600
1140.972000 0.672000 1141.231000 129.847260
1141.663000 0.691000 1141.921000 130.397080
1142.369000 0.706000 1142.631000 131.620150
1143.097000 0.728000 1143.361000 132.517820
1143.826000 0.729000 1144.091000 133.325720
1144.547000 0.721000 1144.811000 132.775900
1145.254000 0.707000 1145.521000 133.123740
1145.946000 0.692000 1146.211000 133.381820
1146.618000 0.672000 1146.891000 132.876880
1147.260000 0.642000 1147.531000 133.112520
1147.904000 0.644000 1148.171000 133.314500
1148.591000 0.687000 1148.851000 133.550130
1149.329000 0.738000 1149.591000 133.864320
1150.076000 0.747000 1150.341000 133.449150
1150.786000 0.709000 1151.051000 133.269610
1151.466000 0.680000 1151.731000 133.437920
1152.140000 0.674000 1152.401000 134.503900
1152.790000 0.650000 1153.051000 135.087380
1153.434000 0.644000 1153.701000 136.433880
1154.094000 0.660000 1154.351000 138.027240
1154.805000 0.710000 1155.061000 138.498510
1155.567000 0.763000 1155.821000 138.891240
1156.391000 0.824000 1156.651000 138.419970
1157.201000 0.810000 1157.461000 135.726970
1158.004000 0.803000 1158.271000 133.662340
1158.788000 0.784000 1159.051000 131.115220
1159.553000 0.765000 1159.821000 128.579310
1160.285000 0.732000 1160.551000 126.211720
1160.979000 0.694000 1161.241000 125.482370
1161.641000 0.662000 1161.901000 126.941070
1162.286000 0.645000 1162.551000 127.715310
1162.946000 0.660000 1163.201000 127.468450
1163.640000 0.694000 1163.901000 127.053280
1164.366000 0.726000 1164.631000 125.684340
1165.093000 0.726000 1165.351000 123.979800
1165.805000 0.712000 1166.071000 123.295330
1166.517000 0.713000 1166.781000 122.408880
1167.209000 0.691000 1167.471000 121.174590
1167.885000 0.677000 1168.151000 120.860410
1168.544000 0.658000 1168.811000 122.016160
1169.180000 0.637000 1169.451000 123.351430
1169.809000 0.628000 1170.071000 124.181770
1170.451000 0.643000 1170.721000 124.608160
1171.142000 0.690000 1171.401000 125.146760
1171.852000 0.710000 1172.121000 123.530970
1172.555000 0.703000 1172.821000 123.295330
1173.247000 0.693000 1173.521000 122.846500
1173.933000 0.686000 1174.201000 123.037250
1174.616000 0.683000 1174.881000 123.699280
1175.304000 0.688000 1175.571000 124.226660
1175.980000 0.676000 1176.251000 123.093350
1176.646000 0.666000 1176.921000 123.789040
1177.297000 0.651000 1177.571000 125.740450
1177.944000 0.647000 1178.211000 128.029490
1178.619000 0.675000 1178.881000 129.286220
1179.315000 0.697000 1179.581000 129.510640
1180.002000 0.687000 1180.271000 128.085600
1180.675000 0.673000 1180.951000 127.782630
1181.339000 0.664000 1181.611000 128.893500
1182.003000 0.664000 1182.271000 129.207680
1182.690000 0.688000 1182.951000 128.489550
1183.439000 0.748000 1183.701000 127.367460
1184.196000 0.757000 1184.461000 125.897540
1184.923000 0.727000 1185.191000 124.686710
1185.615000 0.692000 1185.891000 123.867590
1186.279000 0.664000 1186.551000 125.337520
1186.922000 0.643000 1187.191000 127.468450
1187.554000 0.632000 1187.821000 128.276350
1188.208000 0.654000 1188.471000 129.207680
1188.933000 0.725000 1189.201000 129.802380
1189.690000 0.757000 1189.961000 128.915940
1190.443000 0.753000 1190.711000 128.904720
1191.202000 0.759000 1191.471000 128.063150
1191.932000 0.730000 1192.201000 127.479670
1192.649000 0.716000 1192.921000 126.492240
1193.365000 0.716000 1193.631000 125.471150
1194.089000 0.724000 1194.361000 124.271540
1194.821000 0.732000 1195.091000 123.160680
1195.528000 0.708000 1195.801000 121.746860
1196.218000 0.689000 1196.491000 122.577200
1196.875000 0.658000 1197.141000 123.205560
1197.544000 0.668000 1197.811000 123.385100
1198.248000 0.705000 1198.511000 122.622080
1198.987000 0.739000 1199.251000 121.960050
1199.735000 0.748000 1200.001000 121.331690
1200.472000 0.737000 1200.741000 120.927740
1201.202000 0.730000 1201.471000 121.253140
1201.925000 0.723000 1202.201000 120.422800
1202.631000 0.706000 1202.901000 120.636000
1203.328000 0.697000 1203.601000 121.814180
1204.010000 0.682000 1204.281000 123.149460
1204.699000 0.689000 1204.971000 123.317770
1205.442000 0.743000 1205.711000 123.340210
1206.186000 0.744000 1206.451000 122.218130
1206.921000 0.736000 1207.191000 123.014810
1207.651000 0.729000 1207.921000 122.913820
1208.376000 0.726000 1208.651000 122.509870
1209.088000 0.712000 1209.361000 122.038600
1209.788000 0.700000 1210.061000 122.330340
1210.482000 0.694000 1210.751000 122.969930
1211.164000 0.682000 1211.431000 123.766600
1211.838000 0.673000 1212.111000 123.856370
1212.567000 0.729000 1212.831000 124.125670
1213.329000 0.762000 1213.601000 123.609510
1214.098000 0.769000 1214.371000 122.913820
1214.852000 0.754000 1215.121000 121.432670
1215.574000 0.722000 1215.851000 122.004940
1216.269000 0.695000 1216.541000 123.138240
1216.942000 0.673000 1217.211000 124.406190
1217.604000 0.662000 1217.871000 124.451070
1218.268000 0.664000 1218.541000 124.608160
1218.953000 0.685000 1219.221000 125.818990
1219.654000 0.701000 1219.921000 127.143050
1220.346000 0.692000 1220.611000 128.938380
1221.065000 0.719000 1221.331000 130.060460
1221.739000 0.674000 1222.011000 128.837390
1222.384000 0.645000 1222.651000 128.007050
1223.023000 0.639000 1223.291000 126.817640
1223.665000 0.642000 1223.931000 125.124320
1224.301000 0.636000 1224.571000 124.855020
1224.931000 0.630000 1225.201000 126.346370
1225.547000 0.616000 1225.811000 126.750320
1226.159000 0.611000 1226.421000 127.468450
1226.775000 0.616000 1227.041000 128.085600
1227.420000 0.645000 1227.681000 127.962170
1228.114000 0.695000 1228.381000 128.332450
1228.818000 0.704000 1229.081000 127.547000
1229.526000 0.707000 1229.791000 127.333800
1230.231000 0.705000 1230.501000 126.671770
1230.937000 0.706000 1231.201000 126.593230
1231.626000 0.690000 1231.891000 126.548340
1232.313000 0.687000 1232.581000 127.109390
1233.032000 0.719000 1233.291000 126.840090
1233.776000 0.745000 1234.041000 126.413700
1234.526000 0.749000 1234.791000 125.113100
1235.257000 0.731000 1235.521000 124.484740
1235.979000 0.722000 1236.251000 125.504810
1236.689000 0.710000 1236.951000 126.346370
1237.396000 0.707000 1237.661000 127.995830
1238.103000 0.707000 1238.371000 129.510640
1238.844000 0.742000 1239.111000 131.642590
1239.612000 0.767000 1239.881000 131.463060
1240.378000 0.766000 1240.641000 130.049240
1241.132000 0.754000 1241.401000 129.117910
1241.845000 0.714000 1242.111000 127.861180
1242.538000 0.693000 1242.801000 128.040710
1243.262000 0.723000 1243.521000 127.120610
1243.998000 0.737000 1244.261000 126.626890
1244.715000 0.716000 1244.981000 126.458580
1245.416000 0.701000 1245.681000 126.671770
1246.123000 0.708000 1246.391000 126.974740
1246.818000 0.695000 1247.091000 127.367460
1247.495000 0.676000 1247.761000 128.691520
1248.188000 0.693000 1248.451000 129.353550
1248.901000 0.714000 1249.161000 128.657860
1249.647000 0.745000 1249.911000 129.084250
1250.392000 0.745000 1250.661000 129.241340
1251.102000 0.709000 1251.371000 129.263780
1251.764000 0.662000 1252.031000 130.206330
1252.400000 0.636000 1252.671000 132.158750
1253.024000 0.624000 1253.291000 132.562700
1253.683000 0.659000 1253.951000 133.796990
1254.390000 0.707000 1254.651000 134.066290
1255.130000 0.740000 1255.391000 134.099950
1255.873000 0.743000 1256.141000 133.202290
1256.606000 0.733000 1256.871000 132.472930
1257.322000 0.715000 1257.591000 131.003010
1258.039000 0.717000 1258.301000 130.554180
1258.766000 0.726000 1259.031000 129.600410
1259.502000 0.736000 1259.761000 128.568090
1260.245000 0.743000 1260.511000 127.524560
1260.987000 0.742000 1261.251000 126.189280
1261.728000 0.741000 1261.991000 124.507180
1262.454000 0.726000 1262.721000 124.058340
1263.189000 0.734000 1263.451000 123.934920
1263.925000 0.736000 1264.191000 122.812830
1264.654000 0.729000 1264.921000 121.062390
1265.366000 0.712000 1265.631000 120.636000
1266.046000 0.680000 1266.311000 120.882850
1266.698000 0.651000 1266.961000 122.128360
1267.340000 0.642000 1267.601000 121.903950
1268.012000 0.672000 1268.271000 121.690750
1268.719000 0.708000 1268.981000 121.342910
1269.430000 0.710000 1269.701000 121.298020
1270.122000 0.692000 1270.391000 121.443890
1270.803000 0.681000 1271.071000 121.612210
1271.460000 0.658000 1271.731000 124.686710
1272.119000 0.658000 1272.381000 125.460950
1272.794000 0.675000 1273.061000 127.109390
1273.496000 0.702000 1273.761000 129.174020
1274.197000 0.701000 1274.461000 129.387210
1274.901000 0.704000 1275.171000 130.475630
1275.609000 0.708000 1275.871000 131.272310
1276.346000 0.737000 1276.611000 131.148880
1277.105000 0.759000 1277.371000 129.432090
1277.859000 0.754000 1278.131000 127.333800
1278.590000 0.731000 1278.861000 125.270190
1279.280000 0.690000 1279.551000 124.686710
1279.946000 0.666000 1280.211000 126.155620
1280.603000 0.658000 1280.871000 126.166840
1281.283000 0.679000 1281.541000 126.099510
1281.981000 0.699000 1282.241000 125.964860
1282.687000 0.705000 1282.951000 125.639460
1283.383000 0.697000 1283.651000 125.225310
1284.087000 0.704000 1284.351000 125.494610
1284.813000 0.726000 1285.081000 124.361310
1285.550000 0.737000 1285.821000 123.721720
1286.263000 0.713000 1286.531000 124.720370
1286.983000 0.720000 1287.251000 125.875100
1287.704000 0.720000 1287.971000 125.661900
1288.428000 0.724000 1288.691000 124.192990
1289.157000 0.729000 1289.421000 123.833930
1289.883000 0.726000 1290.151000 124.641830
1290.602000 0.719000 1290.871000 126.582010
1291.309000 0.707000 1291.581000 125.113100
1291.998000 0.690000 1292.271000 126.178060
1292.675000 0.676000 1292.941000 127.849960
1293.342000 0.667000 1293.611000 126.806420
1293.988000 0.646000 1294.261000 127.165490
1294.626000 0.639000 1294.891000 128.949600
1295.262000 0.636000 1295.531000 130.991790
1295.892000 0.631000 1296.161000 132.529040
1296.516000 0.624000 1296.781000 132.428050
1297.143000 0.627000 1297.401000 132.282180
1297.793000 0.649000 1298.051000 131.216200
1298.453000 0.660000 1298.721000 129.914590
1299.106000 0.653000 1299.371000 129.398430
1299.731000 0.625000 1300.001000 128.669080
1300.341000 0.610000 1300.611000 129.117910
1300.950000 0.609000 1301.211000 129.061810
1301.584000 0.634000 1301.851000 130.161450
1302.256000 0.672000 1302.521000 130.599060
1302.930000 0.674000 1303.191000 131.036670
1303.612000 0.682000 1303.881000 131.047890
1304.288000 0.677000 1304.551000 131.451840
1304.959000 0.671000 1305.231000 131.474280
1305.612000 0.653000 1305.881000 132.484160
1306.282000 0.670000 1306.541000 133.101300
1306.986000 0.704000 1307.251000 133.056420
1307.716000 0.730000 1307.981000 131.934340
1308.481000 0.765000 1308.741000 131.350850
1309.250000 0.769000 1309.511000 129.432090
1310.001000 0.751000 1310.271000 127.300140
1310.696000 0.695000 1310.961000 124.484740
1311.364000 0.668000 1311.631000 125.180430
1312.010000 0.646000 1312.271000 125.863880
1312.631000 0.620000 1312.891000 125.135540
1313.239000 0.609000 1313.501000 125.337520
1313.850000 0.611000 1314.111000 125.830210
1314.478000 0.629000 1314.741000 126.952290
1315.128000 0.649000 1315.391000 127.423570
1315.813000 0.685000 1316.071000 127.356240
1316.519000 0.706000 1316.781000 126.133170
1317.204000 0.685000 1317.471000 124.305200
1317.861000 0.657000 1318.131000 124.372530
1318.499000 0.639000 1318.771000 124.956010
1319.135000 0.636000 1319.401000 125.101880
1319.784000 0.649000 1320.051000 125.718000
1320.449000 0.666000 1320.711000 125.762890
1321.131000 0.681000 1321.391000 126.267820
1321.813000 0.682000 1322.081000 126.660550
1322.486000 0.673000 1322.751000 126.615670
1323.144000 0.658000 1323.411000 128.197800
1323.803000 0.659000 1324.071000 129.409650
1324.487000 0.685000 1324.751000 129.712610
1325.190000 0.702000 1325.451000 128.859830
1325.879000 0.689000 1326.141000 127.805080
1326.547000 0.669000 1326.821000 127.434790
1327.204000 0.657000 1327.471000 128.725180
1327.868000 0.664000 1328.131000 129.836040
1328.537000 0.669000 1328.801000 130.554180
1329.220000 0.683000 1329.481000 130.026800
1329.911000 0.691000 1330.181000 130.049240
1330.593000 0.681000 1330.861000 130.666380
1331.271000 0.678000 1331.541000 131.238650
1331.974000 0.703000 1332.241000 131.081550
1332.697000 0.723000 1332.961000 129.465760
1333.418000 0.721000 1333.681000 128.242690
1334.129000 0.711000 1334.391000 126.020970
1334.810000 0.681000 1335.081000 126.009750
1335.483000 0.673000 1335.751000 126.121950
1336.158000 0.675000 1336.421000 126.099510
1336.832000 0.674000 1337.101000 126.256600
1337.497000 0.665000 1337.761000 126.626890
1338.170000 0.673000 1338.431000 128.085600
1338.852000 0.681000 1339.111000 128.332450
1339.537000 0.686000 1339.801000 128.253910
1340.216000 0.678000 1340.481000 127.816300
1340.891000 0.675000 1341.161000 126.357590
1341.557000 0.666000 1341.821000 126.256600
1342.218000 0.660000 1342.481000 126.346370
1342.861000 0.643000 1343.131000 126.211720
1343.489000 0.629000 1343.751000 125.976080
1344.128000 0.639000 1344.391000 126.615670
1344.788000 0.660000 1345.051000 127.333800
1345.457000 0.669000 1345.721000 127.737750
1346.135000 0.678000 1346.401000 128.253910
1346.800000 0.665000 1347.071000 128.366120
1347.468000 0.668000 1347.731000 128.983260
1348.131000 0.663000 1348.401000 129.196460
1348.786000 0.656000 1349.051000 130.946900
1349.444000 0.658000 1349.711000 131.541610
1350.126000 0.682000 1350.391000 132.237300
1350.845000 0.719000 1351.111000 132.371950
1351.583000 0.737000 1351.851000 131.665040
1352.313000 0.730000 1352.581000 131.059110
1353.019000 0.707000 1353.291000 129.802380
1353.711000 0.692000 1353.981000 129.925810
1354.409000 0.697000 1354.671000 129.241340
1355.117000 0.708000 1355.381000 128.781290
1355.812000 0.694000 1356.081000 128.085600
1356.497000 0.685000 1356.761000 128.119260
1357.162000 0.666000 1357.431000 128.444660
1357.812000 0.649000 1358.081000 130.430750
1358.474000 0.662000 1358.741000 131.990440
1359.168000 0.694000 1359.431000 133.179850
1359.892000 0.724000 1360.151000 133.179850
1360.625000 0.734000 1360.891000 132.618810
1361.334000 0.709000 1361.601000 131.721140
1362.014000 0.679000 1362.281000 132.383170
1362.685000 0.671000 1362.951000 131.878230
1363.381000 0.696000 1363.641000 131.328410
1364.084000 0.703000 1364.341000 129.454540
1364.792000 0.708000 1365.051000 128.276350
1365.499000 0.707000 1365.761000 127.053280
1366.178000 0.678000 1366.441000 126.077070
1366.833000 0.655000 1367.101000 127.356240
1367.473000 0.640000 1367.741000 127.502110
1368.128000 0.655000 1368.391000 127.389910
1368.806000 0.678000 1369.071000 127.995830
1369.508000 0.702000 1369.771000 128.108040
1370.217000 0.708000 1370.481000 127.412350
1370.905000 0.689000 1371.171000 126.458580
1371.582000 0.677000 1371.851000 126.335150
1372.249000 0.667000 1372.511000 126.469800
1372.896000 0.647000 1373.161000 126.043410
1373.530000 0.634000 1373.801000 125.471150
1374.151000 0.621000 1374.421000 126.121950
1374.773000 0.622000 1375.041000 125.214090
1375.430000 0.657000 1375.691000 125.471150
1376.138000 0.708000 1376.401000 126.335150
1376.860000 0.722000 1377.131000 127.580660
1377.576000 0.716000 1377.841000 127.389910
1378.278000 0.702000 1378.551000 128.276350
1378.939000 0.661000 1379.211000 129.925810
1379.566000 0.628000 1379.831000 131.328410
1380.173000 0.607000 1380.441000 132.495380
1380.770000 0.597000 1381.041000 132.315840
1381.370000 0.600000 1381.631000 135.064940
1381.986000 0.616000 1382.251000 136.018710
1382.637000 0.651000 1382.901000 137.466200
1383.311000 0.674000 1383.571000 137.993580
1384.045000 0.734000 1384.301000 137.398870
1384.809000 0.764000 1385.071000 135.165930
1385.600000 0.791000 1385.861000 132.192410
1386.353000 0.754000 1386.621000 130.172670
1387.093000 0.740000 1387.361000 129.521860
1387.835000 0.742000 1388.101000 132.035320
1388.571000 0.735000 1388.841000 130.385860
1389.285000 0.714000 1389.551000 129.331110
1389.967000 0.682000 1390.241000 130.587840
