14.121000 0.984000 14.471000 112.303050
15.116000 0.995000 15.457000 113.951080
16.156000 1.040000 16.494000 112.730660
17.142000 0.986000 17.500000 112.334250
18.139000 0.997000 18.479000 112.363610
19.085000 0.946000 19.440000 111.570790
20.034000 0.949000 20.389000 113.097700
21.016000 0.982000 21.371000 113.494110
22.002000 0.986000 22.356000 112.791220
22.945000 0.944000 23.281000 113.523480
23.976000 1.031000 24.300000 113.585870
24.957000 0.982000 25.298000 111.967200
25.969000 1.012000 26.309000 112.670100
27.044000 1.075000 27.391000 111.205580
28.059000 1.015000 28.397000 109.618110
29.030000 0.971000 29.376000 110.502690
29.986000 0.956000 30.341000 110.838540
30.959000 0.974000 31.307000 109.618110
31.894000 0.934000 32.238000 110.014520
32.888000 0.994000 33.221000 109.739240
33.952000 1.064000 34.276000 109.649310
34.964000 1.012000 35.306000 107.634230
35.882000 0.918000 36.224000 108.061840
36.782000 0.901000 37.123000 109.618110
37.764000 0.982000 38.107000 111.205580
38.786000 1.022000 39.122000 111.631360
39.730000 0.944000 40.066000 112.791220
40.744000 1.014000 41.082000 112.761860
41.772000 1.028000 42.105000 110.838540
42.749000 0.977000 43.083000 111.205580
43.784000 1.035000 44.111000 110.045720
44.782000 0.998000 45.125000 108.489450
45.719000 0.937000 46.055000 108.366490
46.692000 0.973000 47.042000 106.353240
47.616000 0.924000 47.987000 106.382610
48.505000 0.888000 48.827000 107.237820
49.425000 0.920000 49.750000 107.970080
50.346000 0.922000 50.673000 107.177260
51.253000 0.907000 51.624000 105.558590
52.173000 0.920000 52.499000 107.513110
53.121000 0.948000 53.485000 104.461130
54.024000 0.904000 54.370000 107.237820
54.996000 0.971000 55.348000 106.749650
55.994000 0.998000 56.347000 105.285140
56.929000 0.935000 57.272000 106.046760
57.873000 0.944000 58.212000 105.558590
58.847000 0.974000 59.211000 105.222740
59.734000 0.887000 60.051000 107.603030
60.641000 0.907000 61.013000 109.282270
61.553000 0.912000 61.892000 109.739240
62.459000 0.907000 62.803000 109.526350
63.436000 0.977000 63.777000 110.869740
64.502000 1.066000 64.871000 108.946420
65.499000 0.997000 65.837000 108.427050
66.517000 1.018000 66.879000 108.061840
67.552000 1.035000 67.898000 106.413810
68.496000 0.944000 68.868000 105.589790
69.469000 0.974000 69.796000 108.001280
70.447000 0.977000 70.776000 107.573670
71.380000 0.933000 71.720000 106.779020
72.321000 0.941000 72.661000 108.825300
73.349000 1.028000 73.680000 108.825300
74.357000 1.008000 74.712000 106.382610
75.304000 0.947000 75.638000 108.030640
76.338000 1.034000 76.672000 108.001280
77.368000 1.030000 77.710000 104.765770
78.326000 0.957000 78.678000 105.253940
79.289000 0.963000 79.635000 107.177260
80.320000 1.031000 80.678000 105.222740
81.310000 0.990000 81.647000 106.657890
82.243000 0.933000 82.580000 107.542470
83.198000 0.955000 83.535000 109.282270
84.217000 1.019000 84.556000 110.075080
85.206000 0.989000 85.567000 109.159310
86.132000 0.926000 86.476000 110.410930
87.126000 0.995000 87.476000 110.106280
88.112000 0.986000 88.458000 108.854660
89.062000 0.950000 89.402000 108.854660
90.061000 0.999000 90.416000 107.114860
91.023000 0.962000 91.359000 107.603030
91.969000 0.946000 92.319000 108.427050
92.963000 0.995000 93.306000 106.718450
93.898000 0.935000 94.243000 108.061840
94.892000 0.993000 95.215000 108.427050
95.855000 0.963000 96.196000 106.353240
96.790000 0.935000 97.121000 108.427050
97.759000 0.969000 98.079000 107.603030
98.666000 0.907000 99.025000 106.779020
99.620000 0.954000 99.965000 107.603030
100.546000 0.926000 100.885000 107.237820
101.432000 0.886000 101.763000 107.603030
102.398000 0.966000 102.743000 107.237820
103.336000 0.938000 103.686000 107.603030
104.212000 0.877000 104.541000 110.045720
105.042000 0.830000 105.396000 110.014520
105.799000 0.757000 106.139000 111.266150
106.593000 0.794000 106.925000 112.791220
107.416000 0.823000 107.744000 114.806300
108.275000 0.859000 108.603000 116.819540
109.329000 1.054000 109.663000 116.057920
110.316000 0.987000 110.651000 113.523480
111.265000 0.949000 111.620000 111.174390
112.174000 0.909000 112.524000 111.234950
113.047000 0.873000 113.382000 110.350370
113.872000 0.825000 114.206000 111.234950
114.739000 0.867000 115.049000 112.394810
115.739000 1.000000 116.063000 112.273690
116.676000 0.937000 117.060000 107.513110
117.585000 0.909000 117.927000 111.662560
118.543000 0.959000 118.882000 111.937840
119.576000 1.032000 119.908000 110.471490
120.543000 0.967000 120.890000 108.885860
121.530000 0.987000 121.870000 109.739240
122.501000 0.971000 122.861000 106.718450
123.437000 0.936000 123.782000 107.938880
124.414000 0.978000 124.764000 108.458250
125.432000 1.017000 125.755000 107.146060
126.377000 0.945000 126.710000 107.177260
127.340000 0.963000 127.697000 105.558590
128.358000 1.018000 128.711000 104.521690
129.306000 0.948000 129.668000 105.558590
130.296000 0.990000 130.615000 107.542470
131.299000 1.003000 131.651000 106.353240
132.235000 0.936000 132.556000 107.237820
133.230000 0.995000 133.571000 107.603030
134.229000 0.999000 134.570000 106.413810
135.162000 0.933000 135.519000 107.177260
136.162000 1.000000 136.500000 106.749650
137.141000 0.978000 137.475000 106.382610
138.086000 0.945000 138.415000 106.841410
139.103000 1.018000 139.465000 105.558590
140.106000 1.003000 140.459000 106.810220
141.045000 0.939000 141.388000 106.322050
142.081000 1.036000 142.406000 107.177260
143.104000 1.023000 143.451000 103.697670
144.034000 0.930000 144.371000 106.779020
144.981000 0.947000 145.328000 105.955000
145.952000 0.971000 146.285000 107.114860
146.874000 0.922000 147.216000 106.810220
147.859000 0.985000 148.214000 106.445010
148.825000 0.965000 149.154000 106.353240
149.770000 0.946000 150.107000 106.290850
150.787000 1.017000 151.123000 106.718450
151.773000 0.986000 152.114000 104.033520
152.700000 0.927000 153.063000 104.765770
153.650000 0.951000 154.003000 104.734570
154.558000 0.907000 154.883000 106.353240
155.446000 0.888000 155.773000 107.237820
156.378000 0.931000 156.715000 107.206620
157.244000 0.867000 157.571000 107.177260
158.194000 0.950000 158.515000 107.573670
159.220000 1.026000 159.580000 103.666470
160.198000 0.978000 160.520000 105.620990
161.172000 0.974000 161.500000 105.222740
162.098000 0.925000 162.436000 104.461130
163.069000 0.971000 163.392000 105.650350
164.058000 0.989000 164.400000 104.490490
165.018000 0.960000 165.380000 106.046760
165.970000 0.952000 166.314000 106.046760
166.922000 0.952000 167.251000 106.718450
167.817000 0.895000 168.182000 105.285140
168.761000 0.944000 169.087000 108.427050
169.779000 1.018000 170.121000 108.030640
170.726000 0.947000 171.060000 107.909520
171.666000 0.940000 172.035000 108.030640
172.656000 0.990000 173.013000 108.794100
173.635000 0.979000 174.015000 109.221700
174.602000 0.967000 174.980000 109.251070
175.588000 0.986000 175.916000 108.825300
176.535000 0.947000 176.880000 106.413810
177.485000 0.950000 177.819000 108.825300
178.469000 0.984000 178.811000 107.970080
179.391000 0.922000 179.743000 106.779020
180.340000 0.950000 180.667000 108.794100
181.337000 0.996000 181.677000 108.030640
182.303000 0.966000 182.629000 108.794100
183.359000 1.056000 183.695000 109.221700
184.407000 1.048000 184.768000 105.955000
185.370000 0.963000 185.712000 107.177260
186.349000 0.978000 186.685000 107.023100
187.376000 1.028000 187.717000 108.091200
188.354000 0.978000 188.705000 107.573670
189.260000 0.906000 189.584000 108.335290
190.227000 0.968000 190.557000 108.854660
191.275000 1.048000 191.618000 108.550010
192.240000 0.965000 192.577000 108.030640
193.208000 0.968000 193.557000 108.061840
194.214000 1.005000 194.581000 105.650350
195.173000 0.959000 195.506000 107.542470
196.191000 1.018000 196.519000 108.001280
197.216000 1.025000 197.577000 104.062880
198.152000 0.936000 198.495000 106.353240
199.090000 0.939000 199.417000 107.573670
200.029000 0.939000 200.363000 108.061840
200.944000 0.915000 201.285000 108.458250
201.929000 0.986000 202.266000 109.678680
202.910000 0.981000 203.239000 108.825300
203.852000 0.943000 204.195000 107.970080
204.855000 1.002000 205.193000 108.762900
205.854000 0.999000 206.197000 107.206620
206.787000 0.934000 207.144000 106.322050
207.730000 0.942000 208.064000 107.573670
208.679000 0.950000 209.055000 105.589790
209.606000 0.927000 209.944000 108.001280
210.564000 0.958000 210.906000 107.206620
211.633000 1.069000 211.992000 108.335290
212.599000 0.966000 212.941000 106.870780
213.581000 0.982000 213.922000 106.445010
214.614000 1.033000 215.005000 102.080840
215.607000 0.993000 215.966000 100.126320
216.535000 0.928000 216.879000 106.046760
217.504000 0.969000 217.860000 106.810220
218.488000 0.984000 218.833000 105.193380
219.397000 0.909000 219.739000 106.779020
220.380000 0.983000 220.721000 107.146060
221.400000 1.020000 221.753000 106.810220
222.348000 0.948000 222.719000 107.146060
223.318000 0.970000 223.681000 104.857530
224.272000 0.954000 224.613000 106.353240
225.172000 0.900000 225.510000 107.603030
226.128000 0.956000 226.466000 108.794100
227.099000 0.971000 227.429000 108.030640
228.023000 0.924000 228.371000 108.458250
228.974000 0.951000 229.311000 108.001280
229.927000 0.953000 230.279000 106.718450
230.832000 0.905000 231.170000 106.779020
231.724000 0.892000 232.089000 107.542470
232.527000 0.803000 232.868000 109.282270
233.303000 0.776000 233.645000 110.442130
234.128000 0.825000 234.471000 113.523480
235.052000 0.924000 235.390000 116.331370
236.235000 1.183000 236.585000 116.423140
237.250000 1.015000 237.592000 113.585870
238.253000 1.003000 238.577000 113.554680
239.225000 0.972000 239.577000 112.363610
240.170000 0.945000 240.510000 111.998400
241.046000 0.876000 241.376000 112.363610
241.977000 0.931000 242.319000 113.523480
242.991000 1.013000 243.336000 111.631360
243.929000 0.939000 244.289000 110.381570
244.943000 1.014000 245.276000 111.937840
245.939000 0.996000 246.295000 109.739240
246.875000 0.936000 247.213000 110.442130
247.886000 1.011000 248.235000 110.106280
248.858000 0.973000 249.213000 108.458250
249.773000 0.915000 250.115000 109.251070
250.697000 0.924000 251.045000 108.825300
251.677000 0.979000 252.056000 108.122400
252.611000 0.934000 252.994000 109.739240
253.634000 1.023000 253.987000 109.557550
254.673000 1.040000 255.036000 108.091200
255.660000 0.986000 256.024000 106.017400
256.680000 1.020000 257.057000 107.237820
257.613000 0.934000 257.979000 102.569010
258.507000 0.894000 258.884000 105.222740
259.416000 0.909000 259.764000 108.427050
260.327000 0.911000 260.676000 109.649310
261.209000 0.882000 261.545000 111.998400
262.167000 0.958000 262.503000 112.699460
263.141000 0.974000 263.496000 112.303050
264.073000 0.933000 264.403000 113.982280
265.091000 1.017000 265.432000 113.462910
266.074000 0.983000 266.419000 111.205580
266.995000 0.921000 267.329000 111.205580
267.940000 0.945000 268.268000 111.174390
268.864000 0.924000 269.202000 109.678680
269.765000 0.901000 270.104000 110.075080
270.719000 0.954000 271.082000 110.014520
271.675000 0.956000 272.044000 107.206620
272.580000 0.905000 272.919000 109.251070
273.507000 0.927000 273.867000 108.885860
274.476000 0.969000 274.810000 108.001280
275.404000 0.928000 275.747000 107.573670
276.403000 0.999000 276.724000 107.634230
277.410000 1.007000 277.782000 106.017400
278.366000 0.956000 278.712000 107.177260
279.368000 1.002000 279.705000 107.603030
280.356000 0.988000 280.689000 105.529230
281.282000 0.927000 281.629000 106.779020
282.232000 0.950000 282.570000 107.237820
283.221000 0.988000 283.589000 104.521690
284.144000 0.923000 284.490000 107.177260
285.100000 0.957000 285.436000 108.001280
286.052000 0.952000 286.407000 105.955000
286.970000 0.918000 287.330000 106.810220
287.975000 1.005000 288.318000 107.146060
289.007000 1.032000 289.388000 103.238860
289.967000 0.960000 290.299000 104.765770
290.947000 0.979000 291.275000 105.222740
291.910000 0.963000 292.249000 104.398730
292.827000 0.918000 293.159000 104.857530
293.811000 0.984000 294.167000 105.162180
294.863000 1.051000 295.197000 104.918100
295.804000 0.941000 296.180000 103.330630
296.778000 0.974000 297.117000 104.490490
297.777000 0.999000 298.117000 105.285140
298.662000 0.885000 299.037000 104.094080
299.534000 0.872000 299.863000 108.091200
300.472000 0.938000 300.803000 109.618110
301.607000 1.135000 301.944000 109.313470
302.610000 1.003000 302.996000 105.253940
303.609000 1.000000 303.944000 109.678680
304.632000 1.022000 305.004000 108.489450
305.577000 0.946000 305.928000 108.366490
306.517000 0.939000 306.844000 110.838540
307.523000 1.007000 307.875000 111.234950
308.483000 0.959000 308.823000 113.158270
309.489000 1.006000 309.826000 114.866860
310.480000 0.991000 310.826000 113.218830
311.429000 0.949000 311.763000 113.615240
312.454000 1.024000 312.804000 112.363610
313.479000 1.026000 313.832000 109.586910
314.439000 0.959000 314.777000 110.410930
315.384000 0.945000 315.731000 109.557550
316.342000 0.959000 316.686000 110.075080
317.253000 0.911000 317.585000 110.471490
318.215000 0.962000 318.575000 111.205580
319.246000 1.031000 319.589000 110.075080
320.205000 0.959000 320.581000 108.427050
321.165000 0.960000 321.511000 109.251070
322.126000 0.961000 322.471000 108.489450
323.018000 0.892000 323.370000 108.458250
323.939000 0.921000 324.270000 109.709870
324.840000 0.901000 325.180000 109.649310
325.729000 0.889000 326.071000 113.127070
326.662000 0.933000 327.023000 113.890520
327.739000 1.077000 328.068000 113.982280
328.724000 0.984000 329.063000 111.967200
329.741000 1.017000 330.082000 111.570790
330.739000 0.998000 331.070000 109.282270
331.645000 0.906000 332.008000 110.014520
332.532000 0.887000 332.881000 109.557550
333.405000 0.873000 333.753000 111.631360
334.255000 0.850000 334.594000 113.982280
335.055000 0.800000 335.412000 116.391940
335.854000 0.799000 336.190000 118.711660
337.099000 1.245000 337.424000 118.682300
338.177000 1.078000 338.513000 116.391940
339.304000 1.127000 339.655000 115.599120
340.297000 0.993000 340.671000 113.523480
341.197000 0.900000 341.572000 113.127070
342.100000 0.904000 342.439000 113.523480
343.097000 0.997000 343.420000 113.951080
344.019000 0.922000 344.368000 112.426010
344.929000 0.911000 345.257000 113.187630
345.886000 0.957000 346.230000 112.334250
346.811000 0.925000 347.146000 111.906640
347.754000 0.942000 348.076000 112.394810
348.697000 0.943000 349.043000 110.899100
349.640000 0.944000 349.996000 110.838540
350.502000 0.861000 350.856000 108.854660
351.363000 0.861000 351.699000 111.631360
352.280000 0.917000 352.619000 111.266150
353.319000 1.038000 353.642000 110.442130
354.269000 0.950000 354.593000 110.045720
355.261000 0.993000 355.595000 110.502690
356.253000 0.992000 356.614000 108.794100
357.152000 0.899000 357.504000 107.177260
358.031000 0.879000 358.364000 109.190510
358.934000 0.903000 359.276000 109.221700
359.792000 0.858000 360.122000 109.618110
360.667000 0.875000 361.022000 109.129940
361.627000 0.960000 361.994000 109.953960
362.566000 0.939000 362.906000 108.458250
363.435000 0.869000 363.777000 107.177260
364.368000 0.933000 364.702000 107.573670
365.302000 0.935000 365.643000 107.603030
366.172000 0.870000 366.504000 107.634230
367.056000 0.885000 367.392000 107.085500
368.030000 0.974000 368.347000 108.061840
368.943000 0.913000 369.282000 107.206620
369.865000 0.922000 370.202000 108.001280
370.775000 0.910000 371.113000 108.366490
371.657000 0.882000 372.021000 107.146060
372.588000 0.931000 372.923000 110.075080
373.587000 0.998000 373.925000 109.251070
374.506000 0.919000 374.864000 109.678680
375.441000 0.935000 375.773000 109.586910
376.346000 0.905000 376.703000 109.649310
377.199000 0.853000 377.524000 110.471490
378.068000 0.870000 378.419000 111.967200
378.964000 0.895000 379.302000 111.662560
379.835000 0.871000 380.180000 113.585870
380.814000 0.979000 381.150000 113.859320
381.864000 1.050000 382.208000 112.670100
382.800000 0.936000 383.182000 110.777980
383.751000 0.951000 384.088000 111.205580
384.694000 0.943000 385.063000 107.634230
385.578000 0.884000 385.929000 109.159310
386.478000 0.900000 386.822000 110.471490
387.411000 0.933000 387.760000 109.251070
388.340000 0.929000 388.667000 109.221700
389.363000 1.023000 389.720000 106.413810
390.281000 0.918000 390.626000 108.489450
391.086000 0.805000 391.423000 108.061840
391.851000 0.764000 392.185000 108.427050
392.662000 0.811000 393.017000 108.825300
393.477000 0.815000 393.806000 110.014520
394.383000 0.906000 394.721000 109.983320
395.436000 1.053000 395.781000 109.251070
396.312000 0.876000 396.647000 108.001280
397.163000 0.851000 397.500000 109.983320
398.026000 0.863000 398.366000 110.869740
398.892000 0.867000 399.239000 111.967200
399.751000 0.859000 400.085000 113.982280
400.757000 1.006000 401.087000 114.806300
401.815000 1.058000 402.150000 112.761860
402.749000 0.934000 403.086000 112.334250
403.721000 0.972000 404.078000 111.510230
404.764000 1.043000 405.107000 109.649310
405.657000 0.893000 406.029000 107.146060
406.546000 0.889000 406.888000 111.174390
407.493000 0.947000 407.820000 111.570790
408.389000 0.895000 408.725000 111.631360
409.310000 0.921000 409.652000 112.699460
410.246000 0.936000 410.583000 112.029600
411.145000 0.899000 411.481000 111.570790
412.107000 0.962000 412.433000 111.998400
413.081000 0.974000 413.425000 110.381570
413.972000 0.892000 414.313000 109.953960
414.877000 0.905000 415.227000 111.937840
415.778000 0.901000 416.127000 113.523480
416.668000 0.889000 417.046000 114.409890
417.628000 0.961000 417.987000 117.614200
418.726000 1.098000 419.068000 116.026730
419.681000 0.955000 420.032000 113.951080
420.638000 0.957000 421.012000 114.409890
421.559000 0.921000 421.913000 111.937840
422.415000 0.856000 422.782000 106.382610
423.284000 0.868000 423.628000 112.029600
424.163000 0.879000 424.508000 111.998400
424.978000 0.815000 425.311000 112.670100
425.805000 0.827000 426.152000 113.158270
426.667000 0.862000 427.022000 112.699460
427.535000 0.868000 427.871000 113.462910
428.444000 0.909000 428.783000 112.394810
429.425000 0.981000 429.759000 111.937840
430.301000 0.876000 430.663000 110.045720
431.174000 0.873000 431.508000 110.442130
432.057000 0.883000 432.387000 108.762900
432.886000 0.829000 433.242000 106.322050
433.706000 0.820000 434.042000 108.397690
434.547000 0.841000 434.887000 108.397690
435.344000 0.797000 435.683000 109.190510
436.133000 0.789000 436.466000 109.983320
436.946000 0.813000 437.273000 109.922760
437.747000 0.801000 438.082000 110.746780
438.539000 0.792000 438.862000 111.541430
439.381000 0.841000 439.707000 111.205580
440.247000 0.866000 440.591000 109.649310
441.069000 0.822000 441.397000 110.014520
441.913000 0.844000 442.267000 110.442130
442.775000 0.862000 443.108000 110.381570
443.616000 0.841000 443.945000 110.471490
444.457000 0.841000 444.808000 111.662560
445.312000 0.854000 445.668000 111.723120
446.163000 0.851000 446.505000 111.601990
447.013000 0.851000 447.347000 111.631360
447.914000 0.901000 448.251000 111.234950
448.812000 0.897000 449.165000 110.381570
449.663000 0.851000 450.039000 107.085500
450.510000 0.847000 450.864000 109.649310
451.386000 0.875000 451.739000 107.603030
452.217000 0.831000 452.545000 109.159310
453.072000 0.855000 453.404000 109.251070
453.975000 0.903000 454.318000 107.085500
454.826000 0.851000 455.169000 107.938880
455.757000 0.931000 456.083000 108.458250
456.747000 0.990000 457.064000 105.620990
457.671000 0.924000 458.041000 102.813090
458.653000 0.981000 459.006000 104.826340
459.603000 0.950000 459.944000 102.813090
460.491000 0.888000 460.828000 103.330630
461.397000 0.906000 461.735000 103.209500
462.352000 0.954000 462.683000 102.477240
463.263000 0.911000 463.614000 101.592670
464.218000 0.955000 464.576000 103.545350
465.199000 0.981000 465.538000 102.477240
466.116000 0.918000 466.485000 102.080840
467.018000 0.902000 467.343000 103.270060
467.933000 0.914000 468.273000 102.781890
468.827000 0.894000 469.177000 103.666470
469.800000 0.973000 470.144000 104.521690
470.922000 1.123000 471.262000 104.033520
471.914000 0.991000 472.284000 102.477240
472.921000 1.008000 473.263000 104.490490
473.927000 1.005000 474.263000 103.666470
474.845000 0.918000 475.183000 104.033520
475.796000 0.951000 476.137000 105.285140
476.773000 0.976000 477.122000 103.697670
477.757000 0.984000 478.089000 105.193380
478.839000 1.082000 479.182000 104.094080
479.881000 1.043000 480.223000 102.904850
480.830000 0.949000 481.181000 103.270060
481.805000 0.974000 482.181000 102.873650
482.758000 0.953000 483.104000 104.490490
483.692000 0.934000 484.082000 106.017400
484.692000 1.000000 485.062000 108.458250
485.755000 1.063000 486.101000 108.825300
486.732000 0.976000 487.063000 108.794100
487.743000 1.012000 488.079000 108.091200
488.685000 0.941000 489.028000 105.833870
489.598000 0.913000 489.941000 106.718450
490.578000 0.980000 490.918000 106.413810
491.554000 0.976000 491.886000 105.193380
492.457000 0.903000 492.799000 105.620990
493.390000 0.933000 493.716000 106.382610
494.359000 0.969000 494.703000 105.650350
495.282000 0.923000 495.620000 106.382610
496.277000 0.995000 496.631000 106.689090
497.259000 0.981000 497.600000 105.253940
498.187000 0.928000 498.523000 104.918100
499.273000 1.086000 499.608000 104.765770
500.293000 1.020000 500.640000 103.697670
501.252000 0.959000 501.608000 104.765770
502.272000 1.021000 502.626000 104.886900
503.285000 1.012000 503.628000 104.765770
504.229000 0.945000 504.575000 105.650350
505.214000 0.984000 505.555000 106.017400
506.340000 1.127000 506.678000 105.222740
507.368000 1.028000 507.717000 105.620990
508.471000 1.102000 508.813000 105.986200
509.514000 1.043000 509.869000 104.461130
510.470000 0.956000 510.818000 104.857530
511.483000 1.013000 511.827000 105.162180
512.479000 0.996000 512.825000 103.209500
513.389000 0.910000 513.754000 104.490490
514.394000 1.005000 514.736000 106.046760
515.443000 1.048000 515.791000 115.233910
516.536000 1.093000 516.895000 106.382610
517.736000 1.201000 518.094000 102.477240
518.895000 1.159000 519.298000 102.477240
519.963000 1.068000 520.335000 107.206620
521.030000 1.067000 521.376000 108.489450
522.145000 1.115000 522.494000 108.030640
523.121000 0.976000 523.474000 108.091200
524.113000 0.992000 524.474000 109.251070
525.165000 1.053000 525.515000 109.618110
526.100000 0.935000 526.454000 110.533890
527.121000 1.021000 527.474000 111.967200
528.237000 1.116000 528.578000 110.838540
529.231000 0.994000 529.575000 109.953960
530.353000 1.122000 530.699000 110.838540
531.324000 0.971000 531.672000 110.899100
532.261000 0.937000 532.609000 112.761860
533.245000 0.984000 533.593000 112.730660
534.215000 0.970000 534.573000 112.761860
535.161000 0.947000 535.512000 112.791220
536.200000 1.038000 536.552000 112.029600
537.152000 0.952000 537.509000 110.838540
538.065000 0.913000 538.411000 110.442130
539.033000 0.968000 539.374000 110.471490
540.001000 0.968000 540.371000 107.970080
540.924000 0.923000 541.270000 109.251070
541.918000 0.994000 542.271000 108.366490
542.876000 0.958000 543.217000 107.573670
543.824000 0.947000 544.169000 107.206620
544.812000 0.988000 545.171000 106.382610
545.779000 0.966000 546.110000 104.490490
546.728000 0.949000 547.097000 102.354280
547.713000 0.985000 548.075000 104.033520
548.663000 0.950000 549.036000 101.592670
549.574000 0.911000 549.931000 103.301260
550.541000 0.966000 550.890000 103.758230
551.491000 0.950000 551.850000 101.682590
552.413000 0.922000 552.773000 102.873650
553.368000 0.955000 553.705000 103.301260
554.376000 1.008000 554.727000 102.141400
555.326000 0.950000 555.688000 102.141400
556.265000 0.939000 556.607000 102.506610
557.236000 0.971000 557.589000 102.994780
558.150000 0.914000 558.490000 103.270060
559.092000 0.942000 559.435000 104.398730
560.078000 0.986000 560.427000 104.125280
561.018000 0.940000 561.372000 104.918100
562.006000 0.988000 562.347000 105.620990
562.978000 0.972000 563.350000 104.125280
563.879000 0.901000 564.235000 105.285140
564.795000 0.916000 565.146000 107.206620
565.728000 0.933000 566.087000 107.603030
566.612000 0.884000 567.007000 109.251070
567.531000 0.919000 567.883000 110.014520
568.462000 0.931000 568.807000 109.586910
569.354000 0.891000 569.693000 110.014520
570.283000 0.929000 570.629000 110.075080
571.236000 0.953000 571.594000 108.030640
572.140000 0.904000 572.471000 109.251070
573.043000 0.903000 573.393000 109.649310
573.976000 0.933000 574.312000 108.885860
574.880000 0.904000 575.214000 108.854660
575.844000 0.964000 576.186000 109.313470
576.770000 0.926000 577.131000 107.634230
577.642000 0.872000 577.992000 106.718450
578.530000 0.888000 578.849000 108.489450
579.423000 0.892000 579.775000 108.030640
580.357000 0.935000 580.694000 108.885860
581.362000 1.005000 581.704000 107.177260
582.346000 0.983000 582.692000 106.017400
583.251000 0.906000 583.610000 105.620990
584.193000 0.942000 584.548000 105.650350
585.140000 0.946000 585.493000 103.301260
586.033000 0.894000 586.373000 104.033520
586.954000 0.921000 587.298000 104.826340
587.884000 0.929000 588.222000 104.062880
588.784000 0.901000 589.133000 104.461130
589.690000 0.905000 590.042000 104.062880
590.572000 0.883000 590.918000 104.094080
591.429000 0.856000 591.776000 104.918100
592.315000 0.886000 592.676000 106.077960
593.256000 0.941000 593.600000 105.620990
594.136000 0.880000 594.479000 106.413810
595.054000 0.918000 595.389000 107.481910
595.987000 0.933000 596.318000 106.810220
596.855000 0.868000 597.208000 108.366490
597.768000 0.913000 598.116000 109.282270
598.720000 0.952000 599.080000 108.458250
599.616000 0.896000 599.957000 108.854660
600.572000 0.957000 600.910000 109.251070
601.573000 1.001000 601.919000 107.146060
602.477000 0.904000 602.817000 106.779020
603.375000 0.898000 603.718000 107.146060
604.303000 0.928000 604.651000 106.382610
605.179000 0.875000 605.516000 106.413810
606.091000 0.912000 606.436000 106.810220
607.011000 0.920000 607.359000 106.413810
607.900000 0.889000 608.250000 105.130980
608.764000 0.864000 609.108000 105.955000
609.658000 0.894000 610.007000 106.718450
610.606000 0.947000 610.998000 106.413810
611.519000 0.914000 611.855000 107.177260
612.494000 0.974000 612.856000 106.841410
613.576000 1.082000 613.938000 106.017400
614.427000 0.851000 614.774000 105.650350
615.194000 0.767000 615.553000 106.382610
615.934000 0.740000 616.278000 106.718450
616.706000 0.772000 617.057000 110.442130
617.481000 0.774000 617.835000 112.334250
618.218000 0.738000 618.596000 114.806300
619.000000 0.782000 619.336000 116.454330
620.261000 1.261000 620.595000 114.806300
621.334000 1.073000 621.675000 111.631360
622.405000 1.072000 622.761000 110.381570
623.458000 1.053000 623.812000 109.251070
624.476000 1.018000 624.812000 108.458250
625.400000 0.924000 625.753000 108.001280
626.274000 0.874000 626.632000 108.825300
627.301000 1.026000 627.645000 109.953960
628.423000 1.122000 628.763000 109.983320
629.552000 1.130000 629.892000 108.397690
630.597000 1.045000 630.953000 107.665430
631.583000 0.986000 631.933000 107.634230
632.520000 0.937000 632.871000 108.825300
633.433000 0.913000 633.770000 109.221700
634.267000 0.834000 634.612000 109.618110
635.166000 0.899000 635.502000 111.570790
636.357000 1.191000 636.682000 110.319170
637.452000 1.095000 637.779000 108.733530
638.472000 1.020000 638.799000 109.190510
639.513000 1.040000 639.858000 108.825300
640.574000 1.062000 640.910000 107.603030
641.492000 0.918000 641.835000 107.634230
642.367000 0.875000 642.714000 107.573670
643.315000 0.948000 643.632000 109.313470
644.310000 0.995000 644.656000 108.825300
645.251000 0.941000 645.570000 109.221700
646.219000 0.968000 646.602000 105.162180
647.226000 1.007000 647.592000 108.489450
648.219000 0.993000 648.598000 103.209500
649.125000 0.906000 649.482000 107.970080
650.121000 0.996000 650.470000 110.106280
651.095000 0.974000 651.441000 109.983320
651.989000 0.894000 652.332000 110.899100
652.914000 0.926000 653.265000 111.234950
653.937000 1.023000 654.282000 109.495150
654.842000 0.904000 655.188000 109.983320
655.799000 0.957000 656.169000 110.045720
656.804000 1.005000 657.155000 108.305930
657.726000 0.923000 658.080000 109.495150
658.673000 0.947000 659.050000 107.694800
659.636000 0.963000 659.989000 109.221700
660.511000 0.875000 660.875000 106.322050
661.392000 0.881000 661.732000 110.442130
662.421000 1.029000 662.766000 110.869740
663.312000 0.891000 663.655000 110.045720
664.250000 0.938000 664.593000 111.205580
665.222000 0.972000 665.556000 110.350370
666.126000 0.904000 666.467000 110.838540
667.069000 0.943000 667.395000 111.205580
668.038000 0.968000 668.372000 111.143190
668.907000 0.869000 669.266000 110.045720
669.769000 0.862000 670.109000 110.838540
670.635000 0.865000 671.003000 110.807340
671.471000 0.837000 671.814000 110.717410
672.361000 0.889000 672.703000 112.363610
673.294000 0.933000 673.615000 112.394810
674.167000 0.873000 674.511000 112.334250
675.050000 0.883000 675.386000 112.761860
676.045000 0.995000 676.386000 112.029600
677.015000 0.971000 677.385000 107.177260
677.914000 0.899000 678.253000 108.030640
