1.812000 0.792000 2.134000 131.742190
2.595000 0.784000 2.926000 130.675030
3.368000 0.772000 3.693000 131.407320
4.111000 0.744000 4.448000 131.042180
4.856000 0.745000 5.187000 131.377060
5.601000 0.745000 5.940000 131.437580
6.355000 0.754000 6.688000 135.101000
7.143000 0.787000 7.489000 134.306190
7.983000 0.841000 8.329000 132.567270
8.888000 0.905000 9.216000 131.804730
9.808000 0.920000 10.152000 128.264350
10.706000 0.899000 11.032000 126.585960
11.565000 0.858000 11.894000 127.806430
12.398000 0.833000 12.731000 127.806430
13.220000 0.822000 13.556000 128.203840
14.030000 0.810000 14.387000 125.058850
14.824000 0.794000 15.153000 128.294610
15.602000 0.778000 15.932000 129.026900
16.369000 0.767000 16.706000 134.185150
17.130000 0.761000 17.480000 130.277630
17.909000 0.779000 18.230000 131.804730
18.708000 0.799000 19.032000 132.537010
19.547000 0.840000 19.880000 130.614520
20.385000 0.837000 20.716000 128.629490
21.205000 0.820000 21.521000 128.203840
22.009000 0.804000 22.356000 126.951090
22.807000 0.798000 23.124000 128.629490
23.593000 0.786000 23.921000 128.294610
24.372000 0.779000 24.679000 130.186850
25.145000 0.773000 25.483000 130.307890
25.911000 0.766000 26.243000 130.217110
26.675000 0.764000 27.005000 132.567270
27.456000 0.782000 27.789000 131.681670
28.249000 0.792000 28.580000 130.277630
29.058000 0.809000 29.383000 128.661760
29.872000 0.814000 30.214000 126.616220
30.681000 0.809000 31.002000 127.439280
31.468000 0.787000 31.802000 127.074140
32.243000 0.775000 32.582000 129.424310
33.007000 0.764000 33.358000 128.629490
33.769000 0.761000 34.081000 130.217110
34.529000 0.760000 34.849000 129.057160
35.293000 0.764000 35.612000 129.851970
36.044000 0.751000 36.403000 128.568970
36.791000 0.747000 37.126000 129.057160
37.514000 0.723000 37.827000 130.277630
38.231000 0.717000 38.557000 130.186850
38.968000 0.737000 39.329000 131.742190
39.766000 0.797000 40.096000 129.394050
40.579000 0.813000 40.896000 127.378760
41.397000 0.818000 41.728000 125.486520
42.181000 0.784000 42.509000 122.710710
42.939000 0.758000 43.282000 125.395750
43.676000 0.736000 44.021000 124.296310
44.401000 0.725000 44.718000 124.998340
45.105000 0.705000 45.430000 128.661760
45.820000 0.715000 46.152000 129.424310
46.543000 0.723000 46.871000 129.882230
47.297000 0.755000 47.628000 129.424310
48.093000 0.796000 48.418000 129.851970
48.890000 0.797000 49.210000 125.426000
49.660000 0.770000 49.976000 124.998340
50.416000 0.757000 50.740000 125.426000
51.168000 0.752000 51.498000 123.868640
51.904000 0.736000 52.239000 124.633200
52.625000 0.721000 52.957000 123.473250
53.349000 0.724000 53.680000 126.188550
54.061000 0.712000 54.407000 124.510150
54.778000 0.717000 55.106000 129.484820
55.516000 0.738000 55.838000 129.851970
56.343000 0.828000 56.680000 128.629490
57.296000 0.952000 57.605000 126.158290
58.132000 0.836000 58.466000 122.710710
58.948000 0.816000 59.308000 122.313300
59.752000 0.804000 60.094000 121.855370
60.547000 0.796000 60.894000 121.915890
61.328000 0.781000 61.667000 121.885630
62.101000 0.773000 62.434000 121.794850
62.867000 0.766000 63.192000 124.633200
63.603000 0.736000 63.932000 125.793150
64.329000 0.726000 64.658000 127.471550
65.067000 0.737000 65.388000 129.484820
65.838000 0.772000 66.167000 129.087420
66.731000 0.893000 67.054000 126.983360
67.566000 0.835000 67.895000 123.868640
68.416000 0.850000 68.732000 121.825110
69.268000 0.852000 69.603000 120.237490
70.117000 0.849000 70.477000 119.809820
70.929000 0.812000 71.261000 120.146710
71.727000 0.798000 72.054000 119.077540
72.499000 0.772000 72.815000 122.710710
73.252000 0.753000 73.574000 122.283040
73.987000 0.736000 74.340000 126.188550
74.697000 0.709000 75.016000 127.897200
75.411000 0.715000 75.733000 128.568970
76.194000 0.782000 76.500000 126.585960
77.005000 0.811000 77.361000 121.427700
77.835000 0.830000 78.174000 123.075840
78.667000 0.832000 79.004000 121.457960
79.484000 0.817000 79.823000 121.062570
80.278000 0.793000 80.617000 121.062570
81.053000 0.775000 81.415000 121.032310
81.816000 0.763000 82.158000 121.457960
82.571000 0.755000 82.893000 123.412730
83.307000 0.736000 83.652000 123.868640
84.032000 0.725000 84.379000 125.365490
84.721000 0.688000 85.060000 126.158290
85.426000 0.705000 85.753000 125.730620
86.178000 0.752000 86.498000 125.760880
86.936000 0.758000 87.270000 124.633200
87.691000 0.754000 88.020000 121.032310
88.422000 0.732000 88.745000 122.313300
89.143000 0.721000 89.481000 123.533770
89.859000 0.716000 90.182000 125.028600
90.581000 0.721000 90.890000 124.633200
91.326000 0.745000 91.661000 124.205530
92.090000 0.764000 92.409000 122.283040
92.831000 0.741000 93.162000 121.457960
93.564000 0.734000 93.890000 121.123090
94.275000 0.711000 94.607000 121.457960
94.972000 0.697000 95.343000 121.427700
95.663000 0.692000 95.986000 123.045580
96.343000 0.679000 96.668000 124.235790
97.031000 0.688000 97.372000 123.045580
97.742000 0.712000 98.050000 124.663460
98.459000 0.716000 98.786000 123.473250
99.189000 0.731000 99.511000 121.825110
99.894000 0.704000 100.230000 120.604640
100.606000 0.712000 100.937000 120.176970
101.306000 0.700000 101.627000 122.252780
101.999000 0.693000 102.351000 121.794850
102.715000 0.716000 103.042000 123.473250
103.440000 0.724000 103.757000 123.075840
104.167000 0.728000 104.488000 121.794850
104.921000 0.754000 105.250000 121.885630
105.653000 0.731000 106.007000 120.574380
106.355000 0.703000 106.667000 122.283040
107.054000 0.699000 107.409000 122.678430
107.759000 0.705000 108.090000 123.045580
108.487000 0.728000 108.793000 124.663460
109.227000 0.740000 109.553000 121.062570
109.997000 0.770000 110.348000 121.825110
110.779000 0.782000 111.114000 120.207230
111.528000 0.749000 111.852000 121.457960
112.263000 0.734000 112.594000 119.384170
112.994000 0.731000 113.346000 121.032310
113.774000 0.780000 114.090000 121.123090
114.580000 0.805000 114.909000 120.604640
115.372000 0.792000 115.694000 120.207230
116.134000 0.763000 116.478000 119.872360
116.858000 0.724000 117.182000 121.153350
117.580000 0.722000 117.915000 121.825110
118.298000 0.718000 118.634000 121.825110
119.048000 0.751000 119.375000 121.457960
119.833000 0.785000 120.154000 120.604640
120.664000 0.831000 120.996000 119.261120
121.518000 0.855000 121.857000 119.017020
122.299000 0.781000 122.630000 119.384170
123.027000 0.728000 123.374000 120.574380
123.765000 0.739000 124.095000 121.825110
124.533000 0.768000 124.842000 121.000040
125.328000 0.795000 125.653000 120.634900
126.143000 0.815000 126.480000 119.414430
126.997000 0.855000 127.345000 116.331990
127.839000 0.841000 128.174000 115.874060
128.622000 0.784000 128.968000 116.362250
129.379000 0.757000 129.714000 118.651890
130.115000 0.736000 130.463000 121.550760
130.848000 0.733000 131.151000 122.252780
131.631000 0.782000 131.961000 122.222520
132.579000 0.948000 132.904000 119.749310
133.414000 0.835000 133.742000 118.682150
134.252000 0.838000 134.607000 116.697120
135.089000 0.837000 135.411000 115.934580
135.914000 0.825000 136.239000 116.636600
136.727000 0.813000 137.061000 116.759660
137.519000 0.792000 137.852000 118.315000
138.305000 0.786000 138.632000 120.237490
139.096000 0.791000 139.425000 120.634900
139.900000 0.804000 140.248000 119.414430
140.727000 0.827000 141.059000 119.321640
141.557000 0.831000 141.909000 116.301730
142.389000 0.832000 142.723000 115.506910
143.222000 0.833000 143.575000 115.934580
144.039000 0.817000 144.374000 117.522200
144.852000 0.813000 145.188000 119.077540
145.663000 0.811000 145.996000 118.589350
146.492000 0.829000 146.816000 116.301730
147.326000 0.834000 147.662000 116.301730
148.160000 0.833000 148.492000 115.506910
148.990000 0.830000 149.349000 117.064270
149.801000 0.811000 150.130000 118.589350
150.598000 0.797000 150.931000 119.017020
151.394000 0.796000 151.718000 118.651890
152.200000 0.806000 152.535000 118.619610
153.027000 0.826000 153.373000 118.224220
153.870000 0.844000 154.188000 116.271470
154.706000 0.835000 155.056000 115.569450
155.537000 0.831000 155.859000 115.506910
156.356000 0.819000 156.686000 116.636600
157.162000 0.806000 157.492000 118.986760
157.969000 0.808000 158.297000 117.887330
158.784000 0.814000 159.117000 118.651890
159.617000 0.834000 159.961000 115.476650
160.465000 0.847000 160.819000 115.446390
161.302000 0.837000 161.623000 117.155050
162.134000 0.833000 162.483000 116.301730
162.953000 0.819000 163.301000 117.887330
163.781000 0.828000 164.109000 117.461680
164.615000 0.834000 164.952000 116.729400
165.438000 0.823000 165.763000 117.491940
166.249000 0.811000 166.574000 116.331990
167.029000 0.780000 167.365000 114.256180
167.783000 0.754000 168.128000 116.729400
168.547000 0.763000 168.887000 118.284740
169.302000 0.755000 169.629000 121.855370
170.074000 0.773000 170.396000 121.092830
170.888000 0.814000 171.225000 120.665160
171.746000 0.858000 172.092000 119.749310
172.610000 0.864000 172.932000 117.522200
173.469000 0.860000 173.793000 115.874060
174.312000 0.843000 174.648000 114.714110
175.138000 0.826000 175.466000 115.111520
175.947000 0.809000 176.328000 117.094530
176.742000 0.796000 177.065000 118.254480
177.531000 0.789000 177.864000 119.047280
178.330000 0.798000 178.670000 117.919610
179.142000 0.812000 179.464000 118.651890
179.955000 0.814000 180.336000 118.315000
180.770000 0.815000 181.090000 116.208930
181.573000 0.803000 181.910000 114.683850
182.375000 0.802000 182.708000 116.666860
183.168000 0.793000 183.500000 118.224220
183.948000 0.780000 184.321000 118.284740
184.723000 0.775000 185.055000 119.809820
185.501000 0.779000 185.820000 120.665160
186.291000 0.790000 186.604000 121.032310
187.096000 0.805000 187.404000 119.384170
187.922000 0.826000 188.252000 117.429400
188.746000 0.825000 189.093000 116.271470
189.565000 0.819000 189.868000 116.208930
190.365000 0.800000 190.713000 114.256180
191.152000 0.786000 191.481000 117.064270
191.932000 0.781000 192.274000 118.254480
192.696000 0.763000 193.031000 120.634900
193.459000 0.763000 193.800000 122.617910
194.236000 0.777000 194.563000 123.412730
195.025000 0.789000 195.390000 118.619610
195.835000 0.810000 196.142000 118.619610
196.669000 0.834000 197.003000 117.857070
197.501000 0.832000 197.836000 116.362250
198.328000 0.827000 198.664000 115.506910
199.139000 0.811000 199.474000 114.744370
199.941000 0.802000 200.304000 116.331990
200.725000 0.785000 201.039000 117.857070
201.507000 0.781000 201.841000 119.779560
202.289000 0.782000 202.619000 121.457960
203.083000 0.793000 203.398000 120.176970
203.894000 0.811000 204.221000 118.619610
204.719000 0.825000 205.050000 116.636600
205.553000 0.834000 205.904000 115.874060
206.392000 0.839000 206.722000 115.539190
207.238000 0.846000 207.575000 115.506910
208.076000 0.839000 208.440000 115.141780
208.888000 0.812000 209.222000 115.111520
209.685000 0.797000 210.006000 118.224220
210.473000 0.787000 210.803000 120.176970
211.275000 0.802000 211.605000 118.589350
212.092000 0.817000 212.421000 117.857070
212.934000 0.842000 213.260000 117.919610
213.791000 0.857000 214.128000 117.522200
214.646000 0.855000 214.984000 115.081260
215.489000 0.843000 215.816000 116.301730
216.332000 0.844000 216.655000 115.476650
217.146000 0.814000 217.508000 114.623330
217.950000 0.804000 218.284000 116.271470
218.737000 0.786000 219.074000 119.809820
219.527000 0.790000 219.904000 119.444690
220.366000 0.840000 220.685000 118.956500
221.258000 0.892000 221.594000 117.491940
222.166000 0.908000 222.511000 115.111520
223.075000 0.909000 223.391000 114.683850
223.962000 0.887000 224.317000 114.225920
224.833000 0.871000 225.185000 113.035710
225.698000 0.865000 226.032000 113.767990
226.560000 0.862000 226.894000 113.402860
227.407000 0.847000 227.731000 112.638300
228.235000 0.827000 228.554000 113.860790
229.050000 0.816000 229.377000 118.682150
229.867000 0.816000 230.206000 120.146710
230.695000 0.828000 231.033000 120.604640
231.553000 0.858000 231.876000 118.619610
232.424000 0.871000 232.756000 117.887330
233.310000 0.886000 233.631000 115.874060
234.204000 0.894000 234.534000 115.018720
235.090000 0.886000 235.423000 112.670580
235.963000 0.873000 236.320000 113.402860
236.809000 0.845000 237.138000 113.433120
237.640000 0.832000 237.978000 115.081260
238.454000 0.814000 238.800000 117.491940
239.260000 0.806000 239.596000 118.315000
240.063000 0.803000 240.398000 119.414430
240.875000 0.813000 241.219000 119.384170
241.706000 0.831000 242.038000 119.353910
242.563000 0.857000 242.903000 117.826810
243.427000 0.865000 243.760000 117.064270
244.294000 0.867000 244.620000 115.539190
245.152000 0.858000 245.492000 113.402860
245.985000 0.834000 246.328000 113.433120
246.793000 0.808000 247.154000 114.286440
247.570000 0.776000 247.918000 117.094530
248.332000 0.762000 248.659000 119.474950
249.083000 0.751000 249.425000 120.207230
249.849000 0.766000 250.187000 121.794850
250.667000 0.818000 251.000000 120.267750
251.537000 0.870000 251.863000 117.124790
252.413000 0.876000 252.742000 117.826810
253.289000 0.876000 253.629000 113.828510
254.157000 0.868000 254.488000 114.623330
254.994000 0.837000 255.360000 110.655290
255.817000 0.823000 256.145000 114.256180
256.608000 0.791000 256.938000 116.241210
257.375000 0.767000 257.728000 117.491940
258.135000 0.760000 258.456000 120.176970
258.910000 0.775000 259.244000 119.749310
259.719000 0.808000 260.040000 118.619610
260.566000 0.848000 260.910000 118.651890
261.421000 0.854000 261.737000 117.064270
262.262000 0.841000 262.599000 116.271470
263.115000 0.853000 263.448000 115.476650
263.955000 0.840000 264.282000 114.256180
264.762000 0.807000 265.086000 116.241210
265.547000 0.785000 265.888000 117.124790
266.320000 0.773000 266.666000 118.619610
267.090000 0.770000 267.416000 120.207230
267.876000 0.786000 268.196000 119.353910
268.674000 0.798000 269.012000 117.491940
269.491000 0.817000 269.828000 118.986760
270.306000 0.815000 270.616000 117.124790
271.113000 0.808000 271.459000 116.301730
271.915000 0.801000 272.257000 117.094530
272.698000 0.783000 273.038000 118.254480
273.465000 0.767000 273.808000 118.956500
274.219000 0.754000 274.555000 120.237490
274.971000 0.752000 275.315000 121.092830
275.750000 0.779000 276.078000 120.604640
276.542000 0.792000 276.866000 118.651890
277.349000 0.808000 277.675000 117.124790
278.159000 0.809000 278.481000 115.506910
278.954000 0.796000 279.300000 115.141780
279.741000 0.787000 280.074000 116.301730
280.524000 0.783000 280.861000 113.828510
281.294000 0.769000 281.634000 112.700840
282.044000 0.750000 282.396000 113.035710
282.779000 0.735000 283.114000 116.729400
283.499000 0.720000 283.837000 117.857070
284.205000 0.706000 284.540000 118.651890
284.907000 0.702000 285.222000 119.809820
285.658000 0.751000 285.992000 120.969780
286.466000 0.808000 286.796000 118.224220
287.257000 0.791000 287.582000 116.697120
288.034000 0.777000 288.372000 115.506910
288.818000 0.784000 289.141000 114.683850
289.568000 0.749000 289.878000 114.683850
290.296000 0.728000 290.621000 116.636600
291.018000 0.722000 291.352000 115.018720
291.728000 0.710000 292.060000 118.619610
292.451000 0.723000 292.770000 118.193960
293.205000 0.753000 293.518000 118.315000
293.975000 0.770000 294.321000 117.094530
294.762000 0.787000 295.094000 117.094530
295.556000 0.794000 295.903000 115.506910
296.333000 0.777000 296.663000 113.860790
297.094000 0.761000 297.410000 112.944930
297.824000 0.730000 298.159000 113.035710
298.558000 0.735000 298.902000 115.081260
299.282000 0.724000 299.613000 116.271470
299.999000 0.717000 300.367000 117.034010
300.744000 0.745000 301.072000 117.064270
301.512000 0.769000 301.843000 115.904320
302.294000 0.782000 302.623000 115.111520
303.087000 0.792000 303.412000 115.416130
303.885000 0.798000 304.203000 114.225920
304.636000 0.751000 304.986000 111.510630
305.366000 0.730000 305.704000 114.256180
306.082000 0.716000 306.421000 117.155050
306.809000 0.726000 307.136000 117.826810
307.565000 0.757000 307.909000 118.284740
308.357000 0.791000 308.701000 117.094530
309.345000 0.988000 309.661000 113.891050
310.165000 0.820000 310.503000 113.402860
310.968000 0.803000 311.289000 114.683850
311.760000 0.793000 312.097000 115.051000
312.541000 0.781000 312.868000 116.301730
313.318000 0.776000 313.648000 116.697120
314.110000 0.792000 314.439000 114.683850
314.923000 0.813000 315.240000 115.506910
315.750000 0.827000 316.089000 116.301730
316.574000 0.824000 316.907000 113.035710
317.399000 0.825000 317.724000 114.653590
318.205000 0.806000 318.537000 115.446390
318.996000 0.791000 319.359000 112.638300
319.799000 0.803000 320.130000 117.522200
320.616000 0.817000 320.945000 115.476650
321.456000 0.840000 321.787000 115.111520
322.291000 0.835000 322.616000 113.370580
323.124000 0.833000 323.459000 112.638300
323.947000 0.823000 324.287000 112.670580
324.753000 0.805000 325.092000 114.256180
325.554000 0.801000 325.894000 118.254480
326.339000 0.785000 326.668000 117.522200
327.125000 0.786000 327.452000 118.926240
327.933000 0.807000 328.256000 117.064270
328.765000 0.832000 329.086000 115.476650
329.609000 0.844000 329.934000 115.476650
330.470000 0.861000 330.825000 113.402860
331.323000 0.853000 331.668000 112.638300
332.169000 0.846000 332.513000 111.845500
333.000000 0.832000 333.368000 111.448090
333.806000 0.805000 334.149000 115.539190
334.585000 0.779000 334.916000 115.874060
335.373000 0.788000 335.731000 114.195660
336.172000 0.799000 336.509000 116.759660
336.992000 0.820000 337.344000 114.195660
337.833000 0.841000 338.168000 114.653590
338.672000 0.839000 339.026000 113.035710
339.510000 0.838000 339.852000 115.018720
340.344000 0.834000 340.682000 114.988460
341.188000 0.844000 341.514000 113.828510
342.030000 0.842000 342.363000 113.737730
342.875000 0.845000 343.209000 111.875760
343.704000 0.829000 344.043000 112.944930
344.515000 0.811000 344.870000 112.273170
345.313000 0.798000 345.653000 114.653590
346.099000 0.785000 346.440000 115.446390
346.884000 0.785000 347.210000 116.241210
347.698000 0.814000 348.028000 115.476650
348.532000 0.834000 348.853000 114.653590
349.384000 0.852000 349.721000 114.286440
350.227000 0.843000 350.562000 112.638300
351.060000 0.834000 351.383000 112.670580
351.880000 0.820000 352.222000 114.683850
352.672000 0.792000 353.012000 114.195660
353.459000 0.787000 353.799000 115.018720
354.245000 0.786000 354.599000 115.051000
355.070000 0.825000 355.403000 115.141780
355.940000 0.870000 356.270000 113.402860
356.819000 0.878000 357.150000 112.333690
357.695000 0.876000 358.041000 111.540890
358.558000 0.863000 358.876000 109.923010
359.400000 0.842000 359.740000 110.411200
360.239000 0.839000 360.579000 109.923010
361.056000 0.817000 361.402000 112.303430
361.864000 0.808000 362.197000 112.273170
362.659000 0.796000 362.996000 115.476650
363.455000 0.796000 363.812000 115.111520
364.259000 0.803000 364.617000 115.904320
365.078000 0.820000 365.399000 113.891050
365.914000 0.836000 366.237000 113.767990
366.753000 0.839000 367.083000 111.510630
367.593000 0.840000 367.924000 109.495340
368.422000 0.829000 368.753000 109.525600
369.232000 0.810000 369.598000 115.111520
370.024000 0.792000 370.381000 109.495340
370.813000 0.788000 371.143000 111.540890
371.590000 0.778000 371.937000 114.286440
372.381000 0.791000 372.711000 114.256180
373.207000 0.826000 373.540000 113.891050
374.055000 0.848000 374.399000 113.402860
374.926000 0.871000 375.268000 110.746070
375.803000 0.877000 376.134000 110.715810
376.683000 0.880000 377.020000 109.923010
377.533000 0.850000 377.870000 109.495340
378.358000 0.825000 378.703000 116.301730
379.160000 0.802000 379.503000 119.353910
379.959000 0.799000 380.303000 113.860790
380.770000 0.810000 381.102000 113.035710
381.599000 0.829000 381.924000 113.798250
382.451000 0.852000 382.794000 111.173740
383.316000 0.865000 383.645000 110.655290
384.200000 0.884000 384.545000 111.143480
385.063000 0.863000 385.398000 109.465080
385.905000 0.842000 386.244000 110.013790
386.723000 0.818000 387.075000 112.303430
387.516000 0.793000 387.853000 116.331990
388.305000 0.789000 388.646000 116.241210
389.109000 0.804000 389.454000 115.081260
389.930000 0.822000 390.250000 114.256180
390.779000 0.848000 391.098000 113.096230
391.641000 0.862000 392.005000 109.495340
392.503000 0.862000 392.840000 110.685550
393.360000 0.857000 393.691000 109.557880
394.205000 0.846000 394.534000 107.909740
395.040000 0.834000 395.377000 109.923010
395.866000 0.826000 396.204000 111.875760
396.686000 0.820000 397.011000 113.035710
397.520000 0.834000 397.860000 113.035710
398.374000 0.854000 398.700000 112.638300
399.245000 0.871000 399.610000 109.862490
400.107000 0.862000 400.441000 110.320420
400.962000 0.855000 401.321000 116.331990
401.808000 0.846000 402.146000 114.225920
402.647000 0.839000 402.986000 115.904320
403.465000 0.818000 403.806000 112.700840
404.265000 0.800000 404.599000 113.035710
405.065000 0.800000 405.401000 113.005450
405.870000 0.805000 406.207000 113.370580
406.696000 0.826000 407.020000 113.860790
407.541000 0.845000 407.887000 112.303430
408.380000 0.839000 408.701000 110.746070
409.186000 0.806000 409.531000 110.320420
409.962000 0.775000 410.305000 110.350680
410.751000 0.789000 411.102000 111.875760
411.542000 0.791000 411.879000 114.225920
412.322000 0.780000 412.641000 115.476650
413.121000 0.799000 413.446000 115.018720
413.953000 0.832000 414.320000 112.670580
414.803000 0.851000 415.145000 110.320420
415.657000 0.853000 415.977000 109.160470
416.505000 0.848000 416.838000 109.892750
417.335000 0.830000 417.662000 109.130210
418.159000 0.824000 418.510000 113.035710
418.965000 0.806000 419.298000 109.495340
419.758000 0.793000 420.091000 110.746070
420.544000 0.786000 420.888000 114.256180
421.322000 0.778000 421.645000 116.606340
422.120000 0.798000 422.446000 116.271470
422.942000 0.822000 423.277000 114.225920
423.789000 0.847000 424.128000 111.875760
424.652000 0.862000 424.988000 111.906020
425.503000 0.852000 425.830000 110.350680
426.348000 0.844000 426.685000 109.525600
427.171000 0.823000 427.502000 111.448090
427.976000 0.805000 428.353000 113.035710
428.779000 0.803000 429.108000 115.476650
429.582000 0.803000 429.913000 115.506910
430.418000 0.837000 430.747000 116.208930
431.279000 0.860000 431.614000 113.798250
432.153000 0.874000 432.513000 111.113220
433.026000 0.873000 433.354000 111.022440
433.892000 0.866000 434.234000 109.557880
434.728000 0.837000 435.074000 108.732800
435.547000 0.819000 435.906000 111.143480
436.351000 0.804000 436.688000 113.828510
437.165000 0.814000 437.486000 114.653590
437.988000 0.823000 438.343000 114.623330
438.817000 0.829000 439.167000 113.891050
439.666000 0.849000 439.997000 111.906020
440.520000 0.854000 440.852000 111.540890
441.378000 0.858000 441.733000 109.099950
442.224000 0.846000 442.585000 109.067670
443.049000 0.825000 443.385000 110.227620
443.866000 0.817000 444.218000 113.433120
444.676000 0.809000 445.011000 114.195660
445.469000 0.793000 445.833000 113.005450
446.287000 0.818000 446.634000 113.828510
447.137000 0.850000 447.455000 112.273170
448.019000 0.882000 448.355000 110.685550
448.887000 0.868000 449.234000 109.525600
449.751000 0.864000 450.074000 107.482070
450.616000 0.865000 450.971000 107.542590
451.464000 0.849000 451.816000 109.130210
452.296000 0.832000 452.636000 110.350680
453.107000 0.811000 453.439000 111.540890
453.916000 0.809000 454.240000 111.448090
454.736000 0.821000 455.073000 110.715810
455.558000 0.822000 455.898000 109.923010
456.395000 0.837000 456.722000 109.007150
457.235000 0.840000 457.576000 109.495340
458.065000 0.831000 458.394000 109.130210
458.886000 0.820000 459.233000 107.816940
459.688000 0.802000 460.021000 117.522200
460.480000 0.792000 460.821000 110.320420
461.269000 0.790000 461.608000 112.577780
462.063000 0.793000 462.383000 113.402860
462.871000 0.808000 463.196000 111.875760
463.707000 0.836000 464.054000 111.113220
464.547000 0.839000 464.911000 109.983530
465.400000 0.853000 465.741000 108.672280
466.241000 0.841000 466.578000 108.305130
467.059000 0.818000 467.391000 109.099950
467.861000 0.802000 468.208000 110.197360
468.650000 0.789000 469.012000 111.875760
469.434000 0.784000 469.759000 113.433120
470.229000 0.795000 470.558000 113.828510
471.057000 0.828000 471.402000 113.370580
471.927000 0.870000 472.256000 111.875760
472.808000 0.882000 473.142000 109.892750
473.691000 0.882000 474.009000 107.847200
474.555000 0.865000 474.907000 106.687250
475.403000 0.847000 475.740000 107.482070
476.237000 0.834000 476.583000 107.512330
477.058000 0.821000 477.377000 107.909740
477.860000 0.802000 478.190000 110.320420
478.651000 0.791000 478.988000 112.577780
479.435000 0.785000 479.776000 113.860790
480.228000 0.793000 480.558000 114.286440
481.051000 0.823000 481.378000 113.860790
481.911000 0.860000 482.229000 111.510630
482.781000 0.870000 483.115000 109.557880
483.649000 0.868000 483.981000 107.482070
484.506000 0.857000 484.842000 107.482070
485.354000 0.847000 485.695000 107.054400
486.200000 0.846000 486.545000 106.291860
487.019000 0.819000 487.357000 107.482070
487.820000 0.801000 488.145000 114.623330
488.611000 0.791000 488.940000 115.874060
489.398000 0.786000 489.719000 117.857070
490.188000 0.790000 490.532000 111.875760
490.998000 0.811000 491.356000 113.798250
491.840000 0.841000 492.164000 113.005450
492.710000 0.870000 493.036000 108.672280
493.579000 0.869000 493.906000 107.847200
494.446000 0.867000 494.795000 106.566210
495.293000 0.847000 495.625000 107.542590
496.113000 0.820000 496.452000 105.529310
496.911000 0.798000 497.252000 107.359010
497.679000 0.768000 498.025000 106.261600
498.431000 0.752000 498.765000 109.923010
499.186000 0.755000 499.525000 119.017020
499.955000 0.768000 500.323000 113.828510
500.741000 0.787000 501.059000 114.256180
501.563000 0.821000 501.904000 113.005450
502.426000 0.863000 502.760000 110.746070
503.303000 0.877000 503.652000 109.099950
504.172000 0.869000 504.518000 107.877460
505.020000 0.848000 505.379000 106.322120
505.842000 0.822000 506.164000 115.018720
506.628000 0.786000 506.985000 107.482070
507.387000 0.760000 507.734000 110.715810
508.123000 0.736000 508.455000 113.370580
508.848000 0.725000 509.199000 117.064270
509.582000 0.735000 509.919000 118.224220
510.379000 0.796000 510.699000 116.636600
511.218000 0.839000 511.549000 115.813540
512.092000 0.874000 512.434000 113.767990
512.967000 0.876000 513.342000 110.685550
513.833000 0.866000 514.191000 109.130210
514.668000 0.835000 515.007000 110.625030
515.480000 0.811000 515.819000 111.448090
516.254000 0.774000 516.593000 112.944930
517.018000 0.764000 517.360000 114.623330
517.783000 0.765000 518.103000 111.936280
518.560000 0.777000 518.901000 111.875760
519.346000 0.786000 519.698000 112.608040
520.124000 0.778000 520.454000 111.143480
520.887000 0.763000 521.223000 110.715810
521.631000 0.744000 521.962000 109.953270
522.355000 0.724000 522.697000 111.571150
523.061000 0.707000 523.382000 113.828510
523.759000 0.697000 524.097000 115.018720
524.457000 0.698000 524.823000 116.271470
525.185000 0.728000 525.526000 115.904320
525.945000 0.760000 526.261000 113.340320
526.722000 0.777000 527.047000 111.815240
527.487000 0.765000 527.821000 109.495340
528.247000 0.760000 528.588000 109.892750
528.990000 0.743000 529.344000 106.596470
529.729000 0.739000 530.065000 108.274870
530.435000 0.706000 530.789000 109.099950
531.125000 0.690000 531.449000 109.892750
531.806000 0.681000 532.130000 111.448090
532.486000 0.680000 532.822000 113.798250
533.174000 0.689000 533.510000 115.843800
533.907000 0.732000 534.249000 113.798250
534.680000 0.773000 535.010000 113.402860
535.454000 0.774000 535.783000 110.257880
536.262000 0.808000 536.614000 108.702540
537.050000 0.788000 537.392000 107.847200
537.831000 0.781000 538.170000 108.274870
538.572000 0.742000 538.903000 106.963620
539.290000 0.717000 539.617000 109.130210
539.981000 0.691000 540.345000 109.923010
540.653000 0.672000 540.990000 117.826810
541.319000 0.666000 541.656000 113.767990
541.995000 0.677000 542.332000 112.638300
542.732000 0.736000 543.045000 112.212650
543.633000 0.901000 543.947000 112.638300
544.472000 0.839000 544.797000 110.685550
545.295000 0.823000 545.637000 108.672280
546.097000 0.803000 546.415000 109.923010
546.868000 0.771000 547.197000 110.320420
547.625000 0.756000 547.954000 108.763060
548.361000 0.737000 548.674000 109.067670
549.119000 0.758000 549.434000 108.274870
549.866000 0.747000 550.206000 109.434820
550.605000 0.739000 550.940000 107.084660
551.328000 0.723000 551.651000 107.847200
552.023000 0.695000 552.353000 108.274870
552.710000 0.688000 553.033000 112.242910
553.397000 0.687000 553.712000 112.242910
554.112000 0.716000 554.430000 112.242910
554.876000 0.764000 555.216000 111.510630
555.692000 0.816000 556.015000 109.130210
556.655000 0.963000 556.978000 108.611760
557.491000 0.837000 557.820000 107.816940
558.297000 0.806000 558.622000 114.195660
559.059000 0.762000 559.390000 108.305130
559.819000 0.760000 560.153000 110.320420
560.545000 0.726000 560.913000 116.271470
