302.992000 0.845000 303.271000 119.338430
303.800000 0.808000 304.081000 119.249170
304.650000 0.850000 304.931000 118.809720
305.503000 0.853000 305.781000 118.203190
306.344000 0.840000 306.630000 117.070230
307.144000 0.800000 307.421000 117.328860
308.000000 0.856000 308.280000 117.608100
308.885000 0.885000 309.161000 117.015290
309.781000 0.897000 310.061000 116.072310
310.616000 0.834000 310.901000 115.207140
311.433000 0.817000 311.711000 114.948500
312.252000 0.819000 312.531000 114.589160
313.105000 0.853000 313.381000 114.174880
313.878000 0.773000 314.161000 114.577710
314.634000 0.756000 314.911000 116.552950
315.437000 0.803000 315.711000 117.955990
316.272000 0.835000 316.551000 118.283290
317.106000 0.833000 317.391000 118.709010
317.882000 0.776000 318.161000 118.697570
318.689000 0.808000 318.961000 119.214840
319.546000 0.856000 319.821000 118.686120
320.391000 0.846000 320.671000 117.283080
321.176000 0.785000 321.461000 117.990330
321.943000 0.767000 322.221000 119.393370
322.721000 0.778000 323.001000 120.382130
323.510000 0.789000 323.791000 120.661360
324.284000 0.774000 324.561000 120.416460
325.036000 0.752000 325.311000 120.180720
325.801000 0.764000 326.071000 120.189870
326.558000 0.758000 326.831000 120.324910
327.374000 0.816000 327.651000 121.348010
328.202000 0.828000 328.481000 120.212760
328.978000 0.776000 329.261000 120.405020
329.760000 0.782000 330.041000 120.942890
330.625000 0.865000 330.901000 120.594990
331.549000 0.924000 331.821000 118.944760
332.468000 0.919000 332.751000 117.047340
333.300000 0.832000 333.581000 115.017160
334.110000 0.810000 334.391000 114.824910
334.961000 0.851000 335.241000 114.634930
335.817000 0.856000 336.091000 114.577710
336.678000 0.861000 336.961000 114.589160
337.516000 0.839000 337.801000 115.420000
338.322000 0.805000 338.601000 116.374430
339.154000 0.833000 339.431000 116.644510
339.976000 0.822000 340.251000 117.205270
340.797000 0.821000 341.081000 119.292660
341.576000 0.779000 341.861000 120.494280
342.358000 0.781000 342.641000 122.828870
343.200000 0.842000 343.481000 123.760410
344.038000 0.839000 344.321000 123.435400
344.805000 0.767000 345.091000 122.828870
345.512000 0.707000 345.801000 122.391700
346.196000 0.684000 346.481000 122.268110
346.904000 0.708000 347.171000 123.366740
347.778000 0.874000 348.041000 123.130990
348.674000 0.896000 348.951000 120.100610
349.476000 0.802000 349.761000 117.901060
350.259000 0.783000 350.531000 117.251040
351.092000 0.833000 351.361000 117.351750
351.988000 0.895000 352.261000 115.836560
352.847000 0.859000 353.131000 116.026530
353.670000 0.823000 353.951000 117.486790
354.575000 0.905000 354.851000 118.720460
355.479000 0.904000 355.761000 118.047550
356.384000 0.905000 356.661000 117.406680
357.264000 0.880000 357.551000 116.710880
358.128000 0.864000 358.411000 116.564400
359.017000 0.889000 359.301000 116.037970
359.911000 0.894000 360.191000 115.017160
360.801000 0.889000 361.081000 114.252700
361.613000 0.812000 361.901000 114.422070
362.453000 0.840000 362.731000 115.397110
363.343000 0.890000 363.621000 115.767890
364.241000 0.897000 364.521000 116.026530
365.053000 0.812000 365.341000 116.463690
365.863000 0.810000 366.141000 117.486790
366.709000 0.846000 366.981000 117.418120
367.573000 0.864000 367.851000 116.868810
368.381000 0.808000 368.661000 116.115790
369.219000 0.838000 369.501000 116.857370
370.105000 0.887000 370.381000 116.564400
370.982000 0.877000 371.261000 115.813670
371.783000 0.801000 372.071000 114.937060
372.570000 0.788000 372.851000 115.543590
373.390000 0.820000 373.671000 116.362980
374.254000 0.863000 374.531000 118.461820
375.087000 0.834000 375.371000 119.562740
375.891000 0.804000 376.181000 120.494280
376.725000 0.834000 377.011000 121.885880
377.621000 0.896000 377.901000 122.178840
378.481000 0.861000 378.771000 121.627240
379.274000 0.793000 379.561000 120.572100
380.086000 0.811000 380.361000 121.132860
380.930000 0.845000 381.211000 120.606430
381.797000 0.867000 382.081000 120.842180
382.615000 0.818000 382.901000 121.020710
383.402000 0.787000 383.681000 121.167190
384.222000 0.820000 384.501000 120.954330
385.096000 0.873000 385.371000 119.999900
385.940000 0.844000 386.221000 119.338430
386.730000 0.790000 387.011000 118.809720
387.541000 0.811000 387.821000 118.663240
388.404000 0.863000 388.681000 118.384000
389.298000 0.894000 389.571000 117.127450
390.163000 0.864000 390.441000 116.216500
390.985000 0.822000 391.271000 115.621410
391.860000 0.875000 392.131000 114.859240
392.719000 0.858000 393.001000 114.051290
393.576000 0.858000 393.861000 113.209010
394.395000 0.819000 394.671000 112.938930
395.262000 0.866000 395.541000 112.984700
396.148000 0.887000 396.421000 112.366730
396.971000 0.822000 397.251000 111.817410
397.839000 0.869000 398.111000 112.085200
398.733000 0.893000 399.011000 111.423740
399.659000 0.927000 399.941000 110.592900
400.537000 0.878000 400.821000 110.190070
401.420000 0.883000 401.701000 110.670720
402.344000 0.923000 402.621000 110.862980
403.232000 0.888000 403.511000 110.885870
404.125000 0.894000 404.411000 111.020910
404.999000 0.873000 405.281000 111.435180
405.951000 0.952000 406.231000 111.613710
406.902000 0.951000 407.181000 111.245210
407.784000 0.882000 408.071000 110.087070
408.623000 0.839000 408.911000 110.940800
409.536000 0.913000 409.811000 111.199430
410.522000 0.987000 410.801000 112.591030
411.475000 0.953000 411.761000 113.039640
412.353000 0.877000 412.641000 113.904800
413.255000 0.902000 413.541000 114.522780
414.205000 0.950000 414.481000 113.994070
415.184000 0.979000 415.471000 112.961820
416.057000 0.873000 416.351000 111.918120
416.866000 0.809000 417.151000 113.366930
417.711000 0.845000 417.991000 114.534230
418.597000 0.886000 418.881000 116.587290
419.504000 0.907000 419.791000 118.384000
420.396000 0.892000 420.681000 118.878380
421.330000 0.934000 421.611000 120.077720
422.322000 0.992000 422.601000 118.878380
423.270000 0.948000 423.551000 116.150120
424.113000 0.843000 424.401000 114.499890
424.943000 0.830000 425.221000 115.218580
425.815000 0.873000 426.091000 114.769970
426.701000 0.886000 426.981000 114.634930
427.531000 0.830000 427.811000 114.747090
428.337000 0.806000 428.621000 115.925820
429.195000 0.857000 429.471000 116.385870
430.107000 0.912000 430.381000 117.251040
430.962000 0.856000 431.251000 116.756660
431.789000 0.826000 432.071000 118.036100
432.680000 0.892000 432.961000 117.463900
433.589000 0.908000 433.871000 116.552950
434.426000 0.837000 434.711000 115.914380
435.240000 0.814000 435.521000 116.115790
436.172000 0.933000 436.441000 114.554830
437.134000 0.962000 437.411000 113.298270
438.011000 0.877000 438.291000 111.153660
438.814000 0.803000 439.100000 110.828650
439.658000 0.844000 439.931000 110.682160
440.515000 0.856000 440.791000 111.860900
441.353000 0.839000 441.641000 112.254570
442.149000 0.796000 442.431000 113.456200
443.058000 0.909000 443.331000 114.129110
443.990000 0.932000 444.271000 114.074180
444.844000 0.854000 445.131000 114.241260
445.646000 0.802000 445.931000 116.015090
446.536000 0.891000 446.811000 116.857370
447.429000 0.893000 447.711000 116.340100
448.307000 0.878000 448.591000 116.161570
449.113000 0.805000 449.401000 116.408760
449.948000 0.836000 450.231000 116.665110
450.810000 0.861000 451.091000 116.722330
451.693000 0.883000 451.971000 117.283080
452.557000 0.865000 452.841000 117.834690
453.402000 0.844000 453.681000 119.249170
454.335000 0.934000 454.611000 120.920000
455.317000 0.981000 455.601000 120.482840
456.279000 0.963000 456.571000 119.933520
457.193000 0.913000 457.481000 119.169060
458.137000 0.944000 458.421000 118.395450
459.120000 0.983000 459.401000 116.845920
460.096000 0.976000 460.381000 115.555030
460.992000 0.895000 461.281000 114.163440
461.803000 0.812000 462.091000 114.769970
462.607000 0.803000 462.891000 115.914380
463.616000 1.009000 463.891000 115.779340
464.607000 0.991000 464.891000 116.440800
465.546000 0.938000 465.831000 116.676550
466.453000 0.908000 466.741000 116.811590
467.370000 0.916000 467.651000 116.699440
468.302000 0.933000 468.581000 115.488660
469.171000 0.868000 469.451000 114.534230
470.003000 0.832000 470.291000 114.781420
470.894000 0.891000 471.171000 114.724200
471.791000 0.897000 472.071000 114.465560
472.713000 0.922000 472.991000 114.422070
473.635000 0.922000 473.921000 114.275590
474.494000 0.859000 474.781000 114.195480
475.375000 0.882000 475.651000 114.465560
476.307000 0.931000 476.581000 113.007590
477.249000 0.942000 477.531000 112.636800
478.101000 0.852000 478.381000 111.176550
478.978000 0.877000 479.261000 111.783080
479.839000 0.861000 480.121000 112.119530
480.628000 0.788000 480.911000 112.478880
481.402000 0.774000 481.681000 113.870470
482.255000 0.853000 482.531000 114.488450
483.183000 0.928000 483.461000 114.454120
484.107000 0.924000 484.391000 113.804100
484.958000 0.851000 485.241000 113.623280
485.810000 0.852000 486.091000 113.398980
486.714000 0.904000 486.991000 112.714620
487.619000 0.905000 487.901000 111.412290
488.427000 0.808000 488.711000 111.345920
489.217000 0.790000 489.501000 112.861110
490.013000 0.797000 490.291000 114.005510
490.807000 0.794000 491.091000 114.646380
491.613000 0.805000 491.891000 116.104350
492.509000 0.896000 492.781000 116.532360
493.444000 0.935000 493.721000 116.239390
494.318000 0.875000 494.601000 115.555030
495.128000 0.810000 495.411000 114.959940
495.971000 0.843000 496.251000 115.397110
496.879000 0.909000 497.151000 114.824910
497.767000 0.888000 498.051000 113.421870
498.582000 0.815000 498.871000 112.895440
499.399000 0.817000 499.671000 113.263940
500.269000 0.870000 500.541000 113.108300
501.167000 0.899000 501.441000 113.108300
502.055000 0.888000 502.341000 113.231890
502.885000 0.829000 503.171000 113.456200
503.719000 0.834000 504.001000 114.074180
504.638000 0.920000 504.911000 113.950580
505.599000 0.960000 505.871000 112.332390
506.493000 0.894000 506.781000 110.705050
507.299000 0.807000 507.581000 110.670720
508.134000 0.834000 508.411000 111.277250
508.993000 0.859000 509.271000 111.165100
509.855000 0.862000 510.131000 112.726070
510.654000 0.799000 510.941000 114.813460
511.438000 0.784000 511.721000 116.900850
512.238000 0.801000 512.521000 119.001980
513.076000 0.838000 513.351000 119.439140
513.937000 0.861000 514.221000 119.258330
514.762000 0.825000 515.041000 119.361320
515.601000 0.839000 515.881000 119.944970
516.438000 0.837000 516.721000 118.754790
517.285000 0.847000 517.561000 117.866730
518.125000 0.840000 518.401000 117.148040
518.917000 0.792000 519.201000 117.642430
519.743000 0.826000 520.021000 118.058990
520.582000 0.839000 520.861000 117.475340
521.417000 0.835000 521.691000 116.912300
522.203000 0.787000 522.481000 116.733770
523.005000 0.802000 523.281000 117.553160
523.805000 0.800000 524.081000 117.193820
524.677000 0.872000 524.951000 116.811590
525.563000 0.885000 525.841000 118.271850
526.371000 0.809000 526.661000 119.933520
527.149000 0.778000 527.431000 121.851540
527.955000 0.805000 528.231000 123.053170
528.793000 0.838000 529.071000 123.872560
529.601000 0.808000 529.891000 125.097070
530.422000 0.821000 530.701000 126.218590
531.358000 0.936000 531.631000 126.442890
532.280000 0.922000 532.561000 124.154090
533.108000 0.828000 533.391000 122.279550
533.903000 0.795000 534.181000 123.076060
534.738000 0.835000 535.011000 121.661570
535.567000 0.829000 535.851000 121.885880
536.368000 0.801000 536.651000 123.501780
537.220000 0.852000 537.491000 124.154090
538.089000 0.869000 538.371000 123.501780
538.885000 0.797000 539.171000 122.538190
539.692000 0.807000 539.971000 123.076060
540.533000 0.841000 540.811000 122.895240
541.395000 0.862000 541.671000 123.018840
542.198000 0.803000 542.481000 123.211100
542.993000 0.794000 543.271000 124.041930
543.839000 0.846000 544.111000 124.053380
544.743000 0.904000 545.021000 123.849670
545.598000 0.855000 545.881000 122.817420
546.409000 0.812000 546.691000 122.794530
547.240000 0.830000 547.521000 122.874640
548.090000 0.850000 548.371000 121.402940
548.947000 0.857000 549.221000 120.830740
549.767000 0.821000 550.051000 119.954120
550.554000 0.787000 550.831000 120.100610
551.343000 0.789000 551.621000 121.414380
552.151000 0.808000 552.431000 121.931650
552.964000 0.813000 553.241000 122.503850
553.754000 0.790000 554.041000 122.222330
554.518000 0.764000 554.801000 123.389620
555.327000 0.809000 555.601000 123.973270
556.220000 0.892000 556.491000 123.570440
557.087000 0.868000 557.371000 123.323250
557.887000 0.799000 558.171000 122.728160
558.676000 0.789000 558.951000 122.863200
559.502000 0.826000 559.781000 122.414590
560.354000 0.852000 560.631000 121.583750
561.154000 0.799000 561.431000 121.380050
561.908000 0.755000 562.191000 121.830950
562.747000 0.839000 563.021000 122.403150
563.689000 0.942000 563.961000 121.460160
564.639000 0.949000 564.921000 120.416460
565.530000 0.891000 565.811000 120.235650
566.399000 0.869000 566.681000 120.540060
567.322000 0.923000 567.601000 120.313470
568.236000 0.913000 568.521000 119.528400
569.094000 0.858000 569.381000 118.608300
569.975000 0.880000 570.251000 118.686120
570.935000 0.960000 571.211000 117.912510
571.893000 0.958000 572.181000 116.575840
572.768000 0.875000 573.061000 116.262280
573.624000 0.856000 573.911000 116.687990
574.527000 0.903000 574.811000 116.452250
575.488000 0.961000 575.771000 115.589370
576.432000 0.944000 576.721000 114.106220
577.323000 0.891000 577.611000 113.467640
578.265000 0.942000 578.541000 112.433100
579.217000 0.953000 579.501000 111.682370
580.188000 0.970000 580.471000 110.537970
581.076000 0.889000 581.361000 109.842170
581.911000 0.835000 582.201000 111.110170
582.850000 0.939000 583.131000 111.547330
583.802000 0.952000 584.091000 111.636600
584.750000 0.948000 585.041000 112.433100
585.661000 0.911000 585.951000 112.760400
586.554000 0.893000 586.841000 113.758320
587.519000 0.965000 587.801000 113.444750
588.498000 0.979000 588.781000 112.625360
589.434000 0.936000 589.721000 112.748960
590.295000 0.861000 590.581000 113.758320
591.191000 0.896000 591.471000 114.287040
592.116000 0.924000 592.401000 115.262070
593.039000 0.923000 593.331000 116.161570
593.914000 0.875000 594.201000 117.383790
594.806000 0.892000 595.091000 118.631190
595.757000 0.951000 596.041000 119.056910
596.688000 0.931000 596.971000 118.809720
597.590000 0.901000 597.871000 119.079800
598.555000 0.966000 598.831000 118.697570
599.585000 1.030000 599.861000 116.475140
600.580000 0.995000 600.901000 174.993080
601.494000 0.914000 601.495000 174.993080
602.471000 0.977000 602.472000 174.993080
603.462000 0.990000 603.463000 24.998358
604.377000 0.915000 604.901000 174.993080
605.383000 1.006000 605.384000 174.993080
606.406000 1.023000 606.407000 174.993080
607.360000 0.954000 607.361000 24.998358
608.245000 0.885000 608.901000 174.993080
609.208000 0.964000 609.209000 174.993080
610.225000 1.017000 610.226000 174.993080
611.173000 0.948000 611.174000 24.998358
612.132000 0.959000 612.901000 174.993080
613.082000 0.950000 613.083000 174.993080
613.996000 0.914000 613.997000 174.993080
614.833000 0.837000 614.834000 174.993080
615.668000 0.835000 615.669000 24.998358
616.568000 0.899000 616.901000 174.993080
617.548000 0.981000 617.549000 174.993080
618.443000 0.894000 618.444000 174.993080
619.277000 0.835000 619.278000 24.998358
620.140000 0.863000 620.901000 174.993080
621.053000 0.913000 621.054000 174.993080
621.940000 0.887000 621.941000 174.993080
622.765000 0.824000 622.766000 174.993080
623.631000 0.866000 623.632000 24.998358
624.542000 0.911000 624.901000 174.993080
625.504000 0.962000 625.505000 174.993080
626.454000 0.950000 626.455000 174.993080
627.325000 0.872000 627.326000 24.998358
628.234000 0.908000 628.901000 174.993080
629.168000 0.934000 629.169000 174.993080
630.072000 0.904000 630.073000 174.993080
630.907000 0.835000 630.908000 24.998358
631.832000 0.925000 631.833000 24.998358
632.791000 0.959000 632.901000 174.993080
633.679000 0.889000 633.680000 174.993080
634.529000 0.850000 634.530000 174.993080
635.416000 0.886000 635.417000 24.998358
636.323000 0.908000 636.901000 174.993080
637.212000 0.889000 637.213000 174.993080
638.010000 0.798000 638.011000 174.993080
638.793000 0.783000 638.794000 174.993080
639.634000 0.841000 639.635000 24.998358
640.561000 0.927000 640.901000 174.993080
641.427000 0.866000 641.428000 174.993080
642.224000 0.797000 642.225000 174.993080
643.068000 0.845000 643.069000 24.998358
643.952000 0.884000 643.953000 24.998358
644.853000 0.901000 644.901000 174.993080
645.714000 0.861000 645.715000 174.993080
646.553000 0.839000 646.554000 174.993080
647.407000 0.854000 647.408000 24.998358
648.231000 0.824000 648.901000 174.993080
649.057000 0.826000 649.058000 174.993080
649.836000 0.779000 650.131000 113.151790
650.620000 0.784000 650.901000 115.307840
651.461000 0.841000 651.741000 116.285160
652.377000 0.916000 652.661000 116.429360
653.305000 0.929000 653.601000 115.138470
654.193000 0.887000 654.491000 113.870470
655.082000 0.890000 655.371000 112.996150
656.010000 0.928000 656.301000 111.087280
656.947000 0.936000 657.241000 108.629100
657.798000 0.851000 658.091000 107.752490
658.647000 0.849000 658.941000 108.315540
659.547000 0.900000 659.831000 108.088940
660.437000 0.890000 660.731000 107.033800
661.261000 0.824000 661.561000 106.720240
662.096000 0.835000 662.381000 107.493850
663.013000 0.917000 663.301000 106.349450
663.929000 0.917000 664.221000 104.598510
664.782000 0.852000 665.081000 104.184240
665.579000 0.797000 665.871000 105.900840
666.426000 0.847000 666.711000 106.843830
667.308000 0.883000 667.601000 106.283070
668.132000 0.824000 668.431000 105.889400
668.908000 0.776000 669.201000 107.168840
669.717000 0.809000 670.011000 107.741050
670.575000 0.858000 670.861000 107.045250
671.400000 0.825000 671.691000 106.013000
672.178000 0.778000 672.471000 107.539630
672.974000 0.795000 673.261000 109.672800
673.777000 0.803000 674.061000 111.121610
674.615000 0.838000 674.901000 112.243130
675.443000 0.827000 675.731000 112.636800
676.225000 0.783000 676.521000 113.355490
677.055000 0.830000 677.341000 114.241260
677.942000 0.886000 678.231000 112.490320
678.846000 0.904000 679.131000 110.425820
679.689000 0.844000 679.981000 108.459730
680.491000 0.801000 680.781000 108.404800
681.328000 0.837000 681.611000 108.551280
682.215000 0.887000 682.501000 110.670720
683.106000 0.891000 683.401000 111.995940
683.923000 0.817000 684.221000 113.220450
684.741000 0.818000 685.031000 115.655740
685.583000 0.842000 685.871000 115.948710
686.433000 0.850000 686.721000 116.138680
687.233000 0.799000 687.521000 116.532360
688.034000 0.801000 688.321000 117.834690
688.882000 0.849000 689.171000 117.205270
689.718000 0.836000 690.011000 115.724410
690.510000 0.791000 690.801000 115.632850
691.283000 0.773000 691.571000 116.958070
692.106000 0.823000 692.391000 117.507390
692.920000 0.815000 693.201000 117.228150
693.840000 0.919000 694.121000 116.452250
694.785000 0.946000 695.071000 114.195480
695.666000 0.880000 695.961000 113.904800
696.524000 0.858000 696.811000 114.769970
697.389000 0.865000 697.671000 114.701310
698.247000 0.859000 698.531000 114.948500
699.055000 0.808000 699.351000 114.859240
699.902000 0.847000 700.181000 116.184460
700.827000 0.924000 701.111000 116.049420
701.750000 0.923000 702.041000 114.701310
702.578000 0.828000 702.871000 114.117660
703.423000 0.845000 703.711000 114.724200
704.331000 0.909000 704.611000 114.051290
705.234000 0.903000 705.521000 114.353410
706.117000 0.883000 706.411000 114.264150
706.932000 0.815000 707.221000 114.174880
707.728000 0.797000 708.011000 115.442880
708.567000 0.838000 708.851000 116.397320
709.415000 0.848000 709.701000 116.362980
710.293000 0.878000 710.581000 116.397320
711.099000 0.806000 711.391000 117.070230
711.896000 0.797000 712.181000 118.306180
712.741000 0.845000 713.021000 118.585420
713.652000 0.911000 713.941000 119.013420
714.521000 0.869000 714.811000 118.990540
715.322000 0.801000 715.611000 120.045680
716.089000 0.767000 716.371000 119.462030
716.815000 0.727000 717.101000 119.226280
717.524000 0.708000 717.811000 118.438930
718.286000 0.763000 718.571000 118.798280
719.062000 0.775000 719.341000 117.676760
719.938000 0.876000 720.211000 116.552950
720.846000 0.909000 721.131000 113.051080
721.663000 0.817000 721.951000 110.055030
722.439000 0.777000 722.721000 109.986370
723.248000 0.809000 723.531000 110.727940
724.142000 0.894000 724.421000 112.018830
725.135000 0.992000 725.421000 112.625360
726.000000 0.866000 726.291000 113.263940
726.844000 0.844000 727.131000 114.117660
727.764000 0.919000 728.051000 114.016960
728.745000 0.982000 729.031000 113.421870
729.709000 0.964000 730.001000 112.277460
730.606000 0.896000 730.891000 112.579580
731.555000 0.950000 731.841000 112.916040
732.548000 0.993000 732.841000 112.231690
733.486000 0.938000 733.781000 111.311590
734.333000 0.847000 734.631000 111.210880
735.225000 0.891000 735.511000 110.739380
736.081000 0.856000 736.371000 109.908550
736.887000 0.806000 737.181000 109.459940
737.700000 0.813000 737.991000 110.739380
738.586000 0.886000 738.871000 110.322820
739.494000 0.908000 739.781000 109.031930
740.347000 0.853000 740.641000 107.585410
741.146000 0.799000 741.441000 107.709000
741.971000 0.826000 742.261000 108.281200
742.850000 0.878000 743.141000 108.324690
743.716000 0.866000 744.011000 108.999890
744.555000 0.840000 744.851000 109.942880
745.464000 0.908000 745.751000 110.503640
746.417000 0.953000 746.711000 110.245000
747.341000 0.924000 747.641000 110.144290
748.188000 0.847000 748.491000 110.245000
749.008000 0.821000 749.301000 112.389610
749.860000 0.851000 750.151000 112.760400
750.699000 0.840000 750.991000 114.781420
751.524000 0.825000 751.821000 117.116000
752.357000 0.832000 752.641000 119.551290
753.247000 0.890000 753.531000 120.629320
754.139000 0.891000 754.431000 120.068560
754.986000 0.848000 755.281000 119.304100
755.827000 0.841000 756.111000 118.674680
756.674000 0.847000 756.961000 117.630980
757.534000 0.861000 757.821000 116.946630
758.356000 0.821000 758.651000 116.958070
759.163000 0.807000 759.451000 118.674680
759.988000 0.826000 760.271000 120.224200
760.809000 0.821000 761.091000 120.954330
761.621000 0.812000 761.911000 121.885880
762.396000 0.775000 762.691000 122.705270
763.159000 0.763000 763.451000 124.749180
763.978000 0.820000 764.261000 125.511350
764.847000 0.869000 765.131000 124.220460
765.668000 0.822000 765.961000 122.918130
766.454000 0.785000 766.741000 121.943100
767.257000 0.804000 767.541000 121.235860
768.054000 0.797000 768.341000 119.494070
768.836000 0.782000 769.121000 118.562530
769.591000 0.755000 769.881000 117.608100
770.343000 0.752000 770.621000 117.788910
771.119000 0.775000 771.401000 117.452460
771.918000 0.799000 772.201000 116.655950
772.676000 0.758000 772.961000 115.836560
773.401000 0.726000 773.681000 115.992200
774.131000 0.730000 774.411000 116.003640
774.874000 0.743000 775.151000 116.273720
775.613000 0.739000 775.891000 116.205060
776.345000 0.732000 776.631000 116.104350
777.075000 0.730000 777.351000 117.495940
777.844000 0.769000 778.121000 117.843840
778.660000 0.816000 778.941000 117.598940
779.478000 0.818000 779.761000 116.509470
780.265000 0.787000 780.551000 115.779340
781.081000 0.816000 781.361000 115.241470
781.897000 0.816000 782.171000 114.646380
782.705000 0.808000 782.991000 113.646170
783.446000 0.741000 783.731000 113.781210
784.188000 0.742000 784.461000 114.129110
784.946000 0.758000 785.221000 114.646380
785.710000 0.764000 785.991000 114.893570
786.438000 0.727000 786.721000 115.880050
787.151000 0.714000 787.431000 117.395240
787.890000 0.739000 788.171000 118.709010
788.699000 0.809000 788.971000 119.516960
789.544000 0.845000 789.821000 119.338430
790.321000 0.777000 790.611000 119.214840
791.091000 0.770000 791.371000 119.663440
791.886000 0.795000 792.161000 119.304100
792.721000 0.835000 793.001000 118.720460
793.553000 0.832000 793.841000 116.779550
794.341000 0.788000 794.621000 116.104350
795.135000 0.794000 795.411000 116.610180
795.967000 0.833000 796.241000 115.745010
796.802000 0.834000 797.081000 115.891490
797.590000 0.788000 797.871000 115.802230
798.340000 0.750000 798.621000 116.768100
799.121000 0.782000 799.401000 118.091030
799.974000 0.852000 800.251000 118.461820
800.810000 0.836000 801.091000 118.438930
801.619000 0.809000 801.901000 118.754790
802.388000 0.769000 802.671000 119.439140
803.180000 0.792000 803.461000 119.697780
803.974000 0.794000 804.251000 120.606430
804.769000 0.796000 805.051000 120.313470
805.563000 0.793000 805.851000 120.865070
806.325000 0.762000 806.611000 120.942890
807.114000 0.789000 807.391000 121.727950
807.937000 0.822000 808.211000 121.190080
808.795000 0.859000 809.071000 120.494280
809.601000 0.806000 809.891000 119.752710
810.396000 0.794000 810.681000 120.482840
811.246000 0.851000 811.521000 120.134940
812.116000 0.870000 812.401000 119.516960
812.937000 0.821000 813.221000 119.450590
813.772000 0.835000 814.051000 120.011340
814.648000 0.876000 814.931000 119.551290
815.525000 0.878000 815.811000 118.979090
816.396000 0.871000 816.681000 118.551080
817.210000 0.813000 817.501000 118.461820
818.019000 0.809000 818.301000 120.437060
818.886000 0.868000 819.171000 121.414380
819.783000 0.896000 820.061000 121.448710
820.670000 0.888000 820.951000 121.718790
821.573000 0.903000 821.861000 121.526530
822.417000 0.844000 822.711000 119.954120
823.206000 0.788000 823.491000 120.201310
824.035000 0.829000 824.311000 119.281210
824.908000 0.873000 825.191000 118.001770
825.748000 0.841000 826.031000 117.081670
826.553000 0.804000 826.831000 117.260200
827.400000 0.847000 827.681000 117.429570
828.326000 0.926000 828.611000 117.665320
829.279000 0.953000 829.561000 118.754790
830.160000 0.881000 830.451000 119.629110
830.986000 0.826000 831.281000 120.212760
831.806000 0.820000 832.091000 122.311600
832.729000 0.923000 833.011000 122.357370
833.606000 0.877000 833.891000 121.819500
834.447000 0.841000 834.741000 121.862990
835.266000 0.819000 835.551000 122.075850
836.182000 0.916000 836.461000 120.842180
837.040000 0.858000 837.331000 119.102690
837.841000 0.800000 838.131000 118.898980
838.646000 0.806000 838.931000 118.214630
839.474000 0.828000 839.751000 118.159700
840.298000 0.824000 840.581000 118.036100
841.105000 0.807000 841.391000 118.125370
841.895000 0.790000 842.181000 119.180510
842.732000 0.837000 843.011000 121.224410
843.626000 0.894000 843.911000 121.313670
844.534000 0.908000 844.821000 120.741470
845.341000 0.807000 845.631000 120.169270
846.131000 0.790000 846.421000 121.290790
846.960000 0.829000 847.241000 121.112260
847.808000 0.848000 848.091000 121.819500
848.644000 0.836000 848.931000 123.064610
849.442000 0.798000 849.731000 124.142640
850.304000 0.863000 850.591000 125.634940
851.266000 0.962000 851.551000 124.861330
852.194000 0.928000 852.481000 123.602480
853.039000 0.846000 853.331000 122.268110
853.826000 0.786000 854.111000 122.133070
854.657000 0.831000 854.941000 121.739390
855.495000 0.838000 855.781000 121.796610
856.345000 0.851000 856.631000 122.670940
857.189000 0.844000 857.471000 123.570440
858.025000 0.837000 858.311000 123.806190
858.914000 0.889000 859.201000 123.648260
859.841000 0.927000 860.121000 121.931650
860.723000 0.883000 861.011000 121.000110
861.515000 0.792000 861.811000 119.910640
862.322000 0.807000 862.601000 119.832820
863.153000 0.831000 863.431000 119.821370
864.092000 0.939000 864.371000 120.707140
865.076000 0.984000 865.361000 121.572310
865.994000 0.918000 866.281000 120.583550
866.832000 0.838000 867.131000 120.313470
867.621000 0.789000 867.911000 120.718580
868.414000 0.793000 868.701000 120.784960
869.246000 0.832000 869.531000 120.482840
870.105000 0.859000 870.391000 121.437270
870.917000 0.812000 871.211000 122.670940
871.755000 0.838000 872.041000 124.142640
872.653000 0.898000 872.941000 123.682590
873.547000 0.894000 873.831000 122.998240
874.443000 0.896000 874.731000 122.403150
875.272000 0.829000 875.571000 121.460160
876.055000 0.783000 876.341000 122.593120
876.889000 0.834000 877.171000 122.895240
877.743000 0.854000 878.031000 123.153880
878.562000 0.819000 878.851000 123.716920
879.332000 0.770000 879.621000 124.266240
880.097000 0.764000 880.381000 126.241480
880.905000 0.808000 881.191000 126.387960
881.739000 0.834000 882.021000 125.847800
882.554000 0.816000 882.841000 124.815550
883.356000 0.802000 883.641000 124.792660
884.204000 0.848000 884.491000 124.927700
885.076000 0.872000 885.361000 123.794740
885.976000 0.900000 886.261000 123.222540
886.815000 0.839000 887.111000 122.032360
887.626000 0.811000 887.921000 122.403150
888.443000 0.817000 888.731000 124.332610
889.273000 0.829000 889.561000 125.152010
890.135000 0.862000 890.421000 125.410640
890.996000 0.861000 891.281000 124.927700
891.850000 0.854000 892.141000 125.275600
892.711000 0.861000 893.001000 124.893370
893.577000 0.865000 893.861000 123.581880
894.426000 0.849000 894.711000 123.233980
895.226000 0.800000 895.521000 123.199650
896.043000 0.817000 896.331000 125.321380
896.955000 0.912000 897.241000 125.634940
897.926000 0.971000 898.211000 125.612060
898.909000 0.982000 899.201000 125.186340
899.803000 0.894000 900.101000 123.121830
