516.871000 1.023000 517.223000 110.656390
517.881000 1.010000 518.224000 110.289590
518.900000 1.019000 519.263000 110.259020
519.896000 0.996000 520.244000 109.494840
520.846000 0.951000 521.205000 110.197880
521.813000 0.967000 522.165000 109.831080
522.754000 0.940000 523.112000 109.739380
523.659000 0.906000 524.026000 110.625820
524.572000 0.913000 524.946000 110.656390
525.467000 0.895000 525.826000 110.259020
526.353000 0.886000 526.726000 111.082290
527.265000 0.912000 527.607000 111.449090
528.193000 0.927000 528.567000 111.387960
529.109000 0.916000 529.508000 110.686960
530.045000 0.937000 530.447000 111.051720
530.981000 0.935000 531.366000 110.350720
531.905000 0.925000 532.288000 109.922780
532.815000 0.910000 533.229000 111.082290
533.750000 0.935000 534.129000 111.785330
534.683000 0.933000 535.037000 110.807190
535.593000 0.910000 535.970000 111.082290
536.505000 0.913000 536.910000 111.815890
537.428000 0.923000 537.831000 112.547460
538.332000 0.903000 538.690000 112.180660
539.213000 0.882000 539.591000 113.005970
540.094000 0.881000 540.538000 115.691780
540.981000 0.886000 541.437000 117.246620
541.891000 0.911000 542.331000 116.239950
542.803000 0.911000 543.251000 117.491160
543.756000 0.953000 544.192000 117.827390
544.753000 0.997000 545.117000 115.691780
545.728000 0.975000 546.111000 114.988740
546.683000 0.955000 547.032000 115.386110
547.631000 0.948000 548.052000 115.416680
548.568000 0.938000 548.952000 116.178810
549.476000 0.908000 549.892000 117.430020
550.401000 0.924000 550.812000 118.224760
551.337000 0.936000 551.753000 117.613420
552.273000 0.936000 552.673000 118.224760
553.233000 0.960000 553.634000 119.262000
554.210000 0.977000 554.574000 117.735690
555.187000 0.976000 555.594000 117.004120
556.183000 0.996000 556.578000 116.942990
557.185000 1.002000 557.574000 116.209380
558.183000 0.998000 558.554000 114.927610
559.155000 0.972000 559.515000 115.019310
560.143000 0.988000 560.582000 115.202710
561.136000 0.993000 561.516000 113.768100
562.084000 0.948000 562.476000 114.621940
563.034000 0.950000 563.437000 114.988740
564.017000 0.983000 564.377000 114.196040
564.991000 0.974000 565.378000 113.340170
565.947000 0.956000 566.338000 113.431870
566.912000 0.966000 567.283000 114.440580
567.875000 0.963000 568.239000 114.165470
568.825000 0.950000 569.240000 112.944830
569.776000 0.951000 570.140000 113.737540
570.730000 0.954000 571.100000 112.669730
571.684000 0.954000 572.021000 112.211230
572.629000 0.944000 572.981000 112.516900
573.579000 0.951000 573.962000 112.669730
574.562000 0.982000 574.922000 111.785330
575.541000 0.979000 575.922000 110.625820
576.478000 0.938000 576.843000 111.051720
577.400000 0.922000 577.784000 112.944830
578.325000 0.925000 578.704000 113.737540
579.237000 0.912000 579.624000 114.988740
580.155000 0.918000 580.565000 115.812010
581.121000 0.966000 581.572000 115.661210
582.101000 0.980000 582.465000 116.178810
583.077000 0.976000 583.446000 116.148250
584.088000 1.011000 584.486000 112.883700
585.116000 1.028000 585.487000 112.241790
586.100000 0.984000 586.467000 112.883700
587.072000 0.972000 587.452000 113.219940
588.045000 0.974000 588.412000 115.263840
589.033000 0.988000 589.389000 113.401300
590.005000 0.971000 590.389000 112.883700
590.996000 0.992000 591.374000 113.340170
592.030000 1.034000 592.430000 109.525410
593.033000 1.003000 593.410000 109.861650
593.999000 0.966000 594.352000 110.686960
595.005000 1.006000 595.392000 110.625820
595.966000 0.960000 596.352000 110.289590
596.882000 0.916000 597.253000 112.639160
597.789000 0.908000 598.153000 114.652510
598.700000 0.911000 599.080000 114.530240
599.587000 0.887000 600.015000 116.637320
600.473000 0.886000 600.915000 120.543770
601.385000 0.912000 601.755000 122.587680
602.314000 0.929000 602.736000 120.969670
603.242000 0.928000 603.637000 121.336480
604.202000 0.959000 604.577000 121.794980
605.181000 0.980000 605.563000 119.475970
606.145000 0.964000 606.558000 119.292570
607.125000 0.980000 607.499000 119.292570
608.091000 0.965000 608.460000 118.163630
609.044000 0.954000 609.400000 118.194200
609.996000 0.952000 610.361000 117.796820
610.947000 0.951000 611.322000 117.063220
611.879000 0.932000 612.262000 118.194200
612.853000 0.974000 613.222000 116.667890
613.855000 1.002000 614.216000 115.538950
614.837000 0.981000 615.184000 115.324980
615.843000 1.006000 616.205000 114.165470
616.850000 1.007000 617.204000 113.768100
617.861000 1.010000 618.226000 111.785330
618.828000 0.968000 619.192000 111.663060
619.813000 0.985000 620.168000 112.211230
620.777000 0.964000 621.168000 111.479660
621.708000 0.931000 622.069000 106.627670
622.643000 0.935000 623.070000 108.610440
623.589000 0.946000 623.990000 111.479660
624.541000 0.952000 624.931000 112.547460
625.458000 0.917000 625.872000 113.370730
626.394000 0.936000 626.793000 115.781440
627.338000 0.944000 627.733000 115.294410
628.276000 0.938000 628.674000 114.165470
629.191000 0.915000 629.581000 116.453920
630.112000 0.921000 630.535000 115.842580
631.039000 0.927000 631.416000 115.386110
631.954000 0.915000 632.336000 117.735690
632.876000 0.922000 633.257000 116.667890
633.819000 0.943000 634.217000 116.667890
634.754000 0.934000 635.138000 117.034690
635.669000 0.916000 636.039000 117.796820
636.626000 0.957000 637.039000 118.194200
637.579000 0.953000 637.960000 120.939110
638.517000 0.938000 638.961000 120.543770
639.472000 0.955000 639.882000 122.159750
640.476000 1.004000 640.861000 121.367040
641.458000 0.982000 641.862000 120.176970
642.434000 0.976000 642.783000 120.908540
643.445000 1.010000 643.823000 119.262000
644.447000 1.003000 644.823000 118.558960
645.418000 0.970000 645.764000 117.766260
646.413000 0.995000 646.784000 118.163630
647.447000 1.034000 647.825000 116.942990
648.439000 0.991000 648.805000 116.148250
649.423000 0.984000 649.765000 116.912420
650.438000 1.015000 650.786000 115.477810
651.448000 1.010000 651.807000 114.530240
652.434000 0.986000 652.826000 113.768100
653.448000 1.014000 653.811000 112.853130
654.452000 1.004000 654.807000 112.180660
655.434000 0.982000 655.788000 112.150090
656.471000 1.037000 656.828000 111.754760
657.515000 1.045000 657.867000 109.435750
658.507000 0.991000 658.847000 109.861650
659.494000 0.987000 659.869000 109.494840
660.468000 0.975000 660.848000 107.787170
661.430000 0.962000 661.809000 108.215110
662.401000 0.971000 662.748000 108.977240
663.364000 0.963000 663.735000 107.695470
664.314000 0.950000 664.689000 108.579870
665.285000 0.971000 665.649000 108.184540
666.232000 0.947000 666.610000 107.359230
667.165000 0.933000 667.551000 108.304770
668.107000 0.942000 668.471000 107.359230
669.025000 0.918000 669.371000 107.787170
669.960000 0.935000 670.351000 108.610440
670.895000 0.935000 671.292000 107.817740
671.846000 0.950000 672.232000 109.007810
672.807000 0.962000 673.193000 109.861650
673.758000 0.951000 674.114000 109.466320
674.701000 0.943000 675.054000 110.228450
675.658000 0.957000 676.015000 109.831080
676.608000 0.950000 676.996000 109.007810
677.542000 0.933000 677.937000 110.289590
678.460000 0.918000 678.837000 110.228450
679.389000 0.928000 679.738000 111.387960
680.311000 0.922000 680.700000 109.800510
681.223000 0.913000 681.595000 108.671580
682.160000 0.937000 682.541000 110.197880
683.082000 0.922000 683.429000 110.381290
683.992000 0.910000 684.342000 111.785330
684.934000 0.942000 685.323000 114.988740
685.869000 0.935000 686.224000 115.812010
686.793000 0.925000 687.165000 116.973560
687.716000 0.923000 688.086000 117.430020
688.668000 0.952000 689.047000 116.942990
689.618000 0.950000 689.986000 114.318310
690.572000 0.954000 690.928000 115.386110
691.621000 1.049000 691.989000 113.340170
692.668000 1.047000 693.016000 113.067100
693.678000 1.010000 694.031000 113.370730
694.673000 0.995000 695.071000 114.257170
695.686000 1.013000 696.052000 114.927610
696.694000 1.009000 697.053000 114.927610
697.686000 0.991000 698.054000 115.355550
698.678000 0.992000 699.035000 115.355550
699.703000 1.025000 700.076000 113.645830
700.687000 0.984000 701.057000 114.591370
701.689000 1.003000 702.077000 113.768100
702.703000 1.014000 703.059000 112.944830
703.690000 0.987000 704.060000 112.944830
704.673000 0.982000 705.041000 112.883700
705.683000 1.011000 706.042000 111.815890
706.668000 0.985000 707.008000 110.503550
707.645000 0.977000 708.004000 111.418520
708.621000 0.976000 708.964000 110.228450
709.611000 0.990000 709.965000 109.068950
710.587000 0.976000 710.945000 109.038380
711.566000 0.979000 711.927000 108.641010
712.524000 0.957000 712.875000 107.603770
713.491000 0.967000 713.848000 109.038380
714.487000 0.996000 714.849000 107.420370
715.448000 0.962000 715.810000 106.169160
716.409000 0.961000 716.770000 107.756600
717.404000 0.995000 717.751000 107.756600
718.361000 0.956000 718.733000 107.695470
719.332000 0.972000 719.693000 107.450940
720.312000 0.979000 720.674000 105.863490
721.289000 0.977000 721.675000 106.138590
722.255000 0.966000 722.615000 106.597100
723.217000 0.962000 723.596000 105.437590
724.170000 0.953000 724.577000 105.832930
725.119000 0.949000 725.478000 106.566530
726.084000 0.966000 726.438000 105.741220
727.030000 0.946000 727.380000 105.894060
727.965000 0.935000 728.338000 105.985760
728.909000 0.944000 729.241000 106.627670
729.860000 0.951000 730.261000 105.771790
730.787000 0.928000 731.162000 106.230300
731.734000 0.947000 732.103000 107.359230
732.689000 0.956000 733.064000 106.230300
733.644000 0.954000 734.005000 105.101360
734.575000 0.932000 734.946000 106.230300
735.495000 0.919000 735.846000 108.641010
736.424000 0.930000 736.787000 107.359230
737.346000 0.922000 737.707000 106.992430
738.271000 0.925000 738.628000 107.756600
739.204000 0.933000 739.569000 107.817740
740.159000 0.955000 740.550000 107.450940
741.082000 0.924000 741.431000 106.566530
741.985000 0.902000 742.332000 107.359230
742.880000 0.895000 743.233000 108.641010
743.785000 0.905000 744.154000 109.435750
744.683000 0.899000 745.054000 110.259020
745.578000 0.894000 745.994000 113.340170
746.486000 0.909000 746.854000 114.591370
747.425000 0.938000 747.795000 113.737540
748.358000 0.933000 748.720000 113.737540
749.276000 0.918000 749.676000 113.340170
750.200000 0.924000 750.597000 115.019310
751.150000 0.950000 751.538000 111.418520
752.077000 0.928000 752.478000 112.180660
753.000000 0.922000 753.399000 112.975400
753.943000 0.943000 754.339000 113.340170
754.910000 0.967000 755.260000 113.279030
755.847000 0.937000 756.221000 111.021150
756.769000 0.922000 757.142000 112.578030
757.730000 0.961000 758.082000 114.621940
758.665000 0.935000 759.062000 112.792000
759.567000 0.902000 759.924000 115.294410
760.470000 0.903000 760.922000 118.711800
761.381000 0.911000 761.805000 120.115840
762.289000 0.907000 762.665000 121.642150
763.193000 0.905000 763.586000 122.985050
764.136000 0.943000 764.573000 122.404280
765.072000 0.935000 765.467000 121.703280
766.005000 0.933000 766.395000 122.434850
766.978000 0.974000 767.349000 121.397610
767.953000 0.975000 768.309000 120.176970
768.903000 0.950000 769.270000 120.115840
769.862000 0.959000 770.250000 118.925760
770.813000 0.951000 771.170000 118.803500
771.747000 0.934000 772.092000 118.497830
772.694000 0.947000 773.053000 118.194200
773.636000 0.942000 773.992000 117.674560
774.578000 0.942000 774.953000 116.576190
775.555000 0.977000 775.914000 116.606750
776.539000 0.984000 776.895000 114.927610
777.497000 0.958000 777.875000 114.988740
778.467000 0.969000 778.835000 114.165470
779.447000 0.980000 779.795000 113.309600
780.407000 0.960000 780.742000 112.119530
781.343000 0.937000 781.697000 112.608600
782.308000 0.965000 782.657000 113.706970
783.260000 0.952000 783.618000 111.449090
784.194000 0.934000 784.577000 111.296260
785.161000 0.967000 785.518000 111.785330
786.155000 0.994000 786.539000 111.387960
787.143000 0.988000 787.500000 110.625820
788.150000 1.007000 788.501000 110.625820
789.158000 1.007000 789.541000 109.861650
790.160000 1.003000 790.529000 108.062270
791.122000 0.962000 791.462000 109.374610
792.075000 0.953000 792.443000 109.861650
793.037000 0.962000 793.404000 109.466320
793.968000 0.931000 794.324000 109.374610
794.899000 0.932000 795.265000 111.418520
795.853000 0.954000 796.246000 111.021150
796.823000 0.970000 797.227000 109.466320
797.777000 0.954000 798.148000 109.861650
798.748000 0.971000 799.109000 110.686960
799.747000 0.999000 800.090000 109.068950
800.719000 0.972000 801.090000 109.068950
801.649000 0.929000 802.051000 110.990590
802.605000 0.957000 803.011000 111.815890
803.544000 0.939000 803.932000 112.578030
804.468000 0.924000 804.893000 113.340170
805.393000 0.925000 805.813000 114.988740
806.332000 0.939000 806.714000 114.134910
807.273000 0.940000 807.622000 114.866470
808.208000 0.935000 808.636000 114.927610
809.188000 0.980000 809.576000 113.706970
810.179000 0.991000 810.577000 112.180660
811.154000 0.975000 811.577000 113.279030
812.148000 0.994000 812.485000 111.663060
813.133000 0.986000 813.499000 111.785330
814.084000 0.951000 814.446000 113.584700
815.054000 0.970000 815.441000 112.914270
816.035000 0.981000 816.421000 113.370730
816.997000 0.962000 817.363000 113.309600
817.972000 0.975000 818.363000 114.560810
818.961000 0.989000 819.344000 113.706970
819.979000 1.018000 820.337000 112.272360
820.977000 0.998000 821.364000 112.944830
821.978000 1.001000 822.345000 113.798670
823.014000 1.036000 823.346000 112.975400
824.028000 1.015000 824.486000 131.621230
824.999000 0.971000 825.387000 116.942990
825.959000 0.960000 826.368000 108.977240
826.947000 0.987000 827.408000 111.785330
827.918000 0.972000 828.289000 115.812010
828.863000 0.945000 829.250000 117.796820
829.780000 0.917000 830.210000 120.908540
830.719000 0.939000 831.131000 122.526550
831.661000 0.942000 832.072000 122.159750
832.583000 0.922000 832.992000 123.290720
833.546000 0.963000 833.972000 122.985050
834.505000 0.959000 834.873000 122.618250
835.449000 0.944000 835.833000 123.655490
836.414000 0.966000 836.793000 123.747190
837.380000 0.966000 837.734000 124.511360
838.333000 0.952000 838.755000 122.923920
839.323000 0.990000 839.681000 121.642150
840.315000 0.992000 840.674000 120.847410
841.294000 0.979000 841.675000 121.733850
842.284000 0.990000 842.655000 120.969670
843.260000 0.977000 843.636000 120.513210
844.231000 0.971000 844.596000 119.993570
845.217000 0.986000 845.596000 118.436690
846.201000 0.984000 846.582000 118.834060
847.187000 0.986000 847.557000 118.558960
848.169000 0.982000 848.582000 116.515050
849.129000 0.960000 849.490000 118.194200
850.103000 0.975000 850.478000 117.674560
851.069000 0.966000 851.438000 116.545620
852.028000 0.959000 852.399000 116.912420
853.002000 0.974000 853.339000 115.722350
853.988000 0.986000 854.340000 114.621940
854.979000 0.991000 855.340000 114.134910
856.000000 1.021000 856.361000 113.737540
856.990000 0.990000 857.380000 111.387960
857.990000 1.000000 858.342000 112.180660
858.985000 0.995000 859.341000 110.990590
859.948000 0.964000 860.301000 111.449090
860.947000 0.998000 861.302000 111.387960
861.957000 1.011000 862.322000 110.228450
862.925000 0.967000 863.282000 111.815890
863.882000 0.957000 864.247000 111.999300
864.829000 0.947000 865.203000 111.082290
865.756000 0.927000 866.143000 112.547460
866.696000 0.940000 867.144000 112.578030
867.647000 0.951000 868.024000 112.211230
868.575000 0.928000 868.964000 113.340170
869.520000 0.945000 869.965000 113.768100
870.479000 0.959000 870.826000 112.975400
871.418000 0.938000 871.806000 112.914270
872.362000 0.945000 872.746000 112.975400
873.330000 0.967000 873.727000 113.340170
874.302000 0.972000 874.667000 112.944830
875.269000 0.968000 875.668000 113.768100
876.269000 1.000000 876.668000 114.560810
877.298000 1.029000 877.647000 110.990590
878.328000 1.030000 878.668000 111.051720
879.320000 0.991000 879.688000 110.960020
880.297000 0.977000 880.649000 111.387960
881.266000 0.969000 881.648000 112.241790
882.215000 0.948000 882.588000 113.340170
883.197000 0.982000 883.589000 114.043200
884.188000 0.991000 884.589000 112.975400
885.201000 1.014000 885.630000 112.608600
886.190000 0.989000 886.571000 113.219940
887.183000 0.993000 887.571000 113.309600
888.201000 1.018000 888.652000 112.211230
889.204000 1.003000 889.592000 113.279030
890.218000 1.014000 890.599000 112.700300
891.284000 1.066000 891.673000 111.418520
892.293000 1.009000 892.673000 110.564690
893.247000 0.955000 893.634000 112.180660
894.212000 0.964000 894.635000 113.401300
895.163000 0.952000 895.556000 116.239950
896.101000 0.938000 896.516000 120.146400
897.056000 0.956000 897.476000 121.703280
898.044000 0.988000 898.418000 120.939110
899.037000 0.993000 899.418000 120.543770
900.091000 1.053000 900.539000 118.589530
901.141000 1.050000 901.520000 117.093790
903.138000 1.997000 903.480000 112.883700
904.132000 0.995000 904.482000 114.165470
905.071000 0.938000 905.422000 114.958180
906.005000 0.935000 906.363000 116.576190
906.960000 0.955000 907.343000 116.973560
907.958000 0.998000 908.324000 116.942990
908.986000 1.028000 909.364000 116.912420
909.996000 1.010000 910.386000 116.484480
911.048000 1.052000 911.407000 115.386110
912.096000 1.048000 912.467000 112.547460
913.094000 0.998000 913.447000 115.324980
914.113000 1.019000 914.468000 114.530240
915.155000 1.042000 915.529000 112.944830
916.168000 1.012000 916.550000 112.914270
917.130000 0.962000 917.491000 113.309600
918.085000 0.956000 918.478000 114.560810
919.045000 0.960000 919.412000 115.903710
919.972000 0.927000 920.393000 116.942990
920.906000 0.933000 921.337000 119.565630
921.875000 0.970000 922.294000 119.687900
922.853000 0.978000 923.215000 119.323130
923.819000 0.966000 924.195000 118.956330
924.822000 1.003000 925.216000 118.925760
925.852000 1.030000 926.216000 115.294410
926.842000 0.990000 927.197000 114.988740
927.847000 1.005000 928.237000 114.652510
928.870000 1.023000 929.238000 114.927610
929.886000 1.016000 930.259000 113.676400
930.923000 1.037000 931.319000 113.737540
931.959000 1.036000 932.340000 112.516900
932.998000 1.039000 933.401000 111.815890
934.001000 1.003000 934.361000 112.608600
934.980000 0.979000 935.362000 112.914270
935.990000 1.010000 936.342000 112.578030
936.967000 0.976000 937.344000 111.815890
937.940000 0.974000 938.291000 112.792000
938.922000 0.982000 939.324000 111.418520
939.875000 0.953000 940.225000 112.211230
940.831000 0.955000 941.207000 111.387960
941.842000 1.011000 942.207000 110.228450
942.849000 1.007000 943.227000 109.861650
943.818000 0.970000 944.188000 109.038380
944.815000 0.997000 945.168000 108.641010
945.797000 0.982000 946.168000 108.001140
946.741000 0.944000 947.109000 108.641010
947.689000 0.947000 948.051000 109.038380
948.659000 0.970000 949.071000 107.420370
949.625000 0.967000 949.978000 107.940010
950.591000 0.965000 950.952000 107.359230
951.580000 0.989000 951.931000 107.359230
952.572000 0.993000 952.932000 107.023000
953.555000 0.983000 953.933000 105.771790
954.575000 1.020000 954.933000 105.832930
955.601000 1.026000 955.974000 104.308650
956.572000 0.971000 956.918000 106.413700
957.543000 0.971000 957.915000 106.961860
958.524000 0.981000 958.895000 105.040220
959.463000 0.939000 959.815000 106.199730
960.411000 0.948000 960.756000 106.535970
961.361000 0.950000 961.736000 106.230300
962.292000 0.931000 962.657000 106.566530
963.227000 0.936000 963.658000 106.597100
964.188000 0.961000 964.558000 106.199730
965.139000 0.950000 965.518000 106.169160
966.089000 0.950000 966.459000 106.169160
967.073000 0.984000 967.459000 106.230300
968.062000 0.989000 968.419000 105.407030
969.022000 0.960000 969.380000 105.802360
969.976000 0.954000 970.361000 105.437590
970.936000 0.960000 971.301000 106.169160
971.907000 0.971000 972.266000 106.811070
972.865000 0.958000 973.241000 105.070790
973.818000 0.953000 974.187000 106.413700
974.760000 0.942000 975.121000 106.474830
975.715000 0.954000 976.122000 106.260860
976.678000 0.963000 977.062000 106.780500
977.622000 0.945000 978.002000 106.902770
978.536000 0.914000 978.923000 109.435750
979.462000 0.925000 979.863000 110.197880
980.399000 0.938000 980.819000 109.892210
981.317000 0.918000 981.683000 110.960020
982.245000 0.928000 982.684000 111.387960
983.207000 0.962000 983.585000 110.625820
984.168000 0.961000 984.564000 109.800510
985.100000 0.932000 985.504000 109.831080
986.061000 0.961000 986.444000 109.861650
987.019000 0.958000 987.384000 109.435750
987.950000 0.931000 988.371000 109.647680
988.907000 0.957000 989.264000 111.724190
989.901000 0.994000 990.306000 110.656390
990.897000 0.996000 991.266000 109.374610
991.861000 0.965000 992.285000 109.831080
992.811000 0.949000 993.246000 110.259020
993.769000 0.958000 994.146000 110.228450
994.694000 0.925000 995.047000 111.510220
995.636000 0.942000 996.007000 112.150090
996.596000 0.960000 997.027000 111.479660
997.553000 0.957000 997.966000 111.326820
998.513000 0.960000 998.907000 111.785330
999.504000 0.991000 999.867000 111.021150
1000.506000 1.002000 1000.890000 108.854980
1001.479000 0.974000 1001.846000 108.824410
1002.442000 0.963000 1002.828000 109.494840
1003.423000 0.981000 1003.828000 109.435750
1004.417000 0.994000 1004.788000 109.435750
1005.392000 0.976000 1005.748000 108.243640
1006.383000 0.991000 1006.768000 108.946680
1007.414000 1.031000 1007.768000 108.579870
1008.408000 0.994000 1008.768000 106.566530
1009.360000 0.952000 1009.748000 107.787170
1010.319000 0.959000 1010.688000 108.274200
1011.293000 0.974000 1011.668000 107.787170
1012.281000 0.988000 1012.628000 106.597100
1013.242000 0.961000 1013.628000 106.505400
1014.191000 0.950000 1014.648000 106.992430
1015.159000 0.968000 1015.569000 106.627670
1016.117000 0.957000 1016.469000 106.230300
1017.061000 0.944000 1017.449000 106.291430
1018.012000 0.951000 1018.389000 107.114700
1018.998000 0.987000 1019.389000 105.832930
1019.947000 0.948000 1020.336000 106.016330
1020.870000 0.923000 1021.249000 108.579870
1021.804000 0.934000 1022.190000 108.610440
1022.741000 0.937000 1023.136000 108.916110
1023.664000 0.923000 1024.051000 109.007810
1024.577000 0.913000 1024.951000 110.595250
1025.611000 1.034000 1026.011000 109.861650
1026.620000 1.009000 1027.011000 109.435750
1027.573000 0.953000 1027.951000 109.435750
1028.487000 0.914000 1028.932000 111.815890
1029.414000 0.927000 1029.776000 115.294410
1030.369000 0.956000 1030.751000 115.569510
1031.305000 0.936000 1031.713000 117.368890
1032.246000 0.941000 1032.653000 118.986900
1033.213000 0.967000 1033.605000 117.827390
1034.180000 0.967000 1034.573000 117.034690
1035.152000 0.972000 1035.513000 116.942990
1036.164000 1.012000 1036.574000 115.355550
1037.176000 1.012000 1037.553000 114.196040
1038.150000 0.974000 1038.574000 114.683070
1039.182000 1.032000 1039.573000 113.401300
1040.228000 1.047000 1040.589000 112.211230
1041.249000 1.021000 1041.654000 111.815890
1042.279000 1.030000 1042.654000 111.418520
1043.307000 1.028000 1043.674000 111.051720
1044.401000 1.095000 1044.754000 109.800510
1045.434000 1.032000 1045.814000 107.848310
1046.421000 0.987000 1046.775000 111.112850
1047.414000 0.993000 1047.775000 110.197880
1048.389000 0.976000 1048.775000 109.525410
1049.336000 0.947000 1049.701000 111.173990
1050.291000 0.955000 1050.682000 109.983920
1051.249000 0.958000 1051.635000 109.739380
1052.200000 0.950000 1052.575000 109.831080
1053.161000 0.962000 1053.556000 110.197880
1054.142000 0.980000 1054.536000 109.405180
1055.099000 0.957000 1055.457000 108.215110
1056.052000 0.953000 1056.437000 108.641010
1057.037000 0.985000 1057.438000 108.671580
1058.037000 1.000000 1058.398000 107.328670
1058.998000 0.961000 1059.378000 108.184540
1059.994000 0.995000 1060.339000 108.215110
1060.963000 0.970000 1061.359000 107.389800
1061.912000 0.949000 1062.260000 108.610440
1062.868000 0.956000 1063.240000 108.641010
1063.831000 0.963000 1064.200000 108.579870
1064.771000 0.939000 1065.140000 106.627670
1065.704000 0.933000 1066.100000 107.817740
1066.657000 0.953000 1067.041000 107.848310
1067.628000 0.971000 1067.981000 106.961860
1068.572000 0.945000 1068.921000 107.023000
1069.506000 0.933000 1069.862000 109.007810
1070.463000 0.957000 1070.822000 109.435750
1071.423000 0.960000 1071.803000 108.946680
1072.360000 0.938000 1072.723000 109.494840
1073.331000 0.971000 1073.730000 109.708810
1074.295000 0.964000 1074.683000 109.007810
1075.269000 0.974000 1075.644000 107.359230
1076.224000 0.956000 1076.604000 106.933340
1077.168000 0.944000 1077.578000 108.274200
1078.141000 0.973000 1078.545000 108.215110
1079.105000 0.964000 1079.466000 106.992430
1080.033000 0.928000 1080.439000 108.365910
1080.950000 0.917000 1081.327000 109.494840
1081.892000 0.942000 1082.268000 109.494840
1082.830000 0.938000 1083.228000 108.365910
1083.766000 0.936000 1084.128000 109.007810
1084.699000 0.934000 1085.049000 111.021150
1085.673000 0.974000 1086.090000 109.068950
1086.711000 1.038000 1087.110000 107.389800
1087.706000 0.995000 1088.052000 107.787170
1088.683000 0.977000 1089.050000 110.411850
1089.651000 0.967000 1090.052000 108.641010
1090.586000 0.936000 1090.958000 110.197880
1091.490000 0.904000 1091.893000 112.180660
1092.400000 0.910000 1092.853000 114.958180
1093.306000 0.906000 1093.714000 115.781440
1094.197000 0.891000 1094.595000 117.004120
1095.084000 0.887000 1095.515000 119.718470
1096.011000 0.927000 1096.476000 120.969670
1096.952000 0.941000 1097.337000 120.969670
1097.905000 0.953000 1098.317000 119.718470
1098.876000 0.971000 1099.261000 119.932430
1099.847000 0.971000 1100.238000 117.368890
1100.805000 0.958000 1101.179000 117.643990
1101.747000 0.943000 1102.159000 117.399450
1102.717000 0.969000 1103.077000 117.827390
1103.689000 0.972000 1104.080000 115.752920
1104.635000 0.946000 1105.041000 116.239950
1105.601000 0.966000 1105.981000 116.117680
1106.559000 0.959000 1106.922000 114.927610
1107.503000 0.943000 1107.864000 114.958180
1108.458000 0.955000 1108.850000 114.440580
1109.429000 0.972000 1109.824000 112.944830
1110.387000 0.958000 1110.765000 113.737540
1111.357000 0.970000 1111.765000 113.768100
1112.358000 1.001000 1112.745000 112.088960
1113.351000 0.993000 1113.727000 111.021150
1114.332000 0.981000 1114.687000 110.656390
1115.337000 1.005000 1115.748000 109.861650
1116.327000 0.990000 1116.677000 109.555980
1117.295000 0.968000 1117.656000 110.014480
1118.300000 1.005000 1118.690000 109.494840
1119.314000 1.014000 1119.690000 108.579870
1120.314000 1.000000 1120.670000 107.420370
1121.269000 0.956000 1121.632000 108.579870
1122.247000 0.977000 1122.632000 108.549310
1123.228000 0.982000 1123.613000 107.817740
1124.177000 0.948000 1124.574000 107.359230
1125.094000 0.918000 1125.480000 108.916110
1126.032000 0.938000 1126.394000 109.007810
1126.955000 0.923000 1127.334000 108.215110
1127.870000 0.915000 1128.295000 109.466320
1128.823000 0.953000 1129.195000 109.831080
1129.780000 0.957000 1130.137000 111.021150
1130.720000 0.940000 1131.076000 111.021150
1131.682000 0.962000 1132.058000 110.686960
1132.667000 0.985000 1133.037000 108.946680
1133.627000 0.960000 1134.018000 108.579870
1134.577000 0.950000 1134.960000 110.197880
1135.553000 0.976000 1135.959000 109.466320
1136.532000 0.979000 1136.925000 109.647680
1137.505000 0.974000 1137.921000 107.817740
1138.453000 0.948000 1138.862000 105.802360
1139.401000 0.948000 1139.800000 105.894060
1140.369000 0.968000 1140.743000 107.359230
1141.295000 0.927000 1141.724000 106.992430
1142.187000 0.892000 1142.584000 109.861650
1143.095000 0.909000 1143.524000 113.340170
1143.992000 0.896000 1144.405000 114.134910
1144.889000 0.897000 1145.345000 116.912420
1145.803000 0.914000 1146.286000 120.543770
1146.741000 0.938000 1147.166000 120.085270
1147.666000 0.925000 1148.067000 118.986900
1148.597000 0.931000 1149.047000 120.115840
1149.559000 0.962000 1149.968000 119.323130
1150.516000 0.957000 1150.928000 117.735690
1151.445000 0.928000 1151.889000 119.718470
1152.408000 0.963000 1152.829000 120.574340
1153.382000 0.975000 1153.790000 120.513210
1154.337000 0.955000 1154.731000 121.305910
1155.303000 0.966000 1155.752000 120.146400
1156.284000 0.982000 1156.659000 119.871300
1157.244000 0.960000 1157.653000 118.956330
1158.214000 0.970000 1158.593000 118.528390
1159.205000 0.991000 1159.594000 117.368890
1160.166000 0.961000 1160.574000 117.674560
1161.126000 0.960000 1161.534000 117.735690
1162.074000 0.949000 1162.436000 116.912420
1163.016000 0.941000 1163.376000 116.667890
1163.965000 0.949000 1164.336000 116.942990
1164.916000 0.951000 1165.276000 116.881850
1165.849000 0.933000 1166.217000 116.576190
1166.785000 0.936000 1167.138000 116.148250
1167.754000 0.969000 1168.118000 116.576190
1168.697000 0.943000 1169.059000 115.386110
1169.638000 0.941000 1170.020000 117.796820
1170.603000 0.965000 1170.980000 114.897040
1171.539000 0.937000 1171.941000 114.104340
1172.460000 0.921000 1172.821000 115.324980
1173.396000 0.936000 1173.748000 115.202710
1174.332000 0.936000 1174.702000 114.958180
1175.247000 0.916000 1175.643000 115.722350
1176.182000 0.934000 1176.563000 115.722350
1177.116000 0.934000 1177.503000 115.355550
1178.035000 0.919000 1178.385000 116.912420
1178.974000 0.939000 1179.365000 114.988740
1179.914000 0.940000 1180.305000 114.927610
1180.844000 0.930000 1181.245000 114.927610
1181.803000 0.958000 1182.166000 114.621940
1182.770000 0.967000 1183.147000 113.340170
1183.718000 0.948000 1184.066000 113.737540
1184.695000 0.976000 1185.047000 113.340170
1185.671000 0.976000 1186.034000 111.601930
1186.611000 0.940000 1186.967000 112.516900
1187.559000 0.949000 1187.908000 112.211230
1188.497000 0.937000 1188.848000 112.150090
1189.419000 0.922000 1189.809000 112.180660
1190.372000 0.953000 1190.729000 111.754760
