303.934000 0.920000 304.201000 107.335230
304.939000 1.005000 305.201000 107.525630
305.951000 1.012000 306.221000 105.807570
306.890000 0.939000 307.151000 106.323880
308.076000 1.186000 308.341000 105.661970
309.128000 1.052000 309.401000 104.134300
310.047000 0.919000 310.321000 103.594470
310.892000 0.845000 311.161000 102.405040
311.851000 0.959000 312.121000 104.460220
312.923000 1.072000 313.191000 104.931740
313.863000 0.939000 314.121000 106.998110
314.923000 1.061000 315.191000 107.559230
316.120000 1.197000 316.381000 105.796370
317.062000 0.942000 317.331000 103.785990
318.078000 1.016000 318.341000 102.785840
319.177000 1.099000 319.441000 101.112570
320.255000 1.079000 320.521000 99.472911
321.214000 0.959000 321.481000 97.642850
322.199000 0.985000 322.471000 97.136615
323.175000 0.976000 323.441000 96.653900
324.130000 0.956000 324.391000 97.024616
325.193000 1.063000 325.461000 97.788448
326.328000 1.135000 326.601000 96.991016
327.327000 0.998000 327.601000 96.497101
328.285000 0.959000 328.551000 96.642700
329.264000 0.979000 329.521000 97.563330
330.322000 1.058000 330.591000 98.417882
331.207000 0.885000 331.481000 99.866027
332.200000 0.993000 332.451000 103.100550
333.298000 1.099000 333.561000 102.921360
334.417000 1.119000 334.691000 101.438490
335.358000 0.941000 335.631000 100.821380
336.375000 1.017000 336.641000 99.966826
337.436000 1.061000 337.701000 98.103165
338.498000 1.062000 338.771000 97.249733
339.377000 0.879000 339.651000 95.968466
340.277000 0.900000 340.541000 96.305583
341.270000 0.993000 341.531000 95.957267
342.227000 0.957000 342.491000 96.620300
343.086000 0.859000 343.351000 97.922847
344.193000 1.106000 344.461000 100.697060
345.306000 1.114000 345.571000 100.404740
346.342000 1.035000 346.611000 99.933226
347.301000 0.959000 347.571000 99.260113
348.299000 0.999000 348.561000 100.955780
349.358000 1.059000 349.621000 101.011780
350.356000 0.998000 350.621000 101.067770
351.236000 0.879000 351.501000 101.248090
352.195000 0.959000 352.461000 103.348070
353.319000 1.125000 353.581000 104.055900
354.358000 1.039000 354.631000 104.279900
355.274000 0.916000 355.551000 104.235100
356.231000 0.957000 356.501000 105.594770
357.332000 1.101000 357.601000 106.481800
358.387000 1.056000 358.651000 105.099730
359.327000 0.939000 359.591000 105.178130
360.286000 0.959000 360.541000 105.246450
361.225000 0.940000 361.491000 105.066130
362.084000 0.859000 362.351000 105.077330
362.926000 0.842000 363.191000 107.605150
364.082000 1.156000 364.341000 108.874100
365.123000 1.041000 365.401000 107.402430
366.029000 0.906000 366.301000 107.627550
367.025000 0.996000 367.291000 106.357480
368.081000 1.056000 368.351000 105.986760
368.957000 0.877000 369.231000 104.740220
369.845000 0.887000 370.111000 105.751570
370.855000 1.010000 371.111000 105.818770
371.818000 0.962000 372.091000 105.673170
372.714000 0.896000 372.981000 106.493000
373.675000 0.961000 373.941000 107.750750
374.831000 1.156000 375.091000 107.245630
375.736000 0.906000 376.011000 106.571400
376.688000 0.952000 376.951000 106.549000
377.673000 0.984000 377.941000 104.684220
378.547000 0.874000 378.811000 104.089500
379.668000 1.121000 379.931000 103.897990
380.764000 1.096000 381.021000 102.887760
381.765000 1.001000 382.041000 101.764410
382.650000 0.885000 382.921000 100.079940
383.668000 1.018000 383.931000 101.304090
384.659000 0.991000 384.921000 100.910980
385.603000 0.943000 385.881000 101.270490
386.480000 0.877000 386.751000 101.809210
387.522000 1.041000 387.781000 103.741190
388.618000 1.096000 388.891000 102.381520
389.555000 0.937000 389.821000 102.359120
390.553000 0.998000 390.821000 101.809210
391.519000 0.966000 391.791000 101.472090
392.392000 0.873000 392.651000 100.910980
393.191000 0.799000 393.451000 100.866180
393.990000 0.799000 394.251000 103.437670
395.308000 1.319000 395.561000 105.144530
396.367000 1.059000 396.631000 102.629040
397.267000 0.899000 397.531000 104.415420
398.232000 0.966000 398.501000 99.349712
399.110000 0.878000 399.381000 100.506660
399.944000 0.834000 400.201000 100.035150
400.883000 0.939000 401.141000 100.910980
401.969000 1.086000 402.241000 99.102195
402.822000 0.853000 403.091000 96.474701
403.721000 0.899000 403.981000 97.024616
404.700000 0.979000 404.961000 95.508151
405.658000 0.959000 405.921000 94.464322
406.481000 0.822000 406.751000 94.475522
407.457000 0.976000 407.721000 96.586700
408.495000 1.038000 408.761000 96.946217
409.515000 1.019000 409.791000 96.485901
410.454000 0.939000 410.721000 97.136615
411.473000 1.019000 411.731000 98.619480
412.492000 1.019000 412.751000 99.057395
413.591000 1.099000 413.851000 99.484111
414.530000 0.939000 414.801000 99.304913
415.353000 0.822000 415.621000 101.753210
416.269000 0.916000 416.531000 103.247270
417.334000 1.066000 417.601000 104.134300
418.346000 1.012000 418.611000 104.022300
419.251000 0.904000 419.521000 105.548850
420.345000 1.094000 420.601000 105.560050
421.444000 1.099000 421.701000 106.088680
422.486000 1.041000 422.761000 104.415420
423.385000 0.900000 423.661000 103.156550
424.305000 0.920000 424.571000 105.470450
425.380000 1.075000 425.641000 105.986760
426.260000 0.879000 426.531000 105.852370
427.119000 0.859000 427.381000 107.851550
428.118000 0.999000 428.371000 108.671380
429.077000 0.959000 429.341000 106.942120
429.938000 0.862000 430.201000 105.874770
431.117000 1.179000 431.381000 104.067100
432.177000 1.060000 432.451000 100.000430
433.053000 0.875000 433.321000 98.641879
433.832000 0.779000 434.091000 96.777098
434.791000 0.959000 435.051000 98.765078
435.909000 1.119000 436.171000 99.405712
436.731000 0.822000 437.011000 97.911647
437.595000 0.864000 437.861000 99.439311
438.549000 0.954000 438.811000 100.281540
439.551000 1.002000 439.821000 101.190970
440.452000 0.901000 440.721000 102.405040
441.783000 1.332000 442.041000 103.572070
442.921000 1.138000 443.191000 101.248090
443.861000 0.939000 444.121000 100.428260
444.707000 0.846000 444.981000 99.472911
445.584000 0.877000 445.851000 101.775610
446.777000 1.193000 447.041000 103.460070
447.700000 0.923000 447.971000 104.235100
448.735000 1.035000 448.991000 106.178280
449.794000 1.059000 450.061000 104.706620
450.772000 0.978000 451.041000 106.088680
451.892000 1.120000 452.161000 104.987740
453.051000 1.158000 453.311000 104.055900
454.130000 1.079000 454.391000 102.427440
455.048000 0.919000 455.321000 102.168720
455.988000 0.939000 456.251000 102.785840
456.967000 0.979000 457.231000 103.325670
457.912000 0.946000 458.191000 104.785020
458.825000 0.912000 459.091000 106.032680
459.943000 1.119000 460.201000 106.953320
461.105000 1.162000 461.381000 104.313500
462.121000 1.016000 462.391000 102.517040
463.164000 1.042000 463.431000 100.540260
464.082000 0.918000 464.351000 98.574680
464.906000 0.824000 465.181000 99.664429
465.717000 0.812000 465.981000 99.562510
467.018000 1.301000 467.281000 102.966160
468.118000 1.099000 468.391000 101.449690
468.995000 0.877000 469.271000 101.786810
469.854000 0.859000 470.121000 100.057550
471.053000 1.199000 471.311000 103.145350
472.080000 1.027000 472.351000 100.214340
473.090000 1.010000 473.351000 100.708260
474.229000 1.139000 474.491000 97.945246
475.370000 1.141000 475.641000 94.913437
476.286000 0.916000 476.561000 91.858108
477.212000 0.925000 477.481000 91.083076
478.245000 1.033000 478.511000 90.218445
479.130000 0.886000 479.411000 90.252044
480.063000 0.932000 480.331000 90.701160
481.201000 1.139000 481.461000 91.532191
482.300000 1.099000 482.561000 90.689960
483.238000 0.938000 483.511000 90.499562
484.221000 0.983000 484.491000 90.903878
485.202000 0.981000 485.471000 91.330594
486.116000 0.913000 486.391000 92.206425
487.015000 0.899000 487.281000 93.745289
488.253000 1.238000 488.501000 96.171184
489.371000 1.119000 489.631000 96.463501
490.411000 1.039000 490.681000 95.766869
491.289000 0.879000 491.551000 94.777919
492.289000 1.000000 492.551000 97.181414
493.348000 1.059000 493.611000 98.058365
494.392000 1.043000 494.671000 99.450511
495.286000 0.894000 495.551000 99.787628
496.225000 0.939000 496.481000 101.652410
497.444000 1.219000 497.701000 101.494490
498.503000 1.059000 498.771000 100.944580
499.442000 0.938000 499.701000 100.708260
500.541000 1.099000 500.801000 100.473060
501.681000 1.140000 501.941000 101.202170
502.679000 0.998000 502.951000 100.753060
503.566000 0.887000 503.841000 101.202170
504.538000 0.972000 504.791000 102.528240
505.616000 1.079000 505.871000 104.201500
506.536000 0.920000 506.811000 103.504870
507.395000 0.859000 507.661000 105.110930
508.714000 1.319000 508.971000 106.178280
509.933000 1.219000 510.201000 103.594470
510.914000 0.981000 511.191000 101.988410
511.991000 1.076000 512.251000 99.528910
513.029000 1.039000 513.291000 97.620450
513.935000 0.905000 514.211000 97.631650
514.813000 0.878000 515.081000 97.732449
515.827000 1.014000 516.081000 99.484111
516.932000 1.106000 517.201000 99.754028
517.885000 0.952000 518.161000 98.822198
518.885000 1.000000 519.151000 99.731628
520.022000 1.137000 520.281000 98.259963
521.066000 1.044000 521.341000 96.249584
522.019000 0.953000 522.281000 94.665920
523.197000 1.178000 523.451000 93.756489
524.217000 1.020000 524.491000 90.274444
525.197000 0.980000 525.461000 89.050297
526.258000 1.061000 526.521000 86.467603
527.274000 1.015000 527.541000 84.872739
528.112000 0.839000 528.381000 84.569222
528.997000 0.885000 529.261000 85.983768
529.951000 0.953000 530.211000 86.613201
530.990000 1.039000 531.261000 88.129666
531.894000 0.904000 532.171000 89.184695
532.828000 0.934000 533.091000 90.600361
533.990000 1.162000 534.251000 91.992507
535.071000 1.081000 535.341000 91.667710
536.044000 0.974000 536.311000 93.520171
537.052000 1.008000 537.321000 92.700340
538.052000 1.000000 538.331000 92.812339
538.945000 0.893000 539.211000 93.823688
540.022000 1.077000 540.281000 95.485751
541.160000 1.138000 541.421000 95.215834
542.282000 1.122000 542.551000 96.047986
543.198000 0.916000 543.471000 94.777919
544.040000 0.841000 544.311000 95.632470
545.116000 1.077000 545.381000 97.642850
546.255000 1.138000 546.521000 98.496281
547.221000 0.966000 547.501000 98.787478
548.112000 0.891000 548.381000 99.215314
549.131000 1.019000 549.391000 99.472911
550.216000 1.085000 550.481000 98.552280
551.269000 1.053000 551.541000 97.654049
552.168000 0.899000 552.441000 96.070385
553.092000 0.924000 553.361000 96.316783
554.186000 1.093000 554.441000 96.171184
555.288000 1.102000 555.561000 95.508151
556.203000 0.915000 556.471000 95.530551
557.125000 0.922000 557.391000 95.946067
558.208000 1.083000 558.471000 96.732299
559.300000 1.092000 559.571000 96.935017
560.259000 0.959000 560.531000 96.361583
561.279000 1.019000 561.541000 97.406532
562.285000 1.007000 562.551000 96.204784
563.284000 0.999000 563.561000 96.025586
564.175000 0.891000 564.441000 95.822868
565.194000 1.019000 565.451000 96.665099
566.296000 1.102000 566.561000 96.508301
567.351000 1.055000 567.621000 95.239354
568.237000 0.886000 568.511000 94.250404
569.230000 0.992000 569.491000 95.373753
570.254000 1.024000 570.521000 95.923667
571.346000 1.093000 571.611000 96.721099
572.245000 0.898000 572.511000 96.519501
573.244000 1.000000 573.511000 98.047165
574.342000 1.098000 574.601000 97.203814
575.443000 1.101000 575.711000 96.159985
576.404000 0.961000 576.671000 95.059036
577.398000 0.994000 577.661000 95.654870
578.445000 1.047000 578.711000 95.081435
579.381000 0.936000 579.661000 95.081435
580.197000 0.815000 580.471000 96.665099
581.153000 0.957000 581.411000 98.608280
582.495000 1.341000 582.761000 101.584090
583.618000 1.123000 583.891000 100.910980
584.589000 0.971000 584.861000 100.517860
585.653000 1.064000 585.921000 98.237563
586.786000 1.133000 587.051000 99.372112
587.844000 1.058000 588.111000 98.215164
588.767000 0.923000 589.041000 98.080765
589.808000 1.041000 590.071000 98.147964
590.841000 1.033000 591.111000 97.978846
591.825000 0.984000 592.101000 97.866847
592.698000 0.873000 592.971000 98.742678
593.764000 1.065000 594.031000 101.382490
594.856000 1.092000 595.121000 101.056570
595.857000 1.001000 596.131000 100.899780
596.753000 0.896000 597.021000 100.821380
597.713000 0.960000 597.971000 101.988410
598.792000 1.079000 599.051000 101.561690
599.732000 0.940000 600.011000 100.674660
600.590000 0.858000 600.851000 102.079120
601.529000 0.939000 601.791000 102.820560
602.487000 0.959000 602.751000 101.954810
603.332000 0.844000 603.611000 101.865210
604.187000 0.855000 604.451000 103.673990
605.106000 0.919000 605.371000 103.538470
606.264000 1.158000 606.531000 104.751420
607.223000 0.959000 607.491000 103.269670
608.225000 1.002000 608.491000 102.573040
609.362000 1.138000 609.631000 98.787478
610.382000 1.020000 610.661000 96.754699
611.362000 0.980000 611.631000 95.137435
612.377000 1.014000 612.641000 93.273774
613.381000 1.005000 613.661000 90.352843
614.255000 0.873000 614.531000 89.780529
615.134000 0.879000 615.401000 91.049476
616.178000 1.045000 616.441000 92.869458
617.198000 1.020000 617.471000 92.577141
618.090000 0.891000 618.361000 92.970257
619.129000 1.039000 619.381000 95.047836
620.287000 1.159000 620.541000 94.857438
621.305000 1.018000 621.571000 94.172005
622.185000 0.879000 622.451000 94.082406
623.147000 0.962000 623.411000 94.497921
624.242000 1.095000 624.511000 94.149605
625.141000 0.899000 625.411000 93.251374
626.165000 1.023000 626.431000 93.745289
627.319000 1.154000 627.571000 92.307224
628.375000 1.057000 628.641000 90.375243
629.318000 0.942000 629.591000 88.893498
630.375000 1.057000 630.641000 88.241665
631.414000 1.039000 631.681000 87.960548
632.436000 1.022000 632.711000 88.152066
633.339000 0.903000 633.621000 89.275414
634.315000 0.976000 634.581000 91.464992
635.389000 1.073000 635.651000 91.992507
636.528000 1.139000 636.791000 92.689140
637.507000 0.980000 637.781000 94.172005
638.689000 1.182000 638.961000 95.070236
639.846000 1.156000 640.111000 93.396973
640.902000 1.057000 641.171000 92.228824
641.841000 0.939000 642.111000 91.588191
642.840000 0.999000 643.111000 92.509942
643.821000 0.981000 644.091000 93.430572
644.797000 0.976000 645.071000 94.216804
645.683000 0.885000 645.961000 96.171184
646.675000 0.992000 646.941000 94.430722
647.773000 1.098000 648.031000 98.630679
648.695000 0.922000 648.971000 97.788448
649.638000 0.943000 649.901000 97.518531
650.773000 1.135000 651.041000 97.260933
651.807000 1.034000 652.071000 94.542721
652.726000 0.919000 652.991000 92.858258
653.665000 0.938000 653.921000 90.633961
654.627000 0.962000 654.891000 91.228675
655.608000 0.981000 655.881000 88.455583
656.501000 0.893000 656.771000 88.567582
657.479000 0.978000 657.741000 89.477012
658.517000 1.038000 658.781000 89.713330
659.616000 1.098000 659.881000 89.173495
660.515000 0.899000 660.781000 88.836379
661.513000 0.999000 661.781000 89.769329
662.580000 1.067000 662.851000 89.207095
663.510000 0.930000 663.791000 88.971897
664.428000 0.918000 664.691000 89.376213
665.449000 1.021000 665.711000 90.533162
666.445000 0.995000 666.711000 90.544362
667.343000 0.899000 667.611000 91.183875
668.381000 1.038000 668.641000 92.767539
669.539000 1.158000 669.801000 94.340003
670.545000 1.006000 670.821000 93.553771
671.456000 0.911000 671.721000 94.464322
672.375000 0.919000 672.631000 96.148785
673.373000 0.998000 673.631000 98.035966
674.319000 0.946000 674.601000 98.226364
675.250000 0.931000 675.511000 100.315140
676.448000 1.198000 676.701000 101.416090
677.606000 1.158000 677.871000 100.730660
678.665000 1.058000 678.941000 98.978996
679.543000 0.878000 679.811000 97.091815
680.524000 0.981000 680.791000 99.202994
681.679000 1.155000 681.931000 99.506511
682.658000 0.979000 682.921000 99.394512
683.522000 0.864000 683.801000 100.753060
684.515000 0.993000 684.781000 102.696240
685.561000 1.046000 685.831000 103.247270
686.577000 1.016000 686.851000 103.875590
687.553000 0.976000 687.821000 104.111900
688.711000 1.159000 688.981000 103.696390
689.846000 1.135000 690.111000 101.056570
690.905000 1.058000 691.171000 99.416912
691.823000 0.918000 692.091000 97.766048
692.702000 0.878000 692.961000 98.911797
693.581000 0.879000 693.841000 99.135794
694.619000 1.038000 694.881000 100.461860
695.517000 0.899000 695.781000 101.528090
696.515000 0.998000 696.771000 104.762620
697.594000 1.079000 697.861000 104.380700
698.653000 1.058000 698.931000 104.201500
699.531000 0.878000 699.801000 103.167750
700.390000 0.859000 700.651000 105.313650
701.608000 1.218000 701.871000 106.279080
702.726000 1.119000 703.001000 104.706620
703.665000 0.938000 703.931000 104.493820
704.669000 1.004000 704.941000 102.729840
705.750000 1.081000 706.021000 102.943760
706.783000 1.033000 707.061000 101.236890
707.699000 0.917000 707.971000 101.652410
708.661000 0.962000 708.931000 102.517040
709.642000 0.981000 709.911000 101.954810
710.654000 1.012000 710.921000 102.291920
711.534000 0.880000 711.801000 102.550640
712.436000 0.902000 712.701000 104.572220
713.451000 1.015000 713.711000 104.111900
714.415000 0.964000 714.691000 103.685190
715.349000 0.934000 715.611000 103.707590
716.433000 1.084000 716.701000 104.134300
717.505000 1.072000 717.771000 100.922180
718.387000 0.881000 718.661000 99.405712
719.303000 0.916000 719.561000 97.484931
720.204000 0.901000 720.471000 96.935017
721.122000 0.919000 721.391000 95.608950
721.981000 0.858000 722.251000 96.372782
722.919000 0.938000 723.181000 97.451331
723.875000 0.956000 724.131000 97.024616
724.754000 0.879000 725.021000 97.440132
725.695000 0.941000 725.961000 97.810848
726.732000 1.037000 726.991000 97.978846
727.750000 1.019000 728.021000 97.956446
728.606000 0.856000 728.871000 97.552130
729.406000 0.800000 729.661000 98.574680
730.449000 1.044000 730.711000 100.607460
731.543000 1.094000 731.811000 99.506511
732.463000 0.919000 732.731000 99.394512
733.643000 1.180000 733.901000 98.181564
734.776000 1.133000 735.041000 93.969287
735.721000 0.945000 736.001000 91.217475
736.633000 0.912000 736.891000 88.960698
737.631000 0.998000 737.891000 89.173495
738.669000 1.038000 738.931000 87.702950
739.594000 0.925000 739.871000 87.377034
740.467000 0.873000 740.741000 88.185665
741.544000 1.077000 741.811000 89.016697
742.603000 1.059000 742.871000 88.376064
743.567000 0.964000 743.841000 88.971897
744.459000 0.892000 744.721000 89.275414
745.481000 1.022000 745.751000 91.083076
746.539000 1.058000 746.811000 90.689960
747.502000 0.963000 747.781000 90.847878
748.396000 0.894000 748.671000 91.049476
749.233000 0.837000 749.501000 92.116826
750.510000 1.277000 750.761000 92.273624
751.548000 1.039000 751.811000 90.723560
752.433000 0.885000 752.701000 91.723710
753.446000 1.013000 753.711000 90.162445
754.592000 1.146000 754.861000 89.746930
755.682000 1.090000 755.951000 87.095916
756.579000 0.897000 756.851000 86.939118
757.402000 0.823000 757.671000 87.207915
758.536000 1.134000 758.801000 88.342464
759.522000 0.985000 759.801000 86.894319
760.434000 0.912000 760.701000 89.005497
761.595000 1.161000 761.861000 86.939118
762.718000 1.123000 762.991000 86.017367
763.769000 1.050000 764.031000 83.838990
764.688000 0.919000 764.961000 83.389874
765.707000 1.019000 765.971000 84.400104
766.749000 1.042000 767.021000 84.670021
767.662000 0.913000 767.931000 85.163936
768.541000 0.879000 768.801000 86.927918
769.579000 1.038000 769.841000 88.264065
770.606000 1.027000 770.881000 90.240845
771.659000 1.053000 771.921000 90.937478
772.834000 1.175000 773.101000 90.734760
773.832000 0.998000 774.101000 87.623431
774.692000 0.860000 774.961000 88.713180
775.656000 0.964000 775.921000 88.724380
776.650000 0.994000 776.921000 90.341644
777.569000 0.918000 777.841000 91.206275
778.466000 0.897000 778.721000 93.553771
779.603000 1.138000 779.851000 95.003036
780.808000 1.205000 781.071000 93.216654
781.821000 1.013000 782.091000 90.184845
782.719000 0.898000 782.991000 88.364864
783.563000 0.844000 783.831000 88.545182
784.697000 1.133000 784.951000 89.982127
785.635000 0.938000 785.901000 89.702130
786.557000 0.922000 786.821000 91.701310
787.592000 1.035000 787.851000 91.520992
788.791000 1.198000 789.051000 92.543541
789.810000 1.019000 790.071000 90.454762
790.928000 1.119000 791.191000 91.015877
792.047000 1.119000 792.311000 89.241815
793.131000 1.084000 793.411000 89.264215
794.063000 0.932000 794.331000 89.275414
794.983000 0.919000 795.241000 90.971077
795.947000 0.964000 796.211000 92.161625
796.959000 1.012000 797.221000 93.464172
797.839000 0.879000 798.111000 94.407202
798.683000 0.844000 798.951000 96.305583
800.003000 1.320000 800.261000 98.170364
801.074000 1.072000 801.341000 96.991016
801.954000 0.879000 802.231000 99.046195
802.912000 0.958000 803.171000 98.765078
803.990000 1.078000 804.251000 101.584090
805.110000 1.120000 805.371000 99.888427
806.048000 0.938000 806.311000 99.551310
807.106000 1.058000 807.361000 98.574680
808.151000 1.045000 808.421000 96.508301
809.091000 0.939000 809.371000 94.407202
810.004000 0.913000 810.271000 92.992657
810.965000 0.961000 811.221000 93.015056
811.923000 0.958000 812.191000 92.374423
812.784000 0.861000 813.061000 92.621940
813.698000 0.914000 813.951000 94.407202
814.777000 1.079000 815.041000 94.576321
815.819000 1.042000 816.091000 93.857288
816.821000 1.002000 817.091000 93.396973
817.933000 1.112000 818.191000 94.014086
818.994000 1.061000 819.261000 91.206275
820.013000 1.019000 820.291000 90.768359
820.848000 0.835000 821.121000 90.431243
821.588000 0.740000 821.851000 93.003857
822.407000 0.819000 822.661000 95.778068
823.945000 1.538000 824.201000 97.529731
825.123000 1.179000 825.391000 97.496131
826.068000 0.945000 826.351000 95.934867
827.202000 1.134000 827.471000 94.272804
828.120000 0.918000 828.381000 92.487542
828.879000 0.759000 829.141000 91.757309
829.657000 0.778000 829.921000 91.678910
830.419000 0.763000 830.681000 90.533162
831.376000 0.957000 831.631000 92.116826
832.455000 1.079000 832.721000 89.668530
833.293000 0.839000 833.561000 88.533982
834.132000 0.839000 834.381000 88.342464
834.973000 0.841000 835.241000 88.062467
835.830000 0.857000 836.101000 87.332234
836.593000 0.764000 836.861000 88.118466
837.388000 0.794000 837.651000 90.465962
838.347000 0.959000 838.601000 91.802109
839.130000 0.784000 839.401000 90.633961
839.864000 0.734000 840.131000 91.228675
840.564000 0.700000 840.831000 94.194404
841.286000 0.722000 841.551000 94.857438
842.024000 0.738000 842.291000 95.867668
842.782000 0.757000 843.041000 97.507331
843.939000 1.158000 844.201000 97.608130
844.899000 0.959000 845.171000 95.452152
845.701000 0.803000 845.971000 96.901417
846.496000 0.795000 846.761000 96.553101
847.359000 0.862000 847.631000 98.047165
848.154000 0.795000 848.421000 98.978996
849.113000 0.959000 849.371000 103.156550
850.316000 1.203000 850.581000 103.269670
851.252000 0.936000 851.531000 101.595290
852.116000 0.864000 852.381000 101.730810
853.109000 0.993000 853.371000 101.483290
854.068000 0.959000 854.341000 101.786810
854.927000 0.859000 855.191000 102.797040
856.013000 1.086000 856.281000 104.673020
857.063000 1.050000 857.331000 103.044550
857.983000 0.919000 858.261000 103.381670
858.821000 0.838000 859.081000 104.044700
859.763000 0.942000 860.031000 105.594770
860.821000 1.058000 861.081000 104.628220
861.803000 0.982000 862.081000 104.684220
862.716000 0.913000 862.981000 104.998930
863.757000 1.042000 864.021000 105.594770
864.813000 1.055000 865.081000 103.022150
865.714000 0.901000 865.981000 102.718640
866.712000 0.998000 866.981000 103.897990
867.688000 0.976000 867.951000 103.785990
868.628000 0.939000 868.901000 101.999610
869.486000 0.859000 869.751000 103.920390
870.445000 0.958000 870.701000 103.651590
871.511000 1.066000 871.781000 103.078150
872.481000 0.970000 872.751000 102.517040
873.327000 0.846000 873.601000 103.999910
874.321000 0.994000 874.581000 104.505020
875.380000 1.059000 875.651000 104.404220
876.315000 0.936000 876.581000 103.594470
877.197000 0.882000 877.461000 104.864540
878.132000 0.935000 878.391000 104.762620
879.071000 0.938000 879.331000 104.909340
879.990000 0.919000 880.251000 104.460220
880.829000 0.839000 881.091000 106.066280
881.729000 0.900000 881.991000 107.054110
882.732000 1.003000 883.001000 106.010280
883.666000 0.934000 883.931000 105.773970
884.485000 0.819000 884.751000 106.796520
885.503000 1.018000 885.761000 107.166110
886.503000 1.000000 886.771000 106.010280
887.483000 0.980000 887.751000 104.706620
888.362000 0.880000 888.631000 104.695420
889.358000 0.995000 889.611000 105.885970
890.277000 0.919000 890.541000 103.122950
891.120000 0.842000 891.391000 104.673020
891.956000 0.836000 892.211000 106.346280
892.920000 0.965000 893.181000 107.335230
893.973000 1.053000 894.231000 107.896350
894.898000 0.925000 895.171000 109.222410
896.011000 1.113000 896.271000 109.368010
897.130000 1.119000 897.401000 107.143710
898.109000 0.979000 898.381000 104.920540
898.967000 0.859000 899.241000 104.022300
899.866000 0.899000 900.131000 104.797340
900.825000 0.959000 901.081000 105.785170
901.690000 0.865000 901.961000 104.516220
902.543000 0.853000 902.811000 107.098910
903.744000 1.200000 904.001000 109.951520
904.885000 1.141000 905.151000 107.132510
905.878000 0.993000 906.151000 105.459250
906.724000 0.846000 907.001000 106.055080
907.716000 0.992000 907.981000 106.750600
908.822000 1.105000 909.091000 109.412810
909.872000 1.051000 910.141000 106.414600
910.834000 0.962000 911.111000 106.593800
911.890000 1.055000 912.151000 107.380030
913.008000 1.119000 913.271000 106.290280
914.027000 1.019000 914.301000 104.022300
914.966000 0.938000 915.231000 104.044700
916.052000 1.086000 916.321000 103.348070
917.107000 1.055000 917.381000 99.765228
918.022000 0.915000 918.291000 98.304763
919.041000 1.019000 919.301000 97.552130
920.047000 1.006000 920.321000 95.092635
920.901000 0.854000 921.181000 94.384803
921.837000 0.936000 922.091000 94.598720
922.816000 0.979000 923.081000 94.621120
923.696000 0.879000 923.971000 94.306403
924.536000 0.841000 924.801000 95.541751
925.499000 0.963000 925.761000 97.777248
926.513000 1.013000 926.781000 97.406532
927.390000 0.878000 927.661000 97.698849
928.370000 0.979000 928.631000 99.034995
929.408000 1.038000 929.671000 98.159164
930.348000 0.940000 930.621000 99.124594
931.188000 0.841000 931.461000 100.854980
932.126000 0.937000 932.391000 101.641210
933.106000 0.980000 933.371000 101.505690
934.043000 0.937000 934.311000 100.764260
934.881000 0.839000 935.141000 101.999610
935.927000 1.045000 936.191000 103.662790
936.959000 1.033000 937.221000 102.774640
937.978000 1.019000 938.251000 102.168720
938.925000 0.947000 939.201000 102.517040
939.896000 0.971000 940.161000 103.190150
940.895000 0.999000 941.161000 103.055750
941.734000 0.839000 942.001000 103.258470
942.616000 0.882000 942.881000 105.773970
943.572000 0.956000 943.831000 105.773970
944.554000 0.983000 944.821000 106.335080
945.432000 0.878000 945.701000 107.436030
946.510000 1.078000 946.771000 109.176490
947.546000 1.036000 947.821000 107.121310
948.426000 0.879000 948.691000 108.514580
949.366000 0.940000 949.631000 108.199860
950.326000 0.960000 950.601000 108.952490
951.223000 0.897000 951.501000 108.492180
952.047000 0.824000 952.321000 109.188810
952.946000 0.898000 953.211000 111.277590
953.927000 0.981000 954.191000 110.019840
954.837000 0.910000 955.101000 109.312010
955.659000 0.822000 955.931000 110.277440
956.640000 0.982000 956.901000 111.378390
957.634000 0.994000 957.901000 110.378240
958.611000 0.977000 958.881000 109.850730
959.531000 0.919000 959.801000 109.593130
960.472000 0.941000 960.741000 110.806080
961.508000 1.036000 961.781000 108.986090
962.387000 0.878000 962.651000 107.963540
963.328000 0.941000 963.591000 108.436180
964.367000 1.039000 964.641000 106.189480
965.243000 0.876000 965.511000 105.088530
966.207000 0.965000 966.471000 105.291250
967.240000 1.033000 967.501000 102.797040
968.099000 0.859000 968.371000 101.304090
968.905000 0.806000 969.181000 102.336720
969.782000 0.877000 970.051000 103.931590
970.815000 1.033000 971.081000 104.067100
971.699000 0.884000 971.971000 104.380700
972.555000 0.856000 972.821000 105.481650
973.599000 1.043000 973.861000 106.986910
974.617000 1.018000 974.891000 106.189480
975.574000 0.957000 975.851000 106.694600
976.532000 0.958000 976.801000 107.268030
977.547000 1.015000 977.811000 108.020660
978.571000 1.024000 978.841000 106.560200
979.503000 0.932000 979.761000 107.627550
980.481000 0.978000 980.741000 107.907550
981.459000 0.979000 981.721000 108.099060
982.441000 0.982000 982.711000 107.458430
983.360000 0.918000 983.631000 108.536980
984.363000 1.004000 984.631000 109.660330
985.514000 1.150000 985.771000 109.008490
986.457000 0.944000 986.731000 108.885300
987.491000 1.034000 987.751000 109.817130
988.536000 1.045000 988.811000 108.043060
989.548000 1.012000 989.811000 107.750750
990.473000 0.925000 990.741000 107.784350
991.426000 0.953000 991.691000 108.311860
992.447000 1.021000 992.721000 108.581780
