29.174000 0.750000 29.523000 133.361790
29.918000 0.744000 30.255000 127.838200
30.658000 0.740000 31.004000 131.743690
31.458000 0.799000 31.811000 130.582520
32.248000 0.790000 32.606000 130.063760
33.013000 0.765000 33.339000 130.278790
33.782000 0.770000 34.135000 130.278790
34.529000 0.747000 34.865000 128.203750
35.322000 0.793000 35.665000 128.203750
36.074000 0.752000 36.415000 129.821850
36.746000 0.672000 37.087000 129.880990
37.368000 0.621000 37.701000 129.913240
38.028000 0.660000 38.348000 132.138800
38.767000 0.739000 39.101000 122.709730
39.560000 0.794000 39.898000 130.552960
40.365000 0.805000 40.711000 129.088060
41.109000 0.744000 41.449000 128.660690
41.809000 0.700000 42.139000 130.614780
42.541000 0.732000 42.883000 129.880990
43.327000 0.786000 43.651000 130.614780
44.090000 0.764000 44.439000 126.556080
44.823000 0.733000 45.171000 127.838200
45.524000 0.701000 45.851000 130.980330
46.282000 0.758000 46.613000 133.361790
47.105000 0.823000 47.431000 130.278790
47.895000 0.789000 48.240000 127.805940
48.638000 0.743000 48.983000 129.913240
49.374000 0.736000 49.708000 130.980330
50.158000 0.784000 50.536000 131.316310
50.943000 0.785000 51.301000 127.867760
51.712000 0.770000 52.050000 126.249660
52.483000 0.771000 52.821000 129.453610
53.335000 0.852000 53.667000 129.821850
54.169000 0.834000 54.510000 127.502210
54.967000 0.798000 55.296000 128.996670
55.779000 0.812000 56.116000 128.233320
56.540000 0.761000 56.879000 127.838200
57.273000 0.733000 57.618000 128.660690
58.026000 0.753000 58.377000 126.585650
58.767000 0.741000 59.105000 127.469960
59.506000 0.739000 59.839000 128.295140
60.228000 0.722000 60.599000 124.266010
61.030000 0.802000 61.368000 126.494260
61.885000 0.855000 62.217000 126.615210
62.679000 0.794000 63.030000 126.187840
63.436000 0.757000 63.777000 125.760470
64.222000 0.787000 64.578000 123.075280
65.048000 0.826000 65.378000 127.104410
65.847000 0.799000 66.184000 127.531780
66.647000 0.800000 67.008000 124.481040
67.450000 0.802000 67.786000 127.469960
68.212000 0.762000 68.596000 125.884110
68.989000 0.777000 69.345000 126.523830
69.811000 0.823000 70.145000 127.042590
70.608000 0.796000 70.942000 125.456740
71.302000 0.695000 71.647000 124.631560
71.972000 0.669000 72.318000 124.663810
72.645000 0.674000 73.008000 125.760470
73.457000 0.812000 73.779000 128.752080
74.338000 0.881000 74.715000 121.062060
75.128000 0.790000 75.476000 123.443520
75.850000 0.722000 76.206000 124.601990
76.590000 0.739000 76.931000 127.378570
77.338000 0.749000 77.704000 126.585650
78.064000 0.726000 78.403000 127.042590
78.775000 0.710000 79.116000 127.378570
79.541000 0.766000 79.862000 128.660690
80.363000 0.822000 80.721000 126.556080
81.138000 0.775000 81.534000 123.776810
81.879000 0.741000 82.217000 126.585650
82.694000 0.815000 83.029000 126.615210
83.517000 0.823000 83.845000 125.029370
84.325000 0.808000 84.674000 122.647900
85.119000 0.794000 85.464000 123.443520
85.871000 0.752000 86.222000 123.473080
86.677000 0.806000 87.023000 124.631560
87.485000 0.808000 87.824000 126.677030
88.266000 0.781000 88.609000 125.456740
89.039000 0.773000 89.372000 126.187840
89.817000 0.778000 90.172000 123.443520
90.578000 0.761000 90.934000 121.427610
91.338000 0.760000 91.682000 124.722950
92.154000 0.816000 92.518000 125.029370
92.975000 0.822000 93.320000 120.664250
93.772000 0.796000 94.123000 118.957450
94.586000 0.814000 94.929000 123.838630
95.373000 0.787000 95.713000 122.647900
96.148000 0.776000 96.501000 125.091190
96.981000 0.833000 97.311000 124.295570
97.773000 0.792000 98.116000 122.220530
98.529000 0.756000 98.870000 123.930020
99.311000 0.782000 99.653000 124.663810
100.124000 0.813000 100.540000 122.220530
100.901000 0.777000 101.238000 123.473080
101.693000 0.792000 102.051000 118.680600
102.486000 0.793000 102.821000 121.032490
103.259000 0.772000 103.611000 124.295570
104.035000 0.776000 104.368000 124.999800
104.847000 0.813000 105.221000 122.252790
105.665000 0.817000 106.032000 118.651030
106.438000 0.773000 106.818000 120.236880
107.166000 0.728000 107.496000 124.295570
107.936000 0.770000 108.266000 125.760470
108.748000 0.812000 109.098000 126.585650
109.549000 0.802000 109.897000 119.476210
110.323000 0.773000 110.659000 123.502650
111.147000 0.824000 111.529000 124.327830
111.964000 0.817000 112.299000 115.568030
112.756000 0.791000 113.104000 123.838630
113.513000 0.758000 113.858000 124.204190
114.293000 0.779000 114.625000 125.456740
115.099000 0.806000 115.420000 125.058930
115.896000 0.797000 116.238000 123.502650
116.655000 0.759000 116.993000 124.631560
117.405000 0.750000 117.737000 125.058930
118.221000 0.816000 118.567000 123.411260
119.013000 0.792000 119.358000 119.779940
119.769000 0.757000 120.124000 119.841760
120.489000 0.720000 120.837000 123.962280
121.225000 0.736000 121.594000 121.489430
121.958000 0.733000 122.304000 125.427170
122.655000 0.697000 122.986000 125.427170
123.299000 0.644000 123.645000 124.663810
123.938000 0.639000 124.283000 124.631560
124.610000 0.671000 124.943000 127.469960
125.332000 0.722000 125.656000 128.233320
126.189000 0.857000 126.556000 113.463420
127.025000 0.836000 127.356000 125.394920
127.811000 0.786000 128.155000 125.456740
128.527000 0.716000 128.885000 126.249660
129.248000 0.721000 129.616000 126.556080
130.037000 0.790000 130.365000 129.851420
130.811000 0.774000 131.155000 123.443520
131.548000 0.737000 131.884000 127.013020
132.254000 0.705000 132.580000 127.074840
132.963000 0.709000 133.320000 128.722510
133.755000 0.792000 134.116000 137.329100
134.589000 0.834000 134.933000 124.572430
135.404000 0.815000 135.745000 129.088060
136.148000 0.744000 136.514000 126.220100
136.886000 0.739000 137.215000 128.631120
137.662000 0.776000 137.994000 129.851420
138.472000 0.810000 138.801000 127.838200
139.267000 0.795000 139.603000 127.867760
140.015000 0.748000 140.363000 127.378570
140.784000 0.769000 141.123000 128.171500
141.610000 0.826000 141.952000 127.805940
142.408000 0.798000 142.764000 126.615210
143.171000 0.763000 143.506000 110.837370
143.981000 0.810000 144.308000 130.308360
144.803000 0.822000 145.139000 128.660690
145.623000 0.820000 145.949000 128.631120
146.429000 0.806000 146.770000 127.867760
147.256000 0.827000 147.589000 129.424050
148.035000 0.779000 148.389000 127.502210
148.780000 0.745000 149.109000 128.233320
149.564000 0.783000 149.907000 128.233320
150.398000 0.834000 150.730000 127.502210
151.232000 0.834000 151.603000 123.166670
151.985000 0.753000 152.323000 126.187840
152.761000 0.776000 153.120000 127.805940
153.570000 0.809000 153.910000 127.013020
154.373000 0.803000 154.719000 121.825410
155.124000 0.751000 155.463000 125.029370
155.845000 0.721000 156.221000 123.107530
156.627000 0.782000 156.960000 128.262880
157.420000 0.793000 157.759000 124.236440
158.200000 0.781000 158.569000 121.854980
158.939000 0.739000 159.298000 124.601990
159.663000 0.724000 160.008000 127.440390
160.404000 0.742000 160.738000 126.187840
161.156000 0.752000 161.498000 124.693380
161.848000 0.691000 162.211000 122.311920
162.486000 0.638000 162.827000 123.045710
163.112000 0.626000 163.468000 123.443520
163.765000 0.653000 164.127000 119.871330
164.577000 0.813000 164.907000 129.026240
165.416000 0.839000 165.757000 121.489430
166.212000 0.796000 166.602000 118.742420
166.956000 0.744000 167.307000 124.663810
167.727000 0.772000 168.067000 124.204190
168.501000 0.774000 168.836000 124.693380
169.243000 0.742000 169.592000 121.153440
169.972000 0.729000 170.305000 125.058930
170.693000 0.721000 171.029000 124.327830
171.439000 0.746000 171.779000 123.473080
172.212000 0.773000 172.564000 119.078400
172.987000 0.775000 173.321000 122.709730
173.747000 0.760000 174.099000 123.930020
174.539000 0.792000 174.867000 125.394920
175.332000 0.793000 175.667000 122.709730
176.121000 0.788000 176.468000 120.664250
176.885000 0.764000 177.216000 121.551250
177.634000 0.749000 178.006000 117.825850
178.404000 0.771000 178.741000 123.473080
179.200000 0.796000 179.556000 119.414390
179.969000 0.769000 180.328000 121.123880
180.730000 0.760000 181.086000 119.841760
181.525000 0.795000 181.871000 123.930020
182.360000 0.835000 182.703000 120.664250
183.185000 0.825000 183.546000 119.962710
183.980000 0.794000 184.320000 120.664250
184.735000 0.755000 185.086000 119.809500
185.561000 0.826000 185.902000 123.534900
186.428000 0.868000 186.762000 122.282350
187.243000 0.815000 187.625000 118.285480
188.026000 0.783000 188.375000 120.634680
188.789000 0.763000 189.136000 123.107530
189.598000 0.809000 189.934000 123.045710
190.428000 0.831000 190.768000 121.519000
191.257000 0.828000 191.609000 121.854980
192.027000 0.770000 192.370000 116.696940
192.769000 0.742000 193.109000 121.916800
193.539000 0.769000 193.880000 122.801110
194.353000 0.814000 194.695000 123.870890
195.194000 0.841000 195.561000 118.285480
196.012000 0.818000 196.362000 120.726070
196.798000 0.786000 197.153000 120.634680
197.537000 0.739000 197.890000 122.709730
198.318000 0.780000 198.652000 123.473080
199.140000 0.822000 199.470000 124.295570
199.953000 0.814000 200.310000 115.140660
200.732000 0.779000 201.084000 123.443520
201.474000 0.742000 201.818000 124.631560
202.251000 0.778000 202.586000 126.187840
203.100000 0.849000 203.441000 127.013020
203.964000 0.864000 204.312000 124.266010
204.753000 0.788000 205.113000 124.295570
205.566000 0.814000 205.900000 126.096450
206.400000 0.834000 206.751000 125.365350
207.207000 0.808000 207.570000 123.016140
208.020000 0.813000 208.348000 126.585650
208.816000 0.796000 209.180000 124.204190
209.656000 0.840000 210.012000 117.949490
210.470000 0.814000 210.830000 121.519000
211.313000 0.843000 211.660000 121.825410
212.155000 0.843000 212.512000 124.295570
213.010000 0.855000 213.351000 123.502650
213.804000 0.794000 214.147000 123.534900
214.575000 0.770000 214.931000 125.456740
215.386000 0.811000 215.737000 122.252790
216.138000 0.752000 216.536000 121.153440
216.819000 0.681000 217.177000 123.107530
217.538000 0.719000 217.879000 123.534900
218.381000 0.844000 218.727000 126.187840
219.202000 0.821000 219.558000 120.664250
220.124000 0.922000 220.474000 126.187840
220.998000 0.874000 221.350000 124.236440
221.813000 0.815000 222.166000 123.534900
222.578000 0.765000 222.925000 124.999800
223.333000 0.755000 223.677000 123.502650
224.152000 0.819000 224.483000 125.913680
224.993000 0.841000 225.336000 125.456740
225.842000 0.849000 226.218000 123.107530
226.667000 0.825000 227.027000 122.647900
227.494000 0.827000 227.837000 125.854540
228.275000 0.781000 228.626000 123.809070
229.124000 0.849000 229.456000 124.631560
230.057000 0.933000 230.437000 116.360960
230.973000 0.915000 231.328000 121.062060
231.834000 0.862000 232.174000 123.473080
232.668000 0.834000 233.004000 123.473080
233.434000 0.767000 233.815000 119.505770
234.205000 0.770000 234.563000 122.709730
235.030000 0.826000 235.359000 124.266010
235.890000 0.859000 236.245000 121.854980
236.693000 0.803000 237.037000 121.489430
237.536000 0.843000 237.870000 122.344170
238.372000 0.835000 238.710000 120.207310
239.176000 0.804000 239.542000 118.223660
239.950000 0.774000 240.303000 115.172910
240.788000 0.838000 241.126000 123.411260
241.675000 0.887000 242.022000 122.252790
242.518000 0.844000 242.875000 118.285480
243.345000 0.827000 243.705000 120.696500
244.087000 0.742000 244.434000 120.696500
244.766000 0.679000 245.106000 120.755640
245.399000 0.633000 245.749000 120.269130
246.071000 0.672000 246.425000 121.825410
246.945000 0.874000 247.283000 125.792720
247.820000 0.875000 248.153000 123.107530
248.687000 0.866000 249.024000 123.075280
249.462000 0.775000 249.812000 123.107530
250.233000 0.772000 250.605000 122.373740
250.996000 0.762000 251.332000 124.601990
251.757000 0.761000 252.110000 123.534900
252.512000 0.756000 252.849000 123.900460
253.254000 0.741000 253.599000 125.029370
254.023000 0.769000 254.357000 125.792720
254.924000 0.901000 255.251000 126.158270
255.827000 0.903000 256.171000 122.344170
256.707000 0.880000 257.059000 121.946370
257.553000 0.846000 257.919000 116.422780
258.339000 0.786000 258.680000 124.266010
259.141000 0.801000 259.478000 124.295570
259.949000 0.808000 260.292000 124.693380
260.755000 0.805000 261.093000 124.295570
261.557000 0.802000 261.897000 115.965840
262.320000 0.764000 262.670000 123.776810
263.095000 0.775000 263.429000 125.730900
263.930000 0.835000 264.271000 121.459860
264.769000 0.839000 265.102000 122.435560
265.577000 0.808000 265.922000 121.519000
266.349000 0.773000 266.700000 121.519000
267.089000 0.739000 267.451000 121.519000
267.854000 0.765000 268.201000 124.266010
268.700000 0.846000 269.039000 123.107530
269.563000 0.864000 269.930000 118.194090
270.356000 0.793000 270.708000 122.344170
271.110000 0.754000 271.454000 124.295570
271.916000 0.806000 272.270000 122.344170
272.769000 0.853000 273.116000 123.534900
273.625000 0.856000 273.965000 121.978620
274.421000 0.796000 274.776000 121.459860
275.166000 0.745000 275.518000 117.215700
275.962000 0.797000 276.299000 123.534900
276.827000 0.864000 277.165000 119.809500
277.700000 0.873000 278.039000 120.269130
278.563000 0.863000 278.927000 116.667370
279.353000 0.790000 279.710000 114.347740
280.113000 0.760000 280.456000 122.008190
280.918000 0.805000 281.256000 121.916800
281.743000 0.824000 282.107000 103.698360
282.560000 0.817000 282.916000 120.726070
283.368000 0.808000 283.725000 119.016580
284.126000 0.759000 284.478000 119.048830
284.868000 0.742000 285.214000 119.841760
285.657000 0.789000 286.009000 121.123880
286.481000 0.824000 286.817000 120.298700
287.322000 0.841000 287.665000 119.169790
288.149000 0.827000 288.522000 113.157000
288.960000 0.811000 289.306000 117.979060
289.729000 0.769000 290.087000 119.476210
290.508000 0.779000 290.845000 118.315040
291.293000 0.786000 291.631000 120.664250
292.084000 0.790000 292.412000 118.712850
292.820000 0.737000 293.174000 116.729200
293.541000 0.721000 293.899000 119.871330
294.279000 0.738000 294.614000 122.709730
295.080000 0.801000 295.412000 123.473080
295.889000 0.809000 296.223000 121.916800
296.620000 0.731000 296.974000 122.709730
297.285000 0.664000 297.632000 123.534900
297.902000 0.617000 298.261000 122.709730
298.559000 0.657000 298.910000 126.311480
299.215000 0.656000 299.569000 125.792720
300.063000 0.848000 300.394000 129.880990
300.892000 0.829000 301.222000 127.897330
301.735000 0.843000 302.070000 127.469960
302.522000 0.787000 302.874000 124.236440
303.248000 0.725000 303.623000 126.096450
304.003000 0.756000 304.331000 128.690260
304.781000 0.778000 305.109000 126.220100
305.594000 0.813000 305.940000 123.473080
306.370000 0.776000 306.708000 123.534900
307.104000 0.733000 307.441000 125.394920
307.818000 0.714000 308.158000 126.279230
308.595000 0.776000 308.933000 125.427170
309.403000 0.808000 309.727000 125.760470
310.205000 0.802000 310.571000 120.207310
310.966000 0.762000 311.325000 121.091620
311.690000 0.724000 312.041000 121.978620
312.432000 0.742000 312.769000 125.760470
313.241000 0.809000 313.610000 122.680160
314.046000 0.804000 314.400000 123.137100
314.840000 0.794000 315.167000 124.572430
315.591000 0.751000 315.918000 121.978620
316.320000 0.729000 316.661000 125.854540
317.066000 0.745000 317.419000 117.583940
317.883000 0.817000 318.215000 127.013020
318.683000 0.800000 319.041000 121.489430
319.467000 0.784000 319.820000 120.696500
320.202000 0.736000 320.577000 121.854980
320.918000 0.716000 321.261000 125.029370
321.684000 0.765000 322.024000 126.585650
322.469000 0.786000 322.809000 124.663810
323.268000 0.798000 323.614000 124.572430
324.024000 0.757000 324.369000 124.266010
324.750000 0.726000 325.087000 125.456740
325.500000 0.750000 325.845000 125.456740
326.328000 0.827000 326.676000 123.443520
327.189000 0.861000 327.547000 125.058930
328.011000 0.822000 328.356000 121.091620
328.827000 0.817000 329.176000 123.016140
329.599000 0.772000 329.948000 123.900460
330.330000 0.730000 330.678000 124.266010
331.070000 0.740000 331.419000 124.236440
331.844000 0.774000 332.218000 122.311920
332.676000 0.832000 333.028000 121.459860
333.476000 0.800000 333.825000 119.809500
334.235000 0.760000 334.628000 122.282350
335.024000 0.788000 335.367000 125.365350
335.859000 0.836000 336.228000 118.651030
336.688000 0.829000 337.046000 121.427610
337.460000 0.772000 337.813000 123.107530
338.192000 0.732000 338.557000 121.519000
338.959000 0.767000 339.292000 125.029370
339.761000 0.802000 340.103000 124.540170
340.576000 0.815000 340.920000 122.709730
341.348000 0.772000 341.717000 122.680160
342.092000 0.744000 342.424000 123.137100
342.864000 0.772000 343.207000 117.919930
343.688000 0.824000 344.036000 121.306650
344.545000 0.857000 344.900000 120.269130
345.348000 0.803000 345.696000 120.298700
346.088000 0.740000 346.426000 122.311920
346.854000 0.767000 347.192000 123.870890
347.657000 0.803000 347.993000 123.045710
348.469000 0.813000 348.809000 121.489430
349.253000 0.783000 349.622000 120.664250
350.007000 0.755000 350.375000 118.253220
350.758000 0.750000 351.109000 121.032490
351.573000 0.815000 351.911000 122.252790
352.404000 0.831000 352.740000 119.384820
353.209000 0.804000 353.574000 118.253220
353.961000 0.752000 354.314000 119.476210
354.722000 0.761000 355.081000 116.331390
355.589000 0.867000 355.933000 121.123880
356.405000 0.816000 356.749000 118.680600
357.171000 0.767000 357.550000 118.651030
357.917000 0.745000 358.270000 116.301820
358.622000 0.705000 358.964000 118.253220
359.276000 0.654000 359.618000 117.887670
359.892000 0.615000 360.243000 118.651030
360.551000 0.659000 360.900000 125.058930
361.245000 0.694000 361.591000 123.137100
362.046000 0.801000 362.380000 126.220100
362.847000 0.801000 363.224000 122.282350
363.661000 0.813000 364.023000 118.651030
364.467000 0.806000 364.831000 121.459860
365.233000 0.766000 365.612000 121.123880
366.006000 0.773000 366.347000 125.456740
366.825000 0.820000 367.212000 123.075280
367.649000 0.824000 368.021000 112.210870
368.505000 0.856000 368.837000 124.631560
369.354000 0.848000 369.721000 123.137100
370.209000 0.855000 370.578000 118.712850
371.072000 0.863000 371.411000 122.311920
371.919000 0.848000 372.279000 120.207310
372.708000 0.788000 373.069000 121.519000
373.489000 0.781000 373.837000 119.809500
374.311000 0.822000 374.656000 119.809500
375.137000 0.826000 375.546000 118.621460
376.010000 0.873000 376.360000 119.048830
376.894000 0.885000 377.240000 119.871330
377.757000 0.862000 378.110000 112.670500
378.573000 0.817000 378.925000 117.065180
379.355000 0.781000 379.728000 118.680600
380.098000 0.743000 380.445000 118.194090
380.845000 0.747000 381.194000 121.946370
381.650000 0.805000 382.007000 121.551250
382.529000 0.880000 382.875000 121.489430
383.402000 0.873000 383.756000 119.414390
384.236000 0.834000 384.628000 119.323000
385.061000 0.825000 385.418000 121.916800
385.871000 0.810000 386.225000 120.236880
386.628000 0.757000 387.007000 118.285480
387.352000 0.724000 387.736000 122.220530
388.094000 0.743000 388.442000 123.900460
388.971000 0.876000 389.304000 126.585650
389.863000 0.893000 390.237000 117.858100
390.692000 0.829000 391.053000 121.427610
391.450000 0.758000 391.804000 118.315040
392.219000 0.769000 392.587000 122.311920
393.046000 0.827000 393.405000 126.249660
393.884000 0.838000 394.237000 123.137100
394.666000 0.781000 395.025000 122.252790
395.453000 0.788000 395.797000 125.029370
396.248000 0.795000 396.602000 123.900460
397.048000 0.800000 397.399000 123.900460
397.814000 0.766000 398.166000 123.534900
398.553000 0.740000 398.905000 124.295570
399.347000 0.793000 399.724000 123.473080
400.183000 0.836000 400.554000 118.285480
400.974000 0.791000 401.334000 118.680600
401.731000 0.757000 402.084000 123.473080
402.474000 0.743000 402.821000 123.107530
403.239000 0.765000 403.591000 124.357400
404.048000 0.809000 404.388000 125.427170
404.832000 0.784000 405.192000 121.551250
405.574000 0.742000 405.931000 122.709730
406.319000 0.745000 406.674000 123.502650
407.089000 0.770000 407.428000 123.900460
407.912000 0.823000 408.239000 124.204190
408.702000 0.790000 409.050000 123.502650
409.480000 0.778000 409.819000 125.760470
410.341000 0.861000 410.677000 125.822290
411.199000 0.858000 411.570000 118.680600
411.976000 0.777000 412.332000 121.489430
412.727000 0.751000 413.073000 121.854980
413.512000 0.785000 413.853000 126.220100
414.308000 0.796000 414.660000 123.870890
415.098000 0.790000 415.441000 123.107530
415.868000 0.769000 416.221000 121.916800
416.650000 0.783000 416.994000 123.900460
417.474000 0.824000 417.829000 122.220530
418.284000 0.810000 418.639000 123.198920
419.054000 0.770000 419.422000 123.107530
419.801000 0.747000 420.151000 123.870890
420.582000 0.781000 420.917000 125.427170
421.380000 0.798000 421.717000 124.236440
422.164000 0.784000 422.556000 122.709730
422.925000 0.762000 423.265000 123.045710
423.665000 0.740000 424.018000 123.473080
424.438000 0.774000 424.776000 125.120750
425.229000 0.791000 425.591000 120.177740
426.026000 0.797000 426.371000 123.534900
426.793000 0.767000 427.136000 123.107530
427.550000 0.757000 427.907000 123.045710
428.328000 0.778000 428.679000 123.962280
429.112000 0.784000 429.480000 121.551250
429.871000 0.760000 430.207000 121.916800
430.614000 0.743000 430.960000 123.137100
431.371000 0.757000 431.705000 123.900460
432.125000 0.753000 432.457000 122.739290
432.802000 0.677000 433.145000 120.269130
433.435000 0.634000 433.779000 119.871330
434.078000 0.642000 434.404000 123.473080
434.737000 0.659000 435.106000 123.045710
435.507000 0.770000 435.817000 126.220100
436.378000 0.871000 436.727000 123.900460
437.191000 0.813000 437.562000 120.207310
437.936000 0.745000 438.324000 120.696500
438.588000 0.652000 438.944000 123.075280
439.209000 0.621000 439.575000 120.207310
439.852000 0.643000 440.200000 125.058930
440.539000 0.686000 440.887000 126.647470
441.226000 0.688000 441.598000 122.709730
441.988000 0.762000 442.324000 127.838200
442.811000 0.823000 443.168000 125.854540
443.592000 0.781000 443.947000 122.282350
444.329000 0.737000 444.667000 125.792720
445.061000 0.732000 445.431000 127.410830
445.845000 0.784000 446.193000 127.013020
446.644000 0.799000 447.016000 123.075280
447.515000 0.871000 447.862000 124.663810
448.319000 0.804000 448.675000 121.489430
449.052000 0.733000 449.424000 124.295570
449.802000 0.750000 450.144000 126.677030
450.583000 0.781000 450.925000 125.792720
451.398000 0.815000 451.743000 122.311920
452.199000 0.801000 452.563000 121.062060
452.956000 0.757000 453.311000 124.236440
453.774000 0.818000 454.110000 125.822290
454.608000 0.834000 454.951000 123.502650
455.402000 0.794000 455.751000 122.680160
456.161000 0.759000 456.504000 125.456740
456.957000 0.796000 457.290000 124.693380
457.784000 0.827000 458.131000 121.123880
458.594000 0.810000 458.963000 119.414390
459.369000 0.774000 459.722000 123.534900
460.114000 0.745000 460.450000 123.838630
460.918000 0.804000 461.260000 125.822290
461.783000 0.865000 462.131000 123.534900
462.608000 0.825000 462.983000 117.124310
463.378000 0.770000 463.730000 123.534900
464.111000 0.733000 464.462000 121.519000
464.892000 0.781000 465.241000 124.999800
465.714000 0.822000 466.063000 121.062060
466.550000 0.837000 466.911000 122.282350
467.363000 0.813000 467.709000 121.519000
468.120000 0.757000 468.471000 122.406000
468.864000 0.744000 469.210000 124.999800
469.682000 0.818000 470.019000 122.252790
470.517000 0.835000 470.855000 122.680160
471.327000 0.810000 471.681000 122.680160
472.090000 0.763000 472.448000 121.854980
472.852000 0.762000 473.186000 125.486300
473.712000 0.860000 474.041000 124.601990
474.577000 0.865000 474.943000 118.987010
475.396000 0.819000 475.750000 122.282350
476.174000 0.778000 476.529000 123.107530
477.012000 0.838000 477.361000 120.177740
477.876000 0.864000 478.215000 122.709730
478.737000 0.861000 479.077000 120.726070
479.549000 0.813000 479.929000 121.551250
480.334000 0.784000 480.688000 123.502650
481.130000 0.797000 481.477000 123.502650
481.979000 0.849000 482.316000 121.854980
482.865000 0.886000 483.215000 121.032490
483.671000 0.805000 484.019000 119.414390
484.477000 0.806000 484.830000 121.887230
485.305000 0.828000 485.658000 121.062060
486.173000 0.868000 486.549000 110.289040
487.029000 0.856000 487.379000 117.186140
487.892000 0.863000 488.236000 119.048830
488.712000 0.820000 489.069000 118.680600
489.505000 0.793000 489.845000 118.621460
490.242000 0.736000 490.607000 118.651030
490.912000 0.670000 491.252000 119.048830
491.566000 0.654000 491.918000 114.745540
492.375000 0.810000 492.712000 122.344170
493.241000 0.865000 493.616000 118.253220
494.137000 0.897000 494.474000 121.916800
495.049000 0.912000 495.401000 113.952620
495.970000 0.921000 496.334000 116.788330
496.863000 0.893000 497.226000 117.156570
497.686000 0.823000 498.047000 120.634680
498.438000 0.752000 498.777000 122.311920
499.203000 0.766000 499.573000 121.854980
500.030000 0.827000 500.372000 123.166670
500.884000 0.854000 501.234000 122.739290
501.734000 0.850000 502.077000 121.978620
502.608000 0.873000 502.952000 124.357400
503.519000 0.911000 503.862000 120.605120
504.398000 0.879000 504.745000 121.336220
505.229000 0.831000 505.594000 121.946370
506.155000 0.926000 506.498000 116.393210
507.091000 0.936000 507.434000 121.489430
507.962000 0.871000 508.311000 121.854980
508.760000 0.797000 509.114000 123.900460
509.596000 0.837000 509.961000 122.739290
510.471000 0.875000 510.813000 123.930020
511.355000 0.884000 511.723000 123.502650
512.244000 0.889000 512.598000 123.534900
513.105000 0.861000 513.464000 121.062060
513.913000 0.808000 514.260000 125.427170
514.772000 0.859000 515.112000 124.601990
515.702000 0.930000 516.072000 120.207310
516.590000 0.887000 516.936000 122.680160
517.402000 0.813000 517.760000 121.091620
518.245000 0.842000 518.621000 121.854980
519.138000 0.894000 519.488000 123.900460
520.029000 0.891000 520.410000 119.384820
520.878000 0.849000 521.229000 123.534900
521.704000 0.827000 522.062000 124.266010
522.563000 0.859000 522.919000 123.502650
523.404000 0.841000 523.759000 119.809500
524.203000 0.799000 524.583000 117.949490
524.999000 0.796000 525.341000 126.647470
525.907000 0.908000 526.259000 121.946370
526.804000 0.898000 527.148000 120.269130
527.643000 0.839000 528.019000 121.489430
528.492000 0.849000 528.849000 120.664250
529.366000 0.874000 529.720000 121.854980
530.211000 0.845000 530.580000 113.036050
530.999000 0.788000 531.360000 118.223660
531.769000 0.770000 532.110000 120.726070
532.571000 0.802000 532.916000 122.680160
533.424000 0.853000 533.769000 118.285480
534.267000 0.843000 534.634000 119.048830
535.042000 0.775000 535.392000 112.364080
535.800000 0.759000 536.138000 121.551250
536.612000 0.812000 536.946000 121.519000
537.440000 0.828000 537.774000 121.123880
538.227000 0.787000 538.589000 117.094750
538.951000 0.724000 539.319000 119.476210
539.624000 0.673000 539.972000 118.712850
540.296000 0.672000 540.647000 117.919930
541.021000 0.726000 541.362000 121.091620
541.838000 0.817000 542.176000 122.282350
542.711000 0.873000 543.053000 121.153440
543.559000 0.848000 543.922000 119.476210
544.359000 0.800000 544.704000 121.978620
545.130000 0.771000 545.475000 123.900460
545.923000 0.793000 546.259000 122.771550
546.783000 0.860000 547.135000 119.476210
547.631000 0.848000 547.977000 121.183010
548.521000 0.890000 548.884000 117.919930
549.365000 0.843000 549.725000 117.156570
550.168000 0.803000 550.512000 113.492990
550.999000 0.832000 551.342000 121.916800
551.924000 0.925000 552.276000 119.414390
552.838000 0.914000 553.234000 116.696940
553.678000 0.840000 554.062000 111.874890
554.476000 0.798000 554.838000 116.729200
555.329000 0.853000 555.674000 120.269130
556.346000 1.018000 556.722000 116.758760
557.258000 0.912000 557.615000 116.210440
558.077000 0.818000 558.424000 120.298700
558.977000 0.901000 559.329000 121.519000
559.920000 0.943000 560.272000 116.729200
560.851000 0.930000 561.223000 118.651030
561.724000 0.873000 562.084000 117.156570
562.523000 0.799000 562.874000 119.505770
563.406000 0.883000 563.751000 119.414390
564.322000 0.916000 564.661000 118.253220
565.227000 0.905000 565.584000 115.508900
566.106000 0.879000 566.454000 116.788330
566.975000 0.869000 567.320000 115.476640
567.857000 0.882000 568.233000 110.014870
568.721000 0.863000 569.060000 117.858100
569.620000 0.899000 569.971000 118.285480
570.496000 0.876000 570.849000 115.936270
571.270000 0.774000 571.620000 117.156570
572.005000 0.734000 572.356000 119.078400
572.756000 0.752000 573.127000 123.075280
573.691000 0.934000 574.031000 123.443520
574.647000 0.956000 575.002000 123.045710
575.586000 0.939000 575.932000 123.166670
576.482000 0.896000 576.849000 122.311920
577.322000 0.841000 577.678000 121.091620
578.117000 0.794000 578.471000 122.406000
578.860000 0.743000 579.216000 122.647900
579.753000 0.893000 580.120000 124.601990
580.705000 0.952000 581.060000 122.709730
581.540000 0.835000 581.906000 113.127440
582.331000 0.791000 582.689000 122.344170
583.093000 0.762000 583.452000 123.107530
583.986000 0.893000 584.317000 125.029370
