4.066000 1.013000 4.361000 130.123680
5.088000 1.022000 5.401000 126.540560
6.066000 0.978000 6.371000 129.471770
7.077000 1.011000 7.371000 129.090140
8.062000 0.985000 8.371000 127.438960
9.035000 0.973000 9.341000 130.213130
10.063000 1.027000 10.371000 130.797470
11.088000 1.026000 11.391000 129.270010
12.059000 0.971000 12.361000 129.483190
13.014000 0.954000 13.311000 132.291630
13.997000 0.984000 14.291000 132.470540
14.997000 1.000000 15.301000 131.415120
15.927000 0.930000 16.231000 130.876460
16.911000 0.984000 17.221000 130.202670
17.910000 0.999000 18.211000 128.629520
18.904000 0.994000 19.201000 130.584290
19.932000 1.027000 20.241000 130.528140
20.968000 1.036000 21.271000 128.439180
21.970000 1.002000 22.271000 129.506030
23.008000 1.038000 23.311000 130.404420
24.058000 1.050000 24.361000 130.044680
25.105000 1.047000 25.421000 127.169630
26.104000 0.999000 26.421000 127.574100
27.131000 1.027000 27.441000 127.585520
28.162000 1.031000 28.481000 126.563400
29.200000 1.038000 29.511000 124.249840
30.197000 0.997000 30.501000 126.664280
31.199000 1.002000 31.501000 127.933840
32.236000 1.038000 32.541000 126.844150
33.248000 1.011000 33.551000 125.541290
34.252000 1.005000 34.551000 126.563400
35.311000 1.059000 35.611000 127.237200
36.367000 1.056000 36.671000 124.238420
37.383000 1.016000 37.691000 123.351450
38.396000 1.013000 38.691000 123.396180
39.428000 1.032000 39.731000 123.317190
40.466000 1.039000 40.781000 120.161380
41.465000 0.998000 41.761000 122.194190
42.487000 1.022000 42.791000 121.115930
43.538000 1.050000 43.841000 121.756410
44.561000 1.023000 44.871000 118.712910
45.556000 0.995000 45.861000 120.655310
46.594000 1.038000 46.901000 122.238920
47.617000 1.023000 47.931000 122.598660
48.617000 1.000000 48.931000 122.374060
49.593000 0.976000 49.891000 124.530590
50.585000 0.993000 50.881000 127.540790
51.588000 1.003000 51.901000 125.866760
52.590000 1.002000 52.891000 127.158210
53.585000 0.995000 53.881000 128.439180
54.604000 1.019000 54.911000 128.315460
55.620000 1.016000 55.931000 124.608630
56.623000 1.003000 56.931000 125.721160
57.633000 1.010000 57.931000 128.011870
58.643000 1.010000 58.951000 126.360690
59.670000 1.027000 59.971000 124.507750
60.660000 0.990000 60.961000 126.338800
61.681000 1.021000 61.991000 125.057830
62.695000 1.014000 62.991000 124.406870
63.698000 1.003000 64.001000 125.350000
64.715000 1.017000 65.021000 123.530360
65.710000 0.995000 66.031000 124.339300
66.710000 1.000000 67.011000 125.417570
67.742000 1.032000 68.041000 126.338800
68.793000 1.051000 69.091000 126.203660
69.841000 1.048000 70.141000 124.159430
70.854000 1.013000 71.161000 123.351450
71.875000 1.021000 72.171000 124.137540
72.939000 1.064000 73.241000 121.475660
73.960000 1.022000 74.271000 120.015770
74.980000 1.020000 75.271000 121.946750
76.019000 1.039000 76.321000 119.892050
77.005000 0.986000 77.321000 121.475660
78.001000 0.996000 78.301000 122.800420
79.011000 1.010000 79.301000 124.126120
80.033000 1.022000 80.341000 123.744490
81.025000 0.992000 81.331000 125.372840
82.055000 1.029000 82.351000 126.350220
83.094000 1.040000 83.391000 127.461800
84.137000 1.043000 84.451000 124.463020
85.127000 0.990000 85.441000 123.295300
86.106000 0.979000 86.401000 125.057830
87.109000 1.002000 87.401000 124.620050
88.103000 0.995000 88.421000 121.666000
89.076000 0.972000 89.381000 123.351450
90.081000 1.005000 90.381000 124.699040
91.088000 1.007000 91.401000 119.847320
92.072000 0.984000 92.381000 121.026470
93.081000 1.010000 93.381000 123.014550
94.129000 1.048000 94.431000 119.644610
95.114000 0.985000 95.411000 123.328610
96.168000 1.053000 96.471000 124.170850
97.196000 1.028000 97.501000 122.856570
98.188000 0.992000 98.481000 124.676200
99.227000 1.038000 99.521000 122.879410
100.226000 0.999000 100.531000 121.441400
101.151000 0.925000 101.451000 125.889600
102.123000 0.972000 102.411000 125.462300
103.092000 0.968000 103.401000 125.260540
104.029000 0.938000 104.321000 125.518450
105.046000 1.017000 105.341000 123.845370
106.086000 1.040000 106.381000 122.418790
107.120000 1.034000 107.421000 120.554430
108.150000 1.031000 108.451000 121.160650
109.179000 1.028000 109.471000 119.363860
110.197000 1.018000 110.501000 117.286320
111.237000 1.040000 111.541000 119.857790
112.298000 1.061000 112.611000 117.162600
113.330000 1.032000 113.631000 119.453320
114.393000 1.063000 114.691000 119.172570
115.451000 1.058000 115.751000 115.904470
116.457000 1.006000 116.761000 117.230170
117.470000 1.013000 117.781000 118.769060
118.525000 1.056000 118.821000 118.554930
119.613000 1.087000 119.921000 117.005570
120.646000 1.033000 120.951000 119.420010
121.675000 1.029000 121.971000 121.340520
122.718000 1.043000 123.011000 119.015540
123.727000 1.009000 124.031000 120.924640
124.793000 1.066000 125.101000 121.329100
125.861000 1.068000 126.171000 120.711460
126.878000 1.017000 127.171000 120.868490
127.920000 1.043000 128.221000 121.408090
128.961000 1.041000 129.261000 121.644110
130.012000 1.050000 130.321000 120.587740
131.014000 1.002000 131.311000 123.384760
132.053000 1.038000 132.371000 123.530360
133.078000 1.026000 133.391000 122.025740
134.069000 0.990000 134.361000 123.227730
135.113000 1.044000 135.411000 124.900800
136.179000 1.066000 136.491000 121.655530
137.202000 1.023000 137.501000 123.115430
138.262000 1.059000 138.561000 121.430940
139.268000 1.006000 139.561000 120.374560
140.262000 0.994000 140.571000 121.733570
141.286000 1.025000 141.591000 124.126120
142.326000 1.039000 142.631000 120.643890
143.340000 1.014000 143.641000 123.878680
144.389000 1.049000 144.691000 121.609850
145.417000 1.028000 145.721000 119.700760
146.408000 0.990000 146.701000 120.105230
147.434000 1.026000 147.731000 121.801140
148.459000 1.025000 148.771000 118.937510
149.464000 1.005000 149.771000 119.577040
150.437000 0.973000 150.741000 121.307220
151.441000 1.005000 151.731000 120.891330
152.450000 1.009000 152.751000 121.194920
153.452000 1.002000 153.751000 122.385480
154.493000 1.041000 154.791000 124.182270
155.548000 1.055000 155.851000 123.766380
156.601000 1.053000 156.911000 120.172800
157.608000 1.007000 157.911000 121.183500
158.631000 1.023000 158.941000 121.924860
159.666000 1.035000 159.971000 119.892050
160.724000 1.057000 161.031000 119.520890
161.792000 1.069000 162.091000 120.296520
162.813000 1.021000 163.111000 116.465970
163.789000 0.976000 164.081000 121.531810
164.767000 0.978000 165.061000 123.620770
165.778000 1.011000 166.061000 122.710960
166.778000 1.000000 167.091000 122.744270
167.791000 1.014000 168.081000 123.249620
168.803000 1.012000 169.111000 124.542010
169.795000 0.991000 170.101000 124.047130
170.762000 0.968000 171.071000 126.416840
171.745000 0.983000 172.041000 128.315460
172.732000 0.987000 173.041000 129.124400
173.729000 0.996000 174.031000 127.360920
174.732000 1.004000 175.031000 129.012100
175.768000 1.036000 176.071000 129.326160
176.844000 1.076000 177.141000 129.831510
177.898000 1.054000 178.201000 126.114200
178.914000 1.016000 179.211000 126.743270
179.937000 1.024000 180.241000 127.293350
180.978000 1.041000 181.291000 127.326660
182.012000 1.034000 182.311000 127.281930
183.060000 1.048000 183.371000 126.563400
184.116000 1.056000 184.431000 125.586020
185.140000 1.024000 185.441000 122.867990
186.145000 1.006000 186.451000 126.372110
187.161000 1.016000 187.451000 125.204390
188.182000 1.021000 188.481000 125.552710
189.208000 1.026000 189.511000 123.474210
190.211000 1.002000 190.511000 127.181050
191.248000 1.037000 191.551000 128.977840
192.284000 1.036000 192.591000 126.394950
193.305000 1.022000 193.621000 125.249120
194.331000 1.025000 194.621000 126.551980
195.365000 1.034000 195.671000 126.979290
196.437000 1.072000 196.731000 125.249120
197.464000 1.027000 197.771000 126.023790
198.520000 1.056000 198.821000 127.270510
199.593000 1.073000 199.891000 124.811340
200.631000 1.038000 200.941000 124.395450
201.692000 1.061000 201.991000 125.451830
202.756000 1.064000 203.051000 124.900800
203.831000 1.075000 204.121000 124.867490
204.877000 1.047000 205.191000 120.801870
205.893000 1.016000 206.191000 122.621500
206.946000 1.053000 207.231000 122.631970
208.011000 1.065000 208.311000 121.329100
209.074000 1.064000 209.381000 118.139990
210.092000 1.017000 210.401000 120.666730
211.125000 1.034000 211.431000 120.442130
212.181000 1.056000 212.491000 120.442130
213.210000 1.029000 213.521000 118.970820
214.230000 1.019000 214.531000 122.048580
215.276000 1.047000 215.571000 121.475660
216.295000 1.019000 216.601000 122.014320
217.337000 1.042000 217.631000 122.261760
218.453000 1.116000 218.751000 122.486360
219.548000 1.095000 219.841000 120.980790
220.614000 1.066000 220.921000 119.633190
221.648000 1.034000 221.961000 117.915390
222.641000 0.993000 222.941000 120.464970
223.648000 1.007000 223.941000 122.182770
224.639000 0.991000 224.941000 124.058550
225.613000 0.974000 225.901000 125.496560
226.646000 1.033000 226.951000 128.023290
227.723000 1.077000 228.031000 128.371610
228.783000 1.060000 229.101000 128.124170
229.845000 1.063000 230.151000 128.629520
230.894000 1.049000 231.191000 128.977840
231.953000 1.059000 232.251000 127.944300
233.051000 1.097000 233.351000 128.282150
234.131000 1.081000 234.441000 128.910270
235.233000 1.102000 235.541000 129.258590
236.327000 1.094000 236.631000 128.439180
237.387000 1.060000 237.691000 124.081390
238.405000 1.018000 238.711000 125.709740
239.373000 0.968000 239.681000 127.574100
240.355000 0.982000 240.661000 126.147510
241.400000 1.046000 241.711000 128.315460
242.446000 1.046000 242.741000 130.235970
243.481000 1.035000 243.791000 129.157710
244.498000 1.017000 244.821000 131.449380
245.539000 1.041000 245.841000 130.718480
246.596000 1.058000 246.901000 128.652360
247.617000 1.020000 247.941000 127.417070
248.614000 0.998000 248.921000 129.539340
249.650000 1.036000 249.961000 128.540060
250.709000 1.059000 251.011000 128.584790
251.787000 1.078000 252.091000 126.338800
252.822000 1.035000 253.131000 122.542510
253.805000 0.983000 254.111000 126.664280
254.741000 0.935000 255.021000 126.069470
255.595000 0.854000 255.891000 127.225780
256.494000 0.899000 256.801000 127.765390
257.500000 1.006000 257.791000 129.382310
258.556000 1.057000 258.851000 127.158210
259.611000 1.054000 259.911000 125.192970
260.648000 1.038000 260.941000 125.866760
261.700000 1.052000 262.011000 124.362140
262.776000 1.076000 263.071000 125.057830
263.853000 1.077000 264.171000 124.945530
264.901000 1.048000 265.201000 122.699540
265.912000 1.011000 266.221000 123.148740
266.915000 1.003000 267.211000 126.507250
267.947000 1.031000 268.231000 127.417070
268.989000 1.042000 269.291000 126.697590
270.009000 1.020000 270.321000 125.586020
271.019000 1.010000 271.311000 128.394450
272.081000 1.063000 272.381000 128.966420
273.171000 1.089000 273.471000 127.765390
274.260000 1.090000 274.561000 126.338800
275.322000 1.061000 275.631000 122.598660
276.340000 1.018000 276.651000 124.271730
277.365000 1.025000 277.671000 124.912220
278.421000 1.056000 278.721000 124.720930
279.493000 1.072000 279.801000 124.013820
280.584000 1.091000 280.891000 122.104730
281.649000 1.064000 281.951000 121.576540
282.703000 1.054000 283.011000 121.946750
283.767000 1.064000 284.071000 121.789720
284.854000 1.087000 285.171000 121.183500
285.942000 1.087000 286.241000 121.239650
287.035000 1.094000 287.351000 116.870430
288.096000 1.060000 288.401000 117.139760
289.118000 1.023000 289.421000 119.038390
290.158000 1.039000 290.451000 119.869210
291.217000 1.059000 291.531000 119.981510
292.278000 1.062000 292.571000 120.161380
293.318000 1.039000 293.621000 119.633190
294.298000 0.980000 294.601000 121.902020
295.274000 0.977000 295.581000 123.777800
296.271000 0.996000 296.561000 122.710960
297.315000 1.044000 297.611000 124.631470
298.373000 1.058000 298.671000 123.912940
299.411000 1.038000 299.721000 125.630740
300.483000 1.071000 300.781000 126.877460
301.546000 1.063000 301.871000 123.081170
302.583000 1.038000 302.891000 122.744270
303.605000 1.022000 303.911000 122.575820
304.661000 1.056000 304.961000 122.149460
305.699000 1.038000 306.001000 121.508970
306.718000 1.019000 307.021000 123.519900
307.767000 1.049000 308.061000 123.340030
308.830000 1.063000 309.141000 121.408090
309.836000 1.006000 310.151000 120.049080
310.809000 0.973000 311.111000 123.789220
311.731000 0.921000 312.021000 125.620280
312.587000 0.856000 312.881000 123.800640
313.485000 0.898000 313.791000 124.755190
314.486000 1.001000 314.791000 122.374060
315.468000 0.982000 315.761000 125.260540
316.505000 1.037000 316.801000 126.035210
317.563000 1.058000 317.871000 121.801140
318.584000 1.021000 318.891000 122.912720
319.625000 1.041000 319.931000 124.148960
320.664000 1.039000 320.971000 123.081170
321.683000 1.019000 321.991000 122.968870
322.726000 1.043000 323.031000 122.374060
323.760000 1.034000 324.071000 120.565850
324.777000 1.017000 325.071000 121.767830
325.844000 1.067000 326.141000 120.633420
326.933000 1.090000 327.221000 120.924640
328.009000 1.076000 328.311000 115.702710
329.043000 1.034000 329.351000 117.510920
330.051000 1.007000 330.361000 119.431430
331.096000 1.046000 331.401000 121.430940
332.180000 1.084000 332.481000 120.970320
333.262000 1.083000 333.561000 120.049080
334.351000 1.089000 334.651000 118.173300
335.380000 1.029000 335.681000 119.611300
336.385000 1.005000 336.681000 120.172800
337.400000 1.015000 337.691000 120.419290
338.418000 1.018000 338.711000 119.644610
339.438000 1.019000 339.741000 121.576540
340.455000 1.017000 340.761000 117.925860
341.426000 0.972000 341.731000 122.846100
342.404000 0.978000 342.701000 122.126620
343.398000 0.994000 343.701000 124.552480
344.420000 1.022000 344.721000 123.665500
345.411000 0.990000 345.721000 123.744490
346.413000 1.002000 346.711000 125.833450
347.440000 1.027000 347.741000 125.901020
348.504000 1.064000 348.811000 125.743040
349.584000 1.079000 349.901000 120.464970
350.618000 1.034000 350.931000 121.475660
351.632000 1.014000 351.921000 121.655530
352.656000 1.024000 352.961000 121.655530
353.697000 1.041000 354.001000 122.631970
354.753000 1.057000 355.051000 121.138770
355.801000 1.048000 356.111000 117.656530
356.821000 1.020000 357.121000 121.262490
357.843000 1.022000 358.141000 120.430710
358.870000 1.027000 359.161000 120.240370
359.926000 1.056000 360.231000 118.813790
360.962000 1.036000 361.271000 116.376510
361.965000 1.002000 362.261000 119.228720
362.999000 1.034000 363.291000 118.476890
364.038000 1.039000 364.331000 117.948700
365.075000 1.037000 365.371000 115.321080
366.094000 1.019000 366.401000 117.207330
367.097000 1.003000 367.411000 118.173300
368.152000 1.055000 368.451000 120.779030
369.193000 1.042000 369.491000 120.643890
370.247000 1.054000 370.541000 120.980790
371.312000 1.065000 371.611000 119.218250
372.387000 1.075000 372.691000 117.780250
373.411000 1.024000 373.721000 120.509700
374.406000 0.995000 374.721000 121.508970
375.437000 1.031000 375.741000 120.306990
376.505000 1.068000 376.811000 120.689570
377.597000 1.092000 377.901000 121.733570
378.658000 1.061000 378.961000 120.779030
379.675000 1.017000 379.981000 119.768330
380.673000 0.998000 380.961000 121.497550
381.692000 1.019000 381.981000 122.755690
382.714000 1.023000 383.021000 122.059050
383.735000 1.020000 384.051000 120.643890
384.731000 0.997000 385.041000 120.116650
385.715000 0.983000 386.021000 124.013820
386.726000 1.011000 387.021000 125.922910
387.786000 1.060000 388.101000 125.979060
388.863000 1.078000 389.161000 127.124900
389.957000 1.094000 390.261000 126.518670
391.019000 1.062000 391.321000 122.733800
392.039000 1.019000 392.341000 122.902250
393.037000 0.998000 393.341000 123.305770
394.041000 1.004000 394.351000 122.811840
395.100000 1.059000 395.401000 124.327880
396.156000 1.056000 396.461000 123.609350
397.223000 1.067000 397.521000 123.698810
398.293000 1.070000 398.591000 121.823980
399.324000 1.031000 399.631000 119.307710
400.304000 0.980000 400.601000 122.081890
401.276000 0.972000 401.581000 122.261760
402.289000 1.013000 402.591000 123.609350
403.344000 1.054000 403.641000 122.980290
404.422000 1.079000 404.731000 121.239650
405.445000 1.023000 405.741000 122.935560
406.463000 1.018000 406.761000 123.766380
407.499000 1.036000 407.801000 122.306490
408.512000 1.012000 408.811000 120.521120
409.516000 1.005000 409.821000 124.069970
410.520000 1.004000 410.811000 125.204390
411.574000 1.054000 411.871000 124.900800
412.585000 1.011000 412.891000 122.699540
413.512000 0.927000 413.811000 122.295070
414.493000 0.981000 414.791000 121.329100
415.548000 1.055000 415.851000 122.688120
416.592000 1.044000 416.911000 120.037660
417.652000 1.059000 417.971000 116.612530
418.659000 1.008000 418.971000 117.993430
419.644000 0.985000 419.951000 119.791170
420.643000 0.998000 420.941000 122.430210
421.702000 1.059000 422.001000 124.743770
422.777000 1.076000 423.081000 125.338580
423.856000 1.079000 424.161000 124.598160
424.909000 1.052000 425.221000 122.666230
425.907000 0.998000 426.201000 124.979790
426.897000 0.990000 427.201000 124.867490
427.915000 1.018000 428.221000 124.743770
428.976000 1.061000 429.281000 123.822530
430.053000 1.077000 430.351000 124.575320
431.130000 1.077000 431.441000 123.474210
432.195000 1.065000 432.511000 119.892050
433.208000 1.013000 433.501000 123.171580
434.176000 0.968000 434.471000 126.428260
435.165000 0.989000 435.471000 125.316690
436.209000 1.044000 436.521000 125.113980
437.300000 1.091000 437.611000 127.405650
438.399000 1.099000 438.691000 127.821540
439.500000 1.101000 439.801000 125.462300
440.555000 1.055000 440.871000 123.305770
441.560000 1.006000 441.871000 124.844650
442.551000 0.991000 442.851000 126.304540
443.579000 1.028000 443.881000 124.025240
444.618000 1.039000 444.921000 125.092090
445.676000 1.058000 445.981000 123.890100
446.735000 1.059000 447.051000 123.137320
447.767000 1.032000 448.071000 123.901520
448.793000 1.026000 449.101000 124.766610
449.845000 1.053000 450.141000 123.676920
450.904000 1.059000 451.221000 120.599160
451.923000 1.019000 452.231000 122.171350
452.944000 1.021000 453.251000 122.902250
453.995000 1.051000 454.291000 123.317190
455.063000 1.067000 455.371000 122.722380
456.137000 1.074000 456.451000 118.734800
457.177000 1.041000 457.491000 122.025740
458.185000 1.008000 458.481000 125.473720
459.215000 1.029000 459.521000 126.529140
460.243000 1.028000 460.541000 127.630250
461.310000 1.067000 461.601000 127.506530
462.363000 1.054000 462.681000 124.418290
463.380000 1.017000 463.691000 128.854120
464.375000 0.994000 464.671000 127.607410
465.379000 1.005000 465.681000 127.596940
466.424000 1.045000 466.721000 129.471770
467.500000 1.076000 467.811000 128.764660
468.581000 1.081000 468.881000 128.259310
469.622000 1.041000 469.941000 127.147740
470.637000 1.015000 470.931000 126.596710
471.654000 1.017000 471.961000 126.652860
472.697000 1.043000 473.011000 127.102060
473.767000 1.070000 474.061000 125.473720
474.838000 1.071000 475.151000 123.081170
475.891000 1.053000 476.191000 124.339300
476.961000 1.070000 477.271000 120.430710
478.010000 1.049000 478.331000 120.835180
479.027000 1.017000 479.331000 121.351940
480.058000 1.031000 480.341000 121.688840
481.125000 1.067000 481.421000 121.913440
482.191000 1.065000 482.481000 121.576540
483.233000 1.042000 483.531000 119.981510
484.228000 0.995000 484.541000 121.452820
485.206000 0.978000 485.501000 124.542010
486.219000 1.012000 486.521000 125.092090
487.255000 1.037000 487.551000 124.720930
488.277000 1.021000 488.581000 126.069470
489.269000 0.993000 489.571000 128.731350
490.273000 1.004000 490.581000 129.887660
491.343000 1.070000 491.641000 129.899080
492.445000 1.102000 492.741000 129.078720
493.548000 1.103000 493.841000 126.158930
494.604000 1.056000 494.911000 124.317410
495.651000 1.047000 495.951000 125.237700
496.685000 1.034000 496.991000 123.452330
497.776000 1.090000 498.081000 121.969590
498.860000 1.084000 499.151000 122.014320
499.949000 1.089000 500.251000 122.002900
501.017000 1.068000 501.331000 118.139990
502.067000 1.050000 502.371000 118.656760
503.096000 1.029000 503.401000 120.037660
504.130000 1.033000 504.421000 120.430710
505.220000 1.091000 505.511000 118.982240
506.329000 1.109000 506.621000 118.577770
507.418000 1.089000 507.731000 119.083110
508.503000 1.085000 508.801000 118.263710
509.565000 1.062000 509.881000 114.477890
510.579000 1.014000 510.871000 117.297740
511.572000 0.993000 511.871000 121.048360
512.576000 1.004000 512.871000 120.846600
513.632000 1.057000 513.931000 119.925360
514.698000 1.066000 515.001000 120.408820
515.778000 1.079000 516.081000 122.093310
516.810000 1.032000 517.111000 126.529140
517.830000 1.020000 518.141000 126.697590
518.888000 1.058000 519.181000 127.910990
519.972000 1.085000 520.281000 129.584070
521.099000 1.127000 521.411000 128.439180
522.241000 1.141000 522.551000 127.674980
523.346000 1.105000 523.651000 123.407600
524.405000 1.060000 524.711000 125.260540
525.459000 1.053000 525.761000 126.114200
526.524000 1.065000 526.831000 123.351450
527.559000 1.036000 527.871000 124.182270
528.581000 1.021000 528.891000 125.473720
529.654000 1.074000 529.951000 128.292620
530.737000 1.083000 531.041000 128.000450
531.816000 1.079000 532.131000 128.112750
532.918000 1.102000 533.231000 126.619550
534.007000 1.089000 534.321000 123.227730
535.042000 1.035000 535.341000 123.957670
536.041000 0.999000 536.341000 123.924360
537.045000 1.004000 537.341000 123.553200
538.077000 1.033000 538.371000 125.428990
539.125000 1.048000 539.431000 126.619550
540.195000 1.070000 540.521000 124.227000
541.239000 1.043000 541.531000 123.676920
542.292000 1.053000 542.591000 125.630740
543.339000 1.048000 543.641000 123.856790
544.418000 1.079000 544.721000 124.451600
545.503000 1.085000 545.811000 121.576540
546.595000 1.091000 546.911000 121.789720
547.663000 1.068000 547.961000 118.105730
548.686000 1.024000 548.981000 119.183990
549.685000 0.999000 549.981000 122.171350
550.701000 1.016000 551.001000 121.857290
551.746000 1.046000 552.051000 123.698810
552.841000 1.095000 553.141000 124.227000
553.923000 1.082000 554.241000 123.721650
554.962000 1.039000 555.261000 124.542010
555.986000 1.024000 556.281000 124.968370
557.017000 1.031000 557.311000 123.440910
558.096000 1.078000 558.401000 123.418060
559.193000 1.097000 559.501000 123.586510
560.290000 1.097000 560.601000 123.261040
561.373000 1.083000 561.691000 116.051030
562.406000 1.033000 562.701000 119.330550
563.422000 1.016000 563.711000 121.981010
564.469000 1.047000 564.781000 120.678150
565.582000 1.113000 565.881000 121.351940
566.693000 1.111000 567.001000 122.778530
567.800000 1.107000 568.091000 120.285100
568.863000 1.063000 569.181000 119.251560
569.889000 1.026000 570.201000 120.779030
570.880000 0.991000 571.171000 121.160650
571.913000 1.033000 572.221000 121.565120
572.991000 1.078000 573.291000 121.543230
574.125000 1.134000 574.441000 121.857290
575.254000 1.128000 575.561000 120.666730
576.370000 1.116000 576.691000 115.612300
577.425000 1.056000 577.731000 117.925860
578.448000 1.023000 578.751000 119.813060
579.487000 1.039000 579.781000 117.476660
580.557000 1.070000 580.851000 118.139990
581.630000 1.073000 581.921000 121.194920
582.716000 1.086000 583.011000 118.970820
583.768000 1.052000 584.071000 117.499500
584.794000 1.027000 585.111000 119.139260
585.802000 1.007000 586.111000 119.532310
586.832000 1.031000 587.121000 119.442850
587.883000 1.050000 588.181000 119.745490
588.952000 1.069000 589.261000 119.284870
590.009000 1.058000 590.321000 120.453550
591.054000 1.045000 591.371000 121.385250
592.125000 1.071000 592.421000 122.643390
593.201000 1.075000 593.511000 121.655530
594.261000 1.060000 594.571000 119.341020
595.280000 1.019000 595.591000 121.688840
596.298000 1.018000 596.601000 124.474440
597.338000 1.040000 597.671000 124.182270
598.431000 1.092000 598.751000 126.551980
599.490000 1.059000 599.791000 126.687120
600.559000 1.070000 600.861000 124.249840
601.587000 1.028000 601.901000 126.776580
602.577000 0.990000 602.881000 126.574820
603.571000 0.994000 603.871000 127.035440
604.624000 1.053000 604.921000 125.765880
605.702000 1.078000 606.001000 125.620280
606.784000 1.082000 607.091000 126.013320
607.881000 1.097000 608.191000 122.631970
608.918000 1.038000 609.241000 122.115200
609.933000 1.014000 610.231000 123.283880
610.962000 1.029000 611.271000 121.206340
612.026000 1.064000 612.321000 122.351220
613.091000 1.065000 613.391000 121.374790
614.141000 1.050000 614.441000 121.172080
615.205000 1.064000 615.521000 120.565850
616.247000 1.042000 616.561000 116.185220
617.244000 0.997000 617.541000 121.059780
618.238000 0.994000 618.531000 121.059780
619.273000 1.035000 619.571000 120.745720
620.357000 1.084000 620.661000 121.037890
621.454000 1.097000 621.751000 121.048360
622.548000 1.094000 622.841000 118.993660
623.601000 1.053000 623.901000 118.016270
624.644000 1.043000 624.941000 120.767610
625.708000 1.064000 626.001000 119.903470
626.779000 1.071000 627.071000 118.790950
627.845000 1.067000 628.141000 117.567070
628.931000 1.086000 629.241000 116.387930
629.967000 1.036000 630.281000 114.882350
630.976000 1.009000 631.271000 117.331050
631.995000 1.020000 632.301000 119.071690
633.052000 1.057000 633.361000 116.904700
634.126000 1.074000 634.441000 114.669170
635.151000 1.025000 635.451000 119.195410
636.207000 1.056000 636.511000 119.060270
637.269000 1.063000 637.581000 115.387700
638.295000 1.026000 638.601000 117.724100
639.302000 1.006000 639.591000 121.037890
640.358000 1.056000 640.651000 119.779750
641.443000 1.085000 641.751000 118.835680
642.527000 1.085000 642.821000 121.452820
643.611000 1.083000 643.911000 119.408590
644.666000 1.056000 644.981000 117.443350
645.675000 1.009000 645.981000 120.194690
646.692000 1.016000 646.981000 120.521120
647.767000 1.076000 648.061000 119.330550
648.870000 1.103000 649.171000 119.363860
649.980000 1.110000 650.281000 116.758140
651.040000 1.060000 651.341000 115.679870
652.061000 1.020000 652.371000 116.612530
653.100000 1.039000 653.391000 117.701260
654.122000 1.022000 654.421000 116.960850
655.110000 0.988000 655.401000 118.330330
656.130000 1.020000 656.431000 121.026470
657.155000 1.025000 657.471000 119.644610
658.152000 0.997000 658.461000 122.856570
659.143000 0.991000 659.441000 123.541780
660.184000 1.041000 660.471000 125.844880
661.222000 1.038000 661.541000 125.395680
662.227000 1.005000 662.521000 126.788000
663.283000 1.056000 663.591000 130.280700
664.346000 1.063000 664.651000 127.697820
665.364000 1.019000 665.671000 130.156980
666.418000 1.053000 666.711000 128.797970
667.467000 1.050000 667.771000 126.753740
668.478000 1.010000 668.771000 127.024020
669.524000 1.046000 669.821000 125.765880
670.586000 1.062000 670.891000 123.946250
671.615000 1.029000 671.921000 122.194190
672.630000 1.015000 672.921000 124.069970
673.670000 1.040000 673.961000 123.003130
674.688000 1.019000 675.001000 121.531810
675.702000 1.014000 676.001000 123.081170
676.745000 1.043000 677.041000 124.575320
677.784000 1.038000 678.081000 120.745720
678.789000 1.005000 679.081000 122.610080
679.812000 1.024000 680.111000 122.070470
680.879000 1.067000 681.181000 121.452820
681.986000 1.107000 682.281000 121.284370
683.053000 1.067000 683.341000 119.892050
684.092000 1.039000 684.401000 117.038880
685.083000 0.991000 685.381000 119.813060
686.068000 0.985000 686.361000 119.892050
687.070000 1.002000 687.371000 123.003130
688.086000 1.016000 688.381000 121.094040
689.140000 1.054000 689.451000 118.544460
690.173000 1.033000 690.461000 120.509700
691.221000 1.048000 691.521000 123.295300
692.296000 1.075000 692.591000 122.834680
693.354000 1.058000 693.661000 120.419290
694.384000 1.030000 694.691000 122.317910
695.415000 1.031000 695.711000 122.553930
696.513000 1.098000 696.801000 122.273180
697.619000 1.106000 697.911000 121.396670
698.710000 1.091000 699.011000 118.038160
699.740000 1.030000 700.051000 119.577040
700.747000 1.007000 701.051000 119.892050
701.773000 1.026000 702.061000 119.543730
702.823000 1.050000 703.141000 121.094040
703.921000 1.098000 704.231000 119.768330
705.018000 1.097000 705.311000 120.655310
706.114000 1.096000 706.421000 118.386480
707.169000 1.055000 707.471000 117.017000
708.174000 1.005000 708.471000 118.790950
709.171000 0.997000 709.471000 119.756910
710.212000 1.040000 710.521000 120.430710
711.253000 1.041000 711.561000 121.441400
712.322000 1.070000 712.631000 119.824480
713.354000 1.031000 713.671000 119.959620
714.363000 1.009000 714.681000 124.530590
715.362000 1.000000 715.661000 125.148240
716.417000 1.055000 716.721000 124.474440
717.483000 1.066000 717.801000 124.755190
718.571000 1.088000 718.881000 125.440410
719.672000 1.101000 719.971000 122.441630
720.754000 1.082000 721.061000 121.587960
721.799000 1.045000 722.111000 121.160650
722.809000 1.010000 723.111000 120.779030
723.824000 1.014000 724.121000 121.082620
724.870000 1.047000 725.191000 121.104510
725.940000 1.070000 726.231000 122.474940
727.006000 1.066000 727.311000 121.576540
728.025000 1.019000 728.331000 121.508970
