240.794000 0.749000 241.138000 120.665160
241.576000 0.782000 241.903000 125.792950
242.368000 0.792000 242.695000 124.296720
243.130000 0.762000 243.476000 123.564420
243.885000 0.755000 244.228000 119.779740
244.608000 0.724000 244.956000 119.902900
245.342000 0.734000 245.676000 111.692790
246.056000 0.714000 246.397000 124.022110
246.785000 0.729000 247.124000 121.518960
247.547000 0.763000 247.877000 127.134390
248.302000 0.754000 248.637000 128.813690
249.039000 0.737000 249.385000 129.850570
249.796000 0.757000 250.137000 133.056060
250.569000 0.773000 250.925000 119.505130
251.328000 0.760000 251.677000 129.484420
252.095000 0.767000 252.424000 131.498250
252.827000 0.732000 253.177000 130.614490
253.563000 0.735000 253.904000 122.344470
254.287000 0.725000 254.617000 131.438330
255.010000 0.723000 255.344000 126.708320
255.723000 0.713000 256.056000 133.939810
256.429000 0.706000 256.777000 125.578250
257.130000 0.701000 257.476000 133.452170
257.824000 0.694000 258.163000 132.262170
258.549000 0.725000 258.884000 133.056060
259.270000 0.721000 259.603000 126.585160
260.073000 0.803000 260.416000 132.262170
260.844000 0.771000 261.203000 130.339880
261.671000 0.827000 262.023000 123.564420
262.583000 0.912000 262.936000 129.850570
263.462000 0.879000 263.823000 126.646740
264.356000 0.894000 264.702000 125.792950
265.203000 0.847000 265.556000 120.328970
266.041000 0.838000 266.403000 126.768240
266.887000 0.846000 267.243000 123.168310
267.767000 0.880000 268.115000 128.569040
268.779000 1.012000 269.135000 128.141310
269.672000 0.892000 270.031000 122.587460
270.474000 0.802000 270.841000 117.246640
271.256000 0.782000 271.610000 123.777450
272.083000 0.827000 272.456000 126.310550
272.991000 0.908000 273.330000 129.301340
273.907000 0.916000 274.263000 125.822900
274.837000 0.929000 275.190000 130.125180
275.767000 0.930000 276.122000 125.822900
276.608000 0.841000 276.963000 123.868990
277.430000 0.822000 277.804000 126.708320
278.272000 0.841000 278.621000 123.839030
279.192000 0.921000 279.532000 127.653660
280.111000 0.919000 280.457000 125.486710
280.986000 0.875000 281.338000 125.426800
281.904000 0.919000 282.238000 126.310550
282.786000 0.882000 283.138000 123.564420
283.644000 0.858000 283.985000 113.218980
284.495000 0.850000 284.865000 116.820580
285.363000 0.869000 285.706000 123.900610
286.218000 0.855000 286.566000 124.662870
287.111000 0.892000 287.446000 124.754410
288.012000 0.901000 288.347000 123.930570
288.851000 0.839000 289.227000 117.978940
289.663000 0.812000 290.020000 119.566710
290.516000 0.853000 290.866000 121.978320
291.323000 0.807000 291.647000 126.616790
292.200000 0.877000 292.528000 125.822900
293.031000 0.832000 293.400000 126.159100
293.932000 0.901000 294.300000 125.335260
294.789000 0.857000 295.140000 124.083690
295.637000 0.847000 295.997000 121.703700
296.560000 0.924000 296.907000 122.740580
297.592000 1.032000 297.935000 124.509750
298.569000 0.977000 298.928000 121.550580
299.491000 0.922000 299.854000 117.765910
300.382000 0.890000 300.728000 123.564420
301.201000 0.820000 301.561000 122.404380
301.986000 0.785000 302.348000 125.486710
302.810000 0.824000 303.155000 130.125180
303.797000 0.987000 304.148000 127.866690
304.930000 1.133000 305.296000 128.569040
305.875000 0.944000 306.222000 128.324380
306.781000 0.906000 307.122000 127.500540
307.690000 0.909000 308.042000 127.074480
308.548000 0.858000 308.916000 121.459050
309.435000 0.886000 309.835000 127.745200
310.298000 0.863000 310.644000 127.745200
311.142000 0.845000 311.489000 116.454420
311.918000 0.776000 312.254000 128.569040
312.716000 0.798000 313.041000 126.676700
313.558000 0.842000 313.909000 115.539050
314.414000 0.856000 314.763000 127.898320
315.209000 0.795000 315.542000 127.470590
316.130000 0.921000 316.449000 129.454460
317.116000 0.986000 317.454000 126.402090
318.128000 1.012000 318.482000 122.374420
319.089000 0.961000 319.430000 119.779740
320.034000 0.945000 320.403000 121.978320
320.897000 0.863000 321.263000 114.836700
321.667000 0.771000 322.011000 119.932860
322.385000 0.718000 322.744000 123.198270
323.081000 0.696000 323.432000 125.029020
323.810000 0.729000 324.144000 135.099850
324.890000 1.080000 325.224000 137.845980
325.895000 1.005000 326.240000 132.811400
326.803000 0.907000 327.151000 136.717570
327.750000 0.948000 328.098000 140.653700
328.769000 1.019000 329.112000 135.955310
329.751000 0.982000 330.101000 134.550620
330.647000 0.896000 331.000000 135.374460
331.514000 0.867000 331.879000 127.653660
332.376000 0.863000 332.727000 131.193680
333.182000 0.806000 333.519000 132.049140
334.013000 0.831000 334.348000 134.184470
334.865000 0.852000 335.208000 134.795280
335.665000 0.800000 336.015000 122.404380
336.514000 0.849000 336.856000 128.172930
337.428000 0.913000 337.815000 131.406710
338.452000 1.025000 338.789000 117.216680
339.358000 0.906000 339.710000 127.898320
340.197000 0.839000 340.550000 128.356010
340.993000 0.796000 341.350000 129.912150
341.841000 0.848000 342.197000 134.397500
342.964000 1.123000 343.297000 133.513750
344.048000 1.083000 344.410000 130.278300
344.969000 0.921000 345.317000 128.356010
345.884000 0.915000 346.224000 129.332960
346.882000 0.998000 347.227000 128.875270
347.943000 1.061000 348.299000 127.104430
348.863000 0.920000 349.207000 126.035940
349.767000 0.905000 350.118000 129.484420
350.768000 1.001000 351.099000 129.118270
351.746000 0.978000 352.101000 118.346760
352.751000 1.005000 353.101000 118.102100
353.728000 0.977000 354.107000 124.541370
354.719000 0.991000 355.067000 127.653660
355.715000 0.995000 356.055000 127.866690
356.790000 1.075000 357.135000 126.250640
357.721000 0.931000 358.062000 126.676700
358.568000 0.848000 358.923000 127.104430
359.408000 0.840000 359.755000 130.248340
360.539000 1.130000 360.896000 133.056060
361.702000 1.163000 362.063000 125.884480
362.656000 0.954000 363.003000 128.692200
363.512000 0.856000 363.875000 124.632910
364.370000 0.857000 364.715000 132.292130
365.216000 0.846000 365.561000 134.703740
366.041000 0.825000 366.382000 128.875270
366.932000 0.891000 367.262000 141.202920
367.868000 0.936000 368.215000 138.763020
368.727000 0.859000 369.103000 133.543700
369.589000 0.862000 369.923000 140.044550
370.481000 0.892000 370.835000 139.586860
371.326000 0.846000 371.675000 138.273710
372.169000 0.843000 372.495000 137.907560
373.060000 0.891000 373.394000 136.655990
373.913000 0.853000 374.254000 136.289840
374.761000 0.849000 375.101000 136.717570
375.664000 0.903000 376.002000 136.381380
376.541000 0.877000 376.901000 133.818320
377.442000 0.901000 377.821000 135.893730
378.338000 0.897000 378.701000 132.232220
379.208000 0.870000 379.573000 120.269050
380.101000 0.893000 380.441000 131.438330
381.027000 0.926000 381.373000 131.072180
381.995000 0.968000 382.340000 127.928270
382.956000 0.961000 383.300000 126.738280
383.937000 0.981000 384.299000 125.090600
384.911000 0.975000 385.260000 122.862070
385.743000 0.832000 386.092000 119.902900
386.517000 0.773000 386.892000 119.871280
387.294000 0.778000 387.640000 127.866690
388.150000 0.856000 388.499000 131.193680
389.185000 1.035000 389.531000 126.219010
390.259000 1.074000 390.591000 129.516040
391.310000 1.052000 391.658000 125.120560
392.307000 0.996000 392.658000 126.310550
393.279000 0.972000 393.630000 123.809070
394.288000 1.009000 394.638000 123.259850
395.180000 0.892000 395.539000 127.074480
396.034000 0.853000 396.410000 127.379050
396.885000 0.851000 397.239000 131.163720
397.756000 0.871000 398.118000 121.550580
398.618000 0.862000 398.967000 126.891400
399.446000 0.828000 399.838000 136.106760
400.293000 0.847000 400.617000 138.731400
401.142000 0.849000 401.498000 139.129180
401.898000 0.756000 402.247000 138.060680
402.622000 0.724000 402.998000 133.086010
403.339000 0.718000 403.678000 141.660610
404.126000 0.786000 404.458000 146.117670
405.022000 0.896000 405.357000 146.026130
405.916000 0.894000 406.258000 143.706070
406.747000 0.830000 407.090000 125.152180
407.605000 0.858000 407.957000 135.955310
408.474000 0.869000 408.837000 128.264470
409.248000 0.774000 409.584000 139.403790
410.053000 0.806000 410.384000 143.035340
410.904000 0.851000 411.237000 140.836770
411.701000 0.796000 412.036000 138.426830
412.558000 0.858000 412.903000 139.006020
413.469000 0.911000 413.857000 137.999100
414.374000 0.904000 414.723000 132.049140
415.236000 0.862000 415.603000 132.017520
416.125000 0.889000 416.476000 133.056060
416.983000 0.858000 417.329000 129.118270
417.813000 0.829000 418.175000 129.454460
418.618000 0.805000 418.976000 123.045150
419.457000 0.839000 419.810000 131.102140
420.408000 0.951000 420.743000 130.919060
421.424000 1.016000 421.775000 128.569040
422.410000 0.986000 422.755000 125.822900
423.386000 0.976000 423.743000 120.207470
424.377000 0.991000 424.722000 122.953610
425.360000 0.983000 425.698000 123.076770
426.360000 1.000000 426.710000 122.770530
427.365000 1.005000 427.710000 120.695120
428.400000 1.035000 428.738000 121.518960
429.437000 1.037000 429.823000 120.145890
430.486000 1.049000 430.858000 113.829780
431.418000 0.932000 431.830000 115.660540
432.285000 0.868000 432.637000 121.550580
433.071000 0.786000 433.417000 127.104430
433.839000 0.768000 434.211000 131.772860
434.652000 0.812000 435.011000 140.502240
435.821000 1.170000 436.159000 138.578280
436.735000 0.913000 437.091000 138.731400
437.626000 0.891000 437.978000 131.712950
438.656000 1.031000 439.010000 142.058390
439.601000 0.944000 439.958000 134.305960
440.441000 0.841000 440.817000 125.914440
441.323000 0.882000 441.650000 137.602990
442.169000 0.846000 442.511000 136.655990
442.958000 0.789000 443.298000 138.822940
443.795000 0.837000 444.131000 141.294460
444.688000 0.894000 445.037000 133.482120
445.552000 0.864000 445.897000 141.234550
446.447000 0.895000 446.817000 141.722190
447.390000 0.943000 447.730000 133.482120
448.277000 0.886000 448.618000 131.010600
449.168000 0.892000 449.510000 137.175260
450.126000 0.958000 450.449000 134.580580
451.004000 0.878000 451.337000 132.994480
451.879000 0.875000 452.223000 133.726780
452.817000 0.938000 453.150000 133.452170
453.712000 0.895000 454.057000 128.294430
454.523000 0.811000 454.856000 129.850570
455.343000 0.820000 455.697000 131.804490
456.202000 0.860000 456.537000 132.689910
457.072000 0.869000 457.409000 130.919060
457.958000 0.887000 458.316000 119.505130
458.937000 0.979000 459.308000 129.667490
459.980000 1.043000 460.316000 126.616790
461.018000 1.038000 461.356000 126.342170
462.019000 1.000000 462.396000 113.585130
463.016000 0.997000 463.357000 123.930570
463.945000 0.929000 464.296000 113.189020
464.779000 0.834000 465.123000 118.864370
465.585000 0.806000 465.929000 126.250640
466.408000 0.822000 466.749000 131.498250
467.279000 0.871000 467.622000 136.596070
468.160000 0.881000 468.504000 141.019850
469.088000 0.928000 469.416000 141.264500
469.996000 0.908000 470.336000 139.555240
470.856000 0.860000 471.202000 142.179880
471.754000 0.898000 472.095000 140.836770
472.643000 0.889000 473.022000 139.372170
473.478000 0.835000 473.835000 134.305960
474.325000 0.847000 474.662000 141.111390
475.209000 0.884000 475.543000 140.319170
476.062000 0.853000 476.403000 140.257590
476.961000 0.899000 477.310000 126.616790
477.833000 0.872000 478.170000 137.236840
478.637000 0.804000 478.977000 135.955310
479.451000 0.813000 479.771000 137.937520
480.248000 0.797000 480.591000 135.129800
481.027000 0.779000 481.371000 129.454460
481.817000 0.791000 482.139000 137.845980
482.644000 0.827000 482.999000 137.694530
483.441000 0.798000 483.812000 136.779150
484.250000 0.808000 484.573000 122.802160
485.082000 0.832000 485.401000 135.923690
485.889000 0.807000 486.221000 134.825230
486.683000 0.794000 487.021000 134.795280
487.527000 0.844000 487.862000 131.772860
488.327000 0.800000 488.675000 130.735990
489.075000 0.748000 489.408000 122.862070
489.818000 0.743000 490.156000 123.900610
490.541000 0.724000 490.902000 131.163720
491.256000 0.715000 491.596000 125.548290
491.952000 0.696000 492.304000 128.813690
492.661000 0.709000 492.997000 128.232850
493.355000 0.693000 493.685000 130.552910
494.072000 0.717000 494.429000 119.353680
494.927000 0.855000 495.258000 131.742910
495.754000 0.827000 496.117000 115.172890
496.524000 0.771000 496.898000 122.008270
497.374000 0.849000 497.706000 130.186760
498.259000 0.885000 498.607000 127.042850
499.085000 0.827000 499.419000 127.562120
499.924000 0.839000 500.259000 127.042850
500.787000 0.862000 501.120000 126.646740
501.657000 0.870000 502.007000 114.500510
502.486000 0.828000 502.840000 119.505130
503.305000 0.819000 503.646000 123.534460
504.141000 0.836000 504.480000 122.312840
504.901000 0.760000 505.247000 111.999030
505.630000 0.729000 506.008000 116.788950
506.384000 0.754000 506.727000 117.155100
507.274000 0.890000 507.616000 120.848240
508.212000 0.938000 508.568000 116.362890
509.087000 0.875000 509.435000 122.587460
510.026000 0.939000 510.362000 121.152810
511.001000 0.975000 511.344000 119.779740
511.979000 0.978000 512.343000 118.010570
512.904000 0.924000 513.251000 111.907490
513.810000 0.906000 514.157000 118.193640
514.737000 0.927000 515.091000 119.932860
515.631000 0.894000 516.006000 117.521260
516.475000 0.844000 516.844000 113.493590
517.324000 0.849000 517.672000 122.344470
518.160000 0.836000 518.504000 124.266760
519.062000 0.901000 519.405000 127.104430
520.063000 1.001000 520.405000 127.806780
521.054000 0.991000 521.405000 128.783740
521.966000 0.912000 522.313000 130.248340
522.889000 0.923000 523.225000 131.864400
523.793000 0.904000 524.133000 129.942110
524.619000 0.825000 524.966000 130.735990
525.432000 0.813000 525.833000 127.074480
526.277000 0.845000 526.606000 133.330670
527.182000 0.904000 527.512000 132.170640
528.053000 0.871000 528.405000 129.575960
528.862000 0.809000 529.214000 131.010600
529.730000 0.868000 530.103000 127.592080
530.657000 0.927000 531.003000 130.949020
531.524000 0.867000 531.903000 125.212100
532.302000 0.778000 532.642000 128.905230
533.086000 0.784000 533.434000 130.614490
534.018000 0.932000 534.362000 131.255260
534.892000 0.874000 535.230000 128.356010
535.722000 0.830000 536.076000 121.580540
536.574000 0.852000 536.930000 116.362890
537.442000 0.868000 537.830000 125.365220
538.262000 0.820000 538.610000 125.518330
539.068000 0.806000 539.411000 126.280590
539.875000 0.807000 540.198000 125.365220
540.683000 0.808000 541.031000 119.871280
541.487000 0.804000 541.838000 122.649040
542.263000 0.776000 542.598000 125.456750
543.050000 0.787000 543.399000 124.692830
543.804000 0.754000 544.138000 127.134390
544.670000 0.866000 545.012000 122.495920
545.505000 0.836000 545.859000 120.237430
546.294000 0.789000 546.632000 122.312840
547.044000 0.750000 547.399000 126.310550
547.866000 0.822000 548.198000 128.692200
548.742000 0.876000 549.085000 126.097520
549.608000 0.866000 549.960000 124.326680
550.443000 0.835000 550.794000 124.724450
551.375000 0.932000 551.720000 119.962820
552.360000 0.986000 552.700000 122.008270
553.303000 0.943000 553.647000 120.573630
554.193000 0.890000 554.540000 120.695120
555.068000 0.874000 555.415000 116.697420
555.945000 0.878000 556.296000 121.580540
556.848000 0.903000 557.189000 123.319760
557.855000 1.007000 558.216000 124.235140
558.943000 1.087000 559.297000 121.092900
559.885000 0.942000 560.236000 119.811370
560.741000 0.856000 561.097000 122.008270
561.563000 0.822000 561.917000 125.486710
562.369000 0.806000 562.719000 125.058980
563.198000 0.829000 563.557000 129.516040
564.092000 0.894000 564.426000 131.742910
565.327000 1.236000 565.658000 129.516040
566.399000 1.072000 566.738000 127.836740
567.467000 1.068000 567.825000 126.189060
568.518000 1.050000 568.895000 119.262140
569.568000 1.051000 569.932000 124.541370
570.533000 0.964000 570.907000 119.413590
571.447000 0.915000 571.788000 122.893690
572.257000 0.809000 572.608000 122.832110
573.036000 0.779000 573.361000 127.012900
573.802000 0.766000 574.143000 128.264470
574.649000 0.847000 574.993000 128.111350
575.523000 0.874000 575.869000 121.580540
576.487000 0.965000 576.821000 133.939810
577.420000 0.933000 577.749000 123.930570
578.256000 0.836000 578.588000 129.088310
579.115000 0.859000 579.442000 132.170640
579.976000 0.861000 580.303000 133.482120
580.771000 0.796000 581.123000 129.516040
581.611000 0.840000 581.943000 138.763020
582.501000 0.889000 582.851000 130.980640
583.414000 0.913000 583.752000 137.907560
584.404000 0.991000 584.744000 137.145300
585.484000 1.079000 585.852000 122.312840
586.502000 1.019000 586.864000 126.982940
587.558000 1.055000 587.913000 130.278300
588.486000 0.928000 588.860000 122.893690
589.335000 0.850000 589.679000 130.522960
590.187000 0.851000 590.520000 133.269090
591.092000 0.906000 591.420000 135.772230
592.072000 0.980000 592.416000 135.863770
593.193000 1.120000 593.535000 135.282920
594.332000 1.139000 594.669000 133.056060
595.431000 1.099000 595.809000 130.765950
596.529000 1.099000 596.902000 122.527540
597.602000 1.072000 597.958000 123.442920
598.657000 1.055000 598.998000 128.752110
599.565000 0.908000 599.931000 117.582840
600.404000 0.839000 600.751000 128.752110
601.297000 0.893000 601.639000 124.724450
602.531000 1.234000 602.900000 125.152180
603.611000 1.081000 603.960000 122.374420
604.672000 1.060000 605.008000 128.539080
605.759000 1.087000 606.100000 126.250640
606.843000 1.084000 607.200000 124.632910
607.924000 1.081000 608.267000 123.381340
608.923000 0.999000 609.282000 120.726740
609.747000 0.824000 610.095000 111.632880
610.517000 0.769000 610.895000 123.992150
611.262000 0.745000 611.596000 135.619120
612.120000 0.859000 612.456000 136.381380
613.356000 1.236000 613.696000 139.525280
614.379000 1.023000 614.716000 133.147590
615.418000 1.039000 615.756000 135.497620
616.430000 1.011000 616.824000 128.692200
617.260000 0.830000 617.616000 129.424500
618.013000 0.753000 618.357000 135.161430
618.846000 0.832000 619.177000 140.074510
619.795000 0.949000 620.125000 139.555240
620.740000 0.945000 621.104000 130.278300
621.579000 0.840000 621.905000 137.632950
622.486000 0.906000 622.844000 136.839070
623.478000 0.992000 623.825000 122.374420
624.386000 0.908000 624.724000 127.470590
625.366000 0.980000 625.706000 133.513750
626.385000 1.019000 626.725000 129.942110
627.352000 0.967000 627.706000 130.033640
628.346000 0.994000 628.684000 127.532170
629.399000 1.053000 629.732000 125.609870
630.426000 1.027000 630.773000 123.411300
631.428000 1.001000 631.833000 114.653630
632.437000 1.009000 632.787000 109.678960
633.460000 1.024000 633.841000 105.589720
634.485000 1.024000 634.852000 109.404350
635.531000 1.046000 635.913000 113.310520
636.471000 0.940000 636.848000 114.225890
637.299000 0.828000 637.661000 110.472840
638.062000 0.763000 638.429000 115.172890
638.808000 0.746000 639.142000 127.166010
639.632000 0.824000 639.970000 132.506830
640.532000 0.900000 640.903000 127.562120
641.391000 0.860000 641.730000 136.015230
642.429000 1.038000 642.762000 135.557540
643.504000 1.075000 643.863000 127.104430
644.550000 1.046000 644.903000 132.232220
645.658000 1.108000 646.003000 129.729070
646.713000 1.055000 647.059000 128.447540
647.744000 1.030000 648.092000 125.884480
648.813000 1.070000 649.172000 122.436000
649.875000 1.062000 650.212000 122.832110
650.869000 0.993000 651.219000 118.651330
651.843000 0.975000 652.206000 110.807370
652.826000 0.982000 653.174000 125.273680
653.717000 0.891000 654.054000 125.701410
654.576000 0.859000 654.929000 125.884480
655.400000 0.825000 655.754000 127.836740
656.274000 0.874000 656.607000 131.772860
657.196000 0.922000 657.535000 126.982940
658.071000 0.875000 658.408000 135.527580
658.956000 0.885000 659.295000 136.351420
659.904000 0.948000 660.247000 135.497620
660.790000 0.886000 661.135000 135.221340
661.692000 0.902000 662.036000 134.703740
662.616000 0.923000 662.948000 134.001390
663.438000 0.822000 663.828000 131.468290
664.204000 0.766000 664.549000 134.763650
665.041000 0.837000 665.376000 136.747530
665.919000 0.879000 666.256000 134.337590
666.760000 0.841000 667.109000 134.337590
667.547000 0.786000 667.889000 134.795280
668.438000 0.892000 668.797000 134.429120
669.359000 0.920000 669.704000 132.445250
670.203000 0.845000 670.544000 134.062970
671.039000 0.836000 671.376000 116.392840
671.866000 0.827000 672.217000 130.706030
672.625000 0.759000 672.955000 131.346800
673.385000 0.760000 673.725000 130.033640
674.125000 0.740000 674.463000 122.252930
674.847000 0.722000 675.210000 110.838990
675.565000 0.717000 675.923000 113.310520
676.308000 0.744000 676.676000 123.076770
677.008000 0.699000 677.345000 129.392880
677.710000 0.702000 678.039000 132.262170
678.410000 0.700000 678.744000 134.978350
679.097000 0.687000 679.433000 130.186760
679.780000 0.683000 680.112000 135.191380
680.480000 0.700000 680.820000 135.802190
681.197000 0.716000 681.532000 128.385960
681.945000 0.749000 682.293000 129.088310
682.779000 0.834000 683.112000 133.056060
683.546000 0.767000 683.906000 129.301340
684.288000 0.741000 684.640000 124.999060
685.104000 0.817000 685.419000 132.566750
685.956000 0.852000 686.293000 129.516040
686.754000 0.798000 687.094000 128.692200
687.553000 0.799000 687.901000 113.005940
688.359000 0.806000 688.714000 128.324380
689.163000 0.804000 689.513000 125.884480
689.941000 0.778000 690.281000 118.040520
690.763000 0.822000 691.101000 119.536750
691.588000 0.825000 691.934000 125.120560
692.425000 0.837000 692.760000 123.534460
693.244000 0.818000 693.581000 123.136690
694.075000 0.832000 694.422000 114.836700
694.925000 0.850000 695.263000 122.312840
695.764000 0.838000 696.110000 112.914410
696.585000 0.821000 696.929000 121.305930
697.394000 0.810000 697.742000 114.745160
698.148000 0.754000 698.510000 122.619080
698.939000 0.791000 699.280000 125.731370
699.818000 0.878000 700.148000 124.479790
700.819000 1.002000 701.162000 120.207470
701.846000 1.027000 702.190000 122.221310
702.912000 1.065000 703.257000 115.569000
703.816000 0.904000 704.165000 117.827490
704.606000 0.790000 704.970000 119.749790
705.332000 0.727000 705.677000 125.914440
706.077000 0.744000 706.409000 125.701410
707.172000 1.095000 707.498000 136.413000
708.264000 1.092000 708.597000 126.342170
709.365000 1.101000 709.698000 137.541410
710.426000 1.061000 710.766000 133.726780
711.480000 1.053000 711.838000 127.500540
712.564000 1.085000 712.906000 127.745200
713.654000 1.089000 714.005000 131.010600
714.756000 1.102000 715.098000 116.820580
715.876000 1.120000 716.218000 129.088310
716.995000 1.119000 717.339000 127.836740
718.105000 1.109000 718.459000 123.534460
719.171000 1.067000 719.519000 121.305930
720.149000 0.978000 720.507000 127.104430
721.072000 0.923000 721.408000 127.166010
722.006000 0.933000 722.347000 127.866690
722.884000 0.878000 723.221000 123.198270
723.699000 0.815000 724.035000 133.269090
724.504000 0.805000 724.855000 130.491330
725.747000 1.243000 726.075000 140.653700
726.771000 1.024000 727.111000 137.449870
727.765000 0.994000 728.095000 137.358330
728.778000 1.013000 729.116000 135.740610
729.680000 0.902000 730.031000 129.392880
730.487000 0.807000 730.844000 127.500540
731.346000 0.860000 731.706000 134.276010
732.222000 0.876000 732.552000 141.630650
733.043000 0.820000 733.405000 133.939810
733.881000 0.838000 734.205000 141.630650
734.780000 0.899000 735.106000 141.172970
735.637000 0.857000 735.993000 142.454500
736.518000 0.881000 736.872000 138.365250
737.471000 0.953000 737.822000 139.342210
738.361000 0.889000 738.714000 123.564420
739.248000 0.887000 739.601000 139.891440
740.114000 0.865000 740.455000 138.029060
740.941000 0.827000 741.275000 136.381380
741.763000 0.822000 742.114000 136.747530
742.544000 0.782000 742.902000 132.811400
743.289000 0.745000 743.622000 130.431420
744.021000 0.732000 744.362000 124.937480
744.742000 0.721000 745.076000 127.532170
745.513000 0.771000 745.857000 127.715240
746.297000 0.784000 746.630000 130.125180
747.164000 0.866000 747.498000 141.202920
747.976000 0.813000 748.310000 138.335290
748.749000 0.772000 749.078000 136.351420
749.558000 0.809000 749.891000 138.365250
750.500000 0.942000 750.851000 131.406710
751.433000 0.933000 751.777000 131.864400
752.296000 0.864000 752.631000 130.278300
753.186000 0.889000 753.531000 131.804490
754.079000 0.893000 754.412000 130.582870
754.941000 0.862000 755.299000 128.600660
755.786000 0.846000 756.118000 129.516040
756.724000 0.938000 757.059000 129.484420
757.703000 0.979000 758.039000 126.676700
758.729000 1.026000 759.065000 125.701410
759.744000 1.015000 760.099000 123.868990
760.774000 1.029000 761.120000 117.612790
761.801000 1.027000 762.138000 120.695120
762.822000 1.021000 763.179000 120.269050
763.842000 1.020000 764.220000 107.603550
764.870000 1.028000 765.220000 118.681290
765.897000 1.026000 766.245000 118.529840
766.887000 0.990000 767.248000 112.944360
767.752000 0.865000 768.107000 117.735950
768.543000 0.792000 768.893000 121.580540
769.330000 0.786000 769.665000 124.143600
770.161000 0.832000 770.506000 125.669790
771.091000 0.929000 771.426000 126.067560
772.326000 1.235000 772.661000 128.356010
773.479000 1.153000 773.833000 124.266760
774.576000 1.097000 774.939000 111.205150
775.705000 1.130000 776.041000 123.502840
776.818000 1.112000 777.160000 121.214390
777.940000 1.122000 778.281000 110.838990
779.005000 1.065000 779.354000 122.312840
780.029000 1.024000 780.414000 118.010570
781.086000 1.056000 781.427000 122.619080
782.225000 1.139000 782.554000 124.724450
783.365000 1.140000 783.713000 122.312840
784.497000 1.133000 784.862000 117.399760
785.647000 1.149000 786.001000 121.550580
786.706000 1.059000 787.062000 115.172890
787.742000 1.036000 788.106000 120.756700
788.832000 1.090000 789.182000 120.328970
789.917000 1.084000 790.303000 109.770500
790.858000 0.941000 791.220000 121.152810
791.707000 0.849000 792.055000 125.029020
792.551000 0.844000 792.923000 128.722160
793.402000 0.851000 793.754000 127.195970
794.226000 0.824000 794.572000 134.825230
795.503000 1.277000 795.843000 135.863770
796.577000 1.074000 796.911000 134.122890
797.588000 1.012000 797.923000 137.571370
798.635000 1.047000 798.977000 134.305960
799.624000 0.989000 799.970000 133.635240
800.455000 0.831000 800.830000 137.388290
801.359000 0.904000 801.682000 138.273710
802.302000 0.943000 802.641000 134.612200
803.134000 0.832000 803.457000 138.731400
804.024000 0.891000 804.351000 138.578280
804.953000 0.928000 805.311000 128.905230
805.817000 0.864000 806.140000 139.129180
806.698000 0.882000 807.031000 130.889110
807.534000 0.835000 807.891000 129.332960
808.294000 0.760000 808.631000 129.271380
809.053000 0.759000 809.398000 137.511450
809.856000 0.803000 810.178000 128.356010
810.760000 0.904000 811.085000 138.822940
811.603000 0.842000 811.939000 136.809110
812.421000 0.818000 812.747000 136.321460
813.312000 0.890000 813.646000 136.351420
814.238000 0.927000 814.579000 133.086010
815.181000 0.942000 815.507000 131.559830
816.254000 1.073000 816.580000 110.838990
817.284000 1.029000 817.627000 126.310550
818.188000 0.904000 818.527000 123.594370
818.996000 0.809000 819.340000 123.502840
819.812000 0.815000 820.140000 125.365220
820.700000 0.888000 821.028000 127.134390
821.851000 1.151000 822.219000 126.035940
822.962000 1.111000 823.308000 123.442920
824.052000 1.091000 824.414000 124.541370
825.125000 1.072000 825.475000 118.529840
826.176000 1.051000 826.516000 123.045150
827.173000 0.997000 827.515000 122.099810
828.140000 0.967000 828.508000 121.855160
829.080000 0.940000 829.421000 111.541340
830.004000 0.924000 830.348000 121.092900
830.892000 0.889000 831.243000 114.683580
831.757000 0.865000 832.104000 120.635210
832.628000 0.870000 832.970000 121.825200
833.557000 0.929000 833.909000 110.838990
834.503000 0.946000 834.863000 114.683580
835.415000 0.913000 835.763000 115.598960
836.322000 0.906000 836.674000 120.939780
837.233000 0.911000 837.610000 115.507420
838.163000 0.930000 838.502000 122.710620
839.053000 0.890000 839.409000 111.692790
839.981000 0.928000 840.329000 115.111310
840.830000 0.849000 841.169000 122.710620
841.614000 0.784000 841.951000 125.761320
842.337000 0.723000 842.690000 129.546000
843.058000 0.721000 843.383000 139.586860
843.916000 0.858000 844.244000 139.129180
844.965000 1.049000 845.291000 141.692230
845.856000 0.891000 846.204000 137.999100
846.985000 1.129000 847.305000 140.836770
848.045000 1.061000 848.405000 134.001390
849.018000 0.973000 849.341000 139.829860
850.032000 1.014000 850.361000 140.196010
850.981000 0.950000 851.314000 136.351420
851.856000 0.874000 852.201000 136.198300
852.706000 0.851000 853.027000 146.392290
853.461000 0.755000 853.788000 131.468290
854.196000 0.736000 854.529000 148.802230
854.930000 0.734000 855.248000 151.060720
855.849000 0.918000 856.156000 152.678440
856.739000 0.890000 857.057000 152.708400
857.533000 0.794000 857.882000 148.649110
858.401000 0.868000 858.710000 153.989930
859.266000 0.865000 859.612000 149.413030
860.061000 0.794000 860.398000 152.831560
860.884000 0.823000 861.198000 155.211540
861.857000 0.973000 862.171000 153.074550
862.739000 0.882000 863.058000 149.596110
863.548000 0.809000 863.880000 136.809110
864.418000 0.870000 864.740000 151.548360
865.334000 0.915000 865.661000 149.687650
866.188000 0.855000 866.510000 147.825270
