2.645000 0.831000 2.921000 119.611530
3.468000 0.823000 3.741000 121.442010
4.303000 0.835000 4.581000 122.104270
5.143000 0.840000 5.421000 121.901880
5.983000 0.840000 6.261000 121.261660
6.806000 0.823000 7.081000 122.384800
7.647000 0.841000 7.921000 122.643290
8.487000 0.840000 8.761000 121.520160
9.345000 0.857000 9.621000 120.228700
10.181000 0.836000 10.461000 121.172490
11.018000 0.837000 11.291000 122.554120
11.871000 0.854000 12.141000 121.789670
12.730000 0.859000 13.011000 120.868920
13.586000 0.856000 13.871000 120.329890
14.426000 0.840000 14.701000 121.037240
15.286000 0.860000 15.561000 120.846870
16.157000 0.872000 16.431000 119.083520
17.031000 0.873000 17.311000 117.937340
17.886000 0.855000 18.171000 118.262960
18.730000 0.844000 19.001000 120.150550
19.583000 0.853000 19.861000 120.644490
20.445000 0.863000 20.721000 119.038430
21.305000 0.860000 21.591000 119.004370
22.140000 0.835000 22.421000 119.801890
22.971000 0.831000 23.251000 119.689670
23.808000 0.836000 24.081000 118.959280
24.654000 0.846000 24.931000 119.398120
25.511000 0.857000 25.791000 120.521260
26.361000 0.851000 26.641000 120.273780
27.197000 0.835000 27.471000 122.104270
28.032000 0.835000 28.311000 122.194440
28.876000 0.844000 29.151000 121.970010
29.714000 0.837000 29.991000 120.588380
30.549000 0.835000 30.831000 121.104360
31.404000 0.855000 31.681000 121.015200
32.273000 0.869000 32.541000 119.566440
33.139000 0.867000 33.421000 116.971500
33.980000 0.840000 34.261000 116.769120
34.819000 0.839000 35.091000 117.061670
35.651000 0.833000 35.921000 115.994650
36.469000 0.818000 36.741000 114.748270
37.273000 0.803000 37.551000 115.253230
38.055000 0.782000 38.331000 116.747080
38.842000 0.787000 39.111000 118.274980
39.628000 0.786000 39.901000 119.745780
40.428000 0.800000 40.711000 120.588380
41.226000 0.798000 41.511000 123.620150
42.023000 0.797000 42.301000 125.979640
42.831000 0.808000 43.111000 126.091850
43.642000 0.811000 43.921000 124.833460
44.452000 0.809000 44.731000 124.160180
45.242000 0.790000 45.521000 125.361460
46.027000 0.785000 46.301000 124.856500
46.813000 0.786000 47.091000 123.620150
47.588000 0.775000 47.871000 123.609130
48.350000 0.762000 48.631000 125.013800
49.114000 0.764000 49.391000 126.743090
49.894000 0.780000 50.171000 125.911510
50.687000 0.793000 50.961000 124.361560
51.477000 0.790000 51.751000 125.069910
52.285000 0.809000 52.561000 125.395530
53.107000 0.822000 53.381000 123.665240
53.915000 0.808000 54.191000 120.532280
54.719000 0.804000 54.991000 120.431080
55.514000 0.795000 55.781000 119.857990
56.301000 0.787000 56.571000 118.712820
57.084000 0.782000 57.361000 117.814110
57.856000 0.773000 58.131000 119.273880
58.629000 0.772000 58.901000 121.385900
59.406000 0.777000 59.681000 121.789670
60.195000 0.789000 60.471000 121.373880
60.987000 0.792000 61.261000 122.554120
61.791000 0.804000 62.061000 123.317570
62.606000 0.815000 62.871000 122.295630
63.428000 0.821000 63.701000 120.037340
64.243000 0.815000 64.511000 119.622550
65.060000 0.817000 65.331000 119.892060
65.881000 0.822000 66.151000 118.644690
66.712000 0.831000 66.991000 116.286200
67.528000 0.816000 67.801000 116.264160
68.338000 0.809000 68.611000 117.723930
69.154000 0.817000 69.421000 116.915400
69.972000 0.817000 70.241000 115.960580
70.779000 0.807000 71.061000 115.658000
71.573000 0.794000 71.851000 117.150840
72.365000 0.792000 72.631000 118.712820
73.163000 0.799000 73.431000 119.329990
73.969000 0.805000 74.241000 118.443300
74.778000 0.809000 75.051000 118.892160
75.581000 0.803000 75.851000 120.565340
76.392000 0.811000 76.661000 121.160470
77.219000 0.826000 77.491000 121.217580
78.041000 0.823000 78.321000 119.892060
78.867000 0.826000 79.141000 121.340810
79.719000 0.852000 79.991000 122.127310
80.590000 0.871000 80.861000 121.498110
81.473000 0.883000 81.751000 121.060280
82.341000 0.868000 82.621000 122.710420
83.222000 0.881000 83.501000 122.632270
84.118000 0.896000 84.401000 120.071400
85.010000 0.892000 85.291000 119.442200
85.898000 0.888000 86.171000 119.094540
86.799000 0.901000 87.071000 116.667930
87.680000 0.881000 87.961000 114.804380
88.543000 0.863000 88.821000 115.444600
89.396000 0.853000 89.671000 115.949560
90.250000 0.854000 90.521000 115.669030
91.100000 0.850000 91.381000 115.242210
91.936000 0.835000 92.211000 114.590970
92.751000 0.816000 93.031000 115.567830
93.567000 0.816000 93.841000 116.611820
94.379000 0.813000 94.651000 116.185010
95.194000 0.814000 95.471000 115.871410
96.013000 0.819000 96.291000 117.184910
96.834000 0.821000 97.111000 118.297020
97.672000 0.839000 97.951000 117.937340
98.536000 0.864000 98.811000 115.758200
99.391000 0.855000 99.671000 115.466640
100.250000 0.859000 100.521000 115.331380
101.121000 0.871000 101.391000 114.096030
101.981000 0.860000 102.261000 111.872800
102.838000 0.857000 103.111000 111.344800
103.688000 0.850000 103.961000 112.489980
104.561000 0.873000 104.831000 112.321660
105.434000 0.873000 105.711000 111.321760
106.280000 0.846000 106.561000 110.491180
107.101000 0.821000 107.381000 112.220470
107.922000 0.821000 108.191000 113.175280
108.744000 0.822000 109.021000 113.467840
109.555000 0.812000 109.831000 113.826520
110.367000 0.811000 110.641000 116.230090
111.185000 0.818000 111.461000 118.240920
112.010000 0.826000 112.281000 118.443300
112.849000 0.839000 113.131000 117.521550
113.679000 0.830000 113.961000 117.555610
114.490000 0.811000 114.761000 118.195830
115.309000 0.819000 115.581000 118.734860
116.126000 0.817000 116.401000 117.937340
116.938000 0.812000 117.211000 117.971410
117.738000 0.800000 118.011000 120.161570
118.553000 0.815000 118.821000 121.026220
119.376000 0.823000 119.651000 121.890860
120.215000 0.839000 120.491000 120.554320
121.069000 0.855000 121.341000 119.206760
121.900000 0.831000 122.181000 118.903180
122.734000 0.834000 123.011000 118.993350
123.574000 0.840000 123.851000 118.532470
124.416000 0.842000 124.691000 117.690870
125.251000 0.835000 125.531000 118.622640
126.086000 0.834000 126.361000 119.756800
126.932000 0.846000 127.201000 119.723740
127.787000 0.856000 128.061000 118.555520
128.618000 0.831000 128.891000 117.814110
129.429000 0.811000 129.701000 118.881140
130.251000 0.822000 130.521000 118.566540
131.075000 0.823000 131.351000 118.342110
131.895000 0.820000 132.171000 118.544500
132.708000 0.813000 132.981000 120.554320
133.520000 0.813000 133.791000 121.430990
134.348000 0.828000 134.621000 121.778650
135.183000 0.835000 135.461000 119.655610
136.015000 0.832000 136.291000 119.948170
136.855000 0.840000 137.131000 119.498310
137.700000 0.845000 137.971000 117.825130
138.553000 0.853000 138.831000 115.522750
139.384000 0.831000 139.661000 115.567830
140.217000 0.833000 140.491000 115.781240
141.048000 0.832000 141.321000 115.601900
141.884000 0.835000 142.161000 114.164160
142.699000 0.816000 142.981000 114.455720
143.491000 0.791000 143.761000 115.634960
144.290000 0.799000 144.561000 116.555710
145.092000 0.803000 145.361000 116.354330
145.896000 0.804000 146.171000 116.466540
146.695000 0.799000 146.971000 118.443300
147.484000 0.789000 147.761000 119.925120
148.284000 0.800000 148.561000 121.284710
149.099000 0.815000 149.371000 121.295730
149.925000 0.826000 150.201000 119.262860
150.747000 0.821000 151.021000 119.172690
151.571000 0.825000 151.841000 119.398120
152.397000 0.826000 152.671000 118.555520
153.229000 0.832000 153.501000 117.264060
154.049000 0.821000 154.321000 115.882430
154.855000 0.805000 155.131000 116.701990
155.667000 0.813000 155.941000 116.690970
156.481000 0.813000 156.751000 116.982520
157.293000 0.813000 157.571000 115.983620
158.094000 0.800000 158.371000 116.747080
158.890000 0.796000 159.161000 117.712910
159.695000 0.805000 159.971000 117.499510
160.512000 0.817000 160.781000 116.354330
161.327000 0.815000 161.601000 115.747170
162.131000 0.804000 162.401000 117.421360
162.945000 0.814000 163.221000 118.027510
163.759000 0.814000 164.031000 118.487390
164.565000 0.806000 164.841000 117.387290
165.362000 0.797000 165.641000 118.420260
166.161000 0.799000 166.431000 119.454230
166.968000 0.807000 167.241000 119.801890
167.780000 0.813000 168.061000 119.217780
168.578000 0.798000 168.851000 119.756800
169.371000 0.793000 169.641000 121.373880
170.182000 0.810000 170.451000 121.340810
171.005000 0.823000 171.281000 119.869010
171.836000 0.832000 172.111000 119.049460
172.662000 0.826000 172.931000 118.678750
173.500000 0.838000 173.771000 118.274980
174.346000 0.847000 174.621000 116.264160
175.193000 0.846000 175.471000 113.838540
176.028000 0.835000 176.301000 113.669220
176.866000 0.838000 177.141000 113.658200
177.707000 0.841000 177.981000 112.972900
178.557000 0.850000 178.831000 111.254630
179.387000 0.831000 179.661000 111.422950
180.217000 0.830000 180.491000 112.131300
181.052000 0.834000 181.321000 112.187400
181.890000 0.838000 182.161000 111.041220
182.735000 0.845000 183.011000 110.131490
183.554000 0.820000 183.831000 111.075290
184.376000 0.822000 184.651000 111.513120
185.214000 0.838000 185.491000 111.221570
186.055000 0.841000 186.331000 110.221660
186.886000 0.831000 187.161000 109.693660
187.689000 0.803000 187.961000 110.816800
188.491000 0.802000 188.761000 111.704480
189.279000 0.788000 189.551000 111.939930
190.041000 0.762000 190.321000 111.221570
190.778000 0.737000 191.051000 114.343500
191.494000 0.717000 191.771000 118.128700
192.232000 0.738000 192.511000 122.048160
193.000000 0.768000 193.281000 124.440710
193.780000 0.780000 194.061000 125.654020
194.569000 0.788000 194.851000 128.450340
195.355000 0.786000 195.631000 130.157590
196.155000 0.800000 196.431000 130.123520
196.965000 0.810000 197.241000 128.584590
197.780000 0.815000 198.061000 126.450530
198.583000 0.803000 198.861000 127.169900
199.397000 0.814000 199.681000 126.563750
200.231000 0.834000 200.501000 126.023720
201.061000 0.831000 201.341000 124.429690
201.893000 0.832000 202.171000 122.733460
202.707000 0.814000 202.981000 123.576070
203.512000 0.805000 203.791000 123.227400
204.318000 0.806000 204.591000 122.610230
205.120000 0.802000 205.401000 121.543200
205.904000 0.784000 206.181000 123.867620
206.683000 0.779000 206.961000 127.023620
207.468000 0.785000 207.751000 128.405250
208.272000 0.804000 208.551000 128.247950
209.085000 0.814000 209.371000 128.506440
209.890000 0.804000 210.171000 130.416080
210.711000 0.822000 210.991000 129.786880
211.538000 0.827000 211.821000 127.282120
212.360000 0.822000 212.641000 125.339420
213.173000 0.813000 213.451000 125.900490
213.983000 0.810000 214.261000 125.799300
214.796000 0.813000 215.071000 123.979830
215.593000 0.797000 215.871000 123.901690
216.374000 0.781000 216.651000 126.147960
217.162000 0.788000 217.441000 127.843180
217.967000 0.805000 218.241000 128.012510
218.775000 0.808000 219.061000 127.180920
219.581000 0.805000 219.861000 128.652720
220.394000 0.814000 220.671000 128.866130
221.226000 0.832000 221.501000 127.135840
222.061000 0.835000 222.341000 124.530880
222.898000 0.837000 223.171000 122.373780
223.721000 0.823000 223.991000 122.429890
224.549000 0.828000 224.821000 121.385900
225.385000 0.835000 225.661000 119.801890
226.215000 0.831000 226.491000 117.836150
227.031000 0.816000 227.301000 118.644690
227.846000 0.815000 228.121000 119.116580
228.658000 0.812000 228.931000 118.105660
229.498000 0.840000 229.771000 117.117780
230.321000 0.823000 230.601000 117.477470
231.148000 0.827000 231.421000 118.937240
231.978000 0.830000 232.251000 118.847070
232.821000 0.843000 233.101000 116.747080
233.658000 0.837000 233.931000 117.803090
234.491000 0.833000 234.761000 118.577560
235.333000 0.842000 235.611000 118.443300
236.188000 0.854000 236.461000 117.892250
237.035000 0.847000 237.311000 118.712820
237.869000 0.834000 238.141000 121.464050
238.723000 0.855000 239.001000 122.485990
239.590000 0.867000 239.871000 122.216480
240.466000 0.876000 240.741000 120.890960
241.332000 0.866000 241.611000 121.509130
242.196000 0.864000 242.471000 121.138430
243.060000 0.865000 243.331000 119.454230
243.939000 0.878000 244.221000 116.511630
244.797000 0.858000 245.071000 117.061670
245.643000 0.847000 245.921000 117.791060
246.501000 0.858000 246.771000 117.320170
247.357000 0.856000 247.631000 116.904380
248.208000 0.852000 248.491000 117.150840
249.049000 0.841000 249.321000 119.454230
249.909000 0.859000 250.181000 119.937140
250.776000 0.868000 251.051000 119.038430
251.631000 0.855000 251.911000 119.633570
252.471000 0.840000 252.751000 121.800690
253.327000 0.856000 253.601000 123.137230
254.185000 0.858000 254.461000 122.205460
255.043000 0.858000 255.321000 121.284710
255.891000 0.847000 256.171000 122.306650
256.746000 0.856000 257.021000 121.957990
257.599000 0.852000 257.881000 121.172490
258.430000 0.832000 258.711000 121.587280
259.245000 0.814000 259.521000 124.238330
260.074000 0.829000 260.351000 125.001780
260.919000 0.845000 261.201000 124.395630
261.763000 0.844000 262.041000 123.867620
262.600000 0.837000 262.881000 125.339420
263.451000 0.851000 263.731000 124.631070
264.325000 0.873000 264.601000 122.520060
265.200000 0.875000 265.481000 120.183610
266.057000 0.857000 266.331000 120.239720
266.925000 0.868000 267.201000 120.150550
267.800000 0.875000 268.071000 118.734860
268.655000 0.855000 268.931000 116.544690
269.486000 0.831000 269.771000 117.398320
270.298000 0.812000 270.571000 118.577560
271.106000 0.808000 271.381000 118.251940
271.923000 0.817000 272.201000 119.611530
272.752000 0.829000 273.031000 121.957990
273.584000 0.832000 273.871000 123.643190
274.404000 0.820000 274.691000 126.844280
275.218000 0.814000 275.501000 130.246760
276.044000 0.826000 276.331000 131.438020
276.891000 0.847000 277.181000 131.246660
277.719000 0.828000 278.011000 133.145270
278.543000 0.824000 278.831000 134.863540
279.390000 0.847000 279.671000 135.245260
280.245000 0.855000 280.531000 134.066020
281.105000 0.860000 281.391000 132.785580
281.953000 0.848000 282.241000 131.403960
282.776000 0.823000 283.061000 131.729580
283.608000 0.832000 283.891000 131.269700
284.428000 0.820000 284.711000 130.235730
285.247000 0.819000 285.531000 129.067510
286.050000 0.803000 286.341000 128.944280
286.845000 0.795000 287.131000 130.347950
287.641000 0.796000 287.921000 131.100380
288.447000 0.806000 288.731000 130.662550
289.265000 0.818000 289.551000 129.517370
290.082000 0.817000 290.361000 127.866230
290.882000 0.800000 291.161000 129.023430
291.683000 0.800000 291.961000 129.303960
292.477000 0.794000 292.761000 128.922240
293.270000 0.793000 293.551000 129.023430
294.051000 0.781000 294.331000 129.349050
294.818000 0.767000 295.101000 131.852810
295.587000 0.769000 295.871000 132.852710
296.372000 0.785000 296.651000 133.257480
297.164000 0.793000 297.441000 132.706430
297.955000 0.790000 298.241000 132.291650
298.737000 0.783000 299.021000 133.538020
299.531000 0.794000 299.811000 133.279520
300.327000 0.796000 300.611000 132.145370
301.122000 0.795000 301.401000 130.550330
301.900000 0.778000 302.181000 132.212490
302.674000 0.774000 302.951000 132.561160
303.430000 0.756000 303.711000 132.425900
304.187000 0.757000 304.471000 130.774760
304.942000 0.755000 305.221000 131.460060
305.687000 0.745000 305.971000 132.403860
306.425000 0.738000 306.701000 132.886780
307.167000 0.742000 307.441000 133.290550
307.887000 0.720000 308.171000 132.313690
308.582000 0.695000 308.861000 132.740500
309.284000 0.702000 309.561000 134.156190
309.998000 0.714000 310.271000 134.672170
310.729000 0.732000 311.001000 134.605050
311.478000 0.749000 311.751000 132.223520
312.231000 0.753000 312.511000 131.942980
312.978000 0.747000 313.261000 132.123320
313.724000 0.746000 314.001000 131.651430
314.479000 0.755000 314.761000 131.662450
315.248000 0.769000 315.531000 130.235730
316.003000 0.754000 316.281000 130.550330
316.751000 0.748000 317.031000 132.639310
317.507000 0.757000 317.781000 132.561160
318.285000 0.778000 318.561000 133.033060
319.070000 0.784000 319.351000 131.875850
319.861000 0.791000 320.141000 132.022130
320.646000 0.785000 320.921000 132.493030
321.443000 0.797000 321.721000 132.695410
322.243000 0.800000 322.521000 131.302760
323.043000 0.800000 323.331000 130.179630
323.826000 0.783000 324.111000 131.313790
324.615000 0.788000 324.891000 132.257580
325.399000 0.784000 325.681000 132.583200
326.183000 0.784000 326.461000 131.988070
326.961000 0.778000 327.241000 132.089260
327.736000 0.776000 328.021000 134.346550
328.523000 0.787000 328.801000 134.762340
329.320000 0.797000 329.601000 134.672170
330.137000 0.816000 330.421000 133.089160
330.948000 0.811000 331.231000 133.695320
331.745000 0.797000 332.021000 133.807530
332.548000 0.803000 332.831000 133.055100
333.351000 0.803000 333.631000 132.089260
334.152000 0.801000 334.431000 130.955100
334.940000 0.788000 335.221000 132.875760
335.731000 0.790000 336.011000 133.290550
336.524000 0.794000 336.801000 131.909920
337.318000 0.793000 337.601000 130.359970
338.110000 0.792000 338.391000 131.347850
338.911000 0.800000 339.191000 131.201570
339.714000 0.803000 339.991000 130.449140
340.527000 0.813000 340.811000 128.157780
341.341000 0.814000 341.621000 127.742990
342.144000 0.803000 342.421000 128.247950
342.960000 0.816000 343.241000 127.765030
343.787000 0.827000 344.071000 126.821240
344.637000 0.850000 344.921000 124.979740
345.483000 0.846000 345.761000 123.811510
346.313000 0.829000 346.591000 124.833460
347.140000 0.827000 347.421000 124.440710
347.978000 0.837000 348.251000 122.867720
348.820000 0.842000 349.101000 121.901880
349.653000 0.834000 349.931000 121.317770
350.479000 0.825000 350.761000 121.946970
351.315000 0.837000 351.591000 122.598210
352.176000 0.861000 352.451000 121.407940
353.044000 0.868000 353.321000 119.071500
353.890000 0.846000 354.171000 119.273880
354.729000 0.839000 355.001000 119.801890
355.570000 0.841000 355.841000 119.532370
356.404000 0.834000 356.681000 117.948360
357.226000 0.822000 357.501000 117.937340
358.051000 0.825000 358.331000 118.566540
358.904000 0.853000 359.181000 118.644690
359.771000 0.866000 360.041000 117.252040
360.635000 0.865000 360.911000 115.758200
361.485000 0.849000 361.761000 116.713010
362.338000 0.853000 362.611000 116.241110
363.200000 0.862000 363.471000 114.748270
364.046000 0.846000 364.331000 113.478860
364.881000 0.835000 365.161000 114.365550
365.712000 0.831000 365.981000 115.421550
366.546000 0.834000 366.821000 115.971600
367.382000 0.836000 367.661000 115.095940
368.216000 0.834000 368.491000 115.399510
369.019000 0.804000 369.301000 117.848170
369.830000 0.810000 370.101000 120.700600
370.636000 0.807000 370.921000 123.867620
371.455000 0.819000 371.741000 126.068810
372.277000 0.822000 372.561000 129.831970
373.106000 0.829000 373.391000 133.246460
373.952000 0.845000 374.231000 134.133150
374.812000 0.861000 375.101000 131.886880
375.664000 0.851000 375.951000 132.111300
376.495000 0.831000 376.781000 132.167410
377.336000 0.841000 377.621000 131.201570
378.173000 0.838000 378.461000 128.652720
378.995000 0.822000 379.281000 128.618660
379.803000 0.808000 380.081000 129.640600
380.615000 0.812000 380.891000 130.179630
381.433000 0.818000 381.711000 129.741790
382.248000 0.815000 382.531000 129.618560
383.063000 0.815000 383.351000 132.010110
383.887000 0.824000 384.171000 133.538020
384.721000 0.834000 385.001000 132.684390
385.558000 0.837000 385.841000 130.943080
386.394000 0.836000 386.671000 131.033250
387.236000 0.841000 387.511000 130.886970
388.084000 0.848000 388.361000 128.933260
388.934000 0.851000 389.221000 126.574770
389.771000 0.837000 390.051000 127.674860
390.616000 0.845000 390.901000 127.674860
391.488000 0.873000 391.771000 126.607830
392.373000 0.885000 392.651000 124.507840
393.252000 0.879000 393.531000 124.350540
394.105000 0.853000 394.381000 124.350540
394.973000 0.868000 395.251000 123.373680
395.838000 0.865000 396.121000 122.396820
396.701000 0.863000 396.981000 121.834750
397.551000 0.850000 397.831000 122.127310
398.410000 0.859000 398.691000 123.384700
399.292000 0.882000 399.571000 122.890760
400.190000 0.898000 400.471000 121.149450
401.083000 0.893000 401.361000 119.554420
401.955000 0.872000 402.231000 120.127510
402.841000 0.886000 403.121000 120.060380
403.729000 0.888000 404.011000 118.847070
404.627000 0.898000 404.911000 116.926420
405.506000 0.879000 405.781000 117.409340
406.399000 0.894000 406.671000 118.083620
407.301000 0.901000 407.581000 116.781140
408.197000 0.897000 408.471000 115.365450
409.077000 0.880000 409.361000 115.073890
409.922000 0.845000 410.201000 115.915490
410.776000 0.853000 411.051000 115.871410
411.627000 0.851000 411.901000 115.331380
412.483000 0.856000 412.761000 114.972700
413.332000 0.849000 413.611000 116.747080
414.177000 0.846000 414.451000 117.948360
415.031000 0.854000 415.301000 118.217870
415.894000 0.863000 416.171000 117.746980
416.757000 0.863000 417.041000 116.803180
417.596000 0.839000 417.871000 117.859190
418.437000 0.841000 418.711000 117.859190
419.267000 0.830000 419.541000 117.499510
420.092000 0.825000 420.371000 117.814110
420.908000 0.816000 421.191000 120.846870
421.724000 0.816000 422.001000 123.822540
422.550000 0.826000 422.831000 125.777250
423.392000 0.842000 423.671000 125.417570
424.226000 0.834000 424.511000 124.923630
425.050000 0.824000 425.331000 125.777250
425.880000 0.831000 426.151000 125.227210
426.717000 0.836000 426.991000 124.115090
427.548000 0.832000 427.831000 122.429890
428.363000 0.815000 428.641000 123.317570
429.171000 0.808000 429.451000 124.249350
429.981000 0.810000 430.261000 124.676160
430.807000 0.826000 431.081000 123.800490
431.664000 0.857000 431.941000 123.699300
432.512000 0.849000 432.791000 124.137130
433.372000 0.859000 433.651000 124.339520
434.228000 0.856000 434.501000 123.182320
435.087000 0.859000 435.361000 121.756610
435.948000 0.861000 436.231000 121.464050
436.786000 0.838000 437.061000 122.710420
437.632000 0.846000 437.911000 122.205460
438.485000 0.853000 438.761000 121.060280
439.324000 0.839000 439.601000 119.846970
440.152000 0.828000 440.431000 120.677550
440.994000 0.842000 441.271000 120.756700
441.849000 0.854000 442.121000 120.217680
442.717000 0.869000 442.991000 117.746980
443.567000 0.849000 443.841000 117.308140
444.428000 0.861000 444.701000 117.195930
445.293000 0.866000 445.571000 116.275180
446.156000 0.862000 446.431000 114.624040
447.003000 0.848000 447.281000 113.231390
447.827000 0.824000 448.101000 114.028910
448.658000 0.831000 448.931000 114.478760
449.481000 0.823000 449.751000 113.759390
450.304000 0.822000 450.581000 113.500900
451.110000 0.806000 451.381000 114.377570
451.905000 0.795000 452.181000 115.949560
452.709000 0.804000 452.981000 116.656900
453.529000 0.820000 453.801000 116.769120
454.354000 0.824000 454.631000 117.005570
455.170000 0.817000 455.441000 118.094640
456.009000 0.839000 456.281000 118.971310
456.874000 0.865000 457.151000 117.814110
457.757000 0.882000 458.031000 116.084820
458.644000 0.887000 458.921000 115.376470
459.494000 0.851000 459.771000 115.983620
460.346000 0.851000 460.621000 115.803280
461.202000 0.856000 461.471000 115.354430
462.045000 0.844000 462.321000 115.814300
462.864000 0.819000 463.141000 118.588580
463.688000 0.825000 463.961000 120.116490
464.534000 0.845000 464.811000 120.812810
465.409000 0.875000 465.691000 122.968910
466.294000 0.885000 466.571000 122.149350
467.162000 0.868000 467.441000 122.722440
468.052000 0.890000 468.331000 122.071200
468.954000 0.902000 469.231000 120.914000
469.822000 0.868000 470.101000 120.868920
470.671000 0.848000 470.951000 122.767530
471.534000 0.864000 471.811000 123.553020
472.412000 0.877000 472.691000 123.677260
473.293000 0.881000 473.571000 122.362760
474.161000 0.868000 474.441000 123.126210
475.039000 0.878000 475.321000 123.081120
475.928000 0.889000 476.201000 121.093340
476.810000 0.882000 477.091000 118.409240
477.681000 0.870000 477.961000 118.375170
478.566000 0.885000 478.841000 118.240920
479.442000 0.876000 479.721000 116.477560
480.318000 0.876000 480.601000 115.758200
481.164000 0.846000 481.441000 117.421360
482.017000 0.853000 482.291000 118.342110
482.873000 0.856000 483.151000 118.049550
483.726000 0.853000 484.001000 117.072700
484.563000 0.837000 484.841000 118.566540
485.388000 0.825000 485.661000 119.184710
486.224000 0.837000 486.501000 119.823930
487.062000 0.838000 487.341000 118.476370
487.897000 0.835000 488.171000 117.634760
488.711000 0.814000 488.981000 118.331090
489.532000 0.821000 489.801000 119.228800
490.376000 0.844000 490.651000 119.465250
491.238000 0.862000 491.521000 117.308140
492.091000 0.853000 492.371000 117.488490
492.918000 0.827000 493.201000 118.297020
493.762000 0.843000 494.031000 118.611620
494.610000 0.848000 494.881000 119.184710
495.452000 0.843000 495.731000 120.936040
496.289000 0.837000 496.571000 121.362860
497.108000 0.820000 497.391000 123.777450
497.927000 0.819000 498.211000 125.372480
498.760000 0.832000 499.041000 125.676060
499.591000 0.832000 499.871000 125.013800
500.425000 0.834000 500.701000 124.552920
501.250000 0.825000 501.531000 125.596910
502.099000 0.849000 502.371000 125.788270
502.950000 0.851000 503.231000 124.395630
503.810000 0.861000 504.091000 122.710420
504.654000 0.844000 504.931000 121.487090
505.495000 0.841000 505.771000 121.711520
506.337000 0.841000 506.611000 121.576260
507.180000 0.843000 507.451000 120.161570
508.024000 0.844000 508.301000 119.027410
508.848000 0.824000 509.121000 119.318970
509.673000 0.825000 509.951000 119.700690
510.509000 0.836000 510.781000 119.611530
511.344000 0.836000 511.621000 118.240920
512.166000 0.821000 512.441000 118.622640
512.969000 0.803000 513.241000 120.105460
513.783000 0.813000 514.051000 120.026310
514.597000 0.815000 514.871000 119.599500
515.410000 0.813000 515.691000 119.633570
516.221000 0.810000 516.491000 120.116490
517.027000 0.806000 517.301000 121.239620
517.847000 0.820000 518.121000 120.812810
518.668000 0.821000 518.941000 119.970210
519.483000 0.815000 519.761000 119.273880
520.290000 0.807000 520.571000 120.464150
521.087000 0.797000 521.361000 122.587190
521.895000 0.808000 522.171000 124.227310
522.706000 0.810000 522.981000 124.395630
523.519000 0.813000 523.801000 124.654120
524.322000 0.803000 524.601000 126.170000
525.130000 0.808000 525.401000 127.191940
525.944000 0.814000 526.221000 126.877350
526.758000 0.814000 527.041000 125.305360
527.573000 0.815000 527.851000 125.035840
528.370000 0.797000 528.651000 125.563850
529.174000 0.804000 529.451000 126.012700
529.980000 0.805000 530.251000 125.113990
530.790000 0.811000 531.071000 124.171200
531.592000 0.802000 531.871000 125.137040
532.390000 0.798000 532.671000 125.900490
533.198000 0.808000 533.471000 126.001680
534.005000 0.807000 534.281000 124.800400
534.817000 0.813000 535.091000 124.058990
535.615000 0.798000 535.891000 124.249350
536.418000 0.803000 536.691000 124.518860
537.223000 0.805000 537.501000 123.845580
538.031000 0.808000 538.301000 121.845780
538.821000 0.790000 539.101000 122.283610
539.597000 0.777000 539.871000 123.507940
540.376000 0.779000 540.651000 123.395720
541.155000 0.779000 541.431000 123.384700
541.937000 0.782000 542.211000 122.082220
542.718000 0.781000 542.991000 123.576070
543.501000 0.784000 543.771000 124.238330
544.295000 0.794000 544.571000 124.171200
545.092000 0.796000 545.361000 122.610230
545.881000 0.789000 546.151000 122.014100
546.662000 0.781000 546.931000 122.856700
547.446000 0.784000 547.721000 122.778550
548.237000 0.791000 548.511000 122.654310
549.024000 0.787000 549.301000 121.924930
549.793000 0.769000 550.071000 123.845580
550.552000 0.759000 550.831000 125.395530
551.317000 0.764000 551.591000 126.754110
552.088000 0.771000 552.361000 126.799200
552.875000 0.788000 553.151000 127.113800
553.659000 0.783000 553.941000 128.135740
554.437000 0.778000 554.711000 128.775960
555.221000 0.784000 555.501000 127.933350
556.015000 0.794000 556.291000 126.417470
556.811000 0.796000 557.091000 124.833460
557.596000 0.786000 557.871000 125.305360
558.365000 0.769000 558.641000 125.361460
559.134000 0.769000 559.411000 125.395530
559.908000 0.774000 560.181000 124.092050
560.678000 0.770000 560.951000 122.767530
561.447000 0.769000 561.721000 123.665240
562.213000 0.766000 562.491000 124.260370
562.987000 0.774000 563.261000 124.654120
563.766000 0.779000 564.041000 123.463850
564.542000 0.776000 564.821000 122.632270
565.309000 0.767000 565.581000 124.035940
566.075000 0.766000 566.351000 125.417570
566.859000 0.784000 567.131000 126.439510
567.645000 0.786000 567.921000 126.663940
568.431000 0.786000 568.711000 125.911510
569.210000 0.779000 569.491000 127.046670
569.980000 0.770000 570.251000 127.708930
570.747000 0.767000 571.021000 127.271100
571.520000 0.774000 571.791000 126.147960
572.293000 0.772000 572.571000 126.035750
573.056000 0.764000 573.331000 127.428390
573.824000 0.768000 574.101000 128.573570
574.597000 0.773000 574.871000 128.202870
575.371000 0.774000 575.651000 126.260170
576.140000 0.769000 576.421000 127.202970
576.898000 0.758000 577.171000 128.764940
577.659000 0.762000 577.931000 129.562450
