7.896000 0.823000 8.171000 113.421200
8.725000 0.828000 9.001000 115.923680
9.595000 0.871000 9.871000 116.753600
10.470000 0.875000 10.751000 116.103120
11.313000 0.842000 11.591000 117.662780
12.182000 0.870000 12.451000 117.549880
13.076000 0.894000 13.351000 116.305000
13.965000 0.889000 14.241000 115.328530
14.813000 0.848000 15.081000 115.137870
15.688000 0.874000 15.951000 114.689260
16.569000 0.881000 16.841000 113.634290
17.419000 0.851000 17.691000 113.645510
18.244000 0.825000 18.511000 114.251870
19.107000 0.862000 19.371000 114.207010
19.972000 0.866000 20.241000 113.432420
20.816000 0.844000 21.081000 113.959530
21.680000 0.864000 21.951000 114.565900
22.552000 0.872000 22.821000 114.588330
23.393000 0.841000 23.661000 115.496760
24.255000 0.861000 24.521000 116.226490
25.153000 0.898000 25.421000 115.890030
26.032000 0.879000 26.301000 114.924780
26.868000 0.836000 27.141000 114.913570
27.744000 0.876000 28.011000 115.350960
28.620000 0.876000 28.891000 113.824950
29.467000 0.846000 29.741000 114.778980
30.320000 0.854000 30.591000 115.182730
31.201000 0.881000 31.471000 114.172620
32.083000 0.882000 32.351000 113.264190
32.941000 0.858000 33.211000 114.240660
33.819000 0.878000 34.081000 113.937100
34.698000 0.879000 34.971000 112.781940
35.538000 0.840000 35.811000 112.849230
36.405000 0.867000 36.671000 113.578210
37.294000 0.889000 37.561000 113.152040
38.153000 0.859000 38.421000 112.602500
38.897000 0.744000 39.161000 114.375240
39.858000 0.961000 40.121000 114.397670
40.752000 0.894000 41.021000 113.219330
41.611000 0.860000 41.881000 112.905300
42.456000 0.844000 42.731000 114.240660
43.343000 0.888000 43.611000 114.666830
44.250000 0.907000 44.521000 113.993180
45.118000 0.868000 45.391000 114.835060
45.997000 0.879000 46.271000 115.003290
46.924000 0.927000 47.191000 114.049250
47.846000 0.922000 48.121000 112.647360
48.701000 0.855000 48.971000 112.995030
49.560000 0.858000 49.831000 113.174470
50.445000 0.886000 50.711000 112.097070
51.304000 0.858000 51.581000 112.164360
52.052000 0.748000 52.321000 113.331480
53.020000 0.968000 53.291000 112.961380
53.935000 0.916000 54.201000 111.424160
54.774000 0.839000 55.041000 112.411090
55.612000 0.838000 55.881000 112.175570
56.479000 0.867000 56.751000 111.603600
57.342000 0.863000 57.611000 110.279460
58.175000 0.833000 58.441000 111.603600
59.054000 0.879000 59.321000 111.648460
59.934000 0.880000 60.201000 110.391610
60.773000 0.839000 61.051000 110.391610
61.603000 0.831000 61.871000 111.087700
62.465000 0.862000 62.731000 111.020410
63.340000 0.874000 63.611000 109.808420
64.180000 0.841000 64.451000 110.964330
65.019000 0.839000 65.291000 111.682100
65.882000 0.863000 66.151000 111.525090
66.742000 0.859000 67.011000 110.807320
67.572000 0.831000 67.841000 111.435370
68.405000 0.833000 68.671000 111.839120
69.260000 0.855000 69.531000 111.244710
70.109000 0.849000 70.381000 110.357970
70.841000 0.733000 71.111000 111.715750
71.782000 0.941000 72.051000 111.401730
72.666000 0.883000 72.931000 109.157940
73.392000 0.727000 73.671000 110.874610
74.199000 0.806000 74.471000 112.085850
75.122000 0.923000 75.391000 111.166210
75.982000 0.860000 76.251000 110.088800
76.817000 0.835000 77.091000 111.076490
77.647000 0.830000 77.921000 111.682100
78.504000 0.856000 78.771000 110.290680
79.343000 0.840000 79.621000 109.853280
80.159000 0.816000 80.431000 111.401730
81.014000 0.856000 81.281000 111.480230
81.878000 0.864000 82.151000 110.133660
82.697000 0.819000 82.971000 109.864500
83.437000 0.740000 83.711000 111.940050
84.352000 0.915000 84.621000 110.414040
85.200000 0.848000 85.471000 109.842070
85.930000 0.730000 86.201000 111.569950
86.825000 0.895000 87.081000 111.648460
87.668000 0.843000 87.941000 110.458900
88.522000 0.854000 88.791000 110.077590
89.345000 0.823000 89.621000 110.716850
90.165000 0.820000 90.441000 110.100020
91.021000 0.856000 91.291000 111.166210
91.881000 0.860000 92.151000 110.582270
92.712000 0.831000 92.981000 111.917620
93.560000 0.848000 93.831000 113.286620
94.426000 0.866000 94.701000 113.286620
95.296000 0.870000 95.571000 112.422310
96.124000 0.828000 96.401000 113.376340
96.956000 0.832000 97.221000 113.365130
97.813000 0.856000 98.081000 113.051100
98.672000 0.859000 98.941000 112.276510
99.507000 0.835000 99.771000 113.286620
100.369000 0.862000 100.631000 114.071680
101.248000 0.880000 101.521000 112.478380
102.098000 0.850000 102.371000 112.108280
102.925000 0.827000 103.191000 112.681000
103.784000 0.859000 104.051000 112.602500
104.659000 0.874000 104.931000 111.244710
105.500000 0.841000 105.771000 111.525090
106.342000 0.841000 106.611000 112.040990
107.208000 0.867000 107.481000 110.705640
108.070000 0.862000 108.341000 109.864500
108.897000 0.827000 109.171000 111.020410
109.735000 0.838000 110.001000 111.289570
110.591000 0.856000 110.861000 110.212170
111.435000 0.844000 111.711000 109.774780
112.269000 0.834000 112.541000 110.683210
113.123000 0.853000 113.391000 110.885830
113.987000 0.864000 114.261000 109.628980
114.812000 0.825000 115.091000 109.752350
115.543000 0.731000 115.811000 111.704530
116.442000 0.898000 116.701000 112.175570
117.287000 0.846000 117.561000 111.928840
118.024000 0.736000 118.301000 114.330380
118.812000 0.788000 119.081000 116.338640
119.749000 0.937000 120.021000 116.921830
120.629000 0.880000 120.901000 117.202210
121.459000 0.830000 121.741000 118.974950
122.296000 0.837000 122.571000 120.074790
123.180000 0.883000 123.451000 119.278510
124.087000 0.907000 124.361000 118.380550
124.951000 0.864000 125.221000 117.898300
125.810000 0.859000 126.081000 118.077740
126.670000 0.859000 126.941000 116.876970
127.546000 0.877000 127.821000 115.799560
128.388000 0.842000 128.661000 116.260130
129.229000 0.840000 129.501000 116.787250
130.114000 0.886000 130.381000 116.675100
131.003000 0.888000 131.271000 115.620120
131.881000 0.878000 132.151000 115.855640
132.768000 0.888000 133.041000 115.698630
133.679000 0.911000 133.951000 114.577110
134.598000 0.918000 134.871000 112.512770
135.463000 0.865000 135.741000 113.544570
136.346000 0.883000 136.611000 113.309050
137.254000 0.907000 137.521000 113.039890
138.156000 0.902000 138.431000 111.323220
139.033000 0.877000 139.301000 112.130710
139.913000 0.880000 140.181000 112.568850
140.810000 0.897000 141.081000 111.659670
141.683000 0.873000 141.951000 110.470120
142.539000 0.856000 142.811000 111.861550
143.408000 0.869000 143.671000 111.962480
144.292000 0.884000 144.561000 110.863400
145.163000 0.871000 145.431000 110.997980
146.005000 0.842000 146.271000 112.052200
146.867000 0.862000 147.141000 112.501560
147.729000 0.862000 148.001000 112.355010
148.579000 0.850000 148.851000 114.801420
149.420000 0.841000 149.691000 116.316210
150.289000 0.869000 150.561000 116.787250
151.159000 0.870000 151.431000 117.090060
151.980000 0.821000 152.251000 117.808570
152.834000 0.855000 153.101000 119.087100
153.697000 0.863000 153.971000 117.707640
154.565000 0.868000 154.841000 117.202210
155.411000 0.845000 155.681000 118.705790
156.272000 0.861000 156.541000 118.548780
157.158000 0.886000 157.431000 116.697530
158.013000 0.856000 158.291000 115.485540
158.847000 0.834000 159.111000 116.899400
159.706000 0.859000 159.971000 115.957320
160.577000 0.871000 160.851000 113.970750
161.410000 0.833000 161.681000 114.734120
162.238000 0.828000 162.501000 115.631340
163.087000 0.849000 163.351000 114.577110
163.947000 0.861000 164.221000 113.667940
164.789000 0.841000 165.061000 113.948320
165.607000 0.819000 165.881000 114.375240
166.462000 0.855000 166.731000 114.172620
167.325000 0.863000 167.601000 112.444740
168.162000 0.838000 168.431000 112.535200
168.994000 0.832000 169.261000 113.387560
169.859000 0.865000 170.131000 112.298940
170.708000 0.849000 170.981000 111.289570
171.530000 0.823000 171.791000 111.637240
172.375000 0.844000 172.641000 111.648460
173.249000 0.874000 173.511000 109.853280
174.095000 0.846000 174.371000 109.112340
174.909000 0.814000 175.181000 109.976650
175.749000 0.840000 176.011000 110.032730
176.605000 0.856000 176.871000 109.000180
177.434000 0.829000 177.711000 108.910460
178.170000 0.736000 178.441000 110.447690
179.086000 0.917000 179.351000 109.965440
179.956000 0.870000 180.231000 108.215120
180.789000 0.833000 181.061000 108.809530
181.619000 0.830000 181.881000 109.449540
182.462000 0.843000 182.731000 109.191590
183.324000 0.862000 183.601000 107.912310
184.170000 0.846000 184.441000 107.800160
184.997000 0.827000 185.261000 108.506720
185.857000 0.860000 186.121000 107.923530
186.722000 0.865000 186.991000 106.173220
187.559000 0.837000 187.831000 106.262940
188.295000 0.736000 188.571000 107.800160
189.213000 0.918000 189.481000 107.800160
190.076000 0.863000 190.351000 106.330230
190.915000 0.839000 191.191000 105.859190
191.661000 0.746000 191.931000 107.564640
192.571000 0.910000 192.841000 107.193800
193.424000 0.853000 193.691000 106.184430
194.259000 0.834000 194.531000 105.241610
194.989000 0.731000 195.261000 106.689110
195.863000 0.873000 196.131000 107.193800
196.707000 0.844000 196.981000 105.645350
197.559000 0.852000 197.831000 105.690220
198.380000 0.821000 198.651000 106.498460
199.184000 0.804000 199.461000 106.700330
200.018000 0.834000 200.291000 106.442380
200.861000 0.843000 201.131000 104.893940
201.679000 0.819000 201.951000 105.151890
202.481000 0.801000 202.751000 106.733970
203.310000 0.829000 203.581000 106.150790
204.149000 0.839000 204.421000 105.690220
204.989000 0.840000 205.261000 106.117140
205.726000 0.737000 206.001000 107.328380
206.619000 0.892000 206.881000 107.923530
207.452000 0.833000 207.731000 107.193800
208.263000 0.812000 208.541000 107.777730
209.067000 0.804000 209.341000 109.169160
209.906000 0.839000 210.181000 108.809530
210.782000 0.876000 211.051000 107.384450
211.621000 0.839000 211.891000 108.843170
212.452000 0.831000 212.721000 109.326170
213.295000 0.843000 213.561000 108.585220
214.137000 0.843000 214.411000 107.811380
214.877000 0.740000 215.151000 109.214020
215.793000 0.916000 216.061000 109.920580
216.665000 0.871000 216.931000 107.384450
217.512000 0.848000 217.781000 108.551580
218.333000 0.821000 218.601000 109.202810
219.177000 0.844000 219.451000 108.865600
220.040000 0.863000 220.311000 107.800160
220.863000 0.823000 221.131000 108.035680
221.587000 0.724000 221.861000 109.427110
222.513000 0.927000 222.781000 109.359820
223.380000 0.867000 223.651000 108.125400
224.218000 0.838000 224.491000 108.618870
225.041000 0.823000 225.311000 109.640200
225.883000 0.843000 226.151000 108.820740
226.738000 0.855000 227.011000 107.654360
227.569000 0.831000 227.841000 107.945960
228.408000 0.839000 228.671000 108.888030
229.274000 0.866000 229.541000 107.788950
230.143000 0.869000 230.411000 106.767620
230.878000 0.734000 231.151000 108.159050
231.768000 0.891000 232.031000 109.438320
232.610000 0.842000 232.881000 109.797210
233.358000 0.748000 233.631000 111.009190
234.148000 0.790000 234.421000 113.656720
235.047000 0.899000 235.311000 113.937100
235.909000 0.862000 236.181000 114.745340
236.760000 0.851000 237.031000 114.026820
237.482000 0.722000 237.761000 114.666830
238.380000 0.898000 238.641000 114.599540
239.242000 0.862000 239.511000 113.365130
240.066000 0.825000 240.341000 112.703430
240.796000 0.730000 241.061000 113.768870
241.679000 0.883000 241.941000 113.925880
242.516000 0.837000 242.781000 113.320270
243.247000 0.731000 243.521000 114.464960
244.040000 0.793000 244.311000 115.687410
244.950000 0.910000 245.211000 115.025720
245.789000 0.839000 246.051000 114.015610
246.608000 0.820000 246.881000 113.421200
247.321000 0.713000 247.591000 113.981960
248.215000 0.894000 248.481000 113.578210
249.064000 0.849000 249.331000 112.298940
249.790000 0.726000 250.061000 113.421200
250.582000 0.792000 250.841000 114.734120
251.484000 0.902000 251.751000 112.905300
252.324000 0.839000 252.591000 111.839120
253.042000 0.719000 253.321000 112.141930
253.821000 0.779000 254.081000 113.376340
254.715000 0.894000 254.981000 112.254080
255.547000 0.831000 255.821000 111.682100
256.357000 0.811000 256.631000 112.602500
257.179000 0.822000 257.451000 113.522140
258.031000 0.852000 258.291000 112.467170
258.891000 0.861000 259.161000 110.852180
259.711000 0.820000 259.981000 111.289570
260.527000 0.815000 260.791000 111.839120
261.356000 0.829000 261.621000 111.166210
262.207000 0.851000 262.471000 110.156090
263.036000 0.829000 263.311000 109.875720
263.761000 0.725000 264.031000 110.941900
264.529000 0.768000 264.801000 112.287720
265.443000 0.913000 265.711000 112.265290
266.318000 0.875000 266.591000 111.525090
267.128000 0.810000 267.401000 113.017460
267.836000 0.708000 268.111000 114.521040
268.738000 0.902000 269.001000 114.913570
269.596000 0.858000 269.871000 115.463110
270.418000 0.822000 270.691000 117.022770
271.145000 0.726000 271.421000 118.638500
272.068000 0.923000 272.331000 118.526350
272.927000 0.859000 273.191000 117.101270
273.733000 0.806000 274.011000 118.201110
274.446000 0.713000 274.711000 119.390660
275.358000 0.912000 275.621000 118.111380
276.210000 0.851000 276.481000 117.067630
277.036000 0.827000 277.311000 117.090060
277.762000 0.725000 278.031000 118.447840
278.679000 0.917000 278.941000 117.685210
279.538000 0.859000 279.801000 115.822000
280.372000 0.834000 280.641000 114.902350
281.104000 0.733000 281.381000 115.283670
281.994000 0.890000 282.251000 115.081790
282.817000 0.823000 283.081000 114.229440
283.652000 0.834000 283.921000 113.331480
284.384000 0.733000 284.651000 113.937100
285.137000 0.753000 285.401000 115.429460
285.932000 0.795000 286.191000 116.080690
286.817000 0.885000 287.081000 115.350960
287.635000 0.817000 287.901000 116.764820
288.453000 0.818000 288.721000 117.718850
289.307000 0.854000 289.571000 117.179780
290.165000 0.858000 290.431000 115.317310
290.904000 0.739000 291.171000 116.260130
291.787000 0.883000 292.051000 116.574160
292.619000 0.832000 292.881000 115.104220
293.444000 0.825000 293.711000 114.285520
294.176000 0.732000 294.441000 115.171520
295.062000 0.886000 295.321000 115.788350
295.935000 0.873000 296.201000 114.722910
296.777000 0.842000 297.051000 112.938950
297.613000 0.835000 297.881000 113.432420
298.438000 0.825000 298.701000 113.095960
299.285000 0.848000 299.551000 112.355010
300.135000 0.849000 300.401000 110.335540
300.952000 0.817000 301.221000 110.503760
301.760000 0.808000 302.021000 111.188640
302.589000 0.830000 302.851000 111.065270
303.426000 0.836000 303.691000 110.133660
304.202000 0.777000 304.471000 110.402830
305.022000 0.819000 305.281000 111.323220
305.861000 0.839000 306.121000 110.750500
306.721000 0.861000 306.991000 109.561690
307.558000 0.837000 307.821000 109.393460
308.298000 0.740000 308.561000 110.649560
309.192000 0.894000 309.451000 110.571060
310.043000 0.851000 310.311000 109.404680
310.894000 0.851000 311.161000 109.371030
311.652000 0.759000 311.921000 110.559840
312.539000 0.887000 312.801000 110.503760
313.385000 0.846000 313.651000 110.604700
314.219000 0.835000 314.491000 109.954220
314.962000 0.742000 315.231000 110.795360
315.848000 0.886000 316.111000 111.726960
316.707000 0.859000 316.971000 111.199850
317.582000 0.875000 317.851000 110.245820
318.433000 0.851000 318.711000 109.449540
319.265000 0.832000 319.531000 110.380400
320.123000 0.859000 320.391000 110.582270
321.016000 0.893000 321.281000 109.348600
321.877000 0.861000 322.151000 108.405780
322.601000 0.724000 322.871000 110.178520
323.367000 0.766000 323.631000 113.342700
324.281000 0.914000 324.541000 114.599540
325.180000 0.899000 325.451000 115.171520
326.048000 0.868000 326.321000 116.013400
326.885000 0.837000 327.161000 117.673990
327.764000 0.879000 328.031000 117.538660
328.665000 0.901000 328.941000 116.125550
329.515000 0.850000 329.791000 115.890030
330.254000 0.739000 330.521000 117.000340
331.168000 0.914000 331.431000 116.776030
332.019000 0.851000 332.291000 116.080690
332.755000 0.736000 333.031000 117.774930
333.639000 0.883000 333.911000 118.683360
334.505000 0.867000 334.771000 117.370440
335.375000 0.870000 335.651000 116.697530
336.210000 0.834000 336.481000 116.080690
337.028000 0.818000 337.291000 116.450790
337.854000 0.825000 338.121000 116.069480
338.710000 0.856000 338.971000 114.745340
339.560000 0.850000 339.831000 114.756550
340.385000 0.825000 340.651000 115.440680
341.104000 0.719000 341.371000 116.798460
341.990000 0.886000 342.251000 117.033980
342.846000 0.857000 343.121000 115.934890
343.681000 0.834000 343.951000 116.349860
344.502000 0.821000 344.771000 117.482590
345.365000 0.863000 345.631000 116.551730
346.239000 0.874000 346.501000 114.330380
347.065000 0.827000 347.341000 114.678050
347.901000 0.835000 348.171000 114.408880
348.750000 0.849000 349.011000 113.914670
349.623000 0.873000 349.891000 113.039890
350.502000 0.880000 350.771000 111.569950
351.322000 0.820000 351.591000 111.783040
352.041000 0.719000 352.311000 112.186790
352.937000 0.897000 353.201000 112.478380
353.795000 0.858000 354.061000 111.412940
354.658000 0.863000 354.931000 110.761710
355.492000 0.834000 355.761000 110.660780
356.294000 0.802000 356.561000 110.986760
357.142000 0.848000 357.401000 110.997980
357.983000 0.841000 358.251000 110.279460
358.807000 0.824000 359.071000 110.683210
359.612000 0.805000 359.881000 112.703430
360.459000 0.846000 360.721000 112.983810
361.305000 0.846000 361.571000 113.219330
362.123000 0.819000 362.391000 112.377440
362.830000 0.707000 363.101000 114.330380
363.707000 0.877000 363.971000 116.058260
364.531000 0.825000 364.801000 116.484440
365.381000 0.850000 365.651000 116.013400
366.204000 0.823000 366.481000 116.596590
367.012000 0.808000 367.281000 116.977900
367.846000 0.834000 368.111000 117.011550
368.699000 0.853000 368.971000 115.025720
369.536000 0.837000 369.801000 114.521040
370.337000 0.801000 370.601000 115.507970
371.181000 0.844000 371.451000 114.711690
372.034000 0.853000 372.301000 113.567000
372.866000 0.832000 373.141000 113.185680
373.673000 0.806000 373.941000 113.925880
374.501000 0.828000 374.771000 114.285520
375.364000 0.863000 375.631000 112.916520
376.277000 0.913000 376.541000 111.940050
377.109000 0.832000 377.381000 110.447690
377.923000 0.815000 378.191000 111.098920
378.688000 0.765000 378.951000 112.040990
379.474000 0.785000 379.741000 113.320270
380.386000 0.913000 380.651000 113.881020
381.214000 0.828000 381.491000 114.801420
381.940000 0.725000 382.211000 117.718850
382.844000 0.904000 383.111000 118.436620
383.724000 0.880000 383.991000 116.574160
384.569000 0.846000 384.841000 116.047050
385.377000 0.808000 385.641000 116.159200
386.219000 0.843000 386.481000 115.373390
387.082000 0.862000 387.351000 114.116540
387.925000 0.844000 388.191000 113.522140
388.789000 0.864000 389.061000 113.387560
389.636000 0.847000 389.901000 112.580070
390.460000 0.824000 390.731000 113.757660
391.274000 0.815000 391.541000 116.013400
392.217000 0.943000 392.481000 116.921830
393.173000 0.955000 393.441000 116.630230
393.932000 0.759000 394.201000 117.482590
394.812000 0.880000 395.081000 118.694570
395.673000 0.861000 395.941000 118.896450
396.550000 0.877000 396.821000 118.044090
397.398000 0.848000 397.671000 117.831010
398.200000 0.802000 398.471000 118.447840
399.094000 0.894000 399.361000 118.414190
400.053000 0.959000 400.321000 115.687410
400.911000 0.858000 401.181000 115.328530
401.765000 0.853000 402.031000 115.507970
402.625000 0.861000 402.891000 114.364020
403.471000 0.845000 403.741000 114.004390
404.286000 0.816000 404.561000 115.137870
405.101000 0.814000 405.361000 116.405930
405.949000 0.848000 406.211000 116.383500
406.860000 0.911000 407.121000 115.149090
407.851000 0.991000 408.121000 113.925880
408.677000 0.826000 408.941000 114.790200
409.520000 0.843000 409.781000 114.801420
410.368000 0.848000 410.641000 114.846280
411.204000 0.836000 411.481000 115.137870
411.994000 0.791000 412.261000 117.482590
412.913000 0.919000 413.181000 117.763710
413.812000 0.899000 414.081000 116.977900
414.690000 0.879000 414.961000 116.024620
415.463000 0.773000 415.731000 116.091910
416.550000 1.087000 416.811000 114.778980
417.455000 0.905000 417.731000 112.388660
418.291000 0.836000 418.561000 111.480230
419.070000 0.779000 419.341000 112.366230
419.870000 0.800000 420.141000 114.071680
420.789000 0.919000 421.051000 114.453750
421.687000 0.898000 421.951000 114.071680
422.543000 0.856000 422.811000 114.913570
423.330000 0.787000 423.601000 115.552830
424.388000 1.058000 424.651000 114.071680
425.308000 0.920000 425.581000 112.983810
426.140000 0.832000 426.401000 113.892240
426.921000 0.782000 427.191000 115.676200
427.713000 0.792000 427.981000 117.898300
428.630000 0.916000 428.891000 118.717000
429.486000 0.856000 429.761000 119.749550
430.200000 0.714000 430.471000 121.544720
431.095000 0.895000 431.361000 122.992220
431.974000 0.878000 432.241000 120.702830
432.853000 0.879000 433.111000 120.097220
433.692000 0.839000 433.961000 119.401880
434.503000 0.812000 434.771000 119.323370
435.332000 0.829000 435.601000 119.256080
436.178000 0.846000 436.451000 117.685210
436.995000 0.817000 437.261000 117.853440
437.720000 0.725000 437.991000 119.648610
438.653000 0.933000 438.911000 119.514030
439.520000 0.867000 439.791000 117.752500
440.325000 0.805000 440.591000 118.044090
441.044000 0.719000 441.311000 118.447840
441.962000 0.918000 442.221000 117.763710
442.813000 0.851000 443.081000 117.291930
443.668000 0.855000 443.941000 117.741280
444.500000 0.832000 444.771000 118.167460
445.306000 0.806000 445.571000 118.470270
446.146000 0.840000 446.411000 118.806720
446.998000 0.852000 447.261000 117.831010
447.837000 0.839000 448.101000 117.707640
448.657000 0.820000 448.921000 117.965590
449.485000 0.828000 449.751000 118.638500
450.342000 0.857000 450.611000 118.145030
451.221000 0.879000 451.481000 116.316210
452.086000 0.865000 452.351000 115.384600
452.919000 0.833000 453.191000 114.992070
453.691000 0.772000 453.951000 115.250020
454.560000 0.870000 454.821000 115.093010
455.378000 0.818000 455.651000 114.521040
456.176000 0.798000 456.451000 115.519190
456.949000 0.773000 457.211000 117.853440
457.707000 0.759000 457.971000 119.682250
458.648000 0.941000 458.911000 121.129760
459.733000 1.085000 460.001000 117.549880
460.652000 0.919000 460.921000 117.179780
461.510000 0.857000 461.781000 116.843320
462.309000 0.800000 462.581000 115.687410
463.104000 0.794000 463.371000 115.250020
463.872000 0.769000 464.141000 116.955470
464.642000 0.770000 464.911000 118.817940
465.568000 0.925000 465.831000 118.840370
466.420000 0.852000 466.681000 117.920730
467.359000 0.939000 467.621000 117.247070
468.197000 0.839000 468.461000 116.977900
468.959000 0.761000 469.231000 118.470270
469.742000 0.784000 470.011000 120.321520
470.535000 0.793000 470.801000 119.659820
471.301000 0.766000 471.571000 121.858740
472.077000 0.776000 472.341000 123.496910
472.979000 0.902000 473.241000 123.642700
473.880000 0.901000 474.151000 120.029930
474.709000 0.829000 474.981000 120.366380
475.478000 0.768000 475.751000 120.388810
476.277000 0.799000 476.541000 120.209370
477.072000 0.795000 477.341000 119.413090
477.839000 0.767000 478.111000 120.714050
478.586000 0.748000 478.851000 122.385860
479.370000 0.784000 479.631000 122.824000
480.253000 0.882000 480.521000 121.275560
480.967000 0.714000 481.241000 120.770130
481.702000 0.736000 481.971000 122.779140
482.467000 0.764000 482.731000 122.824000
483.224000 0.757000 483.491000 121.825100
483.938000 0.715000 484.201000 122.554080
484.644000 0.706000 484.911000 122.262490
485.364000 0.719000 485.631000 122.801570
486.110000 0.746000 486.371000 123.037080
486.947000 0.838000 487.211000 121.858740
487.813000 0.866000 488.071000 118.795510
488.640000 0.826000 488.911000 117.033980
489.452000 0.813000 489.711000 117.999230
490.278000 0.826000 490.541000 116.047050
491.098000 0.820000 491.371000 114.992070
491.830000 0.732000 492.091000 115.676200
492.612000 0.783000 492.871000 117.134920
493.469000 0.857000 493.731000 116.518080
494.192000 0.722000 494.461000 116.820890
494.948000 0.756000 495.211000 119.379450
495.729000 0.781000 495.991000 120.220580
496.544000 0.815000 496.811000 119.738330
497.310000 0.767000 497.581000 120.299090
498.072000 0.762000 498.341000 121.511070
498.906000 0.834000 499.171000 121.309200
499.702000 0.796000 499.971000 119.581320
500.445000 0.743000 500.711000 120.624330
501.204000 0.759000 501.471000 121.825100
501.983000 0.779000 502.251000 121.511070
502.781000 0.798000 503.051000 120.770130
503.521000 0.740000 503.791000 120.859850
504.260000 0.739000 504.521000 122.453150
505.058000 0.798000 505.321000 123.037080
505.842000 0.784000 506.111000 121.017610
506.601000 0.760000 506.871000 121.869960
507.358000 0.756000 507.621000 122.475580
508.216000 0.858000 508.471000 121.802670
509.033000 0.817000 509.301000 119.603750
509.750000 0.718000 510.021000 119.973850
510.529000 0.779000 510.781000 120.624330
511.402000 0.873000 511.661000 119.300940
512.129000 0.726000 512.391000 118.986170
512.908000 0.779000 513.161000 119.749550
513.789000 0.881000 514.051000 119.872910
514.621000 0.832000 514.881000 118.717000
515.434000 0.813000 515.701000 118.402980
516.159000 0.725000 516.421000 118.526350
517.053000 0.893000 517.311000 118.548780
517.890000 0.837000 518.161000 116.753600
518.604000 0.714000 518.871000 117.774930
519.381000 0.778000 519.641000 119.008600
520.264000 0.882000 520.521000 118.111380
521.080000 0.816000 521.341000 117.078840
521.799000 0.720000 522.061000 117.752500
522.679000 0.880000 522.941000 118.447840
523.505000 0.826000 523.771000 117.033980
524.237000 0.732000 524.501000 116.619020
525.010000 0.773000 525.271000 117.763710
525.880000 0.870000 526.141000 117.202210
526.697000 0.816000 526.961000 117.146130
527.415000 0.718000 527.681000 117.730070
528.162000 0.747000 528.431000 119.659820
529.035000 0.873000 529.291000 119.715900
529.873000 0.838000 530.131000 119.917770
530.720000 0.846000 530.991000 120.512180
531.537000 0.817000 531.811000 120.601900
532.236000 0.700000 532.511000 121.847530
533.120000 0.884000 533.381000 121.668090
533.952000 0.832000 534.221000 120.972750
534.777000 0.825000 535.051000 121.163400
535.584000 0.807000 535.851000 121.780240
536.409000 0.825000 536.671000 121.847530
537.236000 0.827000 537.501000 122.004540
538.072000 0.836000 538.341000 120.478530
538.889000 0.817000 539.161000 119.738330
539.612000 0.723000 539.881000 120.747700
540.508000 0.896000 540.771000 119.996280
541.345000 0.837000 541.611000 117.561840
542.063000 0.719000 542.331000 118.470270
542.850000 0.786000 543.111000 119.278510
543.741000 0.892000 544.001000 117.146130
544.561000 0.820000 544.831000 116.450790
545.284000 0.723000 545.551000 117.224640
546.163000 0.879000 546.421000 117.460160
547.000000 0.837000 547.261000 115.642550
547.805000 0.804000 548.071000 115.014500
548.518000 0.713000 548.781000 116.462010
549.369000 0.851000 549.631000 116.888180
550.178000 0.809000 550.441000 116.675100
550.896000 0.718000 551.161000 118.100170
551.664000 0.768000 551.931000 120.871060
552.581000 0.917000 552.841000 120.388810
553.417000 0.837000 553.691000 120.287870
554.232000 0.815000 554.501000 120.859850
555.053000 0.821000 555.311000 121.028820
555.878000 0.825000 556.141000 119.996280
556.711000 0.833000 556.981000 118.503910
557.528000 0.817000 557.791000 119.188040
558.352000 0.824000 558.621000 119.435520
559.187000 0.835000 559.451000 118.672140
559.893000 0.707000 560.161000 120.018710
560.652000 0.759000 560.921000 122.217630
561.531000 0.879000 561.791000 122.678200
562.364000 0.833000 562.631000 121.869960
563.082000 0.719000 563.351000 123.541770
563.845000 0.762000 564.111000 124.383650
564.729000 0.884000 564.991000 124.304400
565.559000 0.831000 565.821000 122.363430
566.361000 0.802000 566.631000 122.217630
567.067000 0.706000 567.331000 122.520440
567.944000 0.877000 568.211000 121.970900
568.775000 0.832000 569.041000 120.411240
569.588000 0.813000 569.851000 119.312150
570.300000 0.712000 570.571000 120.523390
571.168000 0.869000 571.431000 120.243010
571.979000 0.811000 572.241000 119.008600
572.811000 0.832000 573.071000 117.707640
573.521000 0.711000 573.791000 118.055310
574.293000 0.772000 574.551000 118.604850
575.174000 0.881000 575.431000 118.851590
576.025000 0.851000 576.291000 117.381650
576.846000 0.820000 577.111000 117.224640
577.644000 0.798000 577.911000 117.685210
578.452000 0.808000 578.721000 117.561840
579.284000 0.832000 579.551000 117.045200
580.128000 0.843000 580.391000 115.957320
580.941000 0.813000 581.201000 116.405930
581.746000 0.805000 582.011000 117.213420
582.577000 0.831000 582.841000 116.798460
583.420000 0.843000 583.681000 116.776030
584.258000 0.838000 584.521000 117.359220
585.073000 0.816000 585.341000 117.426510
585.780000 0.707000 586.051000 118.851590
586.659000 0.879000 586.921000 119.558890
587.495000 0.837000 587.761000 119.323370
588.311000 0.816000 588.581000 119.805620
589.032000 0.721000 589.301000 121.993330
589.933000 0.900000 590.191000 122.430720
590.794000 0.862000 591.061000 121.780240
591.646000 0.851000 591.911000 121.511070
