3.092000 1.062000 3.411000 95.109830
4.056000 0.964000 4.381000 93.931875
5.065000 1.009000 5.391000 93.180349
6.043000 0.978000 6.361000 94.347044
7.101000 1.058000 7.411000 95.536257
8.182000 1.082000 8.501000 94.504199
9.273000 1.091000 9.591000 93.314986
10.336000 1.063000 10.651000 93.460412
11.441000 1.104000 11.761000 92.775970
12.439000 0.998000 12.761000 93.292468
13.479000 1.040000 13.791000 93.920617
14.562000 1.083000 14.871000 93.662602
15.666000 1.105000 15.981000 92.259940
16.721000 1.054000 17.041000 93.494189
17.827000 1.107000 18.141000 93.067761
18.948000 1.121000 19.271000 90.913573
19.982000 1.034000 20.311000 91.542191
21.008000 1.026000 21.321000 92.686368
22.077000 1.069000 22.391000 92.338752
23.049000 0.971000 23.371000 94.436646
24.090000 1.041000 24.401000 95.020228
25.146000 1.056000 25.451000 95.401621
26.207000 1.061000 26.521000 94.784731
27.209000 1.002000 27.531000 94.021477
28.200000 0.991000 28.531000 93.359552
29.163000 0.963000 29.481000 95.188641
30.119000 0.955000 30.441000 95.323278
31.098000 0.979000 31.411000 94.840556
32.139000 1.041000 32.451000 95.446656
33.224000 1.085000 33.541000 93.404587
34.266000 1.042000 34.591000 93.931875
35.270000 1.005000 35.591000 94.963934
36.328000 1.058000 36.641000 95.300760
37.441000 1.113000 37.751000 94.694661
38.547000 1.105000 38.871000 93.673861
39.572000 1.026000 39.891000 95.042746
40.644000 1.072000 40.961000 95.098571
41.759000 1.115000 42.071000 94.683402
42.868000 1.108000 43.191000 92.742662
43.950000 1.082000 44.261000 94.638836
45.077000 1.127000 45.391000 93.785980
46.215000 1.139000 46.541000 91.631792
47.292000 1.077000 47.621000 92.450871
48.243000 0.951000 48.571000 93.685120
49.233000 0.990000 49.541000 94.526716
50.294000 1.061000 50.601000 95.121088
51.429000 1.135000 51.741000 94.324527
52.548000 1.120000 52.871000 94.414128
53.603000 1.055000 53.921000 96.007721
54.737000 1.134000 55.051000 95.794272
55.881000 1.144000 56.201000 93.112796
56.956000 1.075000 57.281000 94.066512
58.053000 1.096000 58.371000 94.762213
59.185000 1.133000 59.501000 94.043995
60.273000 1.087000 60.601000 93.146573
61.300000 1.027000 61.621000 94.661353
62.413000 1.113000 62.731000 94.470422
63.565000 1.152000 63.881000 93.516706
64.640000 1.075000 64.961000 94.111547
65.759000 1.119000 66.081000 94.694661
66.879000 1.120000 67.201000 93.348293
67.930000 1.050000 68.261000 93.494189
68.947000 1.017000 69.261000 95.469174
70.031000 1.085000 70.341000 95.547516
71.168000 1.137000 71.491000 93.460412
72.240000 1.072000 72.561000 94.335786
73.322000 1.081000 73.631000 94.851815
74.424000 1.103000 74.741000 94.919368
75.505000 1.081000 75.831000 93.337034
76.513000 1.007000 76.841000 94.347044
77.543000 1.031000 77.861000 95.536257
78.619000 1.076000 78.931000 96.231959
79.728000 1.109000 80.051000 94.863074
80.773000 1.044000 81.101000 95.020228
81.825000 1.052000 82.141000 95.951426
82.907000 1.082000 83.221000 96.276994
84.008000 1.101000 84.321000 95.446656
85.100000 1.091000 85.421000 94.279492
86.168000 1.068000 86.481000 94.941885
87.282000 1.114000 87.601000 95.244466
88.389000 1.106000 88.711000 94.313268
89.445000 1.056000 89.771000 94.459164
90.484000 1.040000 90.801000 95.412880
91.569000 1.085000 91.881000 95.379103
92.626000 1.057000 92.951000 94.122806
93.635000 1.009000 93.951000 95.312019
94.710000 1.074000 95.021000 95.884343
95.820000 1.111000 96.141000 95.469174
96.910000 1.090000 97.231000 94.246184
97.983000 1.073000 98.301000 95.020228
99.082000 1.099000 99.401000 94.930627
100.210000 1.128000 100.521000 94.919368
101.320000 1.110000 101.641000 94.066512
102.400000 1.081000 102.721000 94.504199
103.555000 1.154000 103.871000 94.335786
104.720000 1.165000 105.041000 92.641333
105.799000 1.080000 106.131000 92.798487
106.848000 1.049000 107.171000 94.144855
107.966000 1.118000 108.281000 94.616318
109.086000 1.120000 109.401000 94.762213
110.213000 1.127000 110.541000 93.628825
111.232000 1.019000 111.561000 93.988170
112.246000 1.014000 112.561000 95.693412
113.390000 1.144000 113.701000 95.805531
114.542000 1.153000 114.871000 95.390362
115.552000 1.010000 115.881000 95.570034
116.577000 1.025000 116.901000 97.230710
117.698000 1.121000 118.011000 97.096073
118.801000 1.103000 119.131000 96.344078
119.818000 1.017000 120.141000 97.196934
120.912000 1.094000 121.221000 97.915152
122.039000 1.127000 122.351000 97.399123
123.128000 1.089000 123.451000 96.613351
124.216000 1.088000 124.531000 97.253228
125.346000 1.130000 125.661000 96.355337
126.443000 1.096000 126.771000 95.626328
127.486000 1.044000 127.801000 97.017262
128.596000 1.110000 128.911000 96.893884
129.721000 1.125000 130.041000 95.670894
130.779000 1.058000 131.101000 95.962685
131.828000 1.049000 132.141000 97.163157
132.917000 1.089000 133.231000 97.320311
134.034000 1.117000 134.351000 98.004754
135.169000 1.135000 135.491000 96.186923
136.210000 1.041000 136.541000 96.434148
137.270000 1.060000 137.581000 97.724222
138.407000 1.137000 138.721000 97.432431
139.548000 1.141000 139.871000 96.344078
140.628000 1.079000 140.941000 97.690445
141.768000 1.141000 142.081000 97.107332
142.918000 1.150000 143.241000 95.760965
143.987000 1.069000 144.311000 96.647128
145.125000 1.138000 145.441000 96.815541
146.250000 1.126000 146.571000 96.400372
147.351000 1.100000 147.661000 97.342829
148.416000 1.065000 148.731000 97.387864
149.400000 0.984000 149.721000 97.544550
150.357000 0.957000 150.681000 98.217733
151.375000 1.018000 151.701000 97.668397
152.357000 0.981000 152.671000 98.880127
153.399000 1.043000 153.711000 99.530793
154.492000 1.092000 154.811000 98.487476
155.512000 1.020000 155.841000 98.296545
156.599000 1.087000 156.911000 99.048071
157.738000 1.139000 158.051000 98.588336
158.886000 1.148000 159.211000 97.331570
159.977000 1.092000 160.301000 96.557526
161.069000 1.091000 161.381000 97.421172
162.175000 1.107000 162.491000 97.062297
163.274000 1.099000 163.591000 96.074804
164.302000 1.028000 164.631000 96.321560
165.304000 1.002000 165.621000 98.262769
166.386000 1.082000 166.701000 98.632902
167.501000 1.116000 167.821000 97.544550
168.575000 1.073000 168.901000 97.230710
169.690000 1.115000 170.011000 97.657138
170.853000 1.163000 171.171000 97.522501
172.007000 1.154000 172.331000 96.759247
173.092000 1.084000 173.411000 97.107332
174.168000 1.077000 174.491000 96.400372
175.209000 1.041000 175.531000 96.635869
176.277000 1.068000 176.591000 97.342829
177.368000 1.091000 177.691000 96.467456
178.390000 1.022000 178.711000 97.275276
179.455000 1.066000 179.771000 97.836341
180.608000 1.153000 180.921000 97.533760
181.748000 1.139000 182.071000 96.692163
182.807000 1.059000 183.131000 97.241969
183.935000 1.129000 184.251000 97.555808
185.076000 1.141000 185.401000 96.546267
186.147000 1.071000 186.471000 96.635869
187.224000 1.077000 187.541000 97.140639
188.358000 1.135000 188.681000 97.230710
189.474000 1.115000 189.801000 96.826800
190.512000 1.038000 190.831000 97.803033
191.619000 1.108000 191.931000 98.274027
192.762000 1.142000 193.081000 98.027272
193.872000 1.110000 194.201000 97.858858
194.969000 1.097000 195.291000 98.319063
196.114000 1.145000 196.431000 98.622113
197.259000 1.144000 197.591000 98.307804
198.327000 1.068000 198.651000 98.509524
199.443000 1.117000 199.761000 99.295296
200.627000 1.184000 200.941000 99.093107
201.783000 1.155000 202.111000 98.632902
202.872000 1.089000 203.201000 99.081848
204.011000 1.139000 204.331000 99.026023
205.176000 1.165000 205.501000 98.700455
206.302000 1.126000 206.631000 98.094355
207.379000 1.077000 207.701000 98.812574
208.509000 1.130000 208.831000 99.160660
209.625000 1.117000 209.961000 99.182708
210.670000 1.044000 211.001000 99.508276
211.761000 1.091000 212.081000 100.103120
212.889000 1.129000 213.211000 99.968480
213.977000 1.088000 214.311000 100.035560
215.021000 1.043000 215.341000 101.213520
216.136000 1.115000 216.451000 101.684980
217.260000 1.124000 217.591000 100.989280
218.281000 1.021000 218.621000 101.438230
219.310000 1.029000 219.631000 102.223530
220.395000 1.085000 220.711000 102.885450
221.503000 1.107000 221.821000 102.953010
222.537000 1.035000 222.861000 103.154730
223.640000 1.102000 223.961000 103.626190
224.812000 1.173000 225.131000 103.031350
225.940000 1.127000 226.271000 102.055110
227.037000 1.097000 227.361000 102.762070
228.168000 1.131000 228.491000 102.549100
229.274000 1.106000 229.601000 101.617430
230.302000 1.028000 230.631000 101.730020
231.361000 1.059000 231.681000 102.313130
232.446000 1.085000 232.771000 102.100150
233.504000 1.058000 233.831000 101.662460
234.527000 1.023000 234.841000 102.515320
235.605000 1.078000 235.921000 102.818370
236.707000 1.102000 237.021000 103.368170
237.776000 1.070000 238.101000 102.212270
238.859000 1.083000 239.181000 102.818370
239.965000 1.106000 240.281000 102.537840
241.030000 1.065000 241.361000 101.662460
242.039000 1.008000 242.361000 102.549100
243.119000 1.081000 243.431000 103.053870
244.239000 1.120000 244.561000 101.202730
245.313000 1.073000 245.641000 100.978020
246.417000 1.104000 246.731000 101.584120
247.554000 1.137000 247.871000 101.472000
248.665000 1.111000 248.991000 100.259800
249.736000 1.071000 250.051000 100.338610
250.861000 1.125000 251.181000 99.990529
251.984000 1.124000 252.311000 99.272779
253.020000 1.036000 253.341000 99.620395
254.083000 1.063000 254.401000 100.978020
255.180000 1.097000 255.501000 101.034320
256.241000 1.060000 256.571000 101.011800
257.328000 1.087000 257.641000 101.943000
258.495000 1.168000 258.811000 101.617430
259.661000 1.165000 259.991000 100.641660
260.788000 1.127000 261.101000 100.809610
261.963000 1.175000 262.281000 100.450730
263.132000 1.169000 263.451000 98.722973
264.223000 1.090000 264.551000 98.700455
265.325000 1.102000 265.641000 99.676689
266.447000 1.123000 266.761000 99.597877
267.548000 1.101000 267.871000 98.745491
268.587000 1.039000 268.911000 99.396157
269.678000 1.091000 269.991000 100.069340
270.796000 1.118000 271.121000 98.464958
271.864000 1.067000 272.181000 98.868868
272.990000 1.126000 273.301000 99.306555
274.132000 1.142000 274.451000 99.059330
275.249000 1.117000 275.571000 97.926411
276.330000 1.080000 276.651000 98.655420
277.327000 0.997000 277.651000 98.778798
278.280000 0.953000 278.601000 98.431182
279.250000 0.970000 279.571000 98.880127
280.229000 0.979000 280.541000 100.596630
281.303000 1.075000 281.611000 101.180210
282.474000 1.170000 282.781000 100.136420
283.586000 1.112000 283.911000 99.721255
284.654000 1.069000 284.971000 100.585370
285.800000 1.146000 286.111000 100.372390
286.974000 1.174000 287.291000 99.250261
288.068000 1.094000 288.401000 98.363629
289.115000 1.047000 289.431000 99.766290
290.228000 1.113000 290.541000 100.697490
291.367000 1.139000 291.691000 100.035560
292.420000 1.053000 292.741000 100.439470
293.512000 1.091000 293.831000 101.494050
294.647000 1.135000 294.961000 101.213520
295.784000 1.137000 296.111000 100.551590
296.825000 1.042000 297.151000 100.641660
297.888000 1.063000 298.201000 101.718760
298.995000 1.107000 299.311000 101.617430
300.093000 1.098000 300.421000 100.697490
301.137000 1.044000 301.461000 101.460740
302.257000 1.119000 302.571000 101.404450
303.384000 1.127000 303.711000 100.226490
304.443000 1.059000 304.761000 100.607890
305.561000 1.118000 305.881000 100.944240
306.709000 1.148000 307.021000 100.372390
307.780000 1.071000 308.111000 99.732514
308.793000 1.013000 309.111000 101.135180
309.891000 1.098000 310.201000 101.718760
311.010000 1.118000 311.331000 100.989280
312.092000 1.082000 312.411000 100.540330
313.239000 1.147000 313.551000 100.327350
314.404000 1.166000 314.721000 99.407415
315.481000 1.076000 315.811000 98.622113
316.541000 1.060000 316.851000 100.237750
317.627000 1.087000 317.941000 101.381930
318.738000 1.111000 319.061000 100.798820
319.781000 1.043000 320.101000 101.449480
320.913000 1.132000 321.231000 101.954250
322.108000 1.196000 322.431000 100.966760
323.238000 1.130000 323.561000 99.833843
324.342000 1.103000 324.661000 100.136420
325.495000 1.154000 325.811000 99.900927
326.663000 1.168000 326.981000 98.835092
327.759000 1.096000 328.081000 98.622113
328.849000 1.091000 329.161000 99.676689
329.991000 1.142000 330.301000 99.900927
331.099000 1.108000 331.421000 99.205226
332.164000 1.065000 332.481000 99.867151
333.266000 1.103000 333.581000 100.069340
334.388000 1.122000 334.891000 101.483260
335.470000 1.082000 335.791000 100.641660
336.622000 1.152000 336.931000 100.652920
337.803000 1.181000 338.121000 99.609136
338.901000 1.098000 339.221000 98.700455
340.002000 1.101000 340.321000 99.295296
341.154000 1.153000 341.471000 99.216485
342.301000 1.146000 342.621000 97.858858
343.397000 1.097000 343.711000 98.745491
344.558000 1.160000 344.871000 98.969729
345.714000 1.156000 346.041000 98.161908
346.815000 1.101000 347.131000 97.847600
347.926000 1.111000 348.251000 98.935952
349.009000 1.083000 349.331000 98.677938
350.053000 1.044000 350.371000 99.800067
351.165000 1.112000 351.481000 100.259800
352.330000 1.165000 352.651000 99.441192
353.474000 1.144000 353.801000 98.734232
354.514000 1.039000 354.841000 99.328604
355.610000 1.096000 355.921000 100.237750
356.748000 1.138000 357.061000 99.855892
357.830000 1.082000 358.161000 99.115624
358.872000 1.042000 359.191000 99.945962
359.971000 1.099000 360.291000 100.461990
361.105000 1.134000 361.421000 100.024300
362.180000 1.075000 362.511000 100.013050
363.240000 1.060000 363.561000 100.899680
364.373000 1.133000 364.691000 100.899680
365.515000 1.142000 365.841000 99.990529
366.585000 1.070000 366.911000 100.035560
367.724000 1.139000 368.041000 100.731270
368.882000 1.159000 369.201000 99.867151
369.967000 1.085000 370.291000 99.687948
371.098000 1.131000 371.411000 100.439470
372.260000 1.162000 372.581000 99.676689
373.375000 1.115000 373.701000 99.115624
374.411000 1.036000 374.731000 99.766290
375.503000 1.091000 375.821000 100.551590
376.669000 1.166000 376.991000 99.867151
377.770000 1.101000 378.101000 99.205226
378.879000 1.109000 379.191000 99.968480
380.054000 1.175000 380.371000 99.800067
381.188000 1.134000 381.511000 99.126883
382.283000 1.096000 382.601000 99.699207
383.390000 1.106000 383.711000 99.508276
384.531000 1.141000 384.851000 98.498266
385.607000 1.077000 385.931000 98.554560
386.688000 1.081000 387.001000 99.732514
387.832000 1.144000 388.151000 100.203980
388.963000 1.131000 389.291000 99.003505
390.065000 1.101000 390.381000 99.519535
391.226000 1.162000 391.541000 99.351121
392.434000 1.208000 392.751000 98.262769
393.565000 1.131000 393.891000 97.634620
394.694000 1.129000 395.011000 98.632902
395.870000 1.175000 396.181000 98.228992
397.046000 1.176000 397.371000 97.006003
398.118000 1.072000 398.441000 97.657138
399.228000 1.111000 399.541000 98.577077
400.398000 1.170000 400.721000 98.341580
401.505000 1.107000 401.831000 98.038530
402.577000 1.072000 402.901000 99.216485
403.726000 1.148000 404.041000 99.339862
404.860000 1.135000 405.191000 98.846351
405.923000 1.063000 406.241000 99.620395
407.048000 1.125000 407.361000 100.405700
408.213000 1.165000 408.531000 99.597877
409.303000 1.090000 409.631000 99.339862
410.388000 1.084000 410.711000 100.293580
411.544000 1.156000 411.861000 100.529540
412.699000 1.155000 413.021000 99.743773
413.748000 1.048000 414.081000 100.001790
414.823000 1.075000 415.141000 100.933450
415.959000 1.137000 416.281000 100.607890
417.053000 1.094000 417.381000 100.249010
418.117000 1.064000 418.441000 101.224780
419.243000 1.126000 419.561000 101.785840
420.368000 1.125000 420.691000 100.854640
421.430000 1.063000 421.751000 101.269810
422.555000 1.125000 422.871000 101.359410
423.731000 1.176000 424.051000 100.551590
424.844000 1.113000 425.171000 100.271060
425.967000 1.123000 426.281000 101.348150
427.146000 1.178000 427.461000 100.686230
428.287000 1.141000 428.621000 99.182708
429.365000 1.078000 429.691000 99.743773
430.510000 1.144000 430.831000 100.652920
431.641000 1.132000 431.961000 100.215240
432.683000 1.042000 433.011000 101.494050
433.755000 1.072000 434.071000 102.549100
434.866000 1.111000 435.181000 101.931740
435.926000 1.060000 436.261000 101.348150
436.959000 1.034000 437.281000 102.549100
438.056000 1.096000 438.371000 103.581150
439.164000 1.108000 439.491000 102.346910
440.192000 1.028000 440.521000 101.460740
441.255000 1.063000 441.571000 102.649960
442.385000 1.130000 442.701000 103.053870
443.550000 1.166000 443.871000 102.189750
444.632000 1.082000 444.961000 101.505310
445.739000 1.107000 446.051000 102.391940
446.888000 1.149000 447.201000 101.931740
448.024000 1.136000 448.351000 100.798820
449.082000 1.059000 449.401000 101.034320
450.187000 1.104000 450.501000 101.494050
451.329000 1.142000 451.641000 102.010550
452.428000 1.099000 452.751000 100.765040
453.486000 1.058000 453.811000 101.056830
454.580000 1.095000 454.901000 101.146430
455.721000 1.141000 456.041000 101.045570
456.801000 1.079000 457.131000 100.338610
457.867000 1.067000 458.181000 101.438230
458.976000 1.109000 459.291000 101.348150
460.088000 1.112000 460.411000 100.461990
461.125000 1.036000 461.451000 100.484510
462.164000 1.039000 462.481000 102.010550
463.247000 1.084000 463.561000 102.324390
464.346000 1.099000 464.671000 101.988030
465.382000 1.036000 465.701000 101.853390
466.495000 1.113000 466.811000 102.436510
467.659000 1.164000 467.981000 101.628690
468.788000 1.129000 469.121000 100.865900
469.861000 1.072000 470.181000 101.718760
470.997000 1.136000 471.311000 102.178490
472.137000 1.141000 472.461000 100.944240
473.180000 1.043000 473.511000 100.877160
474.262000 1.081000 474.571000 101.830880
475.399000 1.137000 475.711000 102.212270
476.474000 1.075000 476.801000 100.854640
477.530000 1.056000 477.841000 101.897960
478.661000 1.131000 478.971000 101.785840
479.783000 1.122000 480.111000 100.944240
480.829000 1.046000 481.151000 101.359410
481.935000 1.106000 482.251000 102.246050
483.089000 1.154000 483.411000 101.763320
484.166000 1.077000 484.491000 101.000540
485.224000 1.058000 485.541000 102.403200
486.310000 1.085000 486.621000 101.897960
487.379000 1.070000 487.701000 102.335650
488.373000 0.993000 488.701000 102.907970
489.432000 1.060000 489.751000 104.445270
490.525000 1.093000 490.841000 104.927520
491.577000 1.052000 491.901000 104.018840
492.632000 1.055000 492.951000 104.489830
493.743000 1.110000 494.061000 104.153480
494.824000 1.082000 495.151000 103.569900
495.881000 1.057000 496.201000 104.164740
496.989000 1.108000 497.301000 103.704530
498.113000 1.124000 498.431000 103.188500
499.216000 1.103000 499.541000 101.954250
500.220000 1.005000 500.541000 102.649960
501.272000 1.052000 501.581000 103.569900
502.339000 1.066000 502.661000 103.850430
503.354000 1.016000 503.681000 102.739560
504.390000 1.036000 504.701000 103.626190
505.492000 1.102000 505.811000 103.177240
506.603000 1.111000 506.921000 102.593660
507.649000 1.046000 507.971000 102.380680
508.798000 1.149000 509.111000 103.289360
509.987000 1.190000 510.301000 102.066370
511.118000 1.130000 511.441000 101.034320
512.227000 1.110000 512.541000 101.819620
513.370000 1.143000 513.681000 102.100150
514.509000 1.139000 514.831000 101.483260
515.592000 1.083000 515.911000 101.326110
516.672000 1.080000 516.991000 102.156440
517.779000 1.107000 518.091000 102.189750
518.871000 1.092000 519.191000 101.763320
519.895000 1.024000 520.211000 102.616180
520.985000 1.090000 521.301000 104.030100
522.121000 1.136000 522.441000 103.233540
523.186000 1.065000 523.511000 102.717040
524.268000 1.082000 524.581000 103.772090
525.390000 1.122000 525.711000 103.659500
526.519000 1.130000 526.841000 102.829630
527.568000 1.048000 527.891000 103.637450
528.641000 1.073000 528.951000 104.254340
529.710000 1.069000 530.031000 104.097180
530.768000 1.058000 531.101000 103.345660
531.770000 1.002000 532.091000 104.164740
532.839000 1.069000 533.151000 105.084680
533.959000 1.120000 534.281000 104.871700
535.040000 1.082000 535.371000 103.929240
536.073000 1.033000 536.391000 104.501090
537.173000 1.100000 537.481000 104.557390
538.273000 1.100000 538.591000 103.805390
539.318000 1.044000 539.691000 106.408530
540.386000 1.069000 540.701000 106.116730
541.507000 1.120000 541.821000 105.611960
542.606000 1.100000 542.931000 104.568650
543.638000 1.032000 543.951000 105.611960
544.704000 1.066000 545.021000 106.330180
545.778000 1.074000 546.091000 106.307670
546.819000 1.041000 547.141000 104.893750
547.834000 1.015000 548.151000 106.161770
548.904000 1.070000 549.221000 106.655280
549.996000 1.092000 550.311000 105.522360
551.029000 1.033000 551.351000 105.466070
552.081000 1.052000 552.391000 106.520640
553.173000 1.092000 553.491000 107.025880
554.247000 1.074000 554.571000 105.757860
555.284000 1.037000 555.601000 106.285150
556.365000 1.080000 556.681000 106.027130
557.444000 1.079000 557.761000 105.623220
558.463000 1.019000 558.781000 106.509860
559.548000 1.085000 559.861000 107.530650
560.664000 1.115000 560.981000 106.296410
561.705000 1.042000 562.021000 106.049650
562.800000 1.095000 563.111000 106.554420
563.937000 1.137000 564.251000 105.892500
565.038000 1.101000 565.361000 105.645740
566.115000 1.077000 566.431000 106.689060
567.269000 1.154000 567.581000 106.341440
568.412000 1.144000 568.731000 104.770370
569.489000 1.077000 569.811000 104.804140
570.614000 1.125000 570.931000 105.454810
571.769000 1.155000 572.091000 104.837920
572.846000 1.077000 573.171000 104.747850
573.927000 1.081000 574.241000 105.712820
575.042000 1.115000 575.361000 105.443550
576.104000 1.062000 576.431000 105.006330
577.146000 1.042000 577.461000 106.116730
578.255000 1.109000 578.561000 106.711580
579.380000 1.125000 579.701000 105.353950
580.432000 1.053000 580.761000 105.129710
581.513000 1.081000 581.821000 106.509860
582.638000 1.125000 582.951000 105.814150
583.741000 1.103000 584.061000 105.185540
584.816000 1.075000 585.131000 106.173030
585.948000 1.133000 586.261000 106.161770
587.073000 1.125000 587.401000 105.006330
588.125000 1.052000 588.441000 105.645740
589.220000 1.095000 589.531000 106.161770
590.313000 1.093000 590.631000 105.869980
591.345000 1.032000 591.671000 106.038390
592.419000 1.074000 592.731000 106.834950
593.519000 1.100000 593.841000 106.397270
594.577000 1.057000 594.901000 105.544880
595.598000 1.022000 595.911000 106.431040
596.664000 1.066000 596.981000 106.879990
597.727000 1.063000 598.041000 106.543160
598.731000 1.004000 599.051000 106.341440
