1.046000 0.814000 1.368000 95.945470
1.854000 0.809000 2.183000 95.457978
2.650000 0.796000 2.970000 95.579154
3.437000 0.787000 3.747000 96.006755
4.193000 0.756000 4.518000 96.708744
4.965000 0.772000 5.288000 96.403713
5.755000 0.791000 6.119000 94.236461
6.564000 0.809000 6.889000 97.623837
7.406000 0.841000 7.732000 96.037397
8.277000 0.871000 8.590000 95.579154
9.162000 0.886000 9.493000 93.931430
10.005000 0.843000 10.309000 94.359030
10.861000 0.856000 11.188000 95.152947
11.722000 0.861000 12.067000 93.046979
12.573000 0.851000 12.907000 94.786631
13.413000 0.840000 13.728000 96.403713
14.277000 0.864000 14.595000 97.136344
15.150000 0.873000 15.479000 97.136344
16.007000 0.858000 16.325000 96.373070
16.853000 0.846000 17.186000 97.654479
17.716000 0.863000 18.065000 97.654479
18.599000 0.883000 18.926000 98.875996
19.483000 0.884000 19.807000 99.242311
20.335000 0.852000 20.666000 98.875996
21.188000 0.853000 21.516000 99.547342
22.067000 0.879000 22.416000 99.181027
22.955000 0.888000 23.266000 98.387110
23.822000 0.867000 24.146000 97.197629
24.642000 0.820000 24.962000 97.623837
25.464000 0.822000 25.806000 99.242311
26.289000 0.825000 26.614000 99.974943
27.140000 0.851000 27.477000 100.004190
28.029000 0.889000 28.401000 89.506392
28.906000 0.877000 29.304000 92.039959
29.756000 0.851000 30.097000 87.126036
30.621000 0.864000 30.977000 83.525556
31.533000 0.913000 31.875000 82.700998
32.467000 0.934000 32.820000 88.713868
33.404000 0.938000 33.716000 105.131220
34.304000 0.900000 34.636000 110.350170
35.185000 0.881000 35.501000 111.144090
36.108000 0.922000 36.421000 111.144090
37.046000 0.938000 37.374000 110.747130
37.990000 0.944000 38.313000 108.763730
38.906000 0.916000 39.221000 108.794380
39.794000 0.888000 40.097000 110.411460
40.688000 0.895000 41.014000 110.045140
41.564000 0.876000 41.883000 110.227600
42.416000 0.852000 42.734000 111.600940
43.227000 0.812000 43.538000 112.272290
44.035000 0.807000 44.351000 115.110890
44.872000 0.837000 45.178000 116.697330
45.766000 0.894000 46.104000 113.463160
46.682000 0.916000 47.009000 114.713930
47.593000 0.911000 47.914000 113.127490
48.455000 0.862000 48.774000 112.364210
49.297000 0.842000 49.631000 113.555090
50.097000 0.801000 50.422000 113.768190
50.855000 0.758000 51.172000 114.378250
51.591000 0.736000 51.912000 114.744570
52.330000 0.739000 52.654000 114.713930
53.081000 0.751000 53.400000 116.301760
53.875000 0.794000 54.192000 116.758610
54.679000 0.804000 55.028000 113.952050
55.499000 0.820000 55.810000 112.730530
56.301000 0.802000 56.609000 112.333570
57.138000 0.837000 57.452000 112.364210
57.969000 0.831000 58.289000 111.174730
58.808000 0.839000 59.108000 110.716490
59.627000 0.819000 59.951000 110.411460
60.408000 0.781000 60.728000 108.763730
61.188000 0.780000 61.508000 110.808420
61.973000 0.785000 62.289000 113.096850
62.776000 0.803000 63.109000 109.983860
63.568000 0.791000 63.888000 110.350170
64.356000 0.788000 64.684000 112.822460
65.179000 0.823000 65.500000 113.829480
65.984000 0.805000 66.309000 112.730530
66.768000 0.784000 67.117000 108.702450
67.546000 0.778000 67.860000 113.035560
68.302000 0.755000 68.620000 114.683290
69.029000 0.728000 69.360000 111.052160
69.736000 0.706000 70.052000 111.113450
70.433000 0.698000 70.824000 106.719050
71.141000 0.707000 71.563000 103.239750
71.876000 0.735000 72.265000 96.037397
72.618000 0.742000 72.966000 92.833876
73.389000 0.771000 73.818000 100.370510
74.189000 0.800000 74.505000 123.442830
74.984000 0.795000 75.307000 119.077680
75.551000 0.567000 75.865000 114.347610
76.557000 1.006000 76.858000 124.662950
77.338000 0.781000 77.662000 115.049600
78.082000 0.744000 78.404000 117.094280
78.781000 0.699000 79.128000 114.652640
79.460000 0.679000 79.765000 122.648910
80.147000 0.687000 80.457000 123.899680
80.853000 0.706000 81.156000 123.869040
81.593000 0.739000 81.924000 122.984580
82.317000 0.724000 82.620000 124.388560
83.050000 0.733000 83.365000 125.334300
83.808000 0.758000 84.122000 124.235350
84.589000 0.781000 84.915000 112.669250
85.380000 0.791000 85.696000 123.960960
86.177000 0.797000 86.482000 124.601670
86.966000 0.789000 87.273000 123.442830
87.761000 0.796000 88.102000 116.392290
88.540000 0.778000 88.854000 121.549960
89.303000 0.763000 89.614000 123.473470
90.074000 0.771000 90.379000 124.693590
90.867000 0.793000 91.180000 125.395580
91.676000 0.809000 91.994000 124.693590
92.457000 0.782000 92.773000 122.282600
93.234000 0.776000 93.561000 117.918840
93.998000 0.764000 94.313000 125.090550
94.775000 0.777000 95.084000 123.809140
95.538000 0.764000 95.853000 125.426230
96.282000 0.744000 96.592000 126.220140
97.023000 0.741000 97.319000 125.853830
97.753000 0.730000 98.081000 120.115340
98.446000 0.693000 98.757000 127.104590
99.132000 0.686000 99.452000 121.459430
99.808000 0.677000 100.097000 129.118630
100.487000 0.679000 100.800000 129.881910
101.209000 0.722000 101.519000 130.674430
101.967000 0.758000 102.272000 128.691030
102.728000 0.761000 103.072000 123.442830
103.499000 0.771000 103.799000 125.426230
104.295000 0.796000 104.598000 124.754880
105.121000 0.826000 105.432000 121.854990
105.946000 0.825000 106.252000 119.048430
106.736000 0.790000 107.071000 111.113450
107.489000 0.753000 107.817000 119.077680
108.240000 0.751000 108.539000 122.343880
109.009000 0.769000 109.312000 122.313240
109.802000 0.794000 110.132000 116.789250
110.588000 0.785000 110.939000 114.347610
111.361000 0.773000 111.777000 120.665510
112.147000 0.786000 112.485000 113.004920
112.924000 0.778000 113.270000 117.094280
113.680000 0.755000 114.032000 113.463160
114.434000 0.754000 114.834000 119.535920
115.211000 0.777000 115.517000 126.189500
116.012000 0.801000 116.317000 124.693590
116.596000 0.584000 116.917000 117.583170
117.689000 1.093000 117.979000 127.470910
118.529000 0.840000 118.840000 118.285160
119.319000 0.790000 119.634000 119.779670
120.046000 0.727000 120.357000 122.282600
120.705000 0.659000 121.036000 123.533360
121.355000 0.650000 121.659000 129.118630
122.016000 0.662000 122.330000 131.681450
122.740000 0.724000 123.067000 123.778500
123.558000 0.819000 123.858000 134.276300
124.388000 0.830000 124.704000 129.789980
125.189000 0.800000 125.508000 126.982020
125.972000 0.783000 126.279000 127.867870
126.766000 0.795000 127.099000 119.444000
127.566000 0.800000 127.863000 124.998620
128.375000 0.809000 128.675000 123.899680
129.141000 0.766000 129.460000 121.946920
129.889000 0.749000 130.202000 121.916280
130.637000 0.748000 130.944000 115.935440
131.388000 0.752000 131.717000 111.205380
132.129000 0.740000 132.438000 121.885640
132.857000 0.728000 133.167000 114.042580
133.602000 0.745000 133.924000 123.869040
134.382000 0.780000 134.695000 124.601670
135.185000 0.803000 135.501000 123.930320
135.983000 0.798000 136.303000 114.805850
136.785000 0.802000 137.117000 119.138970
137.613000 0.828000 137.917000 121.093110
138.439000 0.826000 138.743000 120.237910
139.273000 0.834000 139.582000 118.712760
140.084000 0.812000 140.404000 118.285160
140.902000 0.817000 141.223000 119.840950
141.734000 0.833000 142.074000 110.655210
142.560000 0.826000 142.876000 117.826910
143.358000 0.798000 143.661000 118.620830
144.161000 0.802000 144.461000 122.313240
144.923000 0.762000 145.224000 119.779670
145.653000 0.730000 145.961000 121.093110
146.364000 0.711000 146.663000 121.488680
147.068000 0.703000 147.363000 125.059910
147.776000 0.709000 148.113000 117.399310
148.520000 0.744000 148.821000 127.470910
149.319000 0.799000 149.634000 126.097570
150.151000 0.832000 150.441000 123.533360
150.964000 0.813000 151.281000 120.237910
151.780000 0.816000 152.124000 115.935440
152.601000 0.821000 152.912000 118.590190
153.438000 0.837000 153.744000 117.124930
154.247000 0.809000 154.573000 111.815440
155.018000 0.772000 155.331000 112.548070
155.774000 0.756000 156.120000 113.829480
156.546000 0.772000 156.852000 122.679550
157.330000 0.784000 157.652000 117.826910
158.126000 0.797000 158.438000 122.343880
158.922000 0.795000 159.241000 120.634870
159.489000 0.567000 159.820000 116.727970
160.500000 1.011000 160.802000 127.012660
161.308000 0.807000 161.621000 117.552530
162.096000 0.789000 162.419000 120.634870
162.870000 0.774000 163.185000 119.353460
163.631000 0.761000 163.937000 121.519320
164.419000 0.788000 164.718000 123.045870
165.243000 0.824000 165.545000 121.824350
166.089000 0.846000 166.400000 119.779670
166.943000 0.855000 167.258000 118.651470
167.775000 0.832000 168.129000 114.103870
168.569000 0.794000 168.885000 117.857560
169.376000 0.807000 169.681000 119.871600
170.174000 0.798000 170.486000 119.779670
170.961000 0.787000 171.280000 120.237910
171.729000 0.768000 172.070000 114.470180
172.463000 0.734000 172.778000 124.998620
173.217000 0.754000 173.525000 125.121190
173.988000 0.772000 174.319000 125.029270
174.767000 0.778000 175.106000 117.552530
175.554000 0.787000 175.879000 125.456870
176.379000 0.825000 176.698000 117.857560
177.238000 0.859000 177.539000 122.282600
178.097000 0.859000 178.422000 119.444000
178.926000 0.829000 179.236000 117.857560
179.769000 0.843000 180.106000 117.155570
180.617000 0.847000 180.935000 117.460600
181.446000 0.830000 181.745000 117.124930
182.253000 0.806000 182.575000 117.063640
183.045000 0.792000 183.346000 119.077680
183.845000 0.800000 184.164000 119.474640
184.667000 0.822000 184.985000 119.077680
185.477000 0.810000 185.828000 118.712760
186.259000 0.782000 186.583000 113.158130
187.029000 0.770000 187.366000 118.285160
187.794000 0.766000 188.130000 123.045870
188.568000 0.774000 188.872000 123.381540
189.342000 0.773000 189.644000 123.045870
190.110000 0.769000 190.424000 123.899680
190.917000 0.806000 191.231000 124.235350
191.763000 0.846000 192.103000 113.829480
192.625000 0.862000 192.933000 120.665510
193.429000 0.804000 193.752000 119.017790
194.213000 0.784000 194.534000 121.519320
195.006000 0.793000 195.312000 121.428790
195.815000 0.809000 196.106000 122.313240
196.608000 0.794000 196.913000 121.488680
197.394000 0.786000 197.702000 121.764460
198.204000 0.810000 198.512000 123.473470
199.024000 0.820000 199.334000 122.679550
199.842000 0.818000 200.159000 120.542940
200.628000 0.786000 200.942000 119.322820
201.379000 0.751000 201.681000 120.939900
202.093000 0.714000 202.415000 122.374520
202.812000 0.720000 203.111000 124.662950
203.574000 0.761000 203.881000 128.142250
204.351000 0.778000 204.651000 126.158860
205.127000 0.776000 205.423000 125.731260
205.877000 0.750000 206.181000 124.937340
206.660000 0.782000 206.958000 125.364940
207.443000 0.784000 207.742000 126.097570
208.182000 0.738000 208.492000 122.282600
208.876000 0.695000 209.178000 122.740840
209.561000 0.685000 209.860000 122.648910
210.246000 0.685000 210.537000 126.982020
210.946000 0.700000 211.239000 128.965420
211.668000 0.722000 211.972000 127.409620
212.387000 0.719000 212.691000 126.982020
213.095000 0.708000 213.399000 127.409620
213.836000 0.740000 214.132000 128.569850
214.605000 0.769000 214.920000 126.189500
215.362000 0.757000 215.671000 126.158860
216.098000 0.736000 216.396000 125.792540
216.804000 0.706000 217.131000 124.967980
217.494000 0.691000 217.838000 124.693590
218.205000 0.711000 218.516000 129.423660
218.945000 0.739000 219.235000 129.026700
219.696000 0.751000 220.040000 128.721670
220.432000 0.736000 220.739000 127.470910
221.155000 0.724000 221.459000 127.501550
221.890000 0.734000 222.211000 127.806580
222.625000 0.735000 222.931000 127.348340
223.332000 0.707000 223.627000 126.555810
224.012000 0.681000 224.307000 128.142250
224.665000 0.653000 224.980000 131.376420
225.304000 0.639000 225.614000 131.834660
225.953000 0.649000 226.266000 130.980850
226.612000 0.658000 226.910000 131.742730
227.256000 0.644000 227.555000 131.040740
227.906000 0.651000 228.215000 132.567290
228.555000 0.649000 228.856000 131.834660
229.217000 0.662000 229.519000 132.567290
229.935000 0.718000 230.218000 132.170330
230.689000 0.754000 230.986000 129.698050
231.445000 0.756000 231.749000 126.494530
232.172000 0.727000 232.468000 125.364940
232.893000 0.721000 233.207000 125.334300
233.629000 0.736000 233.922000 125.059910
234.378000 0.749000 234.679000 125.456870
235.136000 0.758000 235.436000 124.601670
235.868000 0.732000 236.195000 119.017790
236.586000 0.719000 236.920000 121.093110
237.286000 0.700000 237.696000 129.057350
238.003000 0.716000 238.324000 121.854990
238.774000 0.771000 239.176000 123.504110
239.554000 0.780000 239.902000 118.315800
240.316000 0.763000 240.642000 115.599770
241.043000 0.727000 241.354000 128.569850
241.784000 0.740000 242.102000 127.043310
242.541000 0.757000 242.845000 127.806580
243.314000 0.773000 243.613000 128.569850
244.054000 0.740000 244.354000 127.348340
244.788000 0.734000 245.116000 121.733820
245.572000 0.784000 245.863000 128.234180
246.375000 0.803000 246.667000 128.294070
247.187000 0.813000 247.502000 125.456870
247.997000 0.809000 248.324000 125.792540
248.785000 0.788000 249.103000 121.795100
249.546000 0.761000 249.849000 123.320260
250.269000 0.724000 250.564000 124.235350
250.975000 0.705000 251.272000 127.227160
251.694000 0.719000 252.041000 128.660390
252.461000 0.767000 252.764000 127.837220
253.219000 0.758000 253.522000 125.456870
253.784000 0.565000 254.114000 120.909260
254.844000 1.060000 255.130000 127.775940
255.715000 0.871000 256.048000 117.429960
256.543000 0.828000 256.862000 117.155570
257.337000 0.794000 257.651000 115.874160
258.119000 0.783000 258.430000 118.254520
258.905000 0.786000 259.230000 111.967260
259.707000 0.802000 260.027000 119.871600
260.512000 0.805000 260.811000 118.315800
261.300000 0.788000 261.628000 118.315800
262.092000 0.792000 262.410000 119.779670
262.902000 0.810000 263.223000 119.779670
263.747000 0.845000 264.091000 109.556260
264.584000 0.837000 264.909000 116.301760
265.399000 0.815000 265.723000 116.240480
266.224000 0.825000 266.531000 115.966090
267.053000 0.829000 267.360000 116.576150
267.892000 0.839000 268.231000 118.682120
268.698000 0.806000 269.042000 118.162590
269.486000 0.788000 269.814000 118.559550
270.246000 0.760000 270.548000 118.682120
270.991000 0.745000 271.309000 120.665510
271.718000 0.727000 272.060000 119.658490
272.412000 0.694000 272.726000 121.885640
273.103000 0.691000 273.413000 123.504110
273.787000 0.684000 274.131000 114.683290
274.498000 0.711000 274.788000 126.615710
275.226000 0.728000 275.533000 127.012660
275.924000 0.697000 276.228000 125.548790
276.644000 0.721000 276.951000 126.189500
277.428000 0.784000 277.716000 123.930320
278.180000 0.752000 278.512000 121.549960
278.976000 0.795000 279.290000 121.885640
279.806000 0.830000 280.090000 118.651470
280.675000 0.869000 280.997000 116.758610
281.563000 0.888000 281.878000 114.989710
282.436000 0.873000 282.756000 112.730530
283.291000 0.855000 283.649000 109.527010
284.138000 0.847000 284.469000 112.699890
284.988000 0.851000 285.309000 112.638600
285.845000 0.857000 286.170000 112.669250
286.675000 0.829000 286.985000 113.371230
287.510000 0.836000 287.814000 115.904800
288.382000 0.871000 288.706000 115.415920
289.281000 0.899000 289.603000 113.737550
290.168000 0.887000 290.486000 112.212400
290.995000 0.828000 291.316000 113.890760
291.810000 0.815000 292.135000 115.507840
292.625000 0.815000 292.937000 117.124930
293.462000 0.837000 293.773000 117.888200
294.286000 0.824000 294.596000 118.712760
295.108000 0.822000 295.413000 120.604230
295.974000 0.866000 296.295000 121.062470
296.902000 0.928000 297.200000 119.750420
297.843000 0.942000 298.155000 116.727970
298.741000 0.898000 299.085000 115.354630
299.568000 0.827000 299.884000 117.003750
300.394000 0.826000 300.713000 118.254520
301.197000 0.803000 301.514000 120.634870
301.999000 0.803000 302.313000 122.679550
302.793000 0.794000 303.115000 122.648910
303.620000 0.827000 303.935000 124.265990
304.495000 0.875000 304.800000 123.381540
305.417000 0.922000 305.725000 120.115340
306.322000 0.906000 306.632000 119.353460
307.224000 0.902000 307.539000 117.460600
308.126000 0.901000 308.438000 115.996730
309.027000 0.901000 309.341000 115.935440
309.920000 0.893000 310.254000 115.080240
310.782000 0.862000 311.120000 113.158130
311.658000 0.876000 311.981000 114.257080
312.517000 0.860000 312.839000 114.257080
313.334000 0.817000 313.660000 114.683290
314.123000 0.788000 314.439000 116.727970
314.920000 0.797000 315.220000 119.779670
315.726000 0.806000 316.062000 119.414750
316.539000 0.813000 316.851000 120.481660
317.354000 0.815000 317.680000 120.665510
318.162000 0.808000 318.485000 121.795100
318.989000 0.827000 319.309000 121.336860
319.842000 0.853000 320.159000 122.251950
320.714000 0.872000 321.050000 118.162590
321.579000 0.865000 321.897000 120.573590
322.486000 0.906000 322.807000 121.001190
323.407000 0.921000 323.718000 118.651470
324.299000 0.892000 324.616000 117.429960
325.134000 0.835000 325.448000 118.223870
325.947000 0.813000 326.302000 116.332400
326.777000 0.829000 327.108000 119.689140
327.639000 0.862000 327.947000 121.854990
328.522000 0.884000 328.845000 121.062470
329.386000 0.864000 329.703000 119.810310
330.252000 0.866000 330.580000 113.401880
331.134000 0.882000 331.439000 118.559550
332.010000 0.876000 332.327000 117.460600
332.864000 0.854000 333.187000 113.035560
333.687000 0.823000 334.036000 119.322820
334.513000 0.826000 334.828000 120.207270
335.354000 0.841000 335.664000 121.062470
336.211000 0.858000 336.535000 120.145990
337.062000 0.851000 337.369000 120.634870
337.909000 0.847000 338.227000 120.237910
338.801000 0.892000 339.107000 120.176630
339.752000 0.951000 340.085000 117.826910
340.731000 0.979000 341.066000 114.652640
341.728000 0.997000 342.068000 106.627120
342.719000 0.991000 343.054000 109.891930
343.714000 0.996000 344.066000 103.575420
344.702000 0.988000 345.047000 111.600940
345.678000 0.975000 346.047000 109.983860
346.647000 0.969000 346.967000 111.936610
347.608000 0.962000 347.927000 109.953220
348.495000 0.886000 348.827000 110.319530
349.358000 0.863000 349.673000 113.798830
350.203000 0.845000 350.516000 117.857560
351.029000 0.826000 351.355000 119.048430
351.841000 0.813000 352.186000 120.481660
352.678000 0.837000 352.993000 123.015230
353.570000 0.892000 353.895000 123.076510
354.473000 0.903000 354.775000 120.268560
355.362000 0.889000 355.672000 119.384100
356.276000 0.914000 356.592000 116.697330
357.236000 0.959000 357.552000 114.257080
358.164000 0.928000 358.492000 112.333570
359.006000 0.842000 359.331000 112.333570
359.839000 0.833000 360.150000 114.287720
360.673000 0.834000 360.994000 114.775210
361.521000 0.848000 361.830000 113.890760
362.346000 0.825000 362.675000 114.287720
363.151000 0.805000 363.450000 115.935440
363.921000 0.769000 364.242000 119.322820
364.654000 0.733000 364.972000 119.810310
365.394000 0.740000 365.714000 120.207270
366.142000 0.748000 366.438000 121.367500
366.921000 0.780000 367.218000 120.970540
367.736000 0.814000 368.060000 119.017790
368.589000 0.853000 368.931000 116.332400
369.443000 0.855000 369.772000 109.556260
370.289000 0.845000 370.619000 115.110890
371.165000 0.877000 371.478000 115.477200
372.072000 0.907000 372.391000 113.829480
372.957000 0.885000 373.279000 111.510410
373.826000 0.869000 374.138000 110.747130
374.693000 0.867000 375.031000 110.777770
375.566000 0.873000 375.892000 109.953220
376.427000 0.861000 376.751000 111.082810
377.277000 0.850000 377.598000 111.510410
378.154000 0.877000 378.471000 112.638600
379.050000 0.896000 379.371000 111.449120
379.938000 0.888000 380.255000 110.685850
380.793000 0.856000 381.097000 109.953220
381.620000 0.827000 381.953000 107.908530
382.474000 0.854000 382.797000 110.747130
383.368000 0.894000 383.689000 110.258250
384.286000 0.918000 384.608000 109.891930
385.182000 0.896000 385.514000 108.336130
386.080000 0.898000 386.415000 108.733090
386.987000 0.908000 387.329000 99.089100
387.918000 0.931000 388.249000 107.818000
388.843000 0.925000 389.168000 107.877890
389.724000 0.881000 390.067000 101.866410
390.608000 0.885000 390.938000 109.953220
391.491000 0.883000 391.807000 110.227600
392.354000 0.863000 392.674000 108.763730
393.179000 0.825000 393.518000 108.794380
394.012000 0.834000 394.316000 111.510410
394.870000 0.858000 395.187000 112.243040
395.774000 0.904000 396.107000 106.138240
396.678000 0.904000 397.010000 109.160690
397.543000 0.865000 397.865000 109.862680
398.411000 0.868000 398.723000 110.563280
399.298000 0.887000 399.616000 108.336130
400.191000 0.893000 400.503000 108.610520
401.068000 0.877000 401.373000 107.908530
401.950000 0.882000 402.253000 108.366780
402.851000 0.902000 403.165000 104.246770
403.750000 0.899000 404.093000 99.913658
404.613000 0.863000 404.940000 104.246770
405.457000 0.844000 405.771000 103.575420
406.281000 0.824000 406.608000 103.575420
407.075000 0.794000 407.412000 106.352740
407.885000 0.810000 408.212000 107.877890
408.709000 0.825000 409.054000 106.657770
409.530000 0.820000 409.854000 108.305490
410.337000 0.808000 410.660000 108.641170
411.193000 0.855000 411.512000 111.144090
412.078000 0.885000 412.391000 110.288890
412.989000 0.911000 413.320000 109.099410
413.865000 0.876000 414.202000 108.610520
414.724000 0.859000 415.062000 103.117180
415.606000 0.882000 415.930000 110.350170
416.505000 0.899000 416.831000 107.877890
417.366000 0.861000 417.694000 105.192500
418.195000 0.829000 418.524000 107.085370
419.046000 0.851000 419.373000 108.336130
419.938000 0.891000 420.271000 108.397420
420.827000 0.890000 421.151000 108.336130
421.724000 0.897000 422.072000 105.925140
422.644000 0.920000 422.969000 105.986420
423.580000 0.936000 423.907000 101.988980
424.486000 0.906000 424.823000 101.438810
425.388000 0.902000 425.701000 101.348280
426.316000 0.928000 426.628000 100.706180
427.245000 0.929000 427.558000 98.265934
428.136000 0.892000 428.458000 94.176569
429.022000 0.885000 429.357000 95.854936
429.924000 0.902000 430.260000 97.136344
430.835000 0.911000 431.150000 97.563945
431.709000 0.875000 432.054000 98.356468
432.569000 0.860000 432.898000 99.119742
433.437000 0.868000 433.766000 99.211669
434.320000 0.884000 434.646000 99.211669
435.195000 0.874000 435.509000 99.181027
436.056000 0.861000 436.378000 100.218690
436.914000 0.858000 437.227000 101.072500
437.776000 0.862000 438.110000 99.944301
438.633000 0.857000 438.970000 100.706180
439.486000 0.853000 439.793000 101.072500
440.368000 0.882000 440.729000 97.594587
441.267000 0.899000 441.594000 101.835770
442.168000 0.901000 442.486000 101.133780
443.024000 0.856000 443.346000 102.294010
443.909000 0.884000 444.226000 103.636710
444.804000 0.895000 445.112000 103.147820
445.711000 0.907000 446.044000 102.750860
446.582000 0.871000 446.911000 102.232730
447.423000 0.841000 447.737000 105.802570
448.267000 0.844000 448.583000 107.054730
449.075000 0.807000 449.407000 107.908530
449.873000 0.799000 450.184000 110.288890
450.669000 0.796000 450.984000 112.364210
451.450000 0.781000 451.772000 112.212400
452.219000 0.769000 452.544000 112.638600
453.007000 0.788000 453.327000 115.935440
453.851000 0.843000 454.163000 114.257080
454.714000 0.863000 455.054000 108.976840
455.560000 0.847000 455.884000 112.699890
456.438000 0.877000 456.751000 112.272290
457.345000 0.907000 457.653000 109.068770
458.219000 0.874000 458.545000 106.657770
459.072000 0.853000 459.384000 107.024080
459.939000 0.867000 460.243000 107.024080
460.805000 0.866000 461.132000 105.497540
461.638000 0.832000 461.952000 105.131220
462.452000 0.814000 462.771000 107.054730
463.291000 0.840000 463.604000 107.054730
464.169000 0.877000 464.482000 106.260810
465.049000 0.880000 465.365000 106.322090
465.904000 0.856000 466.210000 105.894490
466.781000 0.876000 467.122000 103.452850
467.675000 0.894000 468.004000 105.071330
468.564000 0.889000 468.902000 95.427335
469.421000 0.857000 469.730000 102.415190
470.298000 0.877000 470.633000 104.003020
471.179000 0.881000 471.490000 102.355300
472.078000 0.899000 472.424000 99.424773
472.946000 0.868000 473.279000 98.722784
473.817000 0.870000 474.136000 99.089100
474.721000 0.905000 475.060000 98.265934
475.647000 0.926000 475.969000 96.770029
476.592000 0.944000 476.917000 93.474580
477.494000 0.903000 477.817000 93.810253
478.373000 0.878000 478.698000 95.885578
479.273000 0.901000 479.631000 97.166987
480.185000 0.912000 480.510000 96.373070
481.096000 0.910000 481.431000 95.579154
481.962000 0.866000 482.292000 98.020795
482.834000 0.872000 483.139000 99.944301
483.716000 0.882000 484.071000 95.488620
484.613000 0.897000 484.931000 101.530740
485.507000 0.895000 485.838000 101.469460
486.368000 0.860000 486.686000 102.324660
487.235000 0.868000 487.547000 103.880450
488.120000 0.885000 488.450000 105.437640
489.006000 0.886000 489.334000 102.445830
489.872000 0.866000 490.188000 105.437640
490.721000 0.849000 491.056000 103.575420
491.529000 0.809000 491.848000 104.216130
492.325000 0.795000 492.638000 108.305490
493.087000 0.762000 493.414000 108.763730
493.816000 0.729000 494.106000 110.563280
494.558000 0.742000 494.877000 105.894490
495.333000 0.776000 495.646000 104.154840
496.106000 0.773000 496.402000 112.181750
496.918000 0.812000 497.222000 112.578710
497.760000 0.842000 498.094000 101.958340
498.615000 0.855000 498.923000 108.182920
499.445000 0.830000 499.756000 107.511580
500.295000 0.849000 500.618000 107.511580
501.155000 0.860000 501.477000 106.260810
501.998000 0.843000 502.322000 103.972380
502.832000 0.834000 503.155000 105.131220
503.690000 0.858000 504.018000 98.082080
504.582000 0.892000 504.897000 105.497540
505.469000 0.887000 505.795000 103.514140
506.330000 0.861000 506.642000 102.750860
507.176000 0.846000 507.501000 102.750860
508.045000 0.869000 508.355000 102.355300
508.928000 0.883000 509.255000 100.310620
509.810000 0.882000 510.136000 98.417753
510.688000 0.877000 511.044000 99.181027
511.592000 0.904000 511.936000 97.990152
512.519000 0.928000 512.844000 97.197629
513.405000 0.885000 513.736000 94.572134
514.270000 0.865000 514.616000 97.197629
515.146000 0.876000 515.476000 97.502660
516.045000 0.899000 516.385000 98.784069
516.915000 0.870000 517.234000 99.394131
517.768000 0.853000 518.114000 98.265934
518.635000 0.867000 518.958000 103.209110
519.515000 0.880000 519.825000 101.958340
520.366000 0.851000 520.687000 101.774490
521.217000 0.851000 521.543000 103.575420
522.058000 0.841000 522.378000 103.972380
522.885000 0.827000 523.220000 106.322090
523.737000 0.852000 524.072000 103.452850
524.599000 0.862000 524.920000 106.688410
525.441000 0.841000 525.763000 104.735650
526.265000 0.824000 526.584000 105.528180
527.107000 0.842000 527.423000 107.482330
527.958000 0.851000 528.270000 105.071330
528.795000 0.837000 529.106000 103.239750
529.610000 0.814000 529.939000 104.338700
530.433000 0.823000 530.746000 105.101970
531.283000 0.850000 531.621000 107.908530
532.199000 0.916000 532.522000 106.688410
533.101000 0.902000 533.427000 103.880450
533.970000 0.869000 534.300000 104.795550
534.857000 0.888000 535.180000 103.544780
535.751000 0.894000 536.099000 96.739386
536.643000 0.892000 536.966000 99.424773
537.504000 0.861000 537.820000 99.944301
538.381000 0.878000 538.699000 101.530740
539.261000 0.880000 539.620000 97.197629
540.144000 0.883000 540.465000 98.753426
540.995000 0.851000 541.344000 93.534472
541.873000 0.879000 542.240000 89.170718
542.765000 0.892000 543.120000 85.081353
543.654000 0.888000 544.023000 92.375633
544.519000 0.866000 544.881000 96.800671
545.402000 0.882000 545.726000 107.877890
546.309000 0.908000 546.640000 105.071330
547.241000 0.932000 547.559000 102.629690
548.122000 0.881000 548.439000 101.835770
549.006000 0.884000 549.319000 103.483500
549.896000 0.890000 550.220000 102.324660
550.775000 0.880000 551.117000 100.523720
551.630000 0.855000 551.947000 103.178460
552.516000 0.886000 552.825000 105.558820
553.434000 0.918000 553.748000 103.575420
554.362000 0.928000 554.706000 99.577985
555.244000 0.881000 555.562000 101.164420
556.098000 0.855000 556.423000 102.324660
556.943000 0.845000 557.266000 103.575420
557.793000 0.849000 558.118000 103.392960
558.633000 0.841000 558.947000 104.766300
559.466000 0.832000 559.787000 106.688410
560.332000 0.867000 560.647000 109.556260
561.232000 0.900000 561.546000 108.336130
562.164000 0.932000 562.484000 106.688410
563.078000 0.913000 563.394000 103.819170
563.952000 0.874000 564.261000 104.369340
564.816000 0.865000 565.142000 103.972380
565.638000 0.822000 565.965000 104.003020
566.414000 0.776000 566.734000 107.787360
567.193000 0.779000 567.503000 111.144090
568.008000 0.815000 568.332000 114.134510
568.854000 0.846000 569.155000 115.354630
569.689000 0.835000 570.041000 114.652640
570.505000 0.816000 570.834000 115.782230
571.347000 0.842000 571.664000 115.874160
572.198000 0.851000 572.528000 115.812870
573.038000 0.840000 573.350000 115.354630
573.850000 0.812000 574.164000 116.271120
574.665000 0.815000 574.985000 118.254520
575.536000 0.870000 575.843000 119.384100
576.438000 0.903000 576.764000 116.697330
