306.757000 0.803000 307.051000 125.499900
307.531000 0.774000 307.821000 124.378390
308.293000 0.762000 308.581000 125.119960
309.061000 0.769000 309.351000 125.927910
309.898000 0.837000 310.181000 126.117880
310.776000 0.877000 311.061000 125.971400
311.610000 0.834000 311.901000 125.062740
312.506000 0.897000 312.791000 125.758540
313.409000 0.903000 313.701000 123.378180
314.232000 0.823000 314.521000 122.311600
315.057000 0.825000 315.351000 121.975140
315.888000 0.831000 316.181000 121.437270
316.671000 0.784000 316.961000 120.784960
317.468000 0.797000 317.751000 121.661570
318.325000 0.856000 318.611000 120.865070
319.144000 0.820000 319.431000 120.752920
319.986000 0.841000 320.271000 121.123700
320.851000 0.865000 321.141000 119.079800
321.652000 0.801000 321.951000 118.450380
322.423000 0.771000 322.711000 119.226280
323.204000 0.781000 323.491000 119.720660
323.962000 0.758000 324.251000 119.551290
324.727000 0.765000 325.021000 120.977220
325.543000 0.817000 325.831000 122.650340
326.415000 0.871000 326.711000 122.503850
327.286000 0.871000 327.581000 123.334690
328.199000 0.913000 328.491000 121.572310
329.035000 0.836000 329.331000 120.505730
329.859000 0.824000 330.151000 119.393370
330.649000 0.790000 330.941000 117.598940
331.399000 0.750000 331.691000 118.642640
332.148000 0.749000 332.441000 119.551290
332.896000 0.748000 333.191000 119.473470
333.636000 0.740000 333.921000 120.034230
334.406000 0.770000 334.691000 121.402940
335.283000 0.877000 335.571000 121.851540
336.139000 0.856000 336.431000 120.416460
337.050000 0.911000 337.341000 119.361320
337.931000 0.882000 338.231000 116.946630
338.767000 0.836000 339.061000 116.845920
339.604000 0.837000 339.901000 116.733770
340.442000 0.837000 340.741000 115.488660
341.223000 0.781000 341.521000 116.362980
342.043000 0.820000 342.331000 117.576050
342.940000 0.897000 343.231000 116.250830
343.800000 0.860000 344.091000 116.092900
344.684000 0.884000 344.981000 115.845710
345.579000 0.894000 345.881000 114.028400
346.415000 0.836000 346.711000 114.499890
347.267000 0.853000 347.561000 114.735640
348.125000 0.858000 348.421000 113.522570
348.935000 0.810000 349.231000 114.534230
349.763000 0.828000 350.061000 115.497810
350.644000 0.882000 350.941000 114.623490
351.451000 0.806000 351.751000 116.250830
352.284000 0.833000 352.581000 116.800150
353.157000 0.874000 353.461000 116.015090
353.989000 0.832000 354.291000 116.273720
354.831000 0.842000 355.131000 116.845920
355.668000 0.837000 355.971000 115.969310
356.470000 0.801000 356.761000 116.800150
357.280000 0.810000 357.571000 117.788910
358.084000 0.804000 358.381000 116.800150
358.888000 0.804000 359.181000 117.912510
359.714000 0.826000 360.011000 118.326780
360.535000 0.821000 360.831000 118.036100
361.370000 0.836000 361.661000 118.283290
362.225000 0.854000 362.521000 117.372350
363.024000 0.799000 363.321000 117.564610
363.827000 0.803000 364.121000 117.619540
364.612000 0.785000 364.911000 117.429570
365.387000 0.774000 365.681000 118.182590
366.205000 0.818000 366.501000 118.642640
367.060000 0.855000 367.361000 118.418330
367.961000 0.901000 368.251000 119.203390
368.891000 0.930000 369.191000 117.239600
369.733000 0.841000 370.031000 117.418120
370.558000 0.825000 370.851000 116.385870
371.359000 0.801000 371.661000 115.577920
372.127000 0.768000 372.421000 116.788700
372.924000 0.797000 373.221000 118.260410
373.753000 0.829000 374.051000 118.182590
374.579000 0.825000 374.871000 119.775600
375.452000 0.873000 375.741000 120.011340
376.313000 0.861000 376.611000 119.114130
377.135000 0.822000 377.431000 119.832820
377.972000 0.838000 378.271000 119.450590
378.793000 0.821000 379.091000 118.686120
379.572000 0.779000 379.870000 120.560660
380.370000 0.798000 380.661000 123.030280
381.238000 0.867000 381.531000 124.030490
382.119000 0.882000 382.411000 124.691960
382.959000 0.839000 383.251000 125.703610
383.853000 0.894000 384.141000 126.005730
384.704000 0.851000 385.001000 123.783300
385.478000 0.774000 385.771000 124.019050
386.254000 0.776000 386.541000 124.545470
387.082000 0.828000 387.371000 123.973270
387.880000 0.798000 388.171000 124.266240
388.735000 0.855000 389.021000 125.433530
389.610000 0.875000 389.901000 124.760620
390.420000 0.810000 390.711000 125.152010
391.245000 0.825000 391.531000 125.108520
392.120000 0.875000 392.411000 123.412510
392.921000 0.802000 393.211000 122.975350
393.719000 0.797000 394.011000 123.211100
394.564000 0.845000 394.851000 122.503850
395.382000 0.818000 395.671000 122.650340
396.236000 0.853000 396.521000 123.121830
397.156000 0.921000 397.451000 122.515300
398.009000 0.853000 398.301000 122.458080
398.862000 0.853000 399.151000 122.503850
399.758000 0.896000 400.051000 121.963700
400.566000 0.808000 400.861000 121.336560
401.352000 0.786000 401.641000 122.469520
402.118000 0.765000 402.411000 121.819500
402.892000 0.775000 403.181000 122.886090
403.692000 0.800000 403.981000 123.861120
404.492000 0.800000 404.781000 124.513430
405.324000 0.832000 405.611000 125.479300
406.155000 0.831000 406.451000 124.433320
406.979000 0.824000 407.271000 123.682590
407.902000 0.923000 408.191000 122.762490
408.757000 0.855000 409.051000 121.144300
409.584000 0.827000 409.871000 121.066480
410.422000 0.838000 410.711000 119.562740
411.211000 0.789000 411.501000 119.102690
412.007000 0.796000 412.291000 119.484920
412.836000 0.829000 413.131000 119.741260
413.646000 0.810000 413.931000 120.057120
414.526000 0.880000 414.811000 120.606430
415.460000 0.934000 415.751000 118.855500
416.314000 0.854000 416.611000 118.237520
417.225000 0.911000 417.521000 117.441010
418.083000 0.858000 418.381000 115.632850
418.864000 0.781000 419.161000 116.845920
419.626000 0.762000 419.921000 118.361110
420.418000 0.791000 420.711000 118.889830
421.254000 0.837000 421.551000 120.942890
422.201000 0.947000 422.491000 123.199650
423.197000 0.996000 423.491000 124.401280
424.137000 0.940000 424.431000 124.760620
425.129000 0.991000 425.430000 123.130990
426.062000 0.933000 426.361000 121.897320
426.929000 0.867000 427.221000 121.897320
427.769000 0.840000 428.061000 121.144300
428.564000 0.795000 428.861000 121.437270
429.346000 0.782000 429.641000 121.650130
430.177000 0.831000 430.461000 123.570440
431.080000 0.903000 431.371000 122.906690
431.950000 0.870000 432.241000 123.446840
432.868000 0.918000 433.161000 123.536110
433.826000 0.958000 434.121000 121.391490
434.732000 0.906000 435.021000 120.528610
435.616000 0.883000 435.911000 119.304100
436.430000 0.815000 436.731000 118.248960
437.199000 0.769000 437.491000 119.910640
437.967000 0.767000 438.261000 121.336560
438.728000 0.761000 439.021000 121.595200
439.491000 0.763000 439.781000 122.458080
440.338000 0.847000 440.621000 124.289120
441.329000 0.991000 441.621000 123.357580
442.221000 0.892000 442.511000 123.334690
443.128000 0.907000 443.421000 122.403150
444.010000 0.882000 444.311000 120.594990
444.837000 0.827000 445.131000 120.684250
445.668000 0.831000 445.961000 120.583550
446.524000 0.856000 446.821000 119.720660
447.353000 0.828000 447.641000 120.077720
448.211000 0.858000 448.501000 120.528610
449.041000 0.831000 449.341000 118.777680
449.839000 0.798000 450.131000 119.473470
450.651000 0.811000 450.941000 118.990540
451.426000 0.776000 451.721000 118.136810
452.206000 0.780000 452.501000 118.743340
452.987000 0.781000 453.281000 118.384000
453.740000 0.752000 454.031000 118.438930
454.495000 0.755000 454.781000 119.617670
455.242000 0.747000 455.531000 119.832820
455.990000 0.748000 456.281000 121.368610
456.769000 0.779000 457.061000 123.346140
457.585000 0.817000 457.881000 123.501780
458.364000 0.779000 458.661000 124.444760
459.164000 0.800000 459.451000 125.557120
459.961000 0.797000 460.261000 124.602690
460.745000 0.784000 461.041000 124.254790
461.548000 0.804000 461.841000 124.131200
462.336000 0.788000 462.631000 123.389620
463.114000 0.778000 463.401000 122.783090
463.891000 0.777000 464.181000 122.435190
464.660000 0.769000 464.951000 122.279550
465.444000 0.784000 465.731000 122.492410
466.245000 0.801000 466.541000 121.684460
467.036000 0.791000 467.331000 121.572310
467.836000 0.800000 468.121000 121.638690
468.694000 0.858000 468.981000 120.448510
469.493000 0.800000 469.781000 119.450590
470.318000 0.824000 470.611000 120.057120
471.143000 0.826000 471.441000 118.191740
471.926000 0.783000 472.221000 118.237520
472.709000 0.782000 473.001000 118.642640
473.471000 0.762000 473.761000 117.441010
474.218000 0.747000 474.511000 118.484710
474.971000 0.753000 475.261000 120.235650
475.730000 0.759000 476.021000 120.908560
476.505000 0.776000 476.801000 123.559000
477.369000 0.864000 477.661000 125.410640
478.239000 0.870000 478.531000 125.422080
479.064000 0.825000 479.361000 125.870690
479.889000 0.825000 480.181000 125.692160
480.666000 0.777000 480.961000 124.321170
481.418000 0.753000 481.711000 125.062740
482.167000 0.748000 482.461000 125.275600
482.918000 0.751000 483.211000 125.376310
483.678000 0.760000 483.961000 126.005730
484.493000 0.816000 484.781000 126.241480
485.314000 0.821000 485.601000 126.017170
486.106000 0.792000 486.401000 125.971400
486.863000 0.757000 487.151000 126.241480
487.592000 0.729000 487.881000 126.275810
488.310000 0.719000 488.601000 125.882140
488.998000 0.688000 489.291000 126.342190
489.702000 0.704000 489.991000 127.397330
490.469000 0.766000 490.751000 127.095200
491.249000 0.780000 491.541000 125.376310
492.003000 0.754000 492.291000 125.275600
492.759000 0.756000 493.041000 123.737520
493.558000 0.799000 493.841000 122.188000
494.353000 0.795000 494.641000 120.741470
495.132000 0.780000 495.421000 120.830740
495.929000 0.797000 496.211000 120.819290
496.725000 0.796000 497.011000 120.594990
497.498000 0.773000 497.781000 120.931440
498.307000 0.809000 498.591000 121.986580
499.170000 0.863000 499.461000 120.672810
499.966000 0.796000 500.251000 120.617880
500.749000 0.783000 501.031000 120.931440
501.543000 0.794000 501.831000 120.583550
502.306000 0.763000 502.591000 121.256450
503.091000 0.785000 503.381000 122.515300
503.963000 0.872000 504.251000 123.973270
504.830000 0.867000 505.121000 124.277680
505.705000 0.875000 505.991000 125.140560
506.629000 0.923000 506.921000 124.501980
507.516000 0.887000 507.801000 123.817630
508.409000 0.893000 508.701000 122.817420
509.306000 0.897000 509.601000 121.267900
510.124000 0.818000 510.411000 120.606430
510.938000 0.814000 511.221000 120.652210
511.733000 0.795000 512.021000 119.944970
512.502000 0.769000 512.781000 120.370690
513.289000 0.787000 513.571000 121.066480
514.094000 0.806000 514.381000 119.652000
514.889000 0.794000 515.171000 119.450590
515.717000 0.828000 516.001000 119.965570
516.548000 0.832000 516.841000 118.079590
517.351000 0.802000 517.641000 117.912510
518.144000 0.794000 518.431000 117.630980
518.942000 0.797000 519.231000 117.418120
519.692000 0.750000 519.981000 117.788910
520.423000 0.731000 520.711000 118.866940
521.148000 0.725000 521.431000 120.336350
521.882000 0.734000 522.171000 121.851540
522.652000 0.770000 522.941000 124.131200
523.498000 0.846000 523.791000 125.140560
524.312000 0.813000 524.601000 126.207150
525.172000 0.860000 525.461000 126.140770
525.999000 0.827000 526.291000 125.376310
526.804000 0.805000 527.091000 124.861330
527.601000 0.797000 527.891000 124.614140
528.368000 0.767000 528.661000 124.625580
529.154000 0.787000 529.441000 125.355710
529.962000 0.808000 530.251000 124.939150
530.758000 0.796000 531.051000 124.996370
531.629000 0.870000 531.911000 125.051300
532.448000 0.820000 532.741000 123.906890
533.227000 0.779000 533.521000 124.209020
534.013000 0.786000 534.301000 125.298490
534.798000 0.785000 535.091000 123.458290
535.605000 0.807000 535.891000 123.941230
536.428000 0.823000 536.721000 123.783300
537.209000 0.781000 537.501000 123.581880
537.979000 0.770000 538.261000 123.726080
538.746000 0.767000 539.031000 122.762490
539.496000 0.750000 539.781000 122.805980
540.248000 0.751000 540.531000 123.941230
541.067000 0.819000 541.351000 124.637020
542.050000 0.983000 542.341000 124.826990
542.923000 0.874000 543.221000 124.209020
543.785000 0.862000 544.071000 125.275600
544.658000 0.872000 544.951000 123.300360
545.513000 0.856000 545.801000 122.291000
546.374000 0.861000 546.661000 123.064610
547.207000 0.833000 547.501000 122.423750
547.989000 0.782000 548.281000 122.693830
548.788000 0.799000 549.071000 123.110390
549.646000 0.858000 549.931000 122.670940
550.527000 0.881000 550.821000 121.975140
551.373000 0.846000 551.661000 121.739390
552.240000 0.867000 552.531000 121.212970
553.124000 0.884000 553.421000 119.720660
553.938000 0.813000 554.231000 119.203390
554.764000 0.826000 555.051000 119.505520
555.612000 0.849000 555.901000 118.573970
556.433000 0.820000 556.731000 117.619540
557.221000 0.789000 557.511000 118.720460
558.018000 0.797000 558.301000 119.034020
558.874000 0.856000 559.161000 118.743340
559.740000 0.865000 560.031000 117.608100
560.617000 0.877000 560.911000 117.340300
561.520000 0.903000 561.821000 116.340100
562.356000 0.836000 562.651000 115.609970
563.176000 0.820000 563.471000 116.115790
563.995000 0.820000 564.291000 115.724410
564.788000 0.792000 565.081000 116.239390
565.606000 0.818000 565.901000 117.788910
566.485000 0.879000 566.781000 118.036100
567.336000 0.851000 567.631000 118.921870
568.262000 0.926000 568.551000 118.709010
569.177000 0.915000 569.471000 116.823030
570.027000 0.851000 570.321000 117.193820
570.860000 0.833000 571.151000 116.946630
571.666000 0.806000 571.961000 117.127450
572.456000 0.790000 572.751000 118.832610
573.310000 0.854000 573.601000 120.540060
574.216000 0.906000 574.511000 120.707140
575.083000 0.868000 575.381000 122.604560
575.984000 0.901000 576.281000 123.481180
576.877000 0.893000 577.171000 122.087290
577.713000 0.836000 578.011000 122.380260
578.545000 0.832000 578.841000 121.986580
579.338000 0.793000 579.631000 120.988660
580.114000 0.776000 580.401000 121.874430
580.928000 0.813000 581.221000 122.291000
581.770000 0.842000 582.061000 121.762280
582.588000 0.818000 582.881000 121.773730
583.394000 0.806000 583.681000 122.245220
584.245000 0.851000 584.531000 122.526740
585.115000 0.870000 585.411000 120.269980
585.932000 0.817000 586.221000 119.640560
586.780000 0.848000 587.071000 120.324910
587.656000 0.876000 587.951000 118.743340
588.483000 0.827000 588.781000 117.495940
589.342000 0.860000 589.631000 118.136810
590.206000 0.864000 590.501000 117.541720
591.035000 0.829000 591.331000 118.473260
591.869000 0.834000 592.161000 118.306180
592.649000 0.779000 592.941000 118.573970
593.443000 0.794000 593.731000 119.910640
594.283000 0.840000 594.571000 120.292870
595.201000 0.918000 595.491000 119.539850
596.072000 0.870000 596.371000 120.505730
596.966000 0.894000 597.261000 121.055040
597.822000 0.856000 598.121000 119.404810
598.625000 0.803000 598.921000 119.752710
599.430000 0.806000 599.721000 120.157830
600.251000 0.821000 600.252000 24.998358
601.037000 0.786000 601.601000 174.993080
601.814000 0.777000 601.815000 174.993080
602.672000 0.858000 602.673000 174.993080
603.607000 0.935000 603.608000 24.998358
604.538000 0.931000 604.539000 24.998358
605.404000 0.866000 605.601000 174.993080
606.261000 0.857000 606.262000 174.993080
607.164000 0.903000 607.165000 174.993080
608.054000 0.890000 608.055000 24.998358
608.918000 0.864000 609.601000 174.993080
609.827000 0.909000 609.828000 174.993080
610.718000 0.891000 610.719000 174.993080
611.569000 0.851000 611.570000 174.993080
612.445000 0.876000 612.446000 24.998358
613.307000 0.862000 613.601000 174.993080
614.140000 0.833000 614.141000 174.993080
615.028000 0.887000 615.029000 174.993080
615.953000 0.925000 615.954000 24.998358
616.798000 0.845000 617.601000 174.993080
617.636000 0.838000 617.637000 174.993080
618.487000 0.851000 618.488000 174.993080
619.288000 0.801000 619.289000 174.993080
620.081000 0.793000 620.082000 24.998358
620.878000 0.797000 621.601000 174.993080
621.692000 0.814000 621.693000 174.993080
622.552000 0.860000 622.553000 174.993080
623.462000 0.910000 623.463000 174.993080
624.355000 0.893000 624.356000 24.998358
625.284000 0.929000 625.601000 174.993080
626.223000 0.938000 626.224000 174.993080
627.104000 0.881000 627.105000 174.993080
628.006000 0.902000 628.007000 24.998358
628.872000 0.866000 629.601000 174.993080
629.727000 0.855000 629.728000 174.993080
630.602000 0.875000 630.603000 174.993080
631.478000 0.876000 631.479000 174.993080
632.393000 0.914000 632.394000 24.998358
633.332000 0.939000 633.601000 174.993080
634.177000 0.845000 634.178000 174.993080
634.976000 0.800000 634.977000 174.993080
635.785000 0.809000 635.786000 24.998358
636.695000 0.910000 636.696000 24.998358
637.541000 0.846000 637.601000 174.993080
638.414000 0.873000 638.415000 174.993080
639.269000 0.856000 639.270000 174.993080
640.061000 0.792000 640.062000 24.998358
640.853000 0.792000 641.601000 174.993080
641.752000 0.899000 641.753000 174.993080
642.703000 0.951000 642.704000 174.993080
643.589000 0.886000 643.590000 174.993080
644.508000 0.919000 644.509000 24.998358
645.421000 0.913000 645.601000 174.993080
646.250000 0.829000 646.251000 174.993080
647.064000 0.814000 647.065000 174.993080
647.916000 0.851000 647.917000 24.998358
648.745000 0.829000 649.601000 174.993080
649.625000 0.880000 649.626000 174.993080
650.529000 0.904000 650.530000 174.993080
651.407000 0.879000 651.408000 174.993080
652.340000 0.933000 652.341000 24.998358
653.190000 0.851000 653.601000 174.993080
654.032000 0.841000 654.033000 174.993080
654.879000 0.847000 654.880000 174.993080
655.683000 0.804000 655.981000 131.988670
656.526000 0.843000 656.821000 132.560880
657.392000 0.866000 657.691000 131.810150
658.227000 0.835000 658.521000 132.505940
659.112000 0.885000 659.401000 132.348020
659.973000 0.861000 660.271000 130.608520
660.809000 0.836000 661.101000 131.281430
661.669000 0.861000 661.961000 131.315760
662.570000 0.901000 662.861000 129.901280
663.417000 0.847000 663.711000 130.743560
664.307000 0.890000 664.601000 130.956420
665.182000 0.875000 665.481000 129.665530
666.066000 0.884000 666.361000 129.418340
666.920000 0.854000 667.221000 128.104570
667.720000 0.800000 668.011000 128.363200
668.534000 0.814000 668.831000 129.024670
669.348000 0.813000 669.641000 129.484720
670.130000 0.782000 670.421000 130.887760
670.975000 0.845000 671.271000 133.336780
671.915000 0.940000 672.211000 132.931660
672.777000 0.862000 673.071000 133.638900
673.647000 0.870000 673.941000 133.707570
674.470000 0.823000 674.771000 131.876520
675.244000 0.774000 675.541000 132.505940
676.029000 0.785000 676.321000 133.863210
676.799000 0.770000 677.101000 133.336780
677.557000 0.758000 677.851000 135.289130
678.342000 0.786000 678.631000 136.637240
679.132000 0.790000 679.431000 136.085640
679.923000 0.790000 680.211000 136.973700
680.743000 0.820000 681.041000 135.872780
681.520000 0.777000 681.811000 135.323470
682.298000 0.778000 682.591000 134.739820
683.061000 0.763000 683.351000 133.593130
683.807000 0.745000 684.101000 133.256670
684.553000 0.747000 684.841000 134.044020
685.320000 0.766000 685.611000 134.167620
686.073000 0.754000 686.361000 134.975570
686.860000 0.786000 687.151000 136.165750
687.668000 0.808000 687.961000 134.952680
688.435000 0.767000 688.731000 134.918350
689.231000 0.796000 689.521000 134.526960
690.042000 0.811000 690.331000 133.437490
690.831000 0.789000 691.121000 132.370900
691.614000 0.783000 691.901000 132.370900
692.403000 0.789000 692.691000 130.867160
693.156000 0.753000 693.451000 129.912730
693.901000 0.746000 694.191000 130.956420
694.648000 0.747000 694.941000 130.775610
695.397000 0.749000 695.691000 129.844060
696.145000 0.748000 696.431000 130.473480
696.928000 0.784000 697.221000 131.473690
697.781000 0.852000 698.071000 131.988670
698.628000 0.847000 698.921000 132.077940
699.486000 0.857000 699.781000 132.865290
700.377000 0.891000 700.671000 131.450800
701.203000 0.826000 701.501000 130.530700
702.035000 0.833000 702.331000 130.642860
702.875000 0.840000 703.171000 129.596870
703.673000 0.798000 703.971000 129.530490
704.483000 0.810000 704.771000 130.652010
705.307000 0.824000 705.601000 130.315560
706.103000 0.796000 706.401000 130.372780
706.965000 0.862000 707.261000 130.910650
707.852000 0.887000 708.151000 129.070440
708.673000 0.820000 708.971000 128.834700
709.496000 0.824000 709.791000 128.958290
710.302000 0.805000 710.601000 128.061080
711.074000 0.773000 711.371000 128.823250
711.908000 0.833000 712.201000 130.237740
712.822000 0.914000 713.111000 129.553380
713.678000 0.857000 713.971000 129.912730
714.563000 0.885000 714.861000 129.260420
715.413000 0.850000 715.711000 127.980970
716.233000 0.820000 716.531000 128.800360
717.060000 0.827000 717.351000 128.869030
717.861000 0.802000 718.161000 128.116010
718.677000 0.815000 718.971000 129.372570
719.527000 0.851000 719.821000 130.283510
720.369000 0.842000 720.661000 129.866950
721.235000 0.866000 721.531000 131.215060
722.134000 0.899000 722.431000 130.036320
722.970000 0.836000 723.261000 129.475560
723.818000 0.848000 724.111000 130.036320
724.699000 0.882000 724.991000 128.857590
725.531000 0.832000 725.831000 127.891710
726.397000 0.866000 726.691000 128.273940
727.298000 0.901000 727.591000 126.813680
728.117000 0.819000 728.411000 126.937280
728.949000 0.832000 729.241000 127.342390
729.797000 0.847000 730.091000 126.252920
730.596000 0.799000 730.891000 125.758540
731.434000 0.838000 731.731000 127.218800
732.356000 0.922000 732.651000 126.577930
733.217000 0.862000 733.511000 127.420210
734.092000 0.874000 734.381000 127.420210
734.959000 0.868000 735.251000 126.287250
735.766000 0.807000 736.061000 126.230030
736.596000 0.830000 736.891000 126.825120
737.380000 0.784000 737.681000 125.488460
738.140000 0.760000 738.431000 127.926040
738.925000 0.784000 739.221000 130.663450
739.753000 0.828000 740.051000 131.292880
740.586000 0.833000 740.881000 132.897330
741.470000 0.885000 741.761000 134.156170
742.371000 0.901000 742.671000 133.256670
743.217000 0.846000 743.511000 134.064620
744.048000 0.830000 744.341000 134.279770
744.844000 0.797000 745.141000 133.336780
745.613000 0.769000 745.911000 133.931870
746.383000 0.770000 746.681000 135.323470
747.174000 0.791000 747.471000 135.401290
747.951000 0.777000 748.251000 136.355720
748.734000 0.783000 749.031000 136.703620
749.539000 0.805000 749.831000 136.030710
750.374000 0.835000 750.671000 135.254800
751.162000 0.788000 751.461000 134.233990
751.976000 0.814000 752.271000 134.245440
752.801000 0.825000 753.101000 133.650350
753.580000 0.779000 753.871000 132.718800
754.359000 0.779000 754.651000 133.751060
755.144000 0.785000 755.441000 132.707360
755.929000 0.786000 756.221000 133.268120
756.702000 0.773000 756.991000 133.549640
757.480000 0.778000 757.771000 133.572530
758.240000 0.760000 758.531000 133.391710
758.969000 0.730000 759.261000 133.336780
759.680000 0.711000 759.971000 134.087510
760.398000 0.717000 760.691000 134.559010
761.139000 0.741000 761.431000 135.199870
761.953000 0.814000 762.241000 135.547770
762.800000 0.847000 763.091000 134.682600
763.613000 0.813000 763.901000 133.952470
764.443000 0.830000 764.731000 133.245230
765.261000 0.818000 765.551000 131.473690
766.031000 0.770000 766.321000 130.743560
766.809000 0.778000 767.101000 131.350100
767.614000 0.805000 767.901000 130.562750
768.406000 0.792000 768.701000 130.091250
769.210000 0.804000 769.501000 131.450800
770.050000 0.840000 770.341000 132.011560
770.891000 0.841000 771.181000 131.226500
771.721000 0.829000 772.011000 131.945190
772.582000 0.861000 772.871000 131.810150
773.457000 0.876000 773.751000 130.191960
774.285000 0.828000 774.581000 130.642860
775.111000 0.825000 775.401000 130.766450
775.918000 0.808000 776.211000 129.248970
776.697000 0.779000 776.991000 129.956210
777.488000 0.791000 777.781000 130.956420
778.272000 0.784000 778.571000 130.979310
779.066000 0.793000 779.351000 132.773740
779.899000 0.833000 780.191000 133.716720
780.739000 0.841000 781.031000 134.593340
781.578000 0.839000 781.871000 134.964120
782.439000 0.861000 782.731000 134.581890
783.251000 0.812000 783.541000 134.716930
784.054000 0.803000 784.351000 135.300580
784.832000 0.778000 785.131000 135.211320
785.583000 0.751000 785.881000 134.975570
786.345000 0.762000 786.641000 136.985140
787.131000 0.786000 787.421000 137.186560
787.926000 0.794000 788.221000 137.108740
788.775000 0.850000 789.061000 138.253140
789.667000 0.892000 789.961000 136.715060
790.509000 0.842000 790.801000 135.266250
791.349000 0.840000 791.641000 134.716930
792.177000 0.827000 792.471000 132.057340
792.944000 0.767000 793.241000 131.640780
793.703000 0.759000 793.991000 133.133080
794.493000 0.790000 794.781000 132.808070
795.284000 0.792000 795.571000 132.661580
796.097000 0.813000 796.391000 134.481190
796.942000 0.845000 797.231000 135.087720
797.756000 0.815000 798.051000 134.504070
798.569000 0.813000 798.861000 134.391920
799.370000 0.801000 799.661000 133.627460
800.148000 0.778000 800.441000 133.638900
800.943000 0.794000 801.231000 133.908980
801.749000 0.807000 802.041000 134.087510
802.582000 0.832000 802.871000 134.581890
803.479000 0.898000 803.771000 135.289130
804.391000 0.912000 804.691000 133.561080
805.233000 0.841000 805.521000 133.561080
806.061000 0.828000 806.351000 132.595210
806.870000 0.810000 807.161000 131.505740
807.654000 0.783000 807.951000 131.505740
808.468000 0.815000 808.761000 132.572320
809.359000 0.891000 809.651000 132.471610
810.238000 0.879000 810.531000 132.965990
811.155000 0.917000 811.451000 133.943320
812.116000 0.961000 812.411000 132.684470
813.002000 0.886000 813.301000 131.034240
813.880000 0.879000 814.171000 130.990750
814.752000 0.871000 815.051000 129.855510
815.583000 0.831000 815.881000 129.228370
816.393000 0.810000 816.681000 129.553380
817.231000 0.838000 817.521000 129.441230
818.063000 0.832000 818.351000 130.473480
818.978000 0.915000 819.271000 130.642860
819.952000 0.974000 820.241000 128.969740
820.878000 0.927000 821.171000 128.205270
821.850000 0.972000 822.141000 126.802240
822.764000 0.914000 823.061000 125.163450
823.622000 0.858000 823.911000 124.467650
824.470000 0.848000 824.761000 124.289120
825.288000 0.818000 825.581000 124.389830
826.105000 0.817000 826.400000 124.804110
826.954000 0.849000 827.251000 125.097070
827.792000 0.837000 828.081000 125.479300
828.689000 0.898000 828.981000 126.410850
829.624000 0.935000 829.921000 125.433530
830.488000 0.864000 830.781000 124.861330
831.355000 0.867000 831.651000 125.197780
832.197000 0.841000 832.491000 124.186130
832.996000 0.799000 833.291000 125.422080
833.807000 0.811000 834.101000 126.083550
834.618000 0.811000 834.911000 125.715050
835.438000 0.820000 835.731000 126.770190
836.342000 0.904000 836.631000 127.230240
837.197000 0.855000 837.491000 126.735860
838.060000 0.864000 838.351000 126.790790
838.912000 0.852000 839.211000 125.859250
839.705000 0.793000 840.001000 125.623500
840.510000 0.804000 840.801000 125.580010
841.330000 0.820000 841.621000 125.252710
842.129000 0.799000 842.421000 125.051300
842.978000 0.850000 843.271000 126.017170
843.821000 0.842000 844.121000 125.174890
844.619000 0.798000 844.911000 125.747100
845.432000 0.813000 845.730000 126.072110
846.229000 0.797000 846.521000 125.410640
846.985000 0.756000 847.281000 125.836360
847.755000 0.770000 848.050000 126.431450
848.525000 0.770000 848.821000 126.902940
849.286000 0.761000 849.581000 128.363200
850.077000 0.790000 850.371000 130.562750
850.894000 0.817000 851.191000 132.034450
851.696000 0.802000 851.991000 133.066700
852.524000 0.829000 852.821000 134.570450
853.343000 0.819000 853.641000 134.279770
854.136000 0.793000 854.431000 135.007610
854.947000 0.811000 855.241000 135.030500
855.742000 0.795000 856.041000 133.583970
856.516000 0.774000 856.811000 133.785390
857.304000 0.788000 857.601000 133.448930
858.086000 0.782000 858.381000 132.673030
858.865000 0.779000 859.161000 132.718800
859.663000 0.798000 859.961000 132.247310
860.476000 0.813000 860.771000 131.675110
861.269000 0.793000 861.561000 131.574400
862.084000 0.815000 862.381000 131.382140
862.922000 0.838000 863.221000 130.686340
863.725000 0.803000 864.021000 130.079810
864.520000 0.795000 864.811000 130.304110
865.326000 0.806000 865.621000 130.272070
866.092000 0.765000 866.391000 129.519050
866.846000 0.755000 867.141000 131.281430
867.630000 0.784000 867.921000 131.494290
868.411000 0.781000 868.711000 131.606440
869.220000 0.808000 869.511000 132.370900
870.062000 0.842000 870.351000 132.819510
870.865000 0.803000 871.161000 131.226500
871.654000 0.789000 871.951000 131.114350
872.452000 0.798000 872.751000 130.585630
873.228000 0.777000 873.521000 130.608520
874.026000 0.798000 874.321000 131.192170
874.854000 0.828000 875.151000 130.967870
875.640000 0.786000 875.931000 130.631410
876.431000 0.791000 876.721000 130.910650
877.215000 0.784000 877.511000 130.091250
877.964000 0.749000 878.261000 130.226290
878.706000 0.742000 879.001000 130.551300
879.450000 0.744000 879.741000 130.709230
880.193000 0.742000 880.481000 131.640780
880.966000 0.773000 881.261000 132.897330
881.762000 0.797000 882.061000 133.728170
882.564000 0.802000 882.861000 133.975360
883.415000 0.851000 883.711000 134.794750
884.234000 0.818000 884.531000 134.627670
