   1.1348900e+02   7.7500000e-01   1.1379300e+02   1.0211104e+02
   1.1431000e+02   8.2000000e-01   1.1464000e+02   1.0211104e+02
   1.1514100e+02   8.3100000e-01   1.1545800e+02   1.0204999e+02
   1.1602000e+02   8.7900000e-01   1.1633500e+02   1.0290364e+02
   1.1690500e+02   8.8500000e-01   1.1725200e+02   9.7716168e+01
   1.1775800e+02   8.5300000e-01   1.1807200e+02   1.0125627e+02
   1.1865300e+02   8.9500000e-01   1.1898000e+02   9.9210901e+01
   1.1953800e+02   8.8500000e-01   1.1985500e+02   9.7746696e+01
   1.2038100e+02   8.4300000e-01   1.2069100e+02   9.8876226e+01
   1.2124500e+02   8.6400000e-01   1.2154900e+02   9.9241429e+01
   1.2212800e+02   8.8300000e-01   1.2245200e+02   9.6922445e+01
   1.2295300e+02   8.2500000e-01   1.2325900e+02   1.0003515e+02
   1.2386600e+02   9.1300000e-01   1.2417900e+02   1.0253730e+02
   1.2480400e+02   9.3800000e-01   1.2514800e+02   9.7716168e+01
   1.2568000e+02   8.7600000e-01   1.2603000e+02   9.9241429e+01
   1.2659000e+02   9.1000000e-01   1.2693800e+02   1.0171418e+02
   1.2752500e+02   9.3400000e-01   1.2783900e+02   9.9668818e+01
   1.2837300e+02   8.4800000e-01   1.2868700e+02   1.0037096e+02
   1.2923500e+02   8.6200000e-01   1.2954500e+02   1.0443003e+02
   1.3015200e+02   9.1700000e-01   1.3046800e+02   1.0400264e+02
   1.3102700e+02   8.7500000e-01   1.3135100e+02   1.0409422e+02
   1.3194500e+02   9.1800000e-01   1.3225600e+02   1.0522375e+02
   1.3289900e+02   9.5400000e-01   1.3325300e+02   9.9729874e+01
   1.3378600e+02   8.8800000e-01   1.3411100e+02   1.0290364e+02
   1.3471300e+02   9.2600000e-01   1.3503400e+02   1.0339208e+02
   1.3562700e+02   9.1500000e-01   1.3596600e+02   1.0281205e+02
   1.3648800e+02   8.6100000e-01   1.3683700e+02   9.9241429e+01
   1.3739500e+02   9.0700000e-01   1.3771700e+02   1.0687112e+02
   1.3831900e+02   9.2400000e-01   1.3864500e+02   1.0601634e+02
   1.3916000e+02   8.4100000e-01   1.3947900e+02   1.0757326e+02
   1.4010700e+02   9.4700000e-01   1.4044800e+02   1.0632162e+02
   1.4108200e+02   9.7500000e-01   1.4140700e+02   1.0635215e+02
   1.4198300e+02   9.0100000e-01   1.4230900e+02   1.0082888e+02
   1.4294900e+02   9.6600000e-01   1.4326300e+02   1.0522375e+02
   1.4390400e+02   9.5500000e-01   1.4422700e+02   1.0073729e+02
   1.4481600e+02   9.1200000e-01   1.4513400e+02   1.0378894e+02
   1.4571400e+02   8.9800000e-01   1.4603400e+02   1.0244685e+02
   1.4650300e+02   7.8800000e-01   1.4684700e+02   9.9577235e+01
   1.4731400e+02   8.1100000e-01   1.4763400e+02   8.5691598e+01
   1.4812900e+02   8.1500000e-01   1.4845500e+02   9.1643393e+01
   1.4900500e+02   8.7600000e-01   1.4933300e+02   9.0025418e+01
   1.4995900e+02   9.5400000e-01   1.5026700e+02   9.6891917e+01
   1.5089200e+02   9.3300000e-01   1.5120500e+02   9.2771792e+01
   1.5177400e+02   8.8200000e-01   1.5208500e+02   9.6098194e+01
   1.5272600e+02   9.5100000e-01   1.5303200e+02   9.6556111e+01
   1.5361900e+02   8.9300000e-01   1.5396400e+02   9.1612865e+01
   1.5453600e+02   9.1700000e-01   1.5483200e+02   9.7716168e+01
   1.5549700e+02   9.6100000e-01   1.5583400e+02   9.3260237e+01
   1.5643300e+02   9.3600000e-01   1.5675700e+02   9.7746696e+01
   1.5734600e+02   9.1300000e-01   1.5764600e+02   1.0040149e+02
   1.5829200e+02   9.4600000e-01   1.5860800e+02   1.0006568e+02
   1.5915100e+02   8.5900000e-01   1.5947100e+02   9.9302484e+01
   1.6004300e+02   8.9200000e-01   1.6037100e+02   1.0076782e+02
   1.6103800e+02   9.9500000e-01   1.6134200e+02   1.0400264e+02
   1.6196700e+02   9.2800000e-01   1.6228900e+02   1.0204999e+02
   1.6286300e+02   8.9700000e-01   1.6317300e+02   1.0531533e+02
   1.6384700e+02   9.8400000e-01   1.6416500e+02   1.0446056e+02
   1.6474200e+02   8.9500000e-01   1.6508400e+02   1.0079835e+02
   1.6560200e+02   8.6100000e-01   1.6595200e+02   1.0565114e+02
   1.6654100e+02   9.3900000e-01   1.6685800e+02   1.0595529e+02
   1.6745700e+02   9.1600000e-01   1.6777100e+02   1.0369736e+02
   1.6835100e+02   8.9300000e-01   1.6868200e+02   1.0363630e+02
   1.6932000e+02   9.6900000e-01   1.6965500e+02   1.0290364e+02
   1.7023100e+02   9.1200000e-01   1.7054900e+02   1.0287311e+02
   1.7111700e+02   8.8500000e-01   1.7143200e+02   1.0293416e+02
   1.7206100e+02   9.4500000e-01   1.7239000e+02   1.0168365e+02
   1.7291000e+02   8.4900000e-01   1.7325000e+02   1.0082888e+02
   1.7374700e+02   8.3800000e-01   1.7406300e+02   1.0357525e+02
   1.7463600e+02   8.8900000e-01   1.7496900e+02   1.0293416e+02
   1.7549500e+02   8.5900000e-01   1.7580900e+02   1.0409422e+02
   1.7636900e+02   8.7400000e-01   1.7667400e+02   1.0677954e+02
   1.7730800e+02   9.3900000e-01   1.7762900e+02   1.0565114e+02
   1.7819400e+02   8.8600000e-01   1.7849700e+02   1.0443003e+02
   1.7908100e+02   8.8700000e-01   1.7939700e+02   1.0632162e+02
   1.8002800e+02   9.4700000e-01   1.8033600e+02   1.0687112e+02
   1.8095900e+02   9.3100000e-01   1.8128900e+02   1.0375842e+02
   1.8186900e+02   9.1000000e-01   1.8218800e+02   1.0607740e+02
   1.8284200e+02   9.7200000e-01   1.8316800e+02   1.0333103e+02
   1.8376400e+02   9.2300000e-01   1.8409900e+02   1.0079835e+02
   1.8471200e+02   9.4700000e-01   1.8502700e+02   1.0494900e+02
   1.8571400e+02   1.0020000e+00   1.8602400e+02   1.0250678e+02
   1.8661900e+02   9.0500000e-01   1.8696700e+02   1.0043201e+02
   1.8752400e+02   9.0500000e-01   1.8784900e+02   1.0082888e+02
   1.8847700e+02   9.5300000e-01   1.8880800e+02   1.0009621e+02
   1.8935600e+02   8.7800000e-01   1.8966300e+02   9.8845698e+01
   1.9028900e+02   9.3300000e-01   1.9059500e+02   9.8876226e+01
   1.9123600e+02   9.4800000e-01   1.9154800e+02   9.5731860e+01
   1.9210100e+02   8.6500000e-01   1.9242700e+02   9.5305601e+01
   1.9305300e+02   9.5200000e-01   1.9336800e+02   9.9699346e+01
   1.9401900e+02   9.6600000e-01   1.9433400e+02   9.5183490e+01
   1.9487500e+02   8.5600000e-01   1.9523500e+02   9.5244545e+01
   1.9578300e+02   9.0800000e-01   1.9613200e+02   9.6495055e+01
   1.9674200e+02   9.5800000e-01   1.9705400e+02   9.8876226e+01
   1.9762300e+02   8.8100000e-01   1.9794700e+02   9.7746696e+01
   1.9859200e+02   9.6900000e-01   1.9892900e+02   9.8967809e+01
   1.9953700e+02   9.4500000e-01   1.9987500e+02   9.3229709e+01
   2.0044300e+02   9.0600000e-01   2.0075300e+02   9.8906753e+01
   2.0142400e+02   9.8100000e-01   2.0175300e+02   9.6098194e+01
   2.0234600e+02   9.2300000e-01   2.0267400e+02   9.4420294e+01
   2.0322300e+02   8.7700000e-01   2.0353400e+02   9.9699346e+01
   2.0415600e+02   9.3300000e-01   2.0448400e+02   9.6525583e+01
   2.0506100e+02   9.0400000e-01   2.0539600e+02   9.5671935e+01
   2.0598300e+02   9.2200000e-01   2.0633300e+02   9.7685641e+01
   2.0696800e+02   9.8400000e-01   2.0727200e+02   9.9668818e+01
   2.0788200e+02   9.1400000e-01   2.0824500e+02   9.7380362e+01
   2.0882000e+02   9.3800000e-01   2.0912300e+02   1.0085940e+02
   2.0977700e+02   9.5700000e-01   2.1010200e+02   9.8051974e+01
   2.1066600e+02   8.8900000e-01   2.1099200e+02   9.8143558e+01
   2.1164200e+02   9.7600000e-01   2.1197500e+02   9.6556111e+01
   2.1257500e+02   9.3300000e-01   2.1289200e+02   9.8082502e+01
   2.1345300e+02   8.7800000e-01   2.1377500e+02   9.7288779e+01
   2.1439000e+02   9.3700000e-01   2.1469900e+02   9.6556111e+01
   2.1531300e+02   9.2300000e-01   2.1563100e+02   9.9668818e+01
   2.1620700e+02   8.9400000e-01   2.1652200e+02   1.0131732e+02
   2.1718000e+02   9.7300000e-01   2.1750200e+02   1.0366683e+02
   2.1810100e+02   9.2100000e-01   2.1845300e+02   9.3199181e+01
   2.1900700e+02   9.0600000e-01   2.1932900e+02   1.0290364e+02
   2.1998800e+02   9.8100000e-01   2.2028000e+02   1.0290364e+02
   2.2090600e+02   9.1800000e-01   2.2124200e+02   9.1673921e+01
   2.2178400e+02   8.7700000e-01   2.2208800e+02   1.0125627e+02
   2.2271700e+02   9.3300000e-01   2.2304800e+02   1.0760379e+02
   2.2366200e+02   9.4600000e-01   2.2398900e+02   1.0366683e+02
   2.2454300e+02   8.8000000e-01   2.2486100e+02   1.0372789e+02
   2.2552500e+02   9.8200000e-01   2.2584000e+02   1.0925116e+02
   2.2646600e+02   9.4100000e-01   2.2678200e+02   1.0598582e+02
   2.2738000e+02   9.1300000e-01   2.2769800e+02   1.0256783e+02
   2.2831500e+02   9.3600000e-01   2.2863500e+02   1.0446056e+02
   2.2915900e+02   8.4400000e-01   2.2950000e+02   9.9699346e+01
   2.3001500e+02   8.5600000e-01   2.3034600e+02   1.0531533e+02
   2.3080300e+02   7.8800000e-01   2.3111800e+02   1.0485742e+02
   2.3154800e+02   7.4500000e-01   2.3185100e+02   1.0525428e+02
   2.3233500e+02   7.8700000e-01   2.3265900e+02   1.0528481e+02
   2.3310500e+02   7.7000000e-01   2.3343900e+02   1.0525428e+02
   2.3397500e+02   8.7000000e-01   2.3428600e+02   1.0763432e+02
   2.3490300e+02   9.2800000e-01   2.3523800e+02   1.0250678e+02
   2.3574500e+02   8.4300000e-01   2.3605800e+02   1.0482689e+02
   2.3664400e+02   8.9900000e-01   2.3699000e+02   1.0323944e+02
   2.3753200e+02   8.8800000e-01   2.3785900e+02   1.0333103e+02
   2.3836400e+02   8.3200000e-01   2.3868000e+02   1.0488795e+02
   2.3923000e+02   8.6600000e-01   2.3954400e+02   1.0717640e+02
   2.4009400e+02   8.6400000e-01   2.4043700e+02   1.0421633e+02
   2.4087500e+02   7.8100000e-01   2.4121800e+02   1.0372789e+02
   2.4171100e+02   8.3600000e-01   2.4204500e+02   1.0366683e+02
   2.4262300e+02   9.1200000e-01   2.4295800e+02   1.0336155e+02
   2.4347900e+02   8.5600000e-01   2.4380400e+02   1.0455214e+02
   2.4438800e+02   9.1000000e-01   2.4471900e+02   1.0562061e+02
   2.4538200e+02   9.9400000e-01   2.4568700e+02   1.0406369e+02
   2.4628600e+02   9.0400000e-01   2.4661900e+02   1.0088993e+02
   2.4720800e+02   9.2200000e-01   2.4751700e+02   1.0250678e+02
   2.4816200e+02   9.5400000e-01   2.4848800e+02   9.7655113e+01
   2.4902800e+02   8.6600000e-01   2.4934400e+02   9.7655113e+01
   2.4993600e+02   9.0800000e-01   2.5024300e+02   9.8479364e+01
   2.5082700e+02   8.9100000e-01   2.5115800e+02   9.4847684e+01
   2.5164300e+02   8.1600000e-01   2.5198300e+02   9.1612865e+01
   2.5251700e+02   8.7400000e-01   2.5282300e+02   9.5244545e+01
   2.5340700e+02   8.9000000e-01   2.5373600e+02   9.0513864e+01
   2.5420500e+02   7.9800000e-01   2.5451500e+02   1.0330050e+02
   2.5506300e+02   8.5800000e-01   2.5538500e+02   1.0470478e+02
   2.5594000e+02   8.7700000e-01   2.5628300e+02   1.0204999e+02
   2.5677700e+02   8.3700000e-01   2.5708700e+02   1.0671848e+02
   2.5768600e+02   9.1000000e-01   2.5800300e+02   1.0668796e+02
   2.5852400e+02   8.3800000e-01   2.5883400e+02   1.0336155e+02
   2.5929300e+02   7.6900000e-01   2.5961700e+02   1.0128679e+02
   2.6002400e+02   7.3100000e-01   2.6034600e+02   1.0397211e+02
   2.6076500e+02   7.4100000e-01   2.6109300e+02   1.0485742e+02
   2.6148800e+02   7.2300000e-01   2.6179900e+02   1.0922063e+02
   2.6229200e+02   8.0400000e-01   2.6260100e+02   1.1199867e+02
   2.6324300e+02   9.5100000e-01   2.6354400e+02   1.1007541e+02
   2.6412700e+02   8.8400000e-01   2.6445300e+02   1.0571220e+02
   2.6501500e+02   8.8700000e-01   2.6533900e+02   1.0638268e+02
   2.6588500e+02   8.7100000e-01   2.6619700e+02   1.0171418e+02
   2.6666400e+02   7.7900000e-01   2.6701200e+02   1.0088993e+02
   2.6745000e+02   7.8600000e-01   2.6776100e+02   1.0281205e+02
   2.6832100e+02   8.7100000e-01   2.6863400e+02   1.0253730e+02
   2.6912800e+02   8.0700000e-01   2.6943800e+02   1.0360578e+02
   2.7001100e+02   8.8300000e-01   2.7032400e+02   1.0522375e+02
   2.7083400e+02   8.2300000e-01   2.7117400e+02   9.5244545e+01
   2.7158200e+02   7.4800000e-01   2.7189400e+02   1.0006568e+02
   2.7235400e+02   7.7200000e-01   2.7265900e+02   1.0244685e+02
   2.7315800e+02   8.0500000e-01   2.7346300e+02   1.0366683e+02
   2.7407200e+02   9.1400000e-01   2.7436900e+02   1.0565114e+02
   2.7499300e+02   9.2100000e-01   2.7529000e+02   1.0171418e+02
   2.7589800e+02   9.0500000e-01   2.7619100e+02   1.0085940e+02
   2.7687600e+02   9.7900000e-01   2.7719200e+02   9.9333012e+01
   2.7783300e+02   9.5700000e-01   2.7814800e+02   1.0534586e+02
   2.7872700e+02   8.9400000e-01   2.7904000e+02   1.0400264e+02
   2.7967400e+02   9.4700000e-01   2.8002100e+02   9.9607763e+01
   2.8060600e+02   9.3200000e-01   2.8095900e+02   1.0168365e+02
   2.8150500e+02   8.9900000e-01   2.8182700e+02   1.0293416e+02
   2.8245400e+02   9.4900000e-01   2.8276500e+02   1.0250678e+02
   2.8335800e+02   9.0400000e-01   2.8368000e+02   9.7685641e+01
   2.8424000e+02   8.8200000e-01   2.8455900e+02   9.6067666e+01
   2.8516600e+02   9.2600000e-01   2.8548100e+02   9.6495055e+01
   2.8601000e+02   8.4400000e-01   2.8632400e+02   9.5244545e+01
   2.8678600e+02   7.7600000e-01   2.8710000e+02   9.8113030e+01
   2.8756200e+02   7.7600000e-01   2.8787000e+02   9.8051974e+01
   2.8831300e+02   7.5100000e-01   2.8863800e+02   9.8906753e+01
   2.8910800e+02   7.9500000e-01   2.8942600e+02   1.0128679e+02
   2.8993400e+02   8.2500000e-01   2.9024700e+02   1.0250678e+02
   2.9071700e+02   7.8400000e-01   2.9104000e+02   1.0204999e+02
   2.9158700e+02   8.6900000e-01   2.9192400e+02   1.0217210e+02
   2.9250100e+02   9.1500000e-01   2.9281000e+02   1.0726798e+02
   2.9333000e+02   8.2800000e-01   2.9363500e+02   1.0751221e+02
   2.9425100e+02   9.2100000e-01   2.9455900e+02   1.0845857e+02
   2.9514700e+02   8.9600000e-01   2.9546700e+02   1.0369736e+02
   2.9603300e+02   8.8600000e-01   2.9636500e+02   1.0635215e+02
   2.9699500e+02   9.6300000e-01   2.9729500e+02   1.0516270e+02
   2.9791100e+02   9.1600000e-01   2.9824500e+02   9.8448836e+01
   2.9879800e+02   8.8700000e-01   2.9912200e+02   1.0372789e+02
   2.9971800e+02   9.1900000e-01   3.0003500e+02   1.0403317e+02
   3.0059500e+02   8.7700000e-01   3.0094000e+02   1.0009621e+02
   3.0148000e+02   8.8500000e-01   3.0179700e+02   9.8387780e+01
   3.0241900e+02   9.4000000e-01   3.0271500e+02   1.0119521e+02
   3.0326500e+02   8.4500000e-01   3.0358700e+02   9.8143558e+01
   3.0415700e+02   8.9300000e-01   3.0446300e+02   1.0326997e+02
   3.0505000e+02   8.9300000e-01   3.0536200e+02   1.0046254e+02
   3.0590400e+02   8.5400000e-01   3.0623600e+02   1.0333103e+02
   3.0684600e+02   9.4200000e-01   3.0714400e+02   1.0244685e+02
   3.0775900e+02   9.1300000e-01   3.0806300e+02   9.8479364e+01
   3.0863900e+02   8.8000000e-01   3.0896400e+02   9.8509892e+01
   3.0957700e+02   9.3800000e-01   3.0987500e+02   1.0122574e+02
   3.1042700e+02   8.5000000e-01   3.1073200e+02   1.0043201e+02
   3.1131500e+02   8.8800000e-01   3.1161500e+02   1.0330050e+02
   3.1217800e+02   8.6300000e-01   3.1248600e+02   1.0244685e+02
   3.1294400e+02   7.6600000e-01   3.1324400e+02   1.0208052e+02
   3.1369000e+02   7.4600000e-01   3.1402500e+02   1.0247625e+02
   3.1454800e+02   8.5800000e-01   3.1486200e+02   1.0366683e+02
   3.1544800e+02   9.0000000e-01   3.1576300e+02   1.0290364e+02
   3.1631300e+02   8.6400000e-01   3.1662000e+02   1.0412475e+02
   3.1724800e+02   9.3500000e-01   3.1756200e+02   1.0409422e+02
   3.1812000e+02   8.7300000e-01   3.1843400e+02   1.0208052e+02
   3.1901900e+02   8.9900000e-01   3.1932200e+02   1.0607740e+02
   3.1990700e+02   8.8800000e-01   3.2023500e+02   1.0082888e+02
   3.2073300e+02   8.2600000e-01   3.2104300e+02   1.0409422e+02
   3.2164300e+02   9.1000000e-01   3.2198300e+02   1.0003515e+02
   3.2257100e+02   9.2800000e-01   3.2287900e+02   1.0128679e+02
   3.2349600e+02   9.2500000e-01   3.2380800e+02   1.0253730e+02
   3.2447600e+02   9.8000000e-01   3.2480400e+02   9.8937281e+01
   3.2539200e+02   9.1600000e-01   3.2572800e+02   9.3596043e+01
   3.2633500e+02   9.4400000e-01   3.2666100e+02   9.7716168e+01
   3.2733900e+02   1.0030000e+00   3.2766200e+02   9.9424596e+01
   3.2829400e+02   9.5600000e-01   3.2862800e+02   9.4847684e+01
   3.2922300e+02   9.2800000e-01   3.2954300e+02   1.0607740e+02
   3.3022600e+02   1.0040000e+00   3.3056200e+02   8.7614851e+01
   3.3119300e+02   9.6600000e-01   3.3154200e+02   8.1511548e+01
   3.3207000e+02   8.7700000e-01   3.3238700e+02   9.0025418e+01
   3.3302500e+02   9.5500000e-01   3.3334900e+02   8.8439102e+01
   3.3392400e+02   8.9900000e-01   3.3426100e+02   8.7248517e+01
   3.3482800e+02   9.0400000e-01   3.3513900e+02   9.4817156e+01
   3.3583900e+02   1.0110000e+00   3.3614000e+02   9.7288779e+01
   3.3678100e+02   9.4200000e-01   3.3710900e+02   9.4878212e+01
   3.3771100e+02   9.3000000e-01   3.3803700e+02   9.6861389e+01
   3.3866900e+02   9.5800000e-01   3.3902100e+02   9.1338115e+01
   3.3953900e+02   8.7000000e-01   3.3984600e+02   9.3931849e+01
   3.4039800e+02   8.6000000e-01   3.4069700e+02   9.7319307e+01
   3.4128100e+02   8.8300000e-01   3.4159900e+02   9.7319307e+01
   3.4206300e+02   7.8100000e-01   3.4237900e+02   9.8113030e+01
   3.4282600e+02   7.6400000e-01   3.4314000e+02   9.9302484e+01
   3.4365600e+02   8.3000000e-01   3.4398100e+02   9.6556111e+01
   3.4449600e+02   8.4000000e-01   3.4480000e+02   1.0287311e+02
   3.4547600e+02   9.8000000e-01   3.4578000e+02   1.0290364e+02
   3.4638700e+02   9.1100000e-01   3.4669900e+02   9.6556111e+01
   3.4726800e+02   8.8100000e-01   3.4757700e+02   9.9271957e+01
   3.4822100e+02   9.5300000e-01   3.4852500e+02   1.0000462e+02
   3.4914400e+02   9.2200000e-01   3.4948500e+02   9.4817156e+01
   3.5001900e+02   8.7600000e-01   3.5031800e+02   1.0079835e+02
   3.5097100e+02   9.5200000e-01   3.5128400e+02   1.0165313e+02
   3.5190800e+02   9.3700000e-01   3.5222500e+02   9.8815170e+01
   3.5276900e+02   8.6100000e-01   3.5308600e+02   9.7227723e+01
   3.5369300e+02   9.2400000e-01   3.5403800e+02   9.3229709e+01
   3.5458900e+02   8.9600000e-01   3.5489700e+02   9.5275073e+01
   3.5541500e+02   8.2600000e-01   3.5573600e+02   9.7807752e+01
   3.5630200e+02   8.8700000e-01   3.5662200e+02   9.0025418e+01
   3.5717800e+02   8.7700000e-01   3.5749700e+02   9.7746696e+01
   3.5800600e+02   8.2700000e-01   3.5832400e+02   9.9302484e+01
   3.5890900e+02   9.0300000e-01   3.5923800e+02   9.4481350e+01
   3.5983800e+02   9.2900000e-01   3.6014200e+02   9.7288779e+01
   3.6069300e+02   8.5600000e-01   3.6104700e+02   8.9231695e+01
   3.6160000e+02   9.0700000e-01   3.6190200e+02   9.8418308e+01
   3.6244700e+02   8.4700000e-01   3.6279400e+02   9.1734976e+01
   3.6320200e+02   7.5500000e-01   3.6354000e+02   9.2070782e+01
   3.6394700e+02   7.4400000e-01   3.6424200e+02   1.0037096e+02
   3.6473600e+02   7.8900000e-01   3.6504500e+02   1.0559009e+02
   3.6571100e+02   9.7500000e-01   3.6604300e+02   9.3901321e+01
   3.6664000e+02   9.2800000e-01   3.6698300e+02   1.0476583e+02
   3.6751500e+02   8.7500000e-01   3.6783400e+02   1.1007541e+02
   3.6844000e+02   9.2600000e-01   3.6875400e+02   1.0452161e+02
   3.6930800e+02   8.6800000e-01   3.6964100e+02   1.0717640e+02
   3.7021700e+02   9.0900000e-01   3.7054400e+02   1.0446056e+02
   3.7117000e+02   9.5300000e-01   3.7148200e+02   1.0760379e+02
   3.7204300e+02   8.7300000e-01   3.7237100e+02   9.9638291e+01
   3.7285600e+02   8.1200000e-01   3.7317000e+02   1.0326997e+02
   3.7362100e+02   7.6500000e-01   3.7397300e+02   9.5671935e+01
   3.7438000e+02   7.6000000e-01   3.7470000e+02   8.2792586e+01
   3.7529600e+02   9.1600000e-01   3.7561300e+02   9.7655113e+01
   3.7617200e+02   8.7600000e-01   3.7647800e+02   1.0287311e+02
   3.7707200e+02   9.0000000e-01   3.7737300e+02   1.0375842e+02
   3.7801900e+02   9.4700000e-01   3.7834100e+02   1.0323944e+02
   3.7892000e+02   9.0100000e-01   3.7923300e+02   9.8967809e+01
   3.7983000e+02   9.1000000e-01   3.8013300e+02   1.0015726e+02
   3.8076000e+02   9.3000000e-01   3.8107300e+02   9.4481350e+01
   3.8163700e+02   8.7600000e-01   3.8197900e+02   9.8113030e+01
   3.8252100e+02   8.8500000e-01   3.8284100e+02   9.8509892e+01
   3.8343600e+02   9.1500000e-01   3.8375100e+02   9.8082502e+01
   3.8428800e+02   8.5200000e-01   3.8459900e+02   9.8479364e+01
   3.8518100e+02   8.9300000e-01   3.8549300e+02   1.0082888e+02
   3.8607800e+02   8.9700000e-01   3.8638000e+02   9.9729874e+01
   3.8692400e+02   8.4600000e-01   3.8722100e+02   1.0125627e+02
   3.8783200e+02   9.0800000e-01   3.8815800e+02   9.8479364e+01
   3.8873500e+02   9.0300000e-01   3.8905000e+02   1.0003515e+02
   3.8961100e+02   8.7600000e-01   3.8995100e+02   1.0162260e+02
   3.9052800e+02   9.1700000e-01   3.9083900e+02   1.0598582e+02
   3.9142100e+02   8.9300000e-01   3.9175800e+02   9.8113030e+01
   3.9228900e+02   8.6800000e-01   3.9261500e+02   1.0421633e+02
   3.9321200e+02   9.2300000e-01   3.9354100e+02   1.0635215e+02
   3.9407600e+02   8.6400000e-01   3.9440000e+02   1.0412475e+02
   3.9494800e+02   8.7200000e-01   3.9525600e+02   1.0845857e+02
   3.9589500e+02   9.4700000e-01   3.9619600e+02   1.0687112e+02
   3.9677100e+02   8.7600000e-01   3.9709800e+02   9.6983501e+01
   3.9765000e+02   8.7900000e-01   3.9798700e+02   9.8418308e+01
   3.9859600e+02   9.4700000e-01   3.9894800e+02   1.0366683e+02
   3.9948400e+02   8.8700000e-01   3.9981800e+02   1.0046254e+02
   4.0037200e+02   8.8800000e-01   4.0067900e+02   1.0409422e+02
   4.0132000e+02   9.4800000e-01   4.0164700e+02   9.9577235e+01
   4.0220700e+02   8.8700000e-01   4.0253600e+02   9.8143558e+01
   4.0306600e+02   8.5800000e-01   4.0337700e+02   1.0003515e+02
   4.0394000e+02   8.7500000e-01   4.0425500e+02   9.1673921e+01
   4.0475000e+02   8.1000000e-01   4.0507600e+02   9.8906753e+01
   4.0549800e+02   7.4800000e-01   4.0583500e+02   9.9668818e+01
   4.0622600e+02   7.2800000e-01   4.0653500e+02   1.0284258e+02
   4.0706000e+02   8.3400000e-01   4.0735700e+02   1.0806171e+02
   4.0795400e+02   8.9400000e-01   4.0825500e+02   1.0766485e+02
   4.0880100e+02   8.4700000e-01   4.0912200e+02   1.0803118e+02
   4.0971700e+02   9.1600000e-01   4.1001700e+02   1.0970908e+02
   4.1065400e+02   9.3800000e-01   4.1099300e+02   1.0128679e+02
   4.1152300e+02   8.6800000e-01   4.1184700e+02   1.0714587e+02
   4.1246000e+02   9.3700000e-01   4.1276400e+02   1.0519322e+02
   4.1337500e+02   9.1500000e-01   4.1369700e+02   1.0247625e+02
   4.1425500e+02   8.8000000e-01   4.1456500e+02   1.0290364e+02
   4.1516800e+02   9.1400000e-01   4.1549100e+02   9.6922445e+01
   4.1603000e+02   8.6200000e-01   4.1636600e+02   9.9241429e+01
   4.1689700e+02   8.6700000e-01   4.1720300e+02   1.0287311e+02
   4.1779200e+02   8.9500000e-01   4.1810400e+02   9.9241429e+01
   4.1862100e+02   8.2900000e-01   4.1895100e+02   9.9638291e+01
   4.1953000e+02   9.0900000e-01   4.1983600e+02   1.0049307e+02
   4.2046200e+02   9.3200000e-01   4.2078600e+02   9.3596043e+01
   4.2134700e+02   8.8500000e-01   4.2165300e+02   9.5702463e+01
   4.2227800e+02   9.3100000e-01   4.2259300e+02   9.6891917e+01
   4.2314900e+02   8.7200000e-01   4.2346500e+02   9.4786628e+01
   4.2402400e+02   8.7500000e-01   4.2432100e+02   9.9668818e+01
   4.2494700e+02   9.2300000e-01   4.2526100e+02   9.7655113e+01
   4.2581900e+02   8.7200000e-01   4.2615100e+02   9.2070782e+01
   4.2668000e+02   8.6100000e-01   4.2701300e+02   9.6922445e+01
   4.2757500e+02   8.9500000e-01   4.2788900e+02   9.5275073e+01
   4.2841900e+02   8.4400000e-01   4.2874100e+02   9.3168653e+01
   4.2926900e+02   8.5100000e-01   4.2958200e+02   9.3534987e+01
   4.3016300e+02   8.9400000e-01   4.3047700e+02   9.3565515e+01
   4.3099800e+02   8.3500000e-01   4.3133000e+02   9.7349834e+01
   4.3185100e+02   8.5300000e-01   4.3215000e+02   1.0372789e+02
   4.3278400e+02   9.3200000e-01   4.3311400e+02   9.8143558e+01
   4.3367500e+02   8.9200000e-01   4.3403300e+02   9.8174086e+01
   4.3454100e+02   8.6600000e-01   4.3486200e+02   1.0559009e+02
   4.3547700e+02   9.3600000e-01   4.3579200e+02   1.0168365e+02
   4.3637600e+02   8.9900000e-01   4.3669700e+02   1.0211104e+02
   4.3728400e+02   9.0700000e-01   4.3763000e+02   1.0241632e+02
   4.3822500e+02   9.4100000e-01   4.3855200e+02   9.8876226e+01
   4.3908700e+02   8.6200000e-01   4.3940800e+02   1.0330050e+02
   4.3996000e+02   8.7300000e-01   4.4027500e+02   1.0650479e+02
   4.4085100e+02   8.9000000e-01   4.4115300e+02   1.0613846e+02
   4.4168300e+02   8.3200000e-01   4.4203100e+02   1.0208052e+02
   4.4258500e+02   9.0200000e-01   4.4295900e+02   1.0043201e+02
   4.4355200e+02   9.6700000e-01   4.4385500e+02   1.0201946e+02
   4.4441700e+02   8.6500000e-01   4.4475000e+02   9.8448836e+01
   4.4539800e+02   9.8100000e-01   4.4569800e+02   1.0293416e+02
   4.4639600e+02   9.9800000e-01   4.4670900e+02   9.8998337e+01
   4.4735200e+02   9.5600000e-01   4.4767700e+02   9.6922445e+01
   4.4836000e+02   1.0080000e+00   4.4867900e+02   9.5275073e+01
   4.4921600e+02   8.5600000e-01   4.4952800e+02   9.2131838e+01
   4.5001500e+02   7.9900000e-01   4.5035000e+02   9.1673921e+01
   4.5087900e+02   8.6400000e-01   4.5119000e+02   9.7716168e+01
   4.5185300e+02   9.7400000e-01   4.5215700e+02   9.8082502e+01
   4.5277400e+02   9.2200000e-01   4.5309100e+02   9.5702463e+01
   4.5363300e+02   8.5900000e-01   4.5397800e+02   9.3962377e+01
   4.5456100e+02   9.2800000e-01   4.5486700e+02   9.8876226e+01
   4.5548400e+02   9.2300000e-01   4.5578800e+02   9.4115016e+01
   4.5635200e+02   8.6800000e-01   4.5666700e+02   9.8479364e+01
   4.5731700e+02   9.6500000e-01   4.5763600e+02   9.9760402e+01
   4.5825200e+02   9.3500000e-01   4.5856700e+02   9.6952973e+01
   4.5916500e+02   9.1300000e-01   4.5947200e+02   9.8509892e+01
   4.6018300e+02   1.0170000e+00   4.6048800e+02   9.9974097e+01
   4.6115000e+02   9.6700000e-01   4.6146400e+02   9.6464528e+01
   4.6205000e+02   9.0000000e-01   4.6236400e+02   9.3229709e+01
   4.6299400e+02   9.4400000e-01   4.6330800e+02   9.3290765e+01
   4.6395100e+02   9.5700000e-01   4.6428700e+02   9.5671935e+01
   4.6482200e+02   8.7100000e-01   4.6513000e+02   9.9333012e+01
   4.6578600e+02   9.6400000e-01   4.6609100e+02   1.0296469e+02
   4.6674500e+02   9.5900000e-01   4.6706400e+02   9.4786628e+01
   4.6765700e+02   9.1300000e-01   4.6798600e+02   1.0208052e+02
   4.6863000e+02   9.7300000e-01   4.6895300e+02   1.0326997e+02
   4.6957500e+02   9.4500000e-01   4.6989100e+02   1.0009621e+02
   4.7045300e+02   8.7800000e-01   4.7076400e+02   1.0208052e+02
   4.7140600e+02   9.5200000e-01   4.7172900e+02   1.0204999e+02
   4.7233300e+02   9.2700000e-01   4.7264600e+02   1.0012674e+02
   4.7322000e+02   8.8700000e-01   4.7353200e+02   9.8845698e+01
   4.7417400e+02   9.5400000e-01   4.7448300e+02   1.0250678e+02
   4.7505800e+02   8.8500000e-01   4.7539200e+02   9.6067666e+01
   4.7593800e+02   8.8000000e-01   4.7627500e+02   9.5671935e+01
   4.7688400e+02   9.4500000e-01   4.7720400e+02   9.7716168e+01
   4.7776600e+02   8.8200000e-01   4.7808400e+02   9.7716168e+01
   4.7862500e+02   8.5900000e-01   4.7894100e+02   1.0162260e+02
   4.7955200e+02   9.2700000e-01   4.7985400e+02   1.0165313e+02
   4.8043700e+02   8.8500000e-01   4.8074900e+02   1.0168365e+02
   4.8130700e+02   8.7000000e-01   4.8162200e+02   1.0571220e+02
   4.8224600e+02   9.3900000e-01   4.8257300e+02   1.0162260e+02
   4.8313800e+02   8.9200000e-01   4.8346400e+02   1.0522375e+02
   4.8403100e+02   8.9300000e-01   4.8432900e+02   1.0754274e+02
   4.8500500e+02   9.7400000e-01   4.8532900e+02   1.0650479e+02
   4.8593800e+02   9.3300000e-01   4.8626300e+02   1.0372789e+02
   4.8680300e+02   8.6500000e-01   4.8712700e+02   1.0485742e+02
   4.8777000e+02   9.6600000e-01   4.8808100e+02   1.0601634e+02
   4.8870600e+02   9.3600000e-01   4.8904900e+02   9.5641407e+01
   4.8958700e+02   8.8100000e-01   4.8990200e+02   1.0336155e+02
   4.9051900e+02   9.3200000e-01   4.9085000e+02   9.9913041e+01
   4.9142800e+02   9.0900000e-01   4.9173900e+02   1.0174471e+02
   4.9228900e+02   8.6100000e-01   4.9259900e+02   1.0494900e+02
   4.9322600e+02   9.3700000e-01   4.9354000e+02   1.0006568e+02
   4.9415700e+02   9.3100000e-01   4.9447800e+02   1.0336155e+02
   4.9503700e+02   8.8000000e-01   4.9535100e+02   1.0473531e+02
   4.9602600e+02   9.8900000e-01   4.9634700e+02   1.0122574e+02
   4.9693900e+02   9.1300000e-01   4.9727100e+02   9.9668818e+01
   4.9784800e+02   9.0900000e-01   4.9815800e+02   1.0214157e+02
   4.9885800e+02   1.0100000e+00   4.9917000e+02   1.0122574e+02
   4.9980000e+02   9.4200000e-01   5.0015800e+02   9.2466514e+01
   5.0073600e+02   9.3600000e-01   5.0104400e+02   9.9638291e+01
   5.0173600e+02   1.0010000e+00   5.0204800e+02   9.8815170e+01
   5.0265800e+02   9.2200000e-01   5.0304400e+02   9.0055946e+01
   5.0353500e+02   8.7700000e-01   5.0385700e+02   9.7288779e+01
   5.0449000e+02   9.5500000e-01   5.0479800e+02   9.8509892e+01
   5.0548200e+02   9.9200000e-01   5.0579000e+02   9.6434000e+01
   5.0639400e+02   9.1200000e-01   5.0673600e+02   9.6098194e+01
   5.0738400e+02   9.9000000e-01   5.0768900e+02   1.0000462e+02
   5.0839600e+02   1.0120000e+00   5.0871600e+02   9.7716168e+01
   5.0931600e+02   9.2000000e-01   5.0962300e+02   9.8113030e+01
   5.1026100e+02   9.4500000e-01   5.1056800e+02   1.0165313e+02
   5.1123600e+02   9.7400000e-01   5.1155500e+02   1.0208052e+02
   5.1213000e+02   8.9500000e-01   5.1246200e+02   1.0003515e+02
   5.1306300e+02   9.3200000e-01   5.1337700e+02   1.0165313e+02
   5.1408800e+02   1.0260000e+00   5.1439700e+02   1.0635215e+02
   5.1502800e+02   9.4000000e-01   5.1534500e+02   1.0482689e+02
   5.1595500e+02   9.2700000e-01   5.1629500e+02   1.0168365e+02
   5.1696900e+02   1.0140000e+00   5.1729600e+02   1.0250678e+02
   5.1791900e+02   9.5000000e-01   5.1823400e+02   1.0412475e+02
   5.1889600e+02   9.7700000e-01   5.1923700e+02   9.6128722e+01
   5.1991000e+02   1.0140000e+00   5.2023100e+02   1.0125627e+02
   5.2085600e+02   9.4600000e-01   5.2117200e+02   1.0119521e+02
   5.2186400e+02   1.0080000e+00   5.2218700e+02   9.8448836e+01
   5.2285100e+02   9.8800000e-01   5.2316200e+02   9.8815170e+01
   5.2374100e+02   8.8900000e-01   5.2406200e+02   9.8021447e+01
   5.2468200e+02   9.4200000e-01   5.2504500e+02   9.7227723e+01
   5.2560000e+02   9.1800000e-01   5.2596600e+02   9.8876226e+01
   5.2643100e+02   8.3100000e-01   5.2675500e+02   1.0174471e+02
   5.2734300e+02   9.1300000e-01   5.2765900e+02   1.0449108e+02
   5.2825000e+02   9.0700000e-01   5.2856300e+02   1.0082888e+02
   5.2910100e+02   8.5100000e-01   5.2944200e+02   9.8082502e+01
   5.2993800e+02   8.3700000e-01   5.3026400e+02   1.0287311e+02
   5.3071200e+02   7.7400000e-01   5.3105500e+02   1.0485742e+02
   5.3150800e+02   7.9600000e-01   5.3183000e+02   1.0449108e+02
   5.3235400e+02   8.4600000e-01   5.3267100e+02   1.0082888e+02
   5.3313100e+02   7.7700000e-01   5.3345900e+02   9.9607763e+01
   5.3395100e+02   8.2000000e-01   5.3427300e+02   9.8448836e+01
   5.3483000e+02   8.7900000e-01   5.3514400e+02   9.6800334e+01
   5.3567700e+02   8.4700000e-01   5.3602300e+02   9.2832847e+01
   5.3652500e+02   8.4800000e-01   5.3684300e+02   9.3962377e+01
   5.3741200e+02   8.8600000e-01   5.3772300e+02   9.8113030e+01
   5.3823700e+02   8.2500000e-01   5.3855000e+02   9.7716168e+01
   5.3907400e+02   8.3700000e-01   5.3937400e+02   1.0043201e+02
   5.3995700e+02   8.8200000e-01   5.4026100e+02   9.8479364e+01
   5.4077400e+02   8.1700000e-01   5.4111000e+02   9.3626571e+01
   5.4162500e+02   8.5100000e-01   5.4195800e+02   9.9210901e+01
   5.4248900e+02   8.6400000e-01   5.4279300e+02   9.7258251e+01
   5.4331500e+02   8.2700000e-01   5.4362100e+02   9.8448836e+01
   5.4423300e+02   9.1800000e-01   5.4454800e+02   9.5244545e+01
   5.4513600e+02   9.0300000e-01   5.4545000e+02   9.2802320e+01
   5.4601300e+02   8.7700000e-01   5.4634100e+02   9.7258251e+01
   5.4695200e+02   9.3900000e-01   5.4725900e+02   9.1979199e+01
   5.4784200e+02   8.9000000e-01   5.4815200e+02   9.5305601e+01
   5.4876300e+02   9.2100000e-01   5.4908000e+02   9.3504459e+01
   5.4972600e+02   9.6200000e-01   5.5004700e+02   9.1277059e+01
   5.5060200e+02   8.7600000e-01   5.5094600e+02   8.9659084e+01
   5.5151700e+02   9.1500000e-01   5.5180800e+02   9.5641407e+01
   5.5243600e+02   9.1800000e-01   5.5273800e+02   9.3565515e+01
   5.5331700e+02   8.8100000e-01   5.5364500e+02   9.5671935e+01
   5.5424900e+02   9.3300000e-01   5.5455600e+02   9.6434000e+01
   5.5513300e+02   8.8400000e-01   5.5546800e+02   9.3260237e+01
   5.5602300e+02   8.8900000e-01   5.5634900e+02   9.7288779e+01
   5.5698100e+02   9.5800000e-01   5.5730600e+02   9.0025418e+01
   5.5788600e+02   9.0500000e-01   5.5819600e+02   9.5183490e+01
   5.5877900e+02   8.9300000e-01   5.5908400e+02   9.9333012e+01
   5.5976100e+02   9.8200000e-01   5.6007800e+02   9.4298183e+01
   5.6065900e+02   8.9800000e-01   5.6098800e+02   9.6067666e+01
   5.6159500e+02   9.3700000e-01   5.6194800e+02   9.8082502e+01
   5.6251300e+02   9.1800000e-01   5.6282700e+02   9.8479364e+01
   5.6333500e+02   8.2200000e-01   5.6365800e+02   9.4817156e+01
   5.6422100e+02   8.8600000e-01   5.6455500e+02   9.6922445e+01
   5.6515900e+02   9.3800000e-01   5.6548600e+02   9.6067666e+01
   5.6601900e+02   8.5900000e-01   5.6634600e+02   1.0040149e+02
   5.6696400e+02   9.4500000e-01   5.6726700e+02   1.0247625e+02
   5.6792000e+02   9.5600000e-01   5.6824400e+02   9.4481350e+01
   5.6882300e+02   9.0300000e-01   5.6913600e+02   9.9241429e+01
   5.6979800e+02   9.7500000e-01   5.7011500e+02   9.9210901e+01
   5.7071800e+02   9.2000000e-01   5.7103100e+02   9.6037138e+01
   5.7158800e+02   8.7000000e-01   5.7195500e+02   9.3504459e+01
   5.7257600e+02   9.8700000e-01   5.7286300e+02   9.8876226e+01
   5.7350000e+02   9.2400000e-01   5.7383400e+02   9.5702463e+01
   5.7440600e+02   9.0600000e-01   5.7472600e+02   9.4847684e+01
   5.7540900e+02   1.0030000e+00   5.7572100e+02   1.0079835e+02
   5.7635600e+02   9.4700000e-01   5.7672500e+02   9.1704449e+01
   5.7727900e+02   9.2300000e-01   5.7758400e+02   9.9271957e+01
   5.7825800e+02   9.8000000e-01   5.7856200e+02   9.8143558e+01
   5.7915000e+02   8.9200000e-01   5.7945000e+02   9.7655113e+01
   5.8009200e+02   9.4200000e-01   5.8040400e+02   1.0079835e+02
   5.8111500e+02   1.0230000e+00   5.8142300e+02   9.9668818e+01
   5.8204100e+02   9.2700000e-01   5.8235200e+02   9.8082502e+01
   5.8299500e+02   9.5400000e-01   5.8332500e+02   9.8906753e+01
   5.8400300e+02   1.0080000e+00   5.8435500e+02   8.9933835e+01
   5.8493300e+02   9.3000000e-01   5.8526100e+02   9.6525583e+01
   5.8586900e+02   9.3600000e-01   5.8618300e+02   9.6891917e+01
   5.8684500e+02   9.7600000e-01   5.8716200e+02   9.8479364e+01
   5.8774700e+02   9.0200000e-01   5.8806000e+02   9.8876226e+01
   5.8869700e+02   9.5000000e-01   5.8902400e+02   1.0046254e+02
   5.8960100e+02   9.0400000e-01   5.8996400e+02   8.6515849e+01
   5.9039000e+02   7.9000000e-01   5.9070000e+02   9.8906753e+01
   5.9121200e+02   8.2200000e-01   5.9154200e+02   9.4389766e+01
   5.9202900e+02   8.1700000e-01   5.9236000e+02   9.3626571e+01
   5.9294100e+02   9.1200000e-01   5.9326200e+02   9.5702463e+01
   5.9394700e+02   1.0050000e+00   5.9426100e+02   9.7380362e+01
   5.9486700e+02   9.2100000e-01   5.9518800e+02   9.2802320e+01
   5.9581800e+02   9.5000000e-01   5.9613100e+02   9.8051974e+01
   5.9682700e+02   1.0100000e+00   5.9714700e+02   9.6495055e+01
   5.9777500e+02   9.4800000e-01   5.9812600e+02   9.1246531e+01
   5.9869700e+02   9.2200000e-01   5.9904000e+02   9.4725572e+01
   5.9967500e+02   9.7700000e-01   6.0001500e+02   9.2863375e+01
   6.0060000e+02   9.2500000e-01   6.0097000e+02   9.3199181e+01
   6.0148900e+02   8.8900000e-01   6.0180200e+02   9.6098194e+01
   6.0244300e+02   9.5400000e-01   6.0275900e+02   9.8967809e+01
   6.0342200e+02   9.8000000e-01   6.0372600e+02   9.9271957e+01
   6.0431600e+02   8.9400000e-01   6.0464900e+02   9.9943569e+01
   6.0532800e+02   1.0120000e+00   6.0564500e+02   1.0482689e+02
   6.0637900e+02   1.0510000e+00   6.0671700e+02   1.0162260e+02
   6.0731200e+02   9.3300000e-01   6.0761700e+02   1.0326997e+02
   6.0827700e+02   9.6500000e-01   6.0863800e+02   1.0247625e+02
   6.0924900e+02   9.7200000e-01   6.0957700e+02   9.9302484e+01
   6.1014400e+02   8.9500000e-01   6.1046400e+02   1.0406369e+02
   6.1113500e+02   9.9100000e-01   6.1144800e+02   1.0482689e+02
   6.1212700e+02   9.9200000e-01   6.1246700e+02   9.9149845e+01
   6.1307100e+02   9.4400000e-01   6.1338500e+02   1.0449108e+02
   6.1405800e+02   9.8700000e-01   6.1435800e+02   1.0204999e+02
   6.1496000e+02   9.0300000e-01   6.1528400e+02   9.9974097e+01
   6.1595100e+02   9.9100000e-01   6.1626800e+02   1.0003515e+02
   6.1692700e+02   9.7600000e-01   6.1725800e+02   9.7288779e+01
   6.1781900e+02   8.9200000e-01   6.1813800e+02   1.0214157e+02
   6.1879500e+02   9.7600000e-01   6.1911700e+02   1.0326997e+02
   6.1975200e+02   9.5700000e-01   6.2009700e+02   9.6891917e+01
   6.2064100e+02   8.8900000e-01   6.2097700e+02   9.8448836e+01
   6.2160100e+02   9.6000000e-01   6.2195300e+02   1.0214157e+02
   6.2256000e+02   9.5900000e-01   6.2288300e+02   9.8845698e+01
   6.2342700e+02   8.6700000e-01   6.2375500e+02   9.9668818e+01
   6.2440100e+02   9.7500000e-01   6.2471700e+02   9.8143558e+01
   6.2536600e+02   9.6500000e-01   6.2567900e+02   9.8082502e+01
   6.2624600e+02   8.8000000e-01   6.2655300e+02   1.0043201e+02
   6.2722300e+02   9.7700000e-01   6.2752400e+02   1.0162260e+02
   6.2821700e+02   9.9400000e-01   6.2853600e+02   1.0000462e+02
   6.2909900e+02   8.8200000e-01   6.2944000e+02   9.7319307e+01
   6.3003400e+02   9.3600000e-01   6.3034500e+02   1.0076782e+02
   6.3096700e+02   9.3200000e-01   6.3129500e+02   9.9271957e+01
   6.3185200e+02   8.8500000e-01   6.3220400e+02   1.0168365e+02
   6.3287500e+02   1.0230000e+00   6.3319800e+02   1.0372789e+02
   6.3385400e+02   9.7900000e-01   6.3419300e+02   1.0082888e+02
   6.3476900e+02   9.1500000e-01   6.3508600e+02   1.0565114e+02
   6.3582200e+02   1.0530000e+00   6.3613800e+02   1.0684060e+02
   6.3676500e+02   9.4400000e-01   6.3709400e+02   1.0482689e+02
   6.3762900e+02   8.6300000e-01   6.3795100e+02   1.0754274e+02
   6.3861900e+02   9.9000000e-01   6.3897400e+02   9.8815170e+01
   6.3959500e+02   9.7600000e-01   6.3992100e+02   9.9363540e+01
   6.4052300e+02   9.2800000e-01   6.4082900e+02   1.0793960e+02
   6.4152900e+02   1.0050000e+00   6.4183300e+02   1.0836699e+02
   6.4251900e+02   9.9000000e-01   6.4286300e+02   1.0040149e+02
   6.4347000e+02   9.5100000e-01   6.4377300e+02   1.0635215e+02
   6.4449500e+02   1.0250000e+00   6.4483200e+02   1.0595529e+02
   6.4547100e+02   9.7600000e-01   6.4579900e+02   9.6861389e+01
   6.4639400e+02   9.2300000e-01   6.4673000e+02   1.0241632e+02
   6.4737000e+02   9.7600000e-01   6.4767300e+02   1.0287311e+02
   6.4829800e+02   9.2800000e-01   6.4863700e+02   1.0128679e+02
   6.4921700e+02   9.1900000e-01   6.4954100e+02   1.0049307e+02
   6.5019300e+02   9.7600000e-01   6.5053200e+02   1.0162260e+02
   6.5116800e+02   9.7500000e-01   6.5149700e+02   1.0128679e+02
   6.5210800e+02   9.4000000e-01   6.5241000e+02   1.0369736e+02
   6.5308400e+02   9.7600000e-01   6.5339200e+02   1.0369736e+02
   6.5401400e+02   9.2900000e-01   6.5433100e+02   1.0082888e+02
   6.5495400e+02   9.4000000e-01   6.5527000e+02   1.0195841e+02
   6.5594200e+02   9.8800000e-01   6.5626800e+02   9.9180373e+01
   6.5688800e+02   9.4600000e-01   6.5723900e+02   9.3321293e+01
   6.5780500e+02   9.1800000e-01   6.5812000e+02   1.0455214e+02
   6.5879100e+02   9.8600000e-01   6.5911400e+02   1.0452161e+02
   6.5973700e+02   9.4700000e-01   6.6007100e+02   9.8815170e+01
   6.6064700e+02   9.0900000e-01   6.6098000e+02   1.0171418e+02
   6.6157700e+02   9.3000000e-01   6.6188600e+02   1.0559009e+02
   6.6237700e+02   8.0000000e-01   6.6269900e+02   1.0525428e+02
   6.6314200e+02   7.6500000e-01   6.6346600e+02   1.0671848e+02
   6.6402600e+02   8.8400000e-01   6.6434600e+02   1.0714587e+02
   6.6487000e+02   8.4400000e-01   6.6519600e+02   1.0528481e+02
   6.6572600e+02   8.5600000e-01   6.6603800e+02   1.0720693e+02
   6.6675900e+02   1.0340000e+00   6.6705600e+02   1.0641321e+02
   6.6774000e+02   9.8100000e-01   6.6805500e+02   1.0128679e+02
   6.6861000e+02   8.7000000e-01   6.6896700e+02   1.0403317e+02
   6.6951800e+02   9.0900000e-01   6.6982700e+02   1.0711535e+02
   6.7047100e+02   9.5300000e-01   6.7079500e+02   1.0485742e+02
   6.7138900e+02   9.1800000e-01   6.7171700e+02   1.0528481e+02
   6.7227900e+02   8.8900000e-01   6.7259800e+02   1.0449108e+02
   6.7327500e+02   9.9600000e-01   6.7358800e+02   1.0516270e+02
   6.7420400e+02   9.2900000e-01   6.7453700e+02   1.0131732e+02
   6.7508800e+02   8.8500000e-01   6.7539700e+02   1.0443003e+02
   6.7609900e+02   1.0100000e+00   6.7640700e+02   1.0479636e+02
   6.7706400e+02   9.6600000e-01   6.7739500e+02   9.7746696e+01
   6.7799500e+02   9.3100000e-01   6.7830400e+02   1.0314786e+02
   6.7898500e+02   9.9000000e-01   6.7931600e+02   1.0208052e+02
   6.7993900e+02   9.5400000e-01   6.8026200e+02   9.5152962e+01
   6.8082500e+02   8.8500000e-01   6.8114300e+02   9.3962377e+01
   6.8178300e+02   9.5800000e-01   6.8208400e+02   1.0119521e+02
   6.8276500e+02   9.8200000e-01   6.8308300e+02   9.9974097e+01
   6.8368800e+02   9.2300000e-01   6.8402300e+02   1.0073729e+02
   6.8469600e+02   1.0080000e+00   6.8503600e+02   1.0122574e+02
   6.8567700e+02   9.8100000e-01   6.8603500e+02   9.7288779e+01
   6.8661300e+02   9.3700000e-01   6.8698300e+02   8.9994891e+01
   6.8767300e+02   1.0600000e+00   6.8800500e+02   1.0104257e+02
   6.8869900e+02   1.0250000e+00   6.8904400e+02   1.0037096e+02
   6.8961300e+02   9.1400000e-01   6.8995500e+02   1.0052360e+02
   6.9060100e+02   9.8800000e-01   6.9091300e+02   1.0293416e+02
   6.9162300e+02   1.0220000e+00   6.9196300e+02   9.6464528e+01
   6.9257600e+02   9.5300000e-01   6.9290400e+02   1.0000462e+02
   6.9361600e+02   1.0390000e+00   6.9396400e+02   1.0412475e+02
   6.9461600e+02   1.0000000e+00   6.9496100e+02   9.6495055e+01
   6.9558400e+02   9.6800000e-01   6.9596300e+02   1.0076782e+02
   6.9660500e+02   1.0210000e+00   6.9695700e+02   9.6983501e+01
   6.9759200e+02   9.8700000e-01   6.9792100e+02   1.0128679e+02
   6.9851300e+02   9.2100000e-01   6.9883100e+02   1.0363630e+02
   6.9948600e+02   9.7300000e-01   6.9980000e+02   1.0443003e+02
   7.0043300e+02   9.4700000e-01   7.0075300e+02   1.0244685e+02
   7.0133900e+02   9.0600000e-01   7.0165300e+02   1.0555956e+02
   7.0235000e+02   1.0110000e+00   7.0265000e+02   1.0595529e+02
   7.0333100e+02   9.8100000e-01   7.0365900e+02   1.0046254e+02
   7.0427000e+02   9.4000000e-01   7.0458900e+02   1.0113415e+02
   7.0527000e+02   1.0000000e+00   7.0557900e+02   1.0488795e+02
   7.0621200e+02   9.4200000e-01   7.0654000e+02   1.0162260e+02
   7.0715400e+02   9.4200000e-01   7.0746700e+02   1.0519322e+02
   7.0814600e+02   9.9200000e-01   7.0845800e+02   1.0360578e+02
   7.0910900e+02   9.6200000e-01   7.0944000e+02   1.0006568e+02
   7.1002400e+02   9.1600000e-01   7.1034800e+02   1.0244685e+02
   7.1099800e+02   9.7300000e-01   7.1134000e+02   1.0482689e+02
   7.1194500e+02   9.4700000e-01   7.1228100e+02   1.0476583e+02
   7.1282600e+02   8.8000000e-01   7.1314800e+02   1.0406369e+02
   7.1378700e+02   9.6100000e-01   7.1410600e+02   1.0842804e+02
   7.1473300e+02   9.4700000e-01   7.1504900e+02   1.0638268e+02
   7.1562700e+02   8.9400000e-01   7.1598000e+02   1.0000462e+02
   7.1663200e+02   1.0050000e+00   7.1695800e+02   1.0797012e+02
   7.1757300e+02   9.4100000e-01   7.1788600e+02   1.0488795e+02
   7.1845100e+02   8.7800000e-01   7.1877800e+02   1.0195841e+02
   7.1939300e+02   9.4200000e-01   7.1970800e+02   1.0723746e+02
   7.2028600e+02   8.9400000e-01   7.2061500e+02   1.0443003e+02
   7.2113900e+02   8.5300000e-01   7.2146600e+02   1.0485742e+02
   7.2210000e+02   9.6100000e-01   7.2243800e+02   1.0836699e+02
   7.2303200e+02   9.3200000e-01   7.2336000e+02   1.0565114e+02
   7.2391900e+02   8.8700000e-01   7.2422500e+02   1.0839751e+02
   7.2493000e+02   1.0110000e+00   7.2524700e+02   1.0681007e+02
   7.2587000e+02   9.4000000e-01   7.2618500e+02   1.0250678e+02
   7.2681500e+02   9.4600000e-01   7.2714500e+02   1.0244685e+02
   7.2778700e+02   9.7200000e-01   7.2814700e+02   9.7777224e+01
   7.2862400e+02   8.3700000e-01   7.2897400e+02   9.5183490e+01
   7.2940700e+02   7.8300000e-01   7.2973500e+02   1.0040149e+02
   7.3019500e+02   7.8800000e-01   7.3052300e+02   9.9638291e+01
   7.3097000e+02   7.7500000e-01   7.3131500e+02   9.7319307e+01
   7.3187400e+02   9.0400000e-01   7.3217500e+02   1.0372789e+02
   7.3281100e+02   9.3800000e-01   7.3314600e+02   1.0128679e+02
   7.3364200e+02   8.3100000e-01   7.3398300e+02   1.0162260e+02
   7.3455000e+02   9.0800000e-01   7.3485300e+02   1.0290364e+02
   7.3544700e+02   8.9800000e-01   7.3576100e+02   9.9638291e+01
   7.3624900e+02   8.0200000e-01   7.3655500e+02   1.0082888e+02
   7.3710700e+02   8.5800000e-01   7.3741000e+02   1.0177524e+02
   7.3799600e+02   8.8900000e-01   7.3833300e+02   9.9668818e+01
   7.3880200e+02   8.0600000e-01   7.3912900e+02   9.5275073e+01
   7.3971100e+02   9.0900000e-01   7.4003500e+02   1.0082888e+02
   7.4066300e+02   9.5200000e-01   7.4100500e+02   9.6952973e+01
   7.4157300e+02   9.1000000e-01   7.4187200e+02   9.7685641e+01
   7.4256900e+02   9.9600000e-01   7.4287000e+02   9.7288779e+01
   7.4351400e+02   9.4500000e-01   7.4385400e+02   9.3626571e+01
   7.4438500e+02   8.7000000e-01   7.4473400e+02   9.2893903e+01
   7.4527700e+02   8.9300000e-01   7.4557800e+02   9.5183490e+01
   7.4611800e+02   8.4100000e-01   7.4643300e+02   9.3992905e+01
   7.4695100e+02   8.3300000e-01   7.4725900e+02   9.6861389e+01
   7.4783600e+02   8.8500000e-01   7.4814100e+02   9.7319307e+01
   7.4864500e+02   8.1000000e-01   7.4899100e+02   9.3260237e+01
   7.4950000e+02   8.5500000e-01   7.4981500e+02   9.4878212e+01
   7.5027800e+02   7.7800000e-01   7.5059400e+02   9.7685641e+01
   7.5103300e+02   7.5500000e-01   7.5134200e+02   9.5244545e+01
   7.5187000e+02   8.3700000e-01   7.5218100e+02   9.7655113e+01
   7.5273100e+02   8.6100000e-01   7.5303700e+02   9.7288779e+01
   7.5371600e+02   9.8400000e-01   7.5403800e+02   9.8082502e+01
   7.5467700e+02   9.6200000e-01   7.5502300e+02   9.2497041e+01
   7.5558600e+02   9.0900000e-01   7.5589200e+02   9.5641407e+01
   7.5656900e+02   9.8400000e-01   7.5689000e+02   9.3565515e+01
   7.5749500e+02   9.2600000e-01   7.5781700e+02   9.3565515e+01
   7.5836700e+02   8.7200000e-01   7.5867500e+02   9.5731860e+01
   7.5929900e+02   9.3200000e-01   7.5961200e+02   9.7349834e+01
   7.6022400e+02   9.2500000e-01   7.6057100e+02   8.9598029e+01
   7.6109200e+02   8.6800000e-01   7.6139600e+02   9.7716168e+01
   7.6203900e+02   9.4700000e-01   7.6236300e+02   9.6128722e+01
   7.6297400e+02   9.3500000e-01   7.6329700e+02   9.7655113e+01
   7.6385800e+02   8.8400000e-01   7.6418100e+02   9.1277059e+01
   7.6482700e+02   9.6900000e-01   7.6513600e+02   9.9668818e+01
   7.6575600e+02   9.2900000e-01   7.6607900e+02   9.4420294e+01
   7.6664700e+02   8.9100000e-01   7.6697900e+02   1.0333103e+02
   7.6761800e+02   9.7100000e-01   7.6793500e+02   1.0494900e+02
   7.6856300e+02   9.4500000e-01   7.6887500e+02   1.0244685e+02
   7.6947900e+02   9.1600000e-01   7.6978500e+02   1.0443003e+02
   7.7047600e+02   9.9700000e-01   7.7078800e+02   1.0082888e+02
   7.7143300e+02   9.5700000e-01   7.7174600e+02   1.0201946e+02
   7.7236100e+02   9.2900000e-01   7.7267300e+02   1.0531533e+02
   7.7336600e+02   1.0050000e+00   7.7368600e+02   9.8479364e+01
   7.7426900e+02   9.0300000e-01   7.7459600e+02   1.0296469e+02
   7.7524200e+02   9.7300000e-01   7.7554800e+02   1.0559009e+02
   7.7620700e+02   9.6500000e-01   7.7655700e+02   9.5244545e+01
   7.7710500e+02   8.9800000e-01   7.7743700e+02   1.0449108e+02
   7.7804700e+02   9.4200000e-01   7.7836300e+02   9.9607763e+01
   7.7895700e+02   9.1000000e-01   7.7927500e+02   1.0449108e+02
   7.7983400e+02   8.7600000e-01   7.8014600e+02   1.0964802e+02
   7.8088200e+02   1.0480000e+00   7.8120600e+02   1.0522375e+02
   7.8185400e+02   9.7100000e-01   7.8216600e+02   1.0793960e+02
   7.8276200e+02   9.0900000e-01   7.8308700e+02   1.0589423e+02
   7.8376100e+02   9.9900000e-01   7.8413500e+02   1.0290364e+02
   7.8468300e+02   9.2200000e-01   7.8504700e+02   1.0278153e+02
   7.8570200e+02   1.0190000e+00   7.8600700e+02   1.0516270e+02
   7.8668100e+02   9.8000000e-01   7.8703500e+02   9.8845698e+01
   7.8765200e+02   9.7100000e-01   7.8797300e+02   9.9699346e+01
   7.8867800e+02   1.0260000e+00   7.8901500e+02   9.2863375e+01
   7.8967300e+02   9.9500000e-01   7.9003500e+02   9.4023432e+01
   7.9065300e+02   9.7900000e-01   7.9099400e+02   9.7716168e+01
   7.9168700e+02   1.0340000e+00   7.9204300e+02   9.8082502e+01
   7.9265800e+02   9.7100000e-01   7.9301600e+02   9.4878212e+01
   7.9365600e+02   9.9800000e-01   7.9400400e+02   1.0165313e+02
   7.9470400e+02   1.0480000e+00   7.9503300e+02   1.0162260e+02
   7.9567800e+02   9.7500000e-01   7.9602400e+02   9.8418308e+01
   7.9664900e+02   9.7100000e-01   7.9697200e+02   1.0043201e+02
   7.9768600e+02   1.0370000e+00   7.9803200e+02   9.7624585e+01
   7.9866400e+02   9.7800000e-01   7.9901800e+02   9.0117002e+01
   7.9963100e+02   9.6600000e-01   7.9996400e+02   1.0333103e+02
   8.0067800e+02   1.0470000e+00   8.0100100e+02   9.7319307e+01
   8.0166300e+02   9.8600000e-01   8.0201900e+02   9.4878212e+01
   8.0261000e+02   9.4700000e-01   8.0293800e+02   8.9262223e+01
   8.0363500e+02   1.0250000e+00   8.0395900e+02   1.0244685e+02
   8.0462000e+02   9.8600000e-01   8.0494900e+02   9.8906753e+01
   8.0555800e+02   9.3800000e-01   8.0586900e+02   1.0043201e+02
   8.0658200e+02   1.0230000e+00   8.0687900e+02   1.0125627e+02
   8.0757500e+02   9.9400000e-01   8.0787900e+02   9.7288779e+01
   8.0849600e+02   9.2100000e-01   8.0881700e+02   9.8906753e+01
   8.0947600e+02   9.8000000e-01   8.0977900e+02   9.8509892e+01
   8.1045200e+02   9.7600000e-01   8.1078100e+02   9.3992905e+01
   8.1132100e+02   8.7000000e-01   8.1164800e+02   9.8418308e+01
   8.1227600e+02   9.5500000e-01   8.1259100e+02   1.0284258e+02
   8.1333000e+02   1.0540000e+00   8.1364200e+02   1.0293416e+02
   8.1429700e+02   9.6700000e-01   8.1465000e+02   9.6037138e+01
   8.1529100e+02   9.9400000e-01   8.1561800e+02   1.0452161e+02
   8.1634600e+02   1.0560000e+00   8.1667000e+02   1.0125627e+02
   8.1733000e+02   9.8300000e-01   8.1767000e+02   1.0046254e+02
   8.1827800e+02   9.4800000e-01   8.1859100e+02   1.0403317e+02
   8.1926800e+02   9.9000000e-01   8.1957700e+02   1.0644373e+02
   8.2023700e+02   9.6900000e-01   8.2055700e+02   1.0488795e+02
   8.2116100e+02   9.2300000e-01   8.2148800e+02   1.0839751e+02
   8.2217900e+02   1.0180000e+00   8.2249600e+02   1.1001436e+02
   8.2319300e+02   1.0140000e+00   8.2353700e+02   1.0687112e+02
   8.2415300e+02   9.6000000e-01   8.2447700e+02   1.0754274e+02
   8.2518200e+02   1.0290000e+00   8.2548900e+02   1.0882490e+02
   8.2621600e+02   1.0340000e+00   8.2653800e+02   1.0485742e+02
   8.2717400e+02   9.5800000e-01   8.2749500e+02   1.0494900e+02
   8.2819700e+02   1.0230000e+00   8.2853600e+02   1.0208052e+02
   8.2920000e+02   1.0040000e+00   8.2953800e+02   1.0046254e+02
   8.3014900e+02   9.4900000e-01   8.3047400e+02   9.6128722e+01
   8.3114400e+02   9.9500000e-01   8.3145300e+02   1.0125627e+02
   8.3217300e+02   1.0290000e+00   8.3249300e+02   1.0082888e+02
   8.3307300e+02   9.0000000e-01   8.3339600e+02   9.9668818e+01
   8.3405300e+02   9.8100000e-01   8.3435400e+02   1.0171418e+02
   8.3507000e+02   1.0170000e+00   8.3537500e+02   1.0204999e+02
   8.3605500e+02   9.8500000e-01   8.3638000e+02   9.9607763e+01
   8.3700200e+02   9.4700000e-01   8.3733500e+02   9.4847684e+01
   8.3801900e+02   1.0170000e+00   8.3834600e+02   9.8418308e+01
   8.3908200e+02   1.0630000e+00   8.3939500e+02   1.0208052e+02
   8.4004600e+02   9.6500000e-01   8.4037300e+02   1.0116468e+02
   8.4098800e+02   9.4200000e-01   8.4129200e+02   1.0211104e+02
   8.4199500e+02   1.0070000e+00   8.4233600e+02   1.0208052e+02
   8.4289900e+02   9.0300000e-01   8.4324500e+02   9.7197195e+01
   8.4379800e+02   8.9900000e-01   8.4413200e+02   1.0845857e+02
   8.4485200e+02   1.0540000e+00   8.4515500e+02   1.0885543e+02
   8.4582100e+02   9.6900000e-01   8.4613400e+02   1.0571220e+02
   8.4674900e+02   9.2800000e-01   8.4705400e+02   1.0559009e+02
   8.4776200e+02   1.0130000e+00   8.4807000e+02   1.0528481e+02
   8.4867500e+02   9.1300000e-01   8.4900300e+02   1.0082888e+02
   8.4960900e+02   9.3400000e-01   8.4996100e+02   9.1154948e+01
   8.5059800e+02   9.8900000e-01   8.5096100e+02   1.0519322e+02
   8.5149300e+02   8.9400000e-01   8.5181100e+02   1.0488795e+02
   8.5243800e+02   9.4600000e-01   8.5276200e+02   1.0247625e+02
   8.5338900e+02   9.5000000e-01   8.5374200e+02   1.0162260e+02
   8.5425800e+02   8.6900000e-01   8.5457400e+02   1.0522375e+02
   8.5519900e+02   9.4100000e-01   8.5554300e+02   9.6495055e+01
   8.5617300e+02   9.7400000e-01   8.5649300e+02   1.0415528e+02
   8.5707300e+02   9.0000000e-01   8.5739500e+02   1.0604687e+02
   8.5801300e+02   9.4000000e-01   8.5832100e+02   1.0674901e+02
   8.5881400e+02   8.0100000e-01   8.5915200e+02   1.0565114e+02
   8.5961000e+02   7.9500000e-01   8.5996300e+02   1.0711535e+02
   8.6044500e+02   8.3600000e-01   8.6076000e+02   1.0482689e+02
   8.6125600e+02   8.1100000e-01   8.6156900e+02   1.0757326e+02
   8.6217200e+02   9.1600000e-01   8.6247600e+02   1.0803118e+02
   8.6306800e+02   8.9700000e-01   8.6338900e+02   1.0043201e+02
   8.6392800e+02   8.6000000e-01   8.6423600e+02   1.0671848e+02
   8.6488200e+02   9.5400000e-01   8.6518700e+02   1.0641321e+02
   8.6580500e+02   9.2300000e-01   8.6613900e+02   9.7685641e+01
   8.6665600e+02   8.5100000e-01   8.6700000e+02   9.8815170e+01
   8.6755800e+02   9.0200000e-01   8.6786000e+02   1.0320892e+02
   8.6844000e+02   8.8200000e-01   8.6876900e+02   9.6128722e+01
   8.6926700e+02   8.2700000e-01   8.6957500e+02   1.0366683e+02
   8.7014700e+02   8.8000000e-01   8.7046800e+02   1.0568167e+02
   8.7103300e+02   8.8500000e-01   8.7135000e+02   1.0116468e+02
   8.7183500e+02   8.0300000e-01   8.7215800e+02   1.0073729e+02
   8.7267500e+02   8.4000000e-01   8.7301000e+02   1.0082888e+02
   8.7357300e+02   8.9800000e-01   8.7388800e+02   1.0726798e+02
   8.7441000e+02   8.3700000e-01   8.7473400e+02   1.0598582e+02
   8.7527300e+02   8.6300000e-01   8.7557400e+02   1.0879438e+02
   8.7619700e+02   9.2400000e-01   8.7650700e+02   1.0677954e+02
   8.7703800e+02   8.4100000e-01   8.7734800e+02   1.0604687e+02
   8.7792500e+02   8.8800000e-01   8.7824700e+02   1.0726798e+02
   8.7880300e+02   8.7800000e-01   8.7913400e+02   9.7624585e+01
   8.7961800e+02   8.1500000e-01   8.7997800e+02   1.0079835e+02
   8.8050000e+02   8.8100000e-01   8.8080000e+02   1.0247625e+02
   8.8137800e+02   8.7900000e-01   8.8170800e+02   9.3260237e+01
   8.8221800e+02   8.4000000e-01   8.8253200e+02   9.8418308e+01
   8.8314300e+02   9.2400000e-01   8.8346600e+02   9.8845698e+01
   8.8402900e+02   8.8700000e-01   8.8434700e+02   9.6067666e+01
   8.8489500e+02   8.6600000e-01   8.8522500e+02   9.7685641e+01
   8.8576800e+02   8.7200000e-01   8.8608700e+02   9.4450822e+01
   8.8653900e+02   7.7100000e-01   8.8685200e+02   9.5641407e+01
   8.8728400e+02   7.4500000e-01   8.8760500e+02   9.6464528e+01
   8.8805300e+02   7.6900000e-01   8.8838600e+02   9.6525583e+01
   8.8883200e+02   7.7900000e-01   8.8915400e+02   9.5244545e+01
   8.8970500e+02   8.7300000e-01   8.9000400e+02   9.8113030e+01
   8.9053700e+02   8.3200000e-01   8.9085300e+02   9.4359239e+01
   8.9132000e+02   7.8300000e-01   8.9164500e+02   1.0046254e+02
   8.9215900e+02   8.4000000e-01   8.9247200e+02   1.0076782e+02
   8.9299700e+02   8.3700000e-01   8.9331100e+02   9.9241429e+01
   8.9379000e+02   7.9300000e-01   8.9413000e+02   9.6464528e+01
   8.9465700e+02   8.6600000e-01   8.9498500e+02   9.8082502e+01
   8.9551600e+02   8.6000000e-01   8.9582500e+02   9.7716168e+01
   8.9632000e+02   8.0400000e-01   8.9665600e+02   9.5244545e+01
   8.9718700e+02   8.6700000e-01   8.9750500e+02   9.8479364e+01
   8.9803800e+02   8.5100000e-01   8.9834900e+02   9.7624585e+01
   8.9883600e+02   7.9800000e-01   8.9915100e+02   9.2832847e+01
   8.9970100e+02   8.6500000e-01   9.0001200e+02   1.0113415e+02
   9.0056600e+02   8.6500000e-01   9.0087300e+02   9.9241429e+01
   9.0138900e+02   8.2200000e-01   9.0168200e+02   1.0168365e+02
   9.0228000e+02   8.9100000e-01   9.0258400e+02   1.0330050e+02
   9.0314800e+02   8.6800000e-01   9.0346100e+02   1.0000462e+02
   9.0395700e+02   8.0900000e-01   9.0427200e+02   9.7685641e+01
   9.0483800e+02   8.8100000e-01   9.0515100e+02   9.7288779e+01
   9.0571200e+02   8.7300000e-01   9.0602400e+02   9.5152962e+01
   9.0654300e+02   8.3200000e-01   9.0684900e+02   1.0082888e+02
   9.0743200e+02   8.8800000e-01   9.0774100e+02   9.6434000e+01
   9.0832900e+02   8.9800000e-01   9.0864000e+02   9.8479364e+01
   9.0914900e+02   8.2000000e-01   9.0946100e+02   9.9577235e+01
   9.1003200e+02   8.8300000e-01   9.1034100e+02   1.0076782e+02
   9.1089000e+02   8.5800000e-01   9.1121900e+02   9.4298183e+01
   9.1170200e+02   8.1300000e-01   9.1200100e+02   1.0119521e+02
   9.1258500e+02   8.8300000e-01   9.1288100e+02   1.0323944e+02
   9.1348500e+02   9.0000000e-01   9.1380300e+02   1.0003515e+02
   9.1429500e+02   8.1000000e-01   9.1462600e+02   1.0250678e+02
   9.1515700e+02   8.6200000e-01   9.1547200e+02   1.0369736e+02
   9.1602000e+02   8.6300000e-01   9.1635900e+02   9.7624585e+01
   9.1682700e+02   8.0700000e-01   9.1715900e+02   1.0406369e+02
   9.1769400e+02   8.6800000e-01   9.1803100e+02   1.0043201e+02
   9.1859600e+02   9.0200000e-01   9.1891600e+02   1.0073729e+02
   9.1942400e+02   8.2800000e-01   9.1974600e+02   9.8540420e+01
   9.2032200e+02   8.9800000e-01   9.2064800e+02   9.8479364e+01
   9.2123500e+02   9.1300000e-01   9.2157100e+02   9.7716168e+01
   9.2208000e+02   8.4500000e-01   9.2238800e+02   1.0085940e+02
   9.2295400e+02   8.7400000e-01   9.2326900e+02   1.0330050e+02
   9.2387100e+02   9.1700000e-01   9.2417900e+02   1.0165313e+02
   9.2469700e+02   8.2600000e-01   9.2501600e+02   1.0278153e+02
   9.2553500e+02   8.3900000e-01   9.2583400e+02   1.0119521e+02
   9.2631800e+02   7.8300000e-01   9.2662700e+02   1.0601634e+02
   9.2705800e+02   7.4000000e-01   9.2735700e+02   1.0797012e+02
   9.2784300e+02   7.8500000e-01   9.2816600e+02   1.0604687e+02
   9.2861400e+02   7.7100000e-01   9.2894700e+02   1.0970908e+02
   9.2951200e+02   8.9800000e-01   9.2982900e+02   1.1209025e+02
   9.3046800e+02   9.5600000e-01   9.3079600e+02   1.0488795e+02
   9.3133200e+02   8.6300000e-01   9.3165100e+02   1.0848910e+02
   9.3225900e+02   9.2700000e-01   9.3256800e+02   1.0687112e+02
   9.3316600e+02   9.0700000e-01   9.3349400e+02   1.0601634e+02
   9.3399300e+02   8.2700000e-01   9.3429400e+02   1.0839751e+02
   9.3486600e+02   8.7200000e-01   9.3516800e+02   1.0848910e+02
   9.3568400e+02   8.1900000e-01   9.3605600e+02   1.0116468e+02
   9.3650200e+02   8.1800000e-01   9.3683200e+02   1.0836699e+02
   9.3740600e+02   9.0400000e-01   9.3771700e+02   1.0797012e+02
   9.3826400e+02   8.5700000e-01   9.3858700e+02   1.0684060e+02
   9.3913300e+02   8.7000000e-01   9.3944700e+02   1.0726798e+02
   9.4007700e+02   9.4300000e-01   9.4040400e+02   1.0452161e+02
   9.4092800e+02   8.5200000e-01   9.4124300e+02   1.0757326e+02
   9.4182900e+02   9.0100000e-01   9.4214700e+02   1.1083861e+02
   9.4275200e+02   9.2300000e-01   9.4307100e+02   1.0760379e+02
   9.4363200e+02   8.8000000e-01   9.4395400e+02   1.0961750e+02
   9.4457000e+02   9.3800000e-01   9.4489300e+02   1.0403317e+02
   9.4548100e+02   9.1100000e-01   9.4579200e+02   1.0595529e+02
   9.4639000e+02   9.0900000e-01   9.4673300e+02   1.0360578e+02
   9.4735100e+02   9.6200000e-01   9.4766600e+02   1.0452161e+02
   9.4823500e+02   8.8300000e-01   9.4854700e+02   1.0534586e+02
   9.4918100e+02   9.4600000e-01   9.4949000e+02   1.0598582e+02
   9.5011100e+02   9.3100000e-01   9.5045100e+02   9.6891917e+01
   9.5097500e+02   8.6400000e-01   9.5130400e+02   1.0128679e+02
   9.5187900e+02   9.0400000e-01   9.5219000e+02   1.0601634e+02
   9.5268200e+02   8.0300000e-01   9.5301500e+02   1.0198893e+02
   9.5344000e+02   7.5800000e-01   9.5375300e+02   1.0360578e+02
   9.5420900e+02   7.6900000e-01   9.5455500e+02   9.5214018e+01
   9.5497000e+02   7.6100000e-01   9.5528100e+02   1.0525428e+02
   9.5580600e+02   8.3600000e-01   9.5613800e+02   1.0641321e+02
   9.5660600e+02   7.9900000e-01   9.5696300e+02   1.0293416e+02
   9.5753600e+02   9.3000000e-01   9.5784000e+02   1.1233447e+02
   9.5850200e+02   9.6600000e-01   9.5884100e+02   1.1004489e+02
   9.5936500e+02   8.6300000e-01   9.5968400e+02   1.0720693e+02
   9.6028300e+02   9.1800000e-01   9.6059200e+02   1.1266915e+02
   9.6122500e+02   9.4200000e-01   9.6155200e+02   1.0882490e+02
   9.6209000e+02   8.6500000e-01   9.6240300e+02   1.1242606e+02
   9.6302500e+02   9.3500000e-01   9.6335100e+02   1.1236500e+02
   9.6398400e+02   9.5900000e-01   9.6430300e+02   1.0925116e+02
   9.6486500e+02   8.8100000e-01   9.6518000e+02   1.0973961e+02
   9.6579800e+02   9.3400000e-01   9.6612200e+02   1.0763432e+02
   9.6675600e+02   9.5700000e-01   9.6709200e+02   1.0241632e+02
   9.6764400e+02   8.8900000e-01   9.6796900e+02   1.0714587e+02
   9.6860500e+02   9.6000000e-01   9.6891800e+02   1.0723746e+02
   9.6957200e+02   9.6800000e-01   9.6990900e+02   9.8051974e+01
   9.7047100e+02   8.9800000e-01   9.7077900e+02   1.0290364e+02
   9.7139800e+02   9.2700000e-01   9.7171800e+02   1.0336155e+02
   9.7232200e+02   9.2400000e-01   9.7262900e+02   1.0320892e+02
   9.7318500e+02   8.6400000e-01   9.7349900e+02   1.0449108e+02
   9.7409900e+02   9.1400000e-01   9.7440000e+02   1.0803118e+02
   9.7501300e+02   9.1400000e-01   9.7534100e+02   1.0601634e+02
   9.7587200e+02   8.5900000e-01   9.7618900e+02   1.1035016e+02
   9.7680800e+02   9.3600000e-01   9.7713600e+02   1.1279126e+02
   9.7777200e+02   9.6400000e-01   9.7808500e+02   1.1004489e+02
   9.7866200e+02   8.8900000e-01   9.7900800e+02   1.1038069e+02
   9.7959400e+02   9.3300000e-01   9.7992000e+02   1.0174471e+02
   9.8055100e+02   9.5700000e-01   9.8087500e+02   1.0967855e+02
   9.8145200e+02   9.0100000e-01   9.8177600e+02   1.0565114e+02
   9.8237800e+02   9.2600000e-01   9.8267600e+02   1.1166286e+02
   9.8335100e+02   9.7400000e-01   9.8367600e+02   1.0635215e+02
   9.8424400e+02   8.9200000e-01   9.8457200e+02   1.0641321e+02
   9.8509600e+02   8.5200000e-01   9.8539900e+02   1.1004489e+02
   9.8606500e+02   9.6900000e-01   9.8638800e+02   1.0723746e+02
   9.8703000e+02   9.6500000e-01   9.8735500e+02   1.0674901e+02
   9.8792700e+02   8.9700000e-01   9.8823500e+02   1.0885543e+02
   9.8888600e+02   9.6000000e-01   9.8921100e+02   1.1007541e+02
   9.8982900e+02   9.4200000e-01   9.9014600e+02   1.0760379e+02
   9.9070600e+02   8.7700000e-01   9.9103700e+02   1.0879438e+02
   9.9162900e+02   9.2300000e-01   9.9197400e+02   1.0247625e+02
   9.9255800e+02   9.2900000e-01   9.9287600e+02   1.0806171e+02
   9.9343500e+02   8.7700000e-01   9.9375100e+02   1.0641321e+02
   9.9432600e+02   8.9100000e-01   9.9462800e+02   1.0931222e+02
   9.9523100e+02   9.0500000e-01   9.9554700e+02   1.0888596e+02
   9.9603800e+02   8.0600000e-01   9.9635500e+02   1.0885543e+02
   9.9680200e+02   7.6400000e-01   9.9714500e+02   1.0088993e+02
   9.9760600e+02   8.0300000e-01   9.9792700e+02   1.0171418e+02
   9.9842200e+02   8.1700000e-01   9.9873300e+02   1.0638268e+02
   9.9932500e+02   9.0300000e-01   9.9964300e+02   1.0287311e+02
   1.0002720e+03   9.4700000e-01   1.0005930e+03   1.0363630e+02
   1.0011520e+03   8.8000000e-01   1.0014640e+03   1.0290364e+02
   1.0020700e+03   9.1800000e-01   1.0023840e+03   1.0293416e+02
   1.0029770e+03   9.0700000e-01   1.0032920e+03   1.0082888e+02
   1.0038860e+03   9.0900000e-01   1.0041920e+03   1.0208052e+02
   1.0047850e+03   9.0000000e-01   1.0051230e+03   1.0003515e+02
   1.0056210e+03   8.3600000e-01   1.0059640e+03   9.6586639e+01
   1.0064940e+03   8.7300000e-01   1.0068050e+03   1.0330050e+02
   1.0074070e+03   9.1300000e-01   1.0077450e+03   1.0214157e+02
   1.0082760e+03   8.6900000e-01   1.0085940e+03   1.0168365e+02
   1.0091820e+03   9.0500000e-01   1.0095030e+03   1.0125627e+02
   1.0101220e+03   9.4000000e-01   1.0104420e+03   1.0256783e+02
   1.0109790e+03   8.5700000e-01   1.0113030e+03   1.0119521e+02
