   2.0510000e+00   8.4100000e-01   2.3310000e+00   9.2666588e+01
   2.8910000e+00   8.4000000e-01   3.1610000e+00   9.3384410e+01
   3.7620000e+00   8.7100000e-01   4.0310000e+00   9.3036757e+01
   4.6290000e+00   8.6700000e-01   4.9010000e+00   9.1723602e+01
   5.4650000e+00   8.3600000e-01   5.7410000e+00   9.1128269e+01
   6.2950000e+00   8.2900000e-01   6.5610000e+00   9.2519781e+01
   7.1010000e+00   8.0600000e-01   7.3710000e+00   9.1330016e+01
   7.8640000e+00   7.6400000e-01   8.1410000e+00   9.0971555e+01
   8.6280000e+00   7.6400000e-01   8.9010000e+00   9.0723875e+01
   9.3940000e+00   7.6600000e-01   9.6710000e+00   9.2363067e+01
   1.0159000e+01   7.6500000e-01   1.0431000e+01   9.3957227e+01
   1.0966000e+01   8.0700000e-01   1.1231000e+01   9.3867161e+01
   1.1815000e+01   8.4900000e-01   1.2081000e+01   9.2856626e+01
   1.2666000e+01   8.5100000e-01   1.2941000e+01   9.2071255e+01
   1.3512000e+01   8.4600000e-01   1.3781000e+01   9.2587330e+01
   1.4358000e+01   8.4500000e-01   1.4631000e+01   9.1588504e+01
   1.5210000e+01   8.5200000e-01   1.5481000e+01   9.0690551e+01
   1.6038000e+01   8.2800000e-01   1.6311000e+01   9.0072702e+01
   1.6857000e+01   8.2000000e-01   1.7131000e+01   9.1420082e+01
   1.7695000e+01   8.3800000e-01   1.7961000e+01   9.2003706e+01
   1.8551000e+01   8.5600000e-01   1.8821000e+01   9.1644345e+01
   1.9385000e+01   8.3400000e-01   1.9661000e+01   9.1835284e+01
   2.0228000e+01   8.4300000e-01   2.0501000e+01   9.2688204e+01
   2.1065000e+01   8.3700000e-01   2.1331000e+01   9.1902833e+01
   2.1927000e+01   8.6100000e-01   2.2201000e+01   9.0926523e+01
   2.2760000e+01   8.3400000e-01   2.3031000e+01   9.1644345e+01
   2.3624000e+01   8.6400000e-01   2.3891000e+01   9.1779443e+01
   2.4489000e+01   8.6400000e-01   2.4761000e+01   9.0353706e+01
   2.5343000e+01   8.5400000e-01   2.5621000e+01   9.0084410e+01
   2.6162000e+01   8.1900000e-01   2.6431000e+01   9.0140251e+01
   2.6990000e+01   8.2800000e-01   2.7261000e+01   9.0331190e+01
   2.7824000e+01   8.3400000e-01   2.8091000e+01   8.9815114e+01
   2.8640000e+01   8.1600000e-01   2.8921000e+01   8.8647866e+01
   2.9440000e+01   8.0000000e-01   2.9711000e+01   9.0499612e+01
   3.0239000e+01   7.9900000e-01   3.0511000e+01   9.1420082e+01
   3.1065000e+01   8.2600000e-01   3.1331000e+01   9.1105753e+01
   3.1881000e+01   8.1600000e-01   3.2161000e+01   9.0914814e+01
   3.2705000e+01   8.2400000e-01   3.2981000e+01   9.2430616e+01
   3.3534000e+01   8.2900000e-01   3.3801000e+01   9.2699912e+01
   3.4398000e+01   8.6400000e-01   3.4671000e+01   9.2239678e+01
   3.5295000e+01   8.9700000e-01   3.5571000e+01   9.1487631e+01
   3.6155000e+01   8.6100000e-01   3.6431000e+01   9.1128269e+01
   3.7017000e+01   8.6100000e-01   3.7291000e+01   9.1274175e+01
   3.7911000e+01   8.9500000e-01   3.8181000e+01   9.0589678e+01
   3.8834000e+01   9.2200000e-01   3.9111000e+01   8.9365688e+01
   3.9666000e+01   8.3200000e-01   3.9941000e+01   8.9825922e+01
   4.0504000e+01   8.3800000e-01   4.0771000e+01   9.0600486e+01
   4.1331000e+01   8.2800000e-01   4.1601000e+01   8.9860147e+01
   4.2159000e+01   8.2800000e-01   4.2431000e+01   8.9511594e+01
   4.2965000e+01   8.0600000e-01   4.3241000e+01   9.0758100e+01
   4.3816000e+01   8.5100000e-01   4.4081000e+01   9.2071255e+01
   4.4700000e+01   8.8400000e-01   4.4971000e+01   9.1352532e+01
   4.5573000e+01   8.7300000e-01   4.5851000e+01   8.9825922e+01
   4.6413000e+01   8.4000000e-01   4.6691000e+01   9.0129443e+01
   4.7272000e+01   8.5900000e-01   4.7541000e+01   9.1206626e+01
   4.8148000e+01   8.7600000e-01   4.8421000e+01   9.0297866e+01
   4.9035000e+01   8.8700000e-01   4.9311000e+01   8.9938504e+01
   4.9901000e+01   8.6700000e-01   5.0171000e+01   9.1375049e+01
   5.0804000e+01   9.0200000e-01   5.1071000e+01   9.1072429e+01
   5.1721000e+01   9.1700000e-01   5.2001000e+01   9.0072702e+01
   5.2597000e+01   8.7700000e-01   5.2871000e+01   8.9691725e+01
   5.3470000e+01   8.7300000e-01   5.3741000e+01   9.0342898e+01
   5.4394000e+01   9.2400000e-01   5.4661000e+01   8.9343171e+01
   5.5295000e+01   9.0100000e-01   5.5571000e+01   8.8231763e+01
   5.6143000e+01   8.4800000e-01   5.6421000e+01   8.8355153e+01
   5.6996000e+01   8.5300000e-01   5.7271000e+01   8.9455753e+01
   5.7829000e+01   8.3400000e-01   5.8101000e+01   8.8703706e+01
   5.8657000e+01   8.2700000e-01   5.8931000e+01   8.8535284e+01
   5.9474000e+01   8.1700000e-01   5.9751000e+01   9.0241124e+01
   6.0285000e+01   8.1100000e-01   6.0551000e+01   9.0982363e+01
   6.1148000e+01   8.6400000e-01   6.1421000e+01   9.1161594e+01
   6.2041000e+01   8.9200000e-01   6.2311000e+01   9.0645518e+01
   6.2899000e+01   8.5900000e-01   6.3181000e+01   8.9736757e+01
   6.3727000e+01   8.2800000e-01   6.4001000e+01   9.0162767e+01
   6.4600000e+01   8.7300000e-01   6.4871000e+01   9.0432063e+01
   6.5477000e+01   8.7700000e-01   6.5751000e+01   8.9612467e+01
   6.6320000e+01   8.4300000e-01   6.6601000e+01   8.9006326e+01
   6.7135000e+01   8.1600000e-01   6.7411000e+01   8.9848439e+01
   6.7975000e+01   8.4000000e-01   6.8241000e+01   8.9511594e+01
   6.8834000e+01   8.5900000e-01   6.9111000e+01   8.8917161e+01
   6.9662000e+01   8.2800000e-01   6.9941000e+01   8.8411894e+01
   7.0480000e+01   8.1800000e-01   7.0751000e+01   8.9837631e+01
   7.1311000e+01   8.3100000e-01   7.1581000e+01   9.0061894e+01
   7.2157000e+01   8.4600000e-01   7.2431000e+01   8.9028843e+01
   7.3014000e+01   8.5700000e-01   7.3291000e+01   8.8085857e+01
   7.3838000e+01   8.2400000e-01   7.4111000e+01   8.9500786e+01
   7.4662000e+01   8.2400000e-01   7.4931000e+01   8.9500786e+01
   7.5474000e+01   8.1200000e-01   7.5751000e+01   8.8400185e+01
   7.6280000e+01   8.0600000e-01   7.6561000e+01   8.8254279e+01
   7.7076000e+01   7.9600000e-01   7.7351000e+01   8.9758373e+01
   7.7890000e+01   8.1400000e-01   7.8161000e+01   9.0263641e+01
   7.8745000e+01   8.5500000e-01   7.9011000e+01   9.0320382e+01
   7.9594000e+01   8.4900000e-01   7.9871000e+01   9.0084410e+01
   8.0397000e+01   8.0300000e-01   8.0671000e+01   9.0140251e+01
   8.1209000e+01   8.1300000e-01   8.1481000e+01   9.0544645e+01
   8.2044000e+01   8.3500000e-01   8.2311000e+01   9.0589678e+01
   8.2873000e+01   8.2900000e-01   8.3151000e+01   8.9287331e+01
   8.3688000e+01   8.1500000e-01   8.3961000e+01   9.0185284e+01
   8.4495000e+01   8.0700000e-01   8.4761000e+01   9.0555453e+01
   8.5325000e+01   8.3000000e-01   8.5591000e+01   9.0657227e+01
   8.6154000e+01   8.2900000e-01   8.6431000e+01   8.9422429e+01
   8.6962000e+01   8.0700000e-01   8.7231000e+01   8.9926796e+01
   8.7763000e+01   8.0100000e-01   8.8031000e+01   9.1027396e+01
   8.8581000e+01   8.1800000e-01   8.8851000e+01   9.1117462e+01
   8.9407000e+01   8.2600000e-01   8.9681000e+01   9.0106927e+01
   9.0230000e+01   8.2300000e-01   9.0501000e+01   9.0690551e+01
   9.1041000e+01   8.1200000e-01   9.1311000e+01   9.1532663e+01
   9.1881000e+01   8.4000000e-01   9.2151000e+01   9.1555180e+01
   9.2770000e+01   8.8900000e-01   9.3041000e+01   9.0657227e+01
   9.3621000e+01   8.5000000e-01   9.3901000e+01   8.9264814e+01
   9.4436000e+01   8.1500000e-01   9.4711000e+01   8.9882664e+01
   9.5268000e+01   8.3200000e-01   9.5541000e+01   9.0039378e+01
   9.6139000e+01   8.7100000e-01   9.6411000e+01   8.9646692e+01
   9.6990000e+01   8.5200000e-01   9.7271000e+01   8.9006326e+01
   9.7827000e+01   8.3700000e-01   9.8101000e+01   9.0263641e+01
   9.8685000e+01   8.5800000e-01   9.8951000e+01   9.0858974e+01
   9.9549000e+01   8.6500000e-01   9.9821000e+01   8.9714241e+01
   1.0039900e+02   8.4900000e-01   1.0067100e+02   8.8265988e+01
   1.0121100e+02   8.1200000e-01   1.0148100e+02   8.9254006e+01
   1.0203600e+02   8.2500000e-01   1.0230100e+02   9.0129443e+01
   1.0287100e+02   8.3500000e-01   1.0314100e+02   8.9073875e+01
   1.0368800e+02   8.1700000e-01   1.0396100e+02   8.8580316e+01
   1.0449400e+02   8.0600000e-01   1.0477100e+02   8.9141425e+01
   1.0530400e+02   8.1000000e-01   1.0557100e+02   9.0230316e+01
   1.0613500e+02   8.3100000e-01   1.0640100e+02   8.8882937e+01
   1.0697600e+02   8.4000000e-01   1.0725100e+02   8.8321829e+01
   1.0779500e+02   8.1900000e-01   1.0807100e+02   8.8580316e+01
   1.0860500e+02   8.1100000e-01   1.0887100e+02   8.9152232e+01
   1.0943200e+02   8.2700000e-01   1.0970100e+02   8.8613641e+01
   1.1024900e+02   8.1700000e-01   1.1052100e+02   8.7345519e+01
   1.1104900e+02   8.0000000e-01   1.1132100e+02   8.8220955e+01
   1.1183900e+02   7.9000000e-01   1.1211100e+02   8.9489077e+01
   1.1264300e+02   8.0400000e-01   1.1291100e+02   8.8950486e+01
   1.1344800e+02   8.0500000e-01   1.1372100e+02   8.7984984e+01
   1.1423800e+02   7.9000000e-01   1.1451100e+02   8.9455753e+01
   1.1503700e+02   7.9900000e-01   1.1531100e+02   8.9915988e+01
   1.1588400e+02   8.4700000e-01   1.1615100e+02   8.9275622e+01
   1.1673600e+02   8.5200000e-01   1.1701100e+02   8.7592298e+01
   1.1754900e+02   8.1300000e-01   1.1782100e+02   8.7749012e+01
   1.1836100e+02   8.1200000e-01   1.1863100e+02   8.7884110e+01
   1.1912600e+02   7.6500000e-01   1.1940100e+02   8.7165388e+01
   1.1986100e+02   7.3400000e-01   1.2013100e+02   8.7323002e+01
   1.2059200e+02   7.3100000e-01   1.2087100e+02   8.8220955e+01
   1.2133400e+02   7.4200000e-01   1.2161100e+02   8.9589951e+01
   1.2208500e+02   7.5100000e-01   1.2236100e+02   9.1723602e+01
   1.2287600e+02   7.9100000e-01   1.2314100e+02   9.3721255e+01
   1.2372100e+02   8.4400000e-01   1.2399100e+02   9.3170955e+01
   1.2455500e+02   8.3500000e-01   1.2483100e+02   9.2564814e+01
   1.2535700e+02   8.0100000e-01   1.2563100e+02   9.3462767e+01
   1.2615600e+02   8.0000000e-01   1.2643100e+02   9.3642898e+01
   1.2695300e+02   7.9600000e-01   1.2723100e+02   9.5820682e+01
   1.2773600e+02   7.8400000e-01   1.2802100e+02   9.7986757e+01
   1.2851300e+02   7.7700000e-01   1.2879100e+02   1.0233152e+02
   1.2931500e+02   8.0200000e-01   1.2959100e+02   1.0459847e+02
   1.3013700e+02   8.2200000e-01   1.3041100e+02   1.0438591e+02
   1.3096700e+02   8.3100000e-01   1.3124100e+02   1.0294847e+02
   1.3177400e+02   8.0700000e-01   1.3205100e+02   1.0337538e+02
   1.3263600e+02   8.6200000e-01   1.3291100e+02   1.0211806e+02
   1.3350800e+02   8.7100000e-01   1.3378100e+02   9.9109874e+01
   1.3438100e+02   8.7300000e-01   1.3466100e+02   9.6550212e+01
   1.3519800e+02   8.1700000e-01   1.3547100e+02   9.5888231e+01
   1.3604900e+02   8.5100000e-01   1.3632100e+02   9.5763940e+01
   1.3690400e+02   8.5500000e-01   1.3717100e+02   9.4013067e+01
   1.3774400e+02   8.4000000e-01   1.3802100e+02   9.2935884e+01
   1.3857500e+02   8.3100000e-01   1.3884100e+02   9.4013067e+01
   1.3943100e+02   8.5700000e-01   1.3970100e+02   9.4428269e+01
   1.4030200e+02   8.7100000e-01   1.4057100e+02   9.3170955e+01
   1.4115900e+02   8.5600000e-01   1.4143100e+02   9.2093772e+01
   1.4198100e+02   8.2300000e-01   1.4225100e+02   9.2609847e+01
   1.4281000e+02   8.2800000e-01   1.4308100e+02   9.2767461e+01
   1.4365200e+02   8.4300000e-01   1.4392100e+02   9.2262194e+01
   1.4450000e+02   8.4800000e-01   1.4477100e+02   9.1892025e+01
   1.4533000e+02   8.3000000e-01   1.4560100e+02   9.2486457e+01
   1.4616900e+02   8.3900000e-01   1.4644100e+02   9.3025049e+01
   1.4702300e+02   8.5300000e-01   1.4729100e+02   9.1970382e+01
   1.4786200e+02   8.3900000e-01   1.4814100e+02   9.0645518e+01
   1.4866900e+02   8.0700000e-01   1.4894100e+02   9.1947865e+01
   1.4948500e+02   8.1600000e-01   1.4975100e+02   9.2632363e+01
   1.5033000e+02   8.4500000e-01   1.5060100e+02   9.1128269e+01
   1.5115700e+02   8.2700000e-01   1.5143100e+02   9.0499612e+01
   1.5196000e+02   8.0300000e-01   1.5223100e+02   9.1240851e+01
   1.5277300e+02   8.1300000e-01   1.5304100e+02   9.1409274e+01
   1.5358900e+02   8.1600000e-01   1.5386100e+02   8.9926796e+01
   1.5438800e+02   7.9900000e-01   1.5466100e+02   9.0072702e+01
   1.5518200e+02   7.9300000e-01   1.5545100e+02   9.1779443e+01
   1.5602000e+02   8.3800000e-01   1.5629100e+02   9.2587330e+01
   1.5689000e+02   8.7000000e-01   1.5716100e+02   9.2149612e+01
   1.5773700e+02   8.4700000e-01   1.5801100e+02   9.0701359e+01
   1.5855500e+02   8.1700000e-01   1.5883100e+02   9.0813941e+01
   1.5940900e+02   8.5400000e-01   1.5968100e+02   9.0275349e+01
   1.6027000e+02   8.6100000e-01   1.6054100e+02   8.8142598e+01
   1.6109600e+02   8.2600000e-01   1.6137100e+02   8.8040824e+01
   1.6192600e+02   8.3000000e-01   1.6220100e+02   8.8681190e+01
   1.6274800e+02   8.2200000e-01   1.6302100e+02   8.8759547e+01
   1.6358400e+02   8.3500000e-01   1.6386100e+02   8.8120082e+01
   1.6439500e+02   8.1100000e-01   1.6467100e+02   8.7861594e+01
   1.6520500e+02   8.1000000e-01   1.6547100e+02   8.9410720e+01
   1.6603000e+02   8.2500000e-01   1.6630100e+02   8.9680016e+01
   1.6685600e+02   8.2700000e-01   1.6713100e+02   8.8782063e+01
   1.6767000e+02   8.1300000e-01   1.6795100e+02   8.8108373e+01
   1.6847100e+02   8.0200000e-01   1.6874100e+02   8.9410720e+01
   1.6929200e+02   8.2100000e-01   1.6956100e+02   8.9601659e+01
   1.7012000e+02   8.2800000e-01   1.7039100e+02   8.8501960e+01
   1.7091700e+02   7.9700000e-01   1.7119100e+02   8.7479716e+01
   1.7171500e+02   7.9800000e-01   1.7199100e+02   8.8714514e+01
   1.7253100e+02   8.1600000e-01   1.7280100e+02   8.8625349e+01
   1.7335700e+02   8.2600000e-01   1.7363100e+02   8.7547265e+01
   1.7416000e+02   8.0300000e-01   1.7444100e+02   8.7098739e+01
   1.7495800e+02   7.9800000e-01   1.7523100e+02   8.9332363e+01
   1.7578000e+02   8.2200000e-01   1.7605100e+02   8.9612467e+01
   1.7660600e+02   8.2700000e-01   1.7688100e+02   8.8905453e+01
   1.7741600e+02   8.1000000e-01   1.7769100e+02   8.9410720e+01
   1.7822100e+02   8.0400000e-01   1.7849100e+02   9.0162767e+01
   1.7902200e+02   8.0100000e-01   1.7929100e+02   8.9556626e+01
   1.7984900e+02   8.2700000e-01   1.8012100e+02   8.8894645e+01
   1.8066800e+02   8.1900000e-01   1.8094100e+02   8.8568608e+01
   1.8145600e+02   7.8800000e-01   1.8173100e+02   9.0117735e+01
   1.8227600e+02   8.2000000e-01   1.8255100e+02   8.8804580e+01
   1.8311000e+02   8.3400000e-01   1.8338100e+02   8.7390551e+01
   1.8390100e+02   7.9100000e-01   1.8418100e+02   8.7356326e+01
   1.8468200e+02   7.8000000e-01   1.8495100e+02   8.8983810e+01
   1.8547600e+02   7.9400000e-01   1.8575100e+02   8.9634983e+01
   1.8627500e+02   7.9900000e-01   1.8655100e+02   8.9174749e+01
   1.8707300e+02   7.9800000e-01   1.8735100e+02   8.9219782e+01
   1.8786000e+02   7.8700000e-01   1.8813100e+02   9.0959847e+01
   1.8870200e+02   8.4200000e-01   1.8897100e+02   9.1565988e+01
   1.8956900e+02   8.6700000e-01   1.8984100e+02   9.0409547e+01
   1.9040900e+02   8.4000000e-01   1.9069100e+02   8.8434410e+01
   1.9121300e+02   8.0400000e-01   1.9149100e+02   8.9354880e+01
   1.9202000e+02   8.0700000e-01   1.9229100e+02   9.0117735e+01
   1.9283400e+02   8.1400000e-01   1.9311100e+02   8.9264814e+01
   1.9364700e+02   8.1300000e-01   1.9392100e+02   8.8535284e+01
   1.9443900e+02   7.9200000e-01   1.9471100e+02   9.0084410e+01
   1.9523600e+02   7.9600000e-01   1.9550100e+02   9.1475922e+01
   1.9605300e+02   8.1700000e-01   1.9632100e+02   8.9860147e+01
   1.9688100e+02   8.2800000e-01   1.9716100e+02   8.9174749e+01
   1.9768200e+02   8.0100000e-01   1.9796100e+02   8.9770082e+01
   1.9847500e+02   7.9400000e-01   1.9875100e+02   9.0207800e+01
   1.9928600e+02   8.1100000e-01   1.9956100e+02   9.0477096e+01
   2.0009300e+02   8.0600000e-01   2.0037100e+02   9.0690551e+01
   2.0086700e+02   7.7500000e-01   2.0114100e+02   9.2138804e+01
   2.0162900e+02   7.6100000e-01   2.0190100e+02   9.3316861e+01
   2.0235900e+02   7.3000000e-01   2.0263100e+02   9.3923002e+01
   2.0308800e+02   7.2900000e-01   2.0336100e+02   9.4259847e+01
   2.0386300e+02   7.7500000e-01   2.0413100e+02   9.2834110e+01
   2.0463600e+02   7.7300000e-01   2.0491100e+02   9.2441424e+01
   2.0541500e+02   7.7900000e-01   2.0568100e+02   9.3721255e+01
   2.0623700e+02   8.2300000e-01   2.0650100e+02   9.2250485e+01
   2.0707400e+02   8.3700000e-01   2.0735100e+02   8.9837631e+01
   2.0790100e+02   8.2700000e-01   2.0818100e+02   8.8490251e+01
   2.0870400e+02   8.0300000e-01   2.0898100e+02   8.8276796e+01
   2.0951200e+02   8.0800000e-01   2.0978100e+02   8.8535284e+01
   2.1031300e+02   8.0000000e-01   2.1059100e+02   8.6716861e+01
   2.1109400e+02   7.8100000e-01   2.1137100e+02   8.7154580e+01
   2.1187100e+02   7.7700000e-01   2.1214100e+02   8.8658673e+01
   2.1265500e+02   7.8400000e-01   2.1292100e+02   8.9377396e+01
   2.1346500e+02   8.1000000e-01   2.1374100e+02   8.8040824e+01
   2.1425900e+02   7.9400000e-01   2.1454100e+02   8.6941124e+01
   2.1504200e+02   7.8200000e-01   2.1531100e+02   8.8580316e+01
   2.1582700e+02   7.8500000e-01   2.1610100e+02   8.9219782e+01
   2.1662200e+02   7.9500000e-01   2.1689100e+02   8.8299312e+01
   2.1742500e+02   8.0300000e-01   2.1770100e+02   8.7323002e+01
   2.1821500e+02   7.9000000e-01   2.1849100e+02   8.7659847e+01
   2.1900900e+02   7.9400000e-01   2.1928100e+02   8.8613641e+01
   2.1981200e+02   8.0300000e-01   2.2008100e+02   8.7087031e+01
   2.2060800e+02   7.9600000e-01   2.2088100e+02   8.6279143e+01
   2.2139800e+02   7.9000000e-01   2.2167100e+02   8.8434410e+01
   2.2220300e+02   8.0500000e-01   2.2247100e+02   8.8389378e+01
   2.2306800e+02   8.6500000e-01   2.2334100e+02   8.7917434e+01
   2.2393800e+02   8.7000000e-01   2.2421100e+02   8.6211594e+01
   2.2475200e+02   8.1400000e-01   2.2503100e+02   8.6795218e+01
   2.2559100e+02   8.3900000e-01   2.2586100e+02   8.7906627e+01
   2.2643600e+02   8.4500000e-01   2.2671100e+02   8.7536457e+01
   2.2728200e+02   8.4600000e-01   2.2756100e+02   8.7345519e+01
   2.2808900e+02   8.0700000e-01   2.2837100e+02   8.7996692e+01
   2.2890500e+02   8.1600000e-01   2.2918100e+02   9.0544645e+01
   2.2973800e+02   8.3300000e-01   2.3001100e+02   9.0937331e+01
   2.3061700e+02   8.7900000e-01   2.3089100e+02   8.9904279e+01
   2.3144000e+02   8.2300000e-01   2.3172100e+02   9.0050185e+01
   2.3227000e+02   8.3000000e-01   2.3254100e+02   9.1263368e+01
   2.3310200e+02   8.3200000e-01   2.3337100e+02   9.1555180e+01
   2.3393900e+02   8.3800000e-01   2.3421100e+02   9.1015688e+01
   2.3477000e+02   8.3100000e-01   2.3505100e+02   9.0780617e+01
   2.3558600e+02   8.1600000e-01   2.3586100e+02   9.2453133e+01
   2.3641500e+02   8.2800000e-01   2.3669100e+02   9.2318035e+01
   2.3724700e+02   8.3200000e-01   2.3752100e+02   9.1453406e+01
   2.3806400e+02   8.1700000e-01   2.3834100e+02   9.0454579e+01
   2.3886100e+02   7.9700000e-01   2.3913100e+02   9.1453406e+01
   2.3967200e+02   8.1100000e-01   2.3994100e+02   9.1689377e+01
   2.4051200e+02   8.4000000e-01   2.4078100e+02   9.0589678e+01
   2.4135200e+02   8.4000000e-01   2.4163100e+02   8.9971828e+01
   2.4214500e+02   7.9300000e-01   2.4242100e+02   9.0713067e+01
   2.4294600e+02   8.0200000e-01   2.4322100e+02   9.1038204e+01
   2.4375600e+02   8.0900000e-01   2.4403100e+02   9.0151959e+01
   2.4456600e+02   8.1000000e-01   2.4484100e+02   8.8973002e+01
   2.4535600e+02   7.9000000e-01   2.4563100e+02   9.0454579e+01
   2.4616200e+02   8.0600000e-01   2.4643100e+02   9.1341725e+01
   2.4699000e+02   8.2800000e-01   2.4726100e+02   9.1475922e+01
   2.4784800e+02   8.5800000e-01   2.4812100e+02   9.1364241e+01
   2.4867100e+02   8.2300000e-01   2.4895100e+02   9.2340551e+01
   2.4947600e+02   8.0400000e-01   2.4975100e+02   9.3496992e+01
   2.5029600e+02   8.2000000e-01   2.5057100e+02   9.2935884e+01
   2.5113100e+02   8.3500000e-01   2.5141100e+02   9.0959847e+01
   2.5192100e+02   7.9000000e-01   2.5220100e+02   9.0881490e+01
   2.5271200e+02   7.9100000e-01   2.5298100e+02   9.1779443e+01
   2.5350300e+02   7.9100000e-01   2.5377100e+02   9.1465114e+01
   2.5430000e+02   7.9700000e-01   2.5457100e+02   8.9780890e+01
   2.5508100e+02   7.8100000e-01   2.5536100e+02   9.0151959e+01
   2.5586100e+02   7.7900000e-01   2.5613100e+02   9.1386757e+01
   2.5664900e+02   7.8900000e-01   2.5692100e+02   9.1195819e+01
   2.5744000e+02   7.9100000e-01   2.5771100e+02   8.9815114e+01
   2.5821000e+02   7.7000000e-01   2.5848100e+02   9.0308673e+01
   2.5900000e+02   7.8900000e-01   2.5927100e+02   9.2262194e+01
   2.5979600e+02   7.9600000e-01   2.6007100e+02   9.1565988e+01
   2.6062100e+02   8.2600000e-01   2.6089100e+02   9.0140251e+01
   2.6144700e+02   8.2600000e-01   2.6172100e+02   9.0532936e+01
   2.6226600e+02   8.1900000e-01   2.6253100e+02   9.1577696e+01
   2.6310300e+02   8.3700000e-01   2.6337100e+02   9.1656053e+01
   2.6393800e+02   8.3500000e-01   2.6421100e+02   8.9725049e+01
   2.6473000e+02   7.9200000e-01   2.6500100e+02   9.0039378e+01
   2.6553800e+02   8.0800000e-01   2.6580100e+02   9.0454579e+01
   2.6635800e+02   8.2100000e-01   2.6663100e+02   8.9758373e+01
   2.6717700e+02   8.1800000e-01   2.6745100e+02   8.8827096e+01
   2.6797100e+02   7.9500000e-01   2.6824100e+02   8.8983810e+01
   2.6876900e+02   7.9800000e-01   2.6904100e+02   9.0387030e+01
   2.6959100e+02   8.2100000e-01   2.6986100e+02   8.9870955e+01
   2.7039500e+02   8.0500000e-01   2.7067100e+02   8.8737030e+01
   2.7119500e+02   7.9900000e-01   2.7147100e+02   8.9601659e+01
   2.7199100e+02   7.9600000e-01   2.7226100e+02   9.1128269e+01
   2.7279500e+02   8.0400000e-01   2.7306100e+02   8.9971828e+01
   2.7363000e+02   8.3500000e-01   2.7390100e+02   8.9915988e+01
   2.7443900e+02   8.1000000e-01   2.7471100e+02   8.9994345e+01
   2.7526900e+02   8.2900000e-01   2.7554100e+02   9.0241124e+01
   2.7611600e+02   8.4700000e-01   2.7639100e+02   8.9174749e+01
   2.7694400e+02   8.2800000e-01   2.7722100e+02   8.7502232e+01
   2.7773500e+02   7.9100000e-01   2.7801100e+02   8.8917161e+01
   2.7853900e+02   8.0300000e-01   2.7881100e+02   9.0499612e+01
   2.7935600e+02   8.1700000e-01   2.7962100e+02   9.0454579e+01
   2.8017500e+02   8.1900000e-01   2.8045100e+02   8.9657500e+01
   2.8098000e+02   8.0500000e-01   2.8125100e+02   9.0477096e+01
   2.8179200e+02   8.1300000e-01   2.8206100e+02   9.1431790e+01
   2.8263400e+02   8.4200000e-01   2.8290100e+02   9.1060720e+01
   2.8348100e+02   8.4600000e-01   2.8375100e+02   8.9511594e+01
   2.8429700e+02   8.1700000e-01   2.8457100e+02   9.0196992e+01
   2.8511800e+02   8.2000000e-01   2.8538100e+02   9.1049912e+01
   2.8595600e+02   8.3900000e-01   2.8623100e+02   8.9825922e+01
   2.8679800e+02   8.4200000e-01   2.8707100e+02   8.8849612e+01
   2.8759900e+02   8.0000000e-01   2.8787100e+02   8.9163941e+01
   2.8840800e+02   8.0900000e-01   2.8867100e+02   9.0218608e+01
   2.8923900e+02   8.3200000e-01   2.8951100e+02   8.9882664e+01
   2.9009900e+02   8.5900000e-01   2.9037100e+02   8.8950486e+01
   2.9090900e+02   8.1000000e-01   2.9118100e+02   8.9758373e+01
   2.9173500e+02   8.2600000e-01   2.9200100e+02   9.0768908e+01
   2.9255900e+02   8.2500000e-01   2.9283100e+02   8.9825922e+01
   2.9338100e+02   8.2200000e-01   2.9365100e+02   8.9264814e+01
   2.9418300e+02   8.0200000e-01   2.9446100e+02   8.9725049e+01
   2.9497900e+02   7.9600000e-01   2.9525100e+02   9.1150786e+01
   2.9580500e+02   8.2600000e-01   2.9607100e+02   9.1892025e+01
   2.9664700e+02   8.4200000e-01   2.9692100e+02   9.0623002e+01
   2.9748700e+02   8.4000000e-01   2.9776100e+02   9.0780617e+01
   2.9832500e+02   8.3800000e-01   2.9859100e+02   9.1510147e+01
   2.9921700e+02   8.9200000e-01   2.9948100e+02   9.1498439e+01
   3.0011300e+02   8.9700000e-01   3.0039100e+02   8.9298138e+01
   3.0096900e+02   8.5500000e-01   3.0124100e+02   8.8793772e+01
   3.0180300e+02   8.3500000e-01   3.0207100e+02   8.9736757e+01
   3.0263800e+02   8.3500000e-01   3.0291100e+02   8.9803406e+01
   3.0346600e+02   8.2700000e-01   3.0374100e+02   8.9971828e+01
   3.0427300e+02   8.0700000e-01   3.0455100e+02   9.0780617e+01
   3.0507200e+02   8.0000000e-01   3.0534100e+02   9.2733237e+01
   3.0591100e+02   8.3900000e-01   3.0618100e+02   9.3351086e+01
   3.0675700e+02   8.4600000e-01   3.0703100e+02   9.2273002e+01
   3.0758700e+02   8.2900000e-01   3.0786100e+02   9.1767734e+01
   3.0841900e+02   8.3300000e-01   3.0869100e+02   9.2856626e+01
   3.0926500e+02   8.4500000e-01   3.0953100e+02   9.2037931e+01
   3.1012000e+02   8.5600000e-01   3.1039100e+02   9.1139077e+01
   3.1094500e+02   8.2500000e-01   3.1122100e+02   9.0016861e+01
   3.1177800e+02   8.3300000e-01   3.1204100e+02   9.1049912e+01
   3.1262400e+02   8.4600000e-01   3.1289100e+02   9.0791424e+01
   3.1345200e+02   8.2800000e-01   3.1372100e+02   9.0174476e+01
   3.1426900e+02   8.1700000e-01   3.1454100e+02   9.1565988e+01
   3.1508300e+02   8.1500000e-01   3.1535100e+02   9.3687931e+01
   3.1594500e+02   8.6100000e-01   3.1621100e+02   9.3777096e+01
   3.1684000e+02   8.9600000e-01   3.1711100e+02   9.2744945e+01
   3.1771200e+02   8.7200000e-01   3.1798100e+02   9.2599039e+01
   3.1858900e+02   8.7700000e-01   3.1886100e+02   9.3766288e+01
   3.1946700e+02   8.7700000e-01   3.1974100e+02   9.2227969e+01
   3.2032400e+02   8.5800000e-01   3.2060100e+02   9.1532663e+01
   3.2116300e+02   8.3900000e-01   3.2143100e+02   9.2396392e+01
   3.2203400e+02   8.7000000e-01   3.2230100e+02   9.2710720e+01
   3.2292100e+02   8.8700000e-01   3.2319100e+02   9.1734410e+01
   3.2379300e+02   8.7200000e-01   3.2407100e+02   9.0678843e+01
   3.2463000e+02   8.3700000e-01   3.2490100e+02   9.1992898e+01
   3.2547900e+02   8.4900000e-01   3.2575100e+02   9.1936157e+01
   3.2629800e+02   8.2000000e-01   3.2657100e+02   9.1711894e+01
   3.2710100e+02   8.0200000e-01   3.2737100e+02   9.3676222e+01
   3.2790500e+02   8.0500000e-01   3.2817100e+02   9.6651086e+01
   3.2874500e+02   8.4000000e-01   3.2901100e+02   9.6786184e+01
   3.2958800e+02   8.4300000e-01   3.2986100e+02   9.6235884e+01
   3.3040500e+02   8.1700000e-01   3.3068100e+02   9.6123302e+01
   3.3120300e+02   7.9800000e-01   3.3147100e+02   9.7605780e+01
   3.3204600e+02   8.4200000e-01   3.3231100e+02   9.7021255e+01
   3.3297900e+02   9.3300000e-01   3.3325100e+02   9.6157527e+01
   3.3387000e+02   8.9100000e-01   3.3414100e+02   9.4967762e+01
   3.3475000e+02   8.8100000e-01   3.3502100e+02   9.4832663e+01
   3.3560800e+02   8.5800000e-01   3.3588100e+02   9.3238504e+01
   3.3644700e+02   8.3900000e-01   3.3672100e+02   9.2250485e+01
   3.3724900e+02   8.0200000e-01   3.3752100e+02   9.3743771e+01
   3.3808900e+02   8.4000000e-01   3.3836100e+02   9.4327396e+01
   3.3891600e+02   8.2700000e-01   3.3919100e+02   9.3373602e+01
   3.3971700e+02   8.0000000e-01   3.3999100e+02   9.3193471e+01
   3.4050500e+02   7.8800000e-01   3.4077100e+02   9.5046118e+01
   3.4131700e+02   8.1200000e-01   3.4158100e+02   9.6235884e+01
   3.4215000e+02   8.3400000e-01   3.4242100e+02   9.5461320e+01
   3.4298600e+02   8.3600000e-01   3.4326100e+02   9.4574175e+01
   3.4379800e+02   8.1200000e-01   3.4407100e+02   9.5584710e+01
   3.4464200e+02   8.4500000e-01   3.4491100e+02   9.6044945e+01
   3.4549400e+02   8.5100000e-01   3.4576100e+02   9.4125649e+01
   3.4633900e+02   8.4600000e-01   3.4661100e+02   9.3036757e+01
   3.4714800e+02   8.0800000e-01   3.4742100e+02   9.3519508e+01
   3.4794700e+02   8.0000000e-01   3.4822100e+02   9.3406926e+01
   3.4870200e+02   7.5500000e-01   3.4897100e+02   9.2307227e+01
   3.4945800e+02   7.5600000e-01   3.4973100e+02   9.2475649e+01
   3.5021600e+02   7.5800000e-01   3.5049100e+02   9.2082063e+01
   3.5098200e+02   7.6600000e-01   3.5125100e+02   9.3182663e+01
   3.5175200e+02   7.7000000e-01   3.5201100e+02   9.3822128e+01
   3.5254800e+02   7.9600000e-01   3.5281100e+02   9.3418635e+01
   3.5336000e+02   8.1200000e-01   3.5363100e+02   9.2609847e+01
   3.5416800e+02   8.0800000e-01   3.5444100e+02   9.1892025e+01
   3.5497000e+02   8.0300000e-01   3.5523100e+02   9.2227969e+01
   3.5577400e+02   8.0300000e-01   3.5604100e+02   9.2015415e+01
   3.5659200e+02   8.1800000e-01   3.5686100e+02   9.0623002e+01
   3.5738400e+02   7.9200000e-01   3.5766100e+02   9.1128269e+01
   3.5817800e+02   7.9400000e-01   3.5844100e+02   9.2519781e+01
   3.5897600e+02   7.9800000e-01   3.5924100e+02   9.2385584e+01
   3.5978400e+02   8.0800000e-01   3.6005100e+02   9.1218335e+01
   3.6058300e+02   7.9900000e-01   3.6086100e+02   9.0926523e+01
   3.6139600e+02   8.1300000e-01   3.6166100e+02   9.2856626e+01
   3.6222800e+02   8.3200000e-01   3.6249100e+02   9.1835284e+01
   3.6307100e+02   8.4300000e-01   3.6334100e+02   9.1251659e+01
   3.6391300e+02   8.4200000e-01   3.6419100e+02   9.0623002e+01
   3.6473600e+02   8.2200000e-01   3.6500100e+02   9.1621828e+01
   3.6558000e+02   8.4400000e-01   3.6585100e+02   9.1105753e+01
   3.6642600e+02   8.4600000e-01   3.6670100e+02   8.9882664e+01
   3.6725500e+02   8.2900000e-01   3.6753100e+02   8.9523302e+01
   3.6806900e+02   8.1500000e-01   3.6834100e+02   9.0803133e+01
   3.6887900e+02   8.1000000e-01   3.6915100e+02   9.0746392e+01
   3.6970400e+02   8.2500000e-01   3.6998100e+02   8.9848439e+01
   3.7050200e+02   7.9800000e-01   3.7077100e+02   9.0600486e+01
   3.7132100e+02   8.2000000e-01   3.7159100e+02   9.1880316e+01
   3.7216400e+02   8.4300000e-01   3.7243100e+02   9.1375049e+01
   3.7304700e+02   8.8300000e-01   3.7332100e+02   9.0207800e+01
   3.7389400e+02   8.4600000e-01   3.7416100e+02   9.0364514e+01
   3.7473700e+02   8.4400000e-01   3.7500100e+02   9.0803133e+01
   3.7557200e+02   8.3500000e-01   3.7584100e+02   8.9860147e+01
   3.7638700e+02   8.1400000e-01   3.7666100e+02   8.9455753e+01
   3.7717500e+02   7.8800000e-01   3.7744100e+02   9.1442598e+01
   3.7798000e+02   8.0500000e-01   3.7825100e+02   9.2554006e+01
   3.7879800e+02   8.1800000e-01   3.7907100e+02   9.1913641e+01
   3.7961200e+02   8.1400000e-01   3.7988100e+02   9.1487631e+01
   3.8043600e+02   8.2500000e-01   3.8070100e+02   9.3160147e+01
   3.8130300e+02   8.6700000e-01   3.8157100e+02   9.4215715e+01
   3.8217600e+02   8.7300000e-01   3.8245100e+02   9.2767461e+01
   3.8302000e+02   8.4400000e-01   3.8330100e+02   9.2048739e+01
   3.8384600e+02   8.2600000e-01   3.8412100e+02   9.3014241e+01
   3.8467100e+02   8.2500000e-01   3.8494100e+02   9.3542025e+01
   3.8548800e+02   8.1700000e-01   3.8576100e+02   9.2755753e+01
   3.8629800e+02   8.1000000e-01   3.8657100e+02   9.2463941e+01
   3.8708800e+02   7.9000000e-01   3.8736100e+02   9.3564541e+01
   3.8789700e+02   8.0900000e-01   3.8816100e+02   9.4619208e+01
   3.8873000e+02   8.3300000e-01   3.8900100e+02   9.3474476e+01
   3.8956000e+02   8.3000000e-01   3.8983100e+02   9.2441424e+01
   3.9036300e+02   8.0300000e-01   3.9063100e+02   9.2800786e+01
   3.9117000e+02   8.0700000e-01   3.9144100e+02   9.3462767e+01
   3.9197700e+02   8.0700000e-01   3.9224100e+02   9.2071255e+01
   3.9282700e+02   8.4900000e-01   3.9310100e+02   9.1083237e+01
   3.9364700e+02   8.2000000e-01   3.9392100e+02   9.2071255e+01
   3.9446300e+02   8.1600000e-01   3.9473100e+02   9.3170955e+01
   3.9532200e+02   8.5800000e-01   3.9559100e+02   9.3889678e+01
   3.9618500e+02   8.6400000e-01   3.9646100e+02   9.3743771e+01
   3.9702700e+02   8.4100000e-01   3.9730100e+02   9.4754306e+01
   3.9783900e+02   8.1200000e-01   3.9811100e+02   9.5528870e+01
   3.9867800e+02   8.3900000e-01   3.9894100e+02   9.6225076e+01
   3.9950200e+02   8.2400000e-01   3.9977100e+02   9.5921555e+01
   4.0030000e+02   7.9800000e-01   4.0057100e+02   9.6123302e+01
   4.0110100e+02   8.0100000e-01   4.0137100e+02   9.8066015e+01
   4.0192300e+02   8.2200000e-01   4.0219100e+02   9.7986757e+01
   4.0277400e+02   8.5100000e-01   4.0305100e+02   9.6706926e+01
   4.0361300e+02   8.3800000e-01   4.0388100e+02   9.6516888e+01
   4.0446600e+02   8.5300000e-01   4.0473100e+02   9.7088804e+01
   4.0532500e+02   8.5900000e-01   4.0560100e+02   9.4933537e+01
   4.0615800e+02   8.3300000e-01   4.0643100e+02   9.4843471e+01
   4.0698200e+02   8.2400000e-01   4.0725100e+02   9.5528870e+01
   4.0785600e+02   8.7400000e-01   4.0812100e+02   9.4697565e+01
   4.0874900e+02   8.9300000e-01   4.0902100e+02   9.3698739e+01
   4.0958700e+02   8.3800000e-01   4.0986100e+02   9.2755753e+01
   4.1041400e+02   8.2700000e-01   4.1068100e+02   9.4204006e+01
   4.1124900e+02   8.3600000e-01   4.1152100e+02   9.3384410e+01
   4.1208300e+02   8.3400000e-01   4.1235100e+02   9.2632363e+01
   4.1289800e+02   8.1500000e-01   4.1317100e+02   9.3193471e+01
   4.1371800e+02   8.2000000e-01   4.1398100e+02   9.4091424e+01
   4.1457200e+02   8.5400000e-01   4.1484100e+02   9.3957227e+01
   4.1541000e+02   8.3900000e-01   4.1568100e+02   9.2587330e+01
   4.1623200e+02   8.2200000e-01   4.1650100e+02   9.3418635e+01
   4.1707600e+02   8.4400000e-01   4.1734100e+02   9.4405753e+01
   4.1792200e+02   8.4600000e-01   4.1819100e+02   9.3485283e+01
   4.1876200e+02   8.4000000e-01   4.1904100e+02   9.3014241e+01
   4.1955200e+02   7.9000000e-01   4.1982100e+02   9.4294072e+01
   4.2035500e+02   8.0300000e-01   4.2062100e+02   9.6796992e+01
   4.2115600e+02   8.0100000e-01   4.2142100e+02   9.6392598e+01
   4.2198000e+02   8.2400000e-01   4.2225100e+02   9.5944071e+01
   4.2278500e+02   8.0500000e-01   4.2305100e+02   9.6774475e+01
   4.2359900e+02   8.1400000e-01   4.2386100e+02   9.6909574e+01
   4.2442000e+02   8.2200000e-01   4.2469100e+02   9.6706926e+01
   4.2525300e+02   8.3200000e-01   4.2552100e+02   9.5282090e+01
   4.2607600e+02   8.2400000e-01   4.2634100e+02   9.5663067e+01
   4.2691000e+02   8.3400000e-01   4.2717100e+02   9.5753133e+01
   4.2774300e+02   8.3300000e-01   4.2801100e+02   9.4529143e+01
   4.2856000e+02   8.1700000e-01   4.2883100e+02   9.3002532e+01
   4.2935100e+02   7.9100000e-01   4.2962100e+02   9.4439978e+01
   4.3016100e+02   8.1000000e-01   4.3043100e+02   9.4888504e+01
   4.3099900e+02   8.3800000e-01   4.3127100e+02   9.3732964e+01
   4.3184700e+02   8.4800000e-01   4.3212100e+02   9.2823302e+01
   4.3265300e+02   8.0500000e-01   4.3293100e+02   9.2082063e+01
   4.3345300e+02   8.0000000e-01   4.3372100e+02   9.3811321e+01
   4.3426600e+02   8.1300000e-01   4.3453100e+02   9.3542025e+01
   4.3509200e+02   8.2600000e-01   4.3536100e+02   9.3316861e+01
   4.3591300e+02   8.2100000e-01   4.3619100e+02   9.1880316e+01
   4.3673300e+02   8.2000000e-01   4.3700100e+02   9.3193471e+01
   4.3756600e+02   8.3400000e-01   4.3783100e+02   9.3294345e+01
   4.3841000e+02   8.4400000e-01   4.3868100e+02   9.2418908e+01
   4.3924200e+02   8.3200000e-01   4.3952100e+02   9.1453406e+01
   4.4004600e+02   8.0400000e-01   4.4032100e+02   9.2329743e+01
   4.4086800e+02   8.2200000e-01   4.4113100e+02   9.3306053e+01
   4.4171800e+02   8.5100000e-01   4.4198100e+02   9.2138804e+01
   4.4255400e+02   8.3600000e-01   4.4283100e+02   9.1352532e+01
   4.4336300e+02   8.0900000e-01   4.4364100e+02   9.1543471e+01
   4.4418400e+02   8.2000000e-01   4.4445100e+02   9.3047565e+01
   4.4502600e+02   8.4200000e-01   4.4529100e+02   9.2352259e+01
   4.4587700e+02   8.5100000e-01   4.4615100e+02   9.1284983e+01
   4.4669600e+02   8.2000000e-01   4.4697100e+02   9.1307500e+01
   4.4750300e+02   8.0600000e-01   4.4777100e+02   9.2699912e+01
   4.4832400e+02   8.2100000e-01   4.4859100e+02   9.3306053e+01
   4.4915500e+02   8.3200000e-01   4.4942100e+02   9.2554006e+01
   4.4995900e+02   8.0300000e-01   4.5023100e+02   9.3215988e+01
   4.5075400e+02   7.9600000e-01   4.5102100e+02   9.4742598e+01
   4.5156800e+02   8.1400000e-01   4.5183100e+02   9.5225349e+01
   4.5240200e+02   8.3300000e-01   4.5267100e+02   9.3990551e+01
   4.5323200e+02   8.3100000e-01   4.5350100e+02   9.3687931e+01
   4.5403600e+02   8.0400000e-01   4.5431100e+02   9.4574175e+01
   4.5483000e+02   7.9400000e-01   4.5510100e+02   9.4990278e+01
   4.5558500e+02   7.5500000e-01   4.5585100e+02   9.3631190e+01
   4.5633700e+02   7.5200000e-01   4.5660100e+02   9.3867161e+01
   4.5710000e+02   7.6300000e-01   4.5737100e+02   9.4933537e+01
   4.5786200e+02   7.6200000e-01   4.5813100e+02   9.6022428e+01
   4.5861800e+02   7.5600000e-01   4.5888100e+02   9.8873902e+01
   4.5939800e+02   7.8000000e-01   4.5966100e+02   1.0154524e+02
   4.6019900e+02   8.0100000e-01   4.6047100e+02   1.0194964e+02
   4.6100300e+02   8.0300000e-01   4.6127100e+02   1.0262333e+02
   4.6177400e+02   7.7200000e-01   4.6205100e+02   1.0412742e+02
   4.6253600e+02   7.6200000e-01   4.6281100e+02   1.0555316e+02
   4.6332400e+02   7.8800000e-01   4.6359100e+02   1.0573239e+02
   4.6410600e+02   7.8200000e-01   4.6437100e+02   1.0343122e+02
   4.6488100e+02   7.7600000e-01   4.6515100e+02   1.0219642e+02
   4.6564400e+02   7.6300000e-01   4.6591100e+02   1.0270169e+02
   4.6642600e+02   7.8100000e-01   4.6669100e+02   1.0234232e+02
   4.6723300e+02   8.0800000e-01   4.6750100e+02   1.0072565e+02
   4.6803900e+02   8.0500000e-01   4.6831100e+02   9.8851386e+01
   4.6883100e+02   7.9300000e-01   4.6910100e+02   9.9771855e+01
   4.6964500e+02   8.1400000e-01   4.6991100e+02   9.9962794e+01
   4.7048400e+02   8.3900000e-01   4.7075100e+02   9.8862194e+01
   4.7132400e+02   8.3900000e-01   4.7159100e+02   9.6954606e+01
   4.7211900e+02   7.9500000e-01   4.7239100e+02   9.6718635e+01
   4.7292000e+02   8.0100000e-01   4.7319100e+02   9.7234710e+01
   4.7372100e+02   8.0100000e-01   4.7399100e+02   9.7145545e+01
   4.7453300e+02   8.1300000e-01   4.7480100e+02   9.6516888e+01
   4.7534000e+02   8.0700000e-01   4.7561100e+02   9.5652259e+01
   4.7613700e+02   7.9600000e-01   4.7641100e+02   9.6729443e+01
   4.7692300e+02   7.8700000e-01   4.7719100e+02   9.7201386e+01
   4.7773200e+02   8.0800000e-01   4.7800100e+02   9.6336757e+01
   4.7854200e+02   8.1000000e-01   4.7881100e+02   9.5494645e+01
   4.7933800e+02   7.9600000e-01   4.7961100e+02   9.5966588e+01
   4.8013200e+02   7.9400000e-01   4.8040100e+02   9.7111320e+01
   4.8094200e+02   8.1000000e-01   4.8121100e+02   9.6842024e+01
   4.8175400e+02   8.1200000e-01   4.8202100e+02   9.6078269e+01
   4.8257200e+02   8.1800000e-01   4.8284100e+02   9.5146992e+01
   4.8339200e+02   8.2000000e-01   4.8366100e+02   9.6078269e+01
   4.8424300e+02   8.5100000e-01   4.8451100e+02   9.5719808e+01
   4.8508300e+02   8.4000000e-01   4.8535100e+02   9.3945518e+01
   4.8591500e+02   8.3200000e-01   4.8619100e+02   9.2778269e+01
   4.8672400e+02   8.0900000e-01   4.8699100e+02   9.3687931e+01
   4.8754700e+02   8.2300000e-01   4.8781100e+02   9.4204006e+01
   4.8838400e+02   8.3700000e-01   4.8865100e+02   9.3070081e+01
   4.8919000e+02   8.0700000e-01   4.8946100e+02   9.2273002e+01
   4.8998500e+02   7.9500000e-01   4.9026100e+02   9.3710447e+01
   4.9081500e+02   8.3000000e-01   4.9108100e+02   9.5472128e+01
   4.9166500e+02   8.5000000e-01   4.9193100e+02   9.4529143e+01
   4.9254100e+02   8.7600000e-01   4.9281100e+02   9.3901386e+01
   4.9339100e+02   8.5000000e-01   4.9366100e+02   9.4462494e+01
   4.9426600e+02   8.7500000e-01   4.9453100e+02   9.5101959e+01
   4.9514900e+02   8.8400000e-01   4.9542100e+02   9.4113941e+01
   4.9604100e+02   8.9200000e-01   4.9631100e+02   9.2688204e+01
   4.9687800e+02   8.3700000e-01   4.9715100e+02   9.3070081e+01
   4.9772800e+02   8.5000000e-01   4.9800100e+02   9.4686757e+01
   4.9858900e+02   8.6100000e-01   4.9886100e+02   9.5539677e+01
   4.9944000e+02   8.5100000e-01   4.9971100e+02   9.5180316e+01
   5.0028200e+02   8.4200000e-01   5.0055100e+02   9.6460147e+01
   5.0117100e+02   8.8800000e-01   5.0144100e+02   9.7043771e+01
   5.0205900e+02   8.8900000e-01   5.0233100e+02   9.6135010e+01
   5.0291900e+02   8.6000000e-01   5.0319100e+02   9.5214541e+01
   5.0376400e+02   8.4400000e-01   5.0403100e+02   9.6774475e+01
   5.0462000e+02   8.5600000e-01   5.0489100e+02   9.6808700e+01
   5.0549900e+02   8.7900000e-01   5.0577100e+02   9.5831490e+01
   5.0634800e+02   8.4900000e-01   5.0662100e+02   9.4630917e+01
   5.0716600e+02   8.1800000e-01   5.0744100e+02   9.6258400e+01
   5.0802900e+02   8.6300000e-01   5.0830100e+02   9.6527696e+01
   5.0891400e+02   8.8500000e-01   5.0918100e+02   9.5763940e+01
   5.0977400e+02   8.6000000e-01   5.1005100e+02   9.4450786e+01
   5.1061000e+02   8.3600000e-01   5.1088100e+02   9.5539677e+01
   5.1147300e+02   8.6300000e-01   5.1174100e+02   9.4922729e+01
   5.1238100e+02   9.0900000e-01   5.1265100e+02   9.3361894e+01
   5.1326000e+02   8.7900000e-01   5.1353100e+02   9.1577696e+01
   5.1409000e+02   8.3000000e-01   5.1436100e+02   9.2778269e+01
   5.1495900e+02   8.6900000e-01   5.1523100e+02   9.3115114e+01
   5.1583900e+02   8.8000000e-01   5.1611100e+02   9.2239678e+01
   5.1668900e+02   8.5000000e-01   5.1696100e+02   9.1453406e+01
   5.1752400e+02   8.3600000e-01   5.1780100e+02   9.2913368e+01
   5.1836400e+02   8.4000000e-01   5.1863100e+02   9.3856353e+01
   5.1922000e+02   8.5600000e-01   5.1949100e+02   9.3451959e+01
   5.2008000e+02   8.6000000e-01   5.2035100e+02   9.1981190e+01
   5.2091400e+02   8.3400000e-01   5.2119100e+02   9.2722429e+01
   5.2173400e+02   8.2000000e-01   5.2200100e+02   9.3833837e+01
   5.2258400e+02   8.5000000e-01   5.2285100e+02   9.2868335e+01
   5.2341700e+02   8.3300000e-01   5.2369100e+02   9.2239678e+01
   5.2423600e+02   8.1800000e-01   5.2451100e+02   9.2969208e+01
   5.2503800e+02   8.0300000e-01   5.2530100e+02   9.4103133e+01
   5.2587500e+02   8.3700000e-01   5.2614100e+02   9.4361621e+01
   5.2673300e+02   8.5900000e-01   5.2700100e+02   9.3485283e+01
   5.2754900e+02   8.1600000e-01   5.2782100e+02   9.3361894e+01
   5.2837000e+02   8.2100000e-01   5.2864100e+02   9.3272729e+01
   5.2923100e+02   8.6100000e-01   5.2950100e+02   9.4304879e+01
   5.3012800e+02   8.9700000e-01   5.3040100e+02   9.3036757e+01
   5.3097200e+02   8.4400000e-01   5.3125100e+02   9.2789978e+01
   5.3178000e+02   8.0800000e-01   5.3205100e+02   9.4922729e+01
   5.3260400e+02   8.2400000e-01   5.3287100e+02   9.6550212e+01
   5.3341800e+02   8.1500000e-01   5.3369100e+02   9.7335583e+01
   5.3423400e+02   8.1600000e-01   5.3451100e+02   9.7279743e+01
   5.3502400e+02   7.9000000e-01   5.3530100e+02   9.9401686e+01
   5.3582300e+02   7.9900000e-01   5.3609100e+02   1.0318444e+02
   5.3665900e+02   8.3600000e-01   5.3693100e+02   1.0461017e+02
   5.3751400e+02   8.5500000e-01   5.3779100e+02   1.0425081e+02
   5.3836600e+02   8.5200000e-01   5.3864100e+02   1.0468853e+02
   5.3923600e+02   8.7000000e-01   5.3950100e+02   1.0454262e+02
   5.4016900e+02   9.3300000e-01   5.4044100e+02   1.0239907e+02
   5.4112800e+02   9.5900000e-01   5.4140100e+02   1.0007538e+02
   5.4199900e+02   8.7000000e-01   5.4227100e+02   9.7863367e+01
   5.4282800e+02   8.3000000e-01   5.4310100e+02   9.8312794e+01
   5.4367200e+02   8.4300000e-01   5.4394100e+02   9.7964241e+01
   5.4447600e+02   8.0400000e-01   5.4475100e+02   9.8918935e+01
   5.4524300e+02   7.6700000e-01   5.4551100e+02   1.0192712e+02
   5.4600100e+02   7.5900000e-01   5.4628100e+02   1.0270169e+02
   5.4676700e+02   7.6600000e-01   5.4704100e+02   1.0498034e+02
   5.4756000e+02   7.9300000e-01   5.4783100e+02   1.0636105e+02
   5.4836600e+02   8.0600000e-01   5.4863100e+02   1.0554145e+02
   5.4918900e+02   8.2300000e-01   5.4946100e+02   1.0367800e+02
   5.5000100e+02   8.1300000e-01   5.5027100e+02   1.0271339e+02
   5.5080400e+02   8.0300000e-01   5.5107100e+02   1.0285930e+02
   5.5162300e+02   8.1900000e-01   5.5189100e+02   1.0083823e+02
   5.5244600e+02   8.2200000e-01   5.5272100e+02   9.8840578e+01
   5.5324200e+02   7.9700000e-01   5.5351100e+02   9.9008100e+01
   5.5403200e+02   7.8900000e-01   5.5430100e+02   9.9199039e+01
   5.5483300e+02   8.0200000e-01   5.5510100e+02   9.9424202e+01
   5.5566000e+02   8.2700000e-01   5.5593100e+02   9.7706653e+01
   5.5647400e+02   8.1300000e-01   5.5675100e+02   9.6617761e+01
   5.5727400e+02   8.0100000e-01   5.5754100e+02   9.7986757e+01
   5.5809100e+02   8.1700000e-01   5.5835100e+02   9.7583264e+01
   5.5893400e+02   8.4300000e-01   5.5920100e+02   9.6965414e+01
   5.5980000e+02   8.6600000e-01   5.6007100e+02   9.5506353e+01
   5.6064900e+02   8.5000000e-01   5.6092100e+02   9.5068635e+01
   5.6152900e+02   8.8000000e-01   5.6179100e+02   9.5562194e+01
   5.6239600e+02   8.6600000e-01   5.6266100e+02   9.3542025e+01
   5.6326800e+02   8.7200000e-01   5.6354100e+02   9.2980917e+01
   5.6412600e+02   8.5800000e-01   5.6440100e+02   9.2352259e+01
   5.6496400e+02   8.3800000e-01   5.6523100e+02   9.2812494e+01
   5.6582300e+02   8.6000000e-01   5.6609100e+02   9.2890851e+01
   5.6666100e+02   8.3800000e-01   5.6693100e+02   9.1880316e+01
   5.6747500e+02   8.1300000e-01   5.6775100e+02   9.1588504e+01
   5.6826500e+02   7.9100000e-01   5.6853100e+02   9.3215988e+01
   5.6910600e+02   8.4000000e-01   5.6937100e+02   9.5259574e+01
   5.6993600e+02   8.3100000e-01   5.7021100e+02   9.5763940e+01
   5.7075200e+02   8.1600000e-01   5.7103100e+02   9.7998465e+01
   5.7157100e+02   8.1900000e-01   5.7184100e+02   1.0075987e+02
   5.7238800e+02   8.1700000e-01   5.7266100e+02   1.0240987e+02
   5.7320900e+02   8.2100000e-01   5.7348100e+02   1.0190461e+02
   5.7402500e+02   8.1600000e-01   5.7430100e+02   1.0110753e+02
   5.7484200e+02   8.1700000e-01   5.7511100e+02   1.0471105e+02
   5.7566800e+02   8.2600000e-01   5.7594100e+02   1.0452011e+02
   5.7654400e+02   8.7500000e-01   5.7681100e+02   1.0248823e+02
   5.7738500e+02   8.4100000e-01   5.7766100e+02   1.0082742e+02
   5.7820000e+02   8.1500000e-01   5.7847100e+02   1.0099585e+02
   5.7902500e+02   8.2500000e-01   5.7929100e+02   1.0042303e+02
   5.7986600e+02   8.4100000e-01   5.8014100e+02   9.8526249e+01
   5.8068900e+02   8.2200000e-01   5.8096100e+02   9.7123029e+01
   5.8149600e+02   8.0800000e-01   5.8177100e+02   9.7560747e+01
   5.8231000e+02   8.1400000e-01   5.8258100e+02   9.7953433e+01
   5.8313500e+02   8.2400000e-01   5.8340100e+02   9.6763668e+01
   5.8396300e+02   8.2800000e-01   5.8424100e+02   9.5876522e+01
   5.8476200e+02   7.9900000e-01   5.8503100e+02   9.6786184e+01
   5.8558400e+02   8.2200000e-01   5.8585100e+02   9.7268935e+01
   5.8642600e+02   8.4200000e-01   5.8669100e+02   9.6516888e+01
   5.8726700e+02   8.4100000e-01   5.8754100e+02   9.4956053e+01
   5.8809700e+02   8.3000000e-01   5.8837100e+02   9.6056653e+01
   5.8892200e+02   8.2500000e-01   5.8919100e+02   9.8132663e+01
   5.8978000e+02   8.5900000e-01   5.9005100e+02   9.8189404e+01
   5.9069900e+02   9.1900000e-01   5.9097100e+02   9.7975949e+01
   5.9160300e+02   9.0400000e-01   5.9188100e+02   9.7369808e+01
   5.9249100e+02   8.8900000e-01   5.9276100e+02   9.8054306e+01
   5.9340300e+02   9.1100000e-01   5.9367100e+02   9.7717461e+01
   5.9431900e+02   9.1700000e-01   5.9459100e+02   9.6392598e+01
   5.9521200e+02   8.9300000e-01   5.9549100e+02   9.5820682e+01
   5.9607800e+02   8.6600000e-01   5.9635100e+02   9.7234710e+01
   5.9698700e+02   9.0900000e-01   5.9726100e+02   9.7616588e+01
   5.9790900e+02   9.2200000e-01   5.9818100e+02   9.7145545e+01
   5.9882400e+02   9.1500000e-01   5.9910100e+02   9.6157527e+01
   5.9972400e+02   9.0000000e-01   5.9999100e+02   9.7133837e+01
   6.0067200e+02   9.4700000e-01   6.0094100e+02   9.6359273e+01
   6.0161600e+02   9.4400000e-01   6.0189100e+02   9.4439978e+01
   6.0253900e+02   9.2300000e-01   6.0282100e+02   9.2834110e+01
   6.0340400e+02   8.6500000e-01   6.0368100e+02   9.2879143e+01
   6.0429000e+02   8.8600000e-01   6.0456100e+02   9.3542025e+01
   6.0519900e+02   9.0900000e-01   6.0547100e+02   9.2554006e+01
   6.0607700e+02   8.7700000e-01   6.0635100e+02   9.2856626e+01
   6.0692400e+02   8.4700000e-01   6.0720100e+02   9.4922729e+01
   6.0779400e+02   8.7000000e-01   6.0806100e+02   9.8761320e+01
   6.0868200e+02   8.8700000e-01   6.0896100e+02   1.0200548e+02
   6.0956300e+02   8.8100000e-01   6.0984100e+02   1.0413823e+02
   6.1041000e+02   8.4700000e-01   6.1069100e+02   1.0739410e+02
   6.1128600e+02   8.7600000e-01   6.1156100e+02   1.0892071e+02
   6.1212900e+02   8.4200000e-01   6.1241100e+02   1.0778678e+02
   6.1293600e+02   8.0700000e-01   6.1321100e+02   1.0709058e+02
   6.1374300e+02   8.0800000e-01   6.1402100e+02   1.0601339e+02
   6.1454800e+02   8.0500000e-01   6.1483100e+02   1.0792188e+02
   6.1535100e+02   8.0300000e-01   6.1563100e+02   1.0907742e+02
   6.1620700e+02   8.5500000e-01   6.1648100e+02   1.0914497e+02
   6.1707800e+02   8.7100000e-01   6.1736100e+02   1.0618182e+02
   6.1791600e+02   8.3800000e-01   6.1820100e+02   1.0518299e+02
   6.1873500e+02   8.1800000e-01   6.1901100e+02   1.0523883e+02
   6.1960100e+02   8.6700000e-01   6.1988100e+02   1.0313940e+02
   6.2046400e+02   8.6200000e-01   6.2074100e+02   1.0105169e+02
   6.2128900e+02   8.2600000e-01   6.2157100e+02   1.0033296e+02
   6.2210800e+02   8.1900000e-01   6.2239100e+02   1.0033296e+02
   6.2291200e+02   8.0300000e-01   6.2319100e+02   1.0075987e+02
   6.2369100e+02   7.7900000e-01   6.2397100e+02   9.9311620e+01
   6.2444100e+02   7.5000000e-01   6.2471100e+02   9.9221555e+01
   6.2518300e+02   7.4300000e-01   6.2546100e+02   9.9233263e+01
   6.2594000e+02   7.5700000e-01   6.2622100e+02   9.9435010e+01
   6.2669800e+02   7.5800000e-01   6.2697100e+02   1.0057974e+02
   6.2746200e+02   7.6400000e-01   6.2773100e+02   1.0143356e+02
   6.2825000e+02   7.8800000e-01   6.2852100e+02   1.0193883e+02
   6.2905100e+02   8.0100000e-01   6.2932100e+02   9.9973602e+01
   6.2987700e+02   8.2600000e-01   6.3015100e+02   9.8278569e+01
   6.3071200e+02   8.3600000e-01   6.3099100e+02   9.9143198e+01
   6.3158500e+02   8.7300000e-01   6.3186100e+02   9.7639104e+01
   6.3248400e+02   8.9900000e-01   6.3276100e+02   9.5506353e+01
   6.3336200e+02   8.7800000e-01   6.3364100e+02   9.3115114e+01
   6.3421700e+02   8.5500000e-01   6.3449100e+02   9.3418635e+01
   6.3505300e+02   8.3700000e-01   6.3533100e+02   9.3361894e+01
   6.3589900e+02   8.4600000e-01   6.3618100e+02   9.1520955e+01
   6.3672800e+02   8.2800000e-01   6.3701100e+02   9.0926523e+01
   6.3755500e+02   8.2700000e-01   6.3783100e+02   9.2138804e+01
   6.3837500e+02   8.2000000e-01   6.3865100e+02   9.2183837e+01
   6.3921000e+02   8.3400000e-01   6.3949100e+02   9.1611020e+01
   6.4003600e+02   8.2700000e-01   6.4032100e+02   9.1240851e+01
   6.4086900e+02   8.3300000e-01   6.4114100e+02   9.2453133e+01
   6.4171900e+02   8.5000000e-01   6.4199100e+02   9.2161321e+01
   6.4259200e+02   8.7300000e-01   6.4287100e+02   9.1420082e+01
   6.4341700e+02   8.2400000e-01   6.4370100e+02   9.0567161e+01
   6.4422600e+02   8.0900000e-01   6.4450100e+02   9.2227969e+01
   6.4506500e+02   8.3900000e-01   6.4534100e+02   9.2396392e+01
   6.4590300e+02   8.3800000e-01   6.4618100e+02   9.2206353e+01
   6.4672800e+02   8.2500000e-01   6.4701100e+02   9.1218335e+01
   6.4754600e+02   8.1800000e-01   6.4783100e+02   9.1812767e+01
   6.4837200e+02   8.2600000e-01   6.4865100e+02   9.3620382e+01
   6.4919300e+02   8.2100000e-01   6.4947100e+02   9.3316861e+01
   6.5004100e+02   8.4800000e-01   6.5032100e+02   9.2924175e+01
   6.5086100e+02   8.1900000e-01   6.5114100e+02   9.3036757e+01
   6.5168900e+02   8.2900000e-01   6.5196100e+02   9.4068908e+01
   6.5252500e+02   8.3600000e-01   6.5280100e+02   9.3822128e+01
   6.5337800e+02   8.5300000e-01   6.5365100e+02   9.2644072e+01
   6.5421800e+02   8.4000000e-01   6.5450100e+02   9.2217161e+01
   6.5507200e+02   8.5400000e-01   6.5534100e+02   9.3665414e+01
   6.5592900e+02   8.5700000e-01   6.5620100e+02   9.2554006e+01
   6.5680300e+02   8.7400000e-01   6.5708100e+02   9.1375049e+01
   6.5764400e+02   8.4100000e-01   6.5792100e+02   8.9680016e+01
   6.5847100e+02   8.2700000e-01   6.5875100e+02   9.1420082e+01
   6.5930500e+02   8.3400000e-01   6.5958100e+02   9.1475922e+01
   6.6014700e+02   8.4200000e-01   6.6042100e+02   9.1161594e+01
   6.6098800e+02   8.4100000e-01   6.6126100e+02   9.0466288e+01
   6.6183000e+02   8.4200000e-01   6.6211100e+02   9.1218335e+01
   6.6266400e+02   8.3300000e-01   6.6293100e+02   9.2138804e+01
   6.6349200e+02   8.2800000e-01   6.6376100e+02   9.1902833e+01
   6.6431700e+02   8.2500000e-01   6.6459100e+02   9.1015688e+01
   6.6512200e+02   8.0500000e-01   6.6540100e+02   9.1767734e+01
   6.6593300e+02   8.1100000e-01   6.6620100e+02   9.2812494e+01
   6.6678100e+02   8.4800000e-01   6.6705100e+02   9.2823302e+01
   6.6763500e+02   8.5400000e-01   6.6791100e+02   9.2408100e+01
   6.6845800e+02   8.2300000e-01   6.6874100e+02   9.1790251e+01
   6.6926700e+02   8.0900000e-01   6.6954100e+02   9.3912194e+01
   6.7009300e+02   8.2700000e-01   6.7036100e+02   9.4810147e+01
   6.7091200e+02   8.1900000e-01   6.7118100e+02   9.4754306e+01
   6.7173400e+02   8.2200000e-01   6.7201100e+02   9.4585884e+01
   6.7254800e+02   8.1500000e-01   6.7282100e+02   9.6190851e+01
   6.7337400e+02   8.2500000e-01   6.7364100e+02   9.6808700e+01
   6.7421000e+02   8.3700000e-01   6.7448100e+02   9.6325949e+01
   6.7505700e+02   8.4600000e-01   6.7533100e+02   9.5202832e+01
   6.7587200e+02   8.1600000e-01   6.7615100e+02   9.4653433e+01
   6.7668400e+02   8.1200000e-01   6.7695100e+02   9.5921555e+01
   6.7750800e+02   8.2400000e-01   6.7778100e+02   9.5483837e+01
   6.7836900e+02   8.6100000e-01   6.7864100e+02   9.4495818e+01
   6.7919100e+02   8.2200000e-01   6.7947100e+02   9.3575349e+01
   6.7999200e+02   8.0100000e-01   6.8026100e+02   9.5573902e+01
   6.8079100e+02   7.9800000e-01   6.8106100e+02   9.8503733e+01
   6.8159700e+02   8.0700000e-01   6.8187100e+02   1.0201719e+02
   6.8242500e+02   8.2700000e-01   6.8270100e+02   1.0456514e+02
   6.8325500e+02   8.3000000e-01   6.8353100e+02   1.0701222e+02
   6.8409200e+02   8.3700000e-01   6.8436100e+02   1.0999789e+02
   6.8497000e+02   8.7700000e-01   6.8524100e+02   1.1022306e+02
   6.8590900e+02   9.4000000e-01   6.8618100e+02   1.0819118e+02
   6.8682100e+02   9.1100000e-01   6.8710100e+02   1.0611427e+02
   6.8771000e+02   8.8900000e-01   6.8798100e+02   1.0523883e+02
   6.8863000e+02   9.2000000e-01   6.8890100e+02   1.0328531e+02
   6.8949300e+02   8.6200000e-01   6.8977100e+02   1.0146689e+02
   6.9032100e+02   8.2800000e-01   6.9060100e+02   1.0071484e+02
   6.9114000e+02   8.1900000e-01   6.9141100e+02   1.0274672e+02
   6.9197600e+02   8.3600000e-01   6.9225100e+02   1.0191631e+02
   6.9285300e+02   8.7700000e-01   6.9312100e+02   1.0113004e+02
   6.9369700e+02   8.4400000e-01   6.9397100e+02   1.0014202e+02
   6.9453700e+02   8.4000000e-01   6.9481100e+02   1.0150021e+02
   6.9543500e+02   8.9900000e-01   6.9570100e+02   1.0051309e+02
   6.9633000e+02   8.9400000e-01   6.9660100e+02   9.8245245e+01
   6.9720500e+02   8.7500000e-01   6.9748100e+02   9.6819508e+01
   6.9804700e+02   8.4200000e-01   6.9832100e+02   9.6965414e+01
   6.9891400e+02   8.6700000e-01   6.9918100e+02   9.7167161e+01
   6.9976600e+02   8.5300000e-01   7.0004100e+02   9.6145818e+01
   7.0062600e+02   8.6000000e-01   7.0090100e+02   9.5360447e+01
   7.0145300e+02   8.2700000e-01   7.0173100e+02   9.5954879e+01
   7.0228300e+02   8.2900000e-01   7.0255100e+02   9.7043771e+01
   7.0314200e+02   8.6000000e-01   7.0341100e+02   9.6078269e+01
   7.0401300e+02   8.7000000e-01   7.0428100e+02   9.4339104e+01
   7.0490100e+02   8.8900000e-01   7.0518100e+02   9.3587057e+01
   7.0575100e+02   8.5000000e-01   7.0602100e+02   9.3754579e+01
   7.0660200e+02   8.5100000e-01   7.0687100e+02   9.4405753e+01
   7.0744600e+02   8.4400000e-01   7.0772100e+02   9.3587057e+01
   7.0826600e+02   8.2000000e-01   7.0854100e+02   9.3485283e+01
   7.0909200e+02   8.2700000e-01   7.0936100e+02   9.5966588e+01
   7.0993300e+02   8.4100000e-01   7.1020100e+02   9.8200212e+01
   7.1080900e+02   8.7600000e-01   7.1108100e+02   9.9761047e+01
   7.1168100e+02   8.7100000e-01   7.1196100e+02   1.0088326e+02
   7.1253000e+02   8.5000000e-01   7.1281100e+02   1.0346544e+02
   7.1343900e+02   9.0900000e-01   7.1371100e+02   1.0452011e+02
   7.1435200e+02   9.1300000e-01   7.1463100e+02   1.0256659e+02
   7.1522200e+02   8.7000000e-01   7.1550100e+02   1.0096162e+02
   7.1604800e+02   8.2600000e-01   7.1632100e+02   1.0155695e+02
   7.1690800e+02   8.6000000e-01   7.1718100e+02   1.0157947e+02
   7.1775300e+02   8.4600000e-01   7.1803100e+02   1.0057974e+02
   7.1861700e+02   8.6400000e-01   7.1889100e+02   1.0055723e+02
   7.1945900e+02   8.4100000e-01   7.1973100e+02   1.0155695e+02
   7.2032100e+02   8.6200000e-01   7.2059100e+02   1.0178122e+02
   7.2121000e+02   8.8900000e-01   7.2148100e+02   9.9659273e+01
   7.2204400e+02   8.3400000e-01   7.2232100e+02   9.8649639e+01
   7.2291000e+02   8.6500000e-01   7.2318100e+02   9.9580916e+01
   7.2379500e+02   8.8500000e-01   7.2407100e+02   9.8783837e+01
   7.2466500e+02   8.7000000e-01   7.2494100e+02   9.7785010e+01
   7.2548700e+02   8.2200000e-01   7.2576100e+02   9.9379170e+01
   7.2632300e+02   8.3700000e-01   7.2659100e+02   9.9973602e+01
   7.2716400e+02   8.4100000e-01   7.2744100e+02   9.9535883e+01
   7.2800500e+02   8.4100000e-01   7.2828100e+02   9.8357827e+01
   7.2882600e+02   8.2000000e-01   7.2910100e+02   9.8873902e+01
   7.2965200e+02   8.2700000e-01   7.2992100e+02   9.8716287e+01
   7.3049600e+02   8.4400000e-01   7.3077100e+02   9.7291451e+01
   7.3136600e+02   8.6900000e-01   7.3164100e+02   9.6135010e+01
   7.3219300e+02   8.2700000e-01   7.3246100e+02   9.6011621e+01
   7.3304600e+02   8.5300000e-01   7.3331100e+02   9.5865715e+01
   7.3389900e+02   8.5300000e-01   7.3417100e+02   9.4495818e+01
   7.3472700e+02   8.2800000e-01   7.3500100e+02   9.3552833e+01
   7.3553900e+02   8.1200000e-01   7.3581100e+02   9.5124475e+01
   7.3637400e+02   8.3500000e-01   7.3664100e+02   9.5899039e+01
   7.3721700e+02   8.4300000e-01   7.3749100e+02   9.5326222e+01
   7.3807800e+02   8.6100000e-01   7.3835100e+02   9.4215715e+01
   7.3890900e+02   8.3100000e-01   7.3918100e+02   9.4450786e+01
   7.3974300e+02   8.3400000e-01   7.4001100e+02   9.4754306e+01
   7.4058700e+02   8.4500000e-01   7.4086100e+02   9.3867161e+01
   7.4145600e+02   8.6800000e-01   7.4173100e+02   9.3047565e+01
   7.4232300e+02   8.6800000e-01   7.4260100e+02   9.3294345e+01
   7.4319400e+02   8.7100000e-01   7.4346100e+02   9.3822128e+01
   7.4410300e+02   9.0900000e-01   7.4438100e+02   9.3406926e+01
   7.4498700e+02   8.8400000e-01   7.4526100e+02   9.2093772e+01
   7.4585900e+02   8.7100000e-01   7.4613100e+02   9.3092598e+01
   7.4676600e+02   9.0700000e-01   7.4704100e+02   9.2879143e+01
   7.4764500e+02   8.8000000e-01   7.4792100e+02   9.2385584e+01
   7.4850500e+02   8.6000000e-01   7.4878100e+02   9.2161321e+01
   7.4934800e+02   8.4300000e-01   7.4962100e+02   9.4204006e+01
   7.5023100e+02   8.8200000e-01   7.5050100e+02   9.4485010e+01
   7.5107200e+02   8.4100000e-01   7.5135100e+02   9.4585884e+01
   7.5191000e+02   8.3800000e-01   7.5219100e+02   9.4877696e+01
   7.5273300e+02   8.2300000e-01   7.5300100e+02   9.6763668e+01
   7.5358700e+02   8.5400000e-01   7.5386100e+02   9.7639104e+01
   7.5446300e+02   8.7600000e-01   7.5474100e+02   9.6280916e+01
   7.5531000e+02   8.4700000e-01   7.5559100e+02   9.5719808e+01
   7.5615000e+02   8.4000000e-01   7.5642100e+02   9.7077996e+01
   7.5698400e+02   8.3400000e-01   7.5725100e+02   9.6460147e+01
   7.5783100e+02   8.4700000e-01   7.5810100e+02   9.5562194e+01
   7.5866800e+02   8.3700000e-01   7.5894100e+02   9.4855180e+01
   7.5949400e+02   8.2600000e-01   7.5977100e+02   9.5763940e+01
   7.6034100e+02   8.4700000e-01   7.6061100e+02   9.5932363e+01
   7.6118300e+02   8.4200000e-01   7.6145100e+02   9.5157800e+01
   7.6202100e+02   8.3800000e-01   7.6230100e+02   9.4259847e+01
   7.6283800e+02   8.1700000e-01   7.6311100e+02   9.5282090e+01
   7.6367300e+02   8.3500000e-01   7.6394100e+02   9.6044945e+01
   7.6450600e+02   8.3300000e-01   7.6478100e+02   9.4361621e+01
   7.6533400e+02   8.2800000e-01   7.6561100e+02   9.3676222e+01
   7.6613300e+02   7.9800000e-01   7.6641100e+02   9.4091424e+01
   7.6692900e+02   7.9700000e-01   7.6720100e+02   9.5472128e+01
   7.6773400e+02   8.0400000e-01   7.6800100e+02   9.5798165e+01
   7.6856300e+02   8.2900000e-01   7.6883100e+02   9.6706926e+01
   7.6940900e+02   8.4700000e-01   7.6968100e+02   9.8166888e+01
   7.7024600e+02   8.3700000e-01   7.7052100e+02   1.0074817e+02
   7.7110300e+02   8.5700000e-01   7.7138100e+02   1.0180373e+02
   7.7191400e+02   8.1100000e-01   7.7219100e+02   1.0345373e+02
   7.7270600e+02   7.9100000e-01   7.7298100e+02   1.0437420e+02
   7.7352600e+02   8.2000000e-01   7.7380100e+02   1.0507041e+02
   7.7435100e+02   8.2500000e-01   7.7463100e+02   1.0609175e+02
   7.7516000e+02   8.0900000e-01   7.7543100e+02   1.0832538e+02
   7.7601000e+02   8.5000000e-01   7.7628100e+02   1.0914497e+02
   7.7688700e+02   8.7700000e-01   7.7716100e+02   1.0935843e+02
   7.7771700e+02   8.3000000e-01   7.7800100e+02   1.0903329e+02
   7.7856900e+02   8.5200000e-01   7.7884100e+02   1.1068329e+02
   7.7942100e+02   8.5200000e-01   7.7970100e+02   1.0932510e+02
   7.8028000e+02   8.5900000e-01   7.8056100e+02   1.0778678e+02
   7.8110900e+02   8.2900000e-01   7.8139100e+02   1.0729322e+02
   7.8195600e+02   8.4600000e-01   7.8223100e+02   1.0746165e+02
   7.8284200e+02   8.8600000e-01   7.8311100e+02   1.0510373e+02
   7.8370300e+02   8.6200000e-01   7.8398100e+02   1.0315111e+02
   7.8453400e+02   8.3000000e-01   7.8481100e+02   1.0357712e+02
   7.8539800e+02   8.6400000e-01   7.8567100e+02   1.0327450e+02
   7.8628200e+02   8.8500000e-01   7.8656100e+02   1.0245491e+02
   7.8714900e+02   8.6700000e-01   7.8743100e+02   1.0231981e+02
   7.8798100e+02   8.3200000e-01   7.8826100e+02   1.0251075e+02
   7.8883500e+02   8.5400000e-01   7.8911100e+02   1.0243239e+02
   7.8972200e+02   8.8700000e-01   7.8999100e+02   1.0178122e+02
   7.9058800e+02   8.6600000e-01   7.9087100e+02   1.0046806e+02
   7.9142300e+02   8.3600000e-01   7.9170100e+02   1.0122011e+02
   7.9226000e+02   8.3600000e-01   7.9253100e+02   1.0151192e+02
   7.9310800e+02   8.4900000e-01   7.9338100e+02   1.0038970e+02
   7.9395400e+02   8.4600000e-01   7.9423100e+02   9.9435010e+01
   7.9479700e+02   8.4300000e-01   7.9507100e+02   1.0006367e+02
   7.9562800e+02   8.3100000e-01   7.9590100e+02   1.0004115e+02
   7.9650200e+02   8.7400000e-01   7.9677100e+02   9.9625949e+01
   7.9736300e+02   8.6100000e-01   7.9764100e+02   9.7762494e+01
   7.9819400e+02   8.3100000e-01   7.9847100e+02   9.7639104e+01
   7.9900000e+02   8.0600000e-01   7.9928100e+02   9.7795818e+01
   7.9978100e+02   7.8200000e-01   8.0005100e+02   9.7998465e+01
   8.0058700e+02   8.0500000e-01   8.0086100e+02   9.9839404e+01
   8.0141600e+02   8.2900000e-01   8.0169100e+02   1.0394819e+02
   8.0225500e+02   8.3900000e-01   8.0253100e+02   1.0893152e+02
   8.0311100e+02   8.5600000e-01   8.0339100e+02   1.1209732e+02
   8.0399000e+02   8.7900000e-01   8.0427100e+02   1.1265843e+02
   8.0486100e+02   8.7000000e-01   8.0515100e+02   1.1220990e+02
   8.0571700e+02   8.5600000e-01   8.0600100e+02   1.1378154e+02
   8.0657400e+02   8.5700000e-01   8.0685100e+02   1.1288359e+02
   8.0745600e+02   8.8200000e-01   8.0774100e+02   1.1143534e+02
   8.0830000e+02   8.4500000e-01   8.0858100e+02   1.0997628e+02
   8.0914700e+02   8.4600000e-01   8.0943100e+02   1.1112101e+02
   8.0999100e+02   8.4400000e-01   8.1027100e+02   1.1080668e+02
   8.1083200e+02   8.4100000e-01   8.1111100e+02   1.0942598e+02
   8.1165200e+02   8.2000000e-01   8.1194100e+02   1.0912245e+02
   8.1246300e+02   8.1100000e-01   8.1274100e+02   1.1068329e+02
   8.1328600e+02   8.2300000e-01   8.1356100e+02   1.0998708e+02
   8.1412300e+02   8.3700000e-01   8.1440100e+02   1.0830286e+02
   8.1494300e+02   8.2000000e-01   8.1522100e+02   1.0647363e+02
   8.1575700e+02   8.1300000e-01   8.1603100e+02   1.0743913e+02
   8.1658800e+02   8.3100000e-01   8.1686100e+02   1.0751749e+02
   8.1741900e+02   8.3100000e-01   8.1769100e+02   1.0505870e+02
   8.1824500e+02   8.2600000e-01   8.1853100e+02   1.0348796e+02
   8.1906600e+02   8.2100000e-01   8.1934100e+02   1.0374554e+02
   8.1988300e+02   8.1700000e-01   8.2016100e+02   1.0399232e+02
   8.2072000e+02   8.3700000e-01   8.2099100e+02   1.0311689e+02
   8.2156500e+02   8.4500000e-01   8.2184100e+02   1.0290343e+02
   8.2238600e+02   8.2100000e-01   8.2267100e+02   1.0142185e+02
   8.2319600e+02   8.1000000e-01   8.2347100e+02   1.0192712e+02
   8.2402500e+02   8.2900000e-01   8.2430100e+02   1.0156776e+02
   8.2487200e+02   8.4700000e-01   8.2515100e+02   1.0019877e+02
   8.2571300e+02   8.4100000e-01   8.2599100e+02   9.9199039e+01
   8.2651200e+02   7.9900000e-01   8.2679100e+02   9.9457527e+01
   8.2730000e+02   7.8800000e-01   8.2757100e+02   1.0042303e+02
   8.2810100e+02   8.0000000e-01   8.2837100e+02   1.0143356e+02
   8.2891000e+02   8.1000000e-01   8.2918100e+02   1.0116427e+02
   8.2976400e+02   8.5400000e-01   8.3004100e+02   1.0196045e+02
   8.3059200e+02   8.2800000e-01   8.3087100e+02   1.0292595e+02
   8.3143300e+02   8.4100000e-01   8.3171100e+02   1.0371222e+02
   8.3233300e+02   9.0000000e-01   8.3260100e+02   1.0324028e+02
   8.3325800e+02   9.2500000e-01   8.3353100e+02   1.0278004e+02
   8.3413300e+02   8.7500000e-01   8.3442100e+02   1.0272420e+02
   8.3496200e+02   8.2900000e-01   8.3524100e+02   1.0422830e+02
   8.3582400e+02   8.6200000e-01   8.3610100e+02   1.0524964e+02
   8.3661900e+02   7.9500000e-01   8.3690100e+02   1.0531719e+02
   8.3738300e+02   7.6400000e-01   8.3766100e+02   1.0547480e+02
   8.3817100e+02   7.8800000e-01   8.3845100e+02   1.0547480e+02
   8.3898700e+02   8.1600000e-01   8.3927100e+02   1.0512625e+02
   8.3979700e+02   8.1000000e-01   8.4007100e+02   1.0467772e+02
   8.4063300e+02   8.3700000e-01   8.4091100e+02   1.0466601e+02
   8.4150300e+02   8.7000000e-01   8.4178100e+02   1.0285930e+02
   8.4237800e+02   8.7500000e-01   8.4266100e+02   1.0018706e+02
   8.4320200e+02   8.2400000e-01   8.4348100e+02   9.9210747e+01
   8.4400800e+02   8.0600000e-01   8.4428100e+02   1.0032216e+02
   8.4480700e+02   7.9800000e-01   8.4508100e+02   1.0004115e+02
   8.4561400e+02   8.0700000e-01   8.4589100e+02   9.9087357e+01
   8.4641400e+02   8.0000000e-01   8.4669100e+02   9.8694672e+01
   8.4719100e+02   7.7700000e-01   8.4747100e+02   1.0090578e+02
   8.4798700e+02   7.9600000e-01   8.4826100e+02   1.0251075e+02
   8.4879700e+02   8.1000000e-01   8.4907100e+02   1.0320695e+02
   8.4961700e+02   8.2000000e-01   8.4990100e+02   1.0457595e+02
   8.5042200e+02   8.0400000e-01   8.5070100e+02   1.0769672e+02
   8.5122900e+02   8.0700000e-01   8.5150100e+02   1.0907742e+02
   8.5206100e+02   8.3200000e-01   8.5234100e+02   1.0957188e+02
   8.5292100e+02   8.6000000e-01   8.5320100e+02   1.0811282e+02
   8.5374700e+02   8.2600000e-01   8.5403100e+02   1.0727071e+02
   8.5458200e+02   8.3500000e-01   8.5486100e+02   1.0842715e+02
   8.5546500e+02   8.8300000e-01   8.5574100e+02   1.0656369e+02
   8.5636100e+02   8.9600000e-01   8.5664100e+02   1.0465521e+02
   8.5721900e+02   8.5700000e-01   8.5750100e+02   1.0408239e+02
   8.5805900e+02   8.4100000e-01   8.5834100e+02   1.0473356e+02
   8.5890000e+02   8.4100000e-01   8.5918100e+02   1.0538474e+02
   8.5975100e+02   8.5100000e-01   8.6003100e+02   1.0516047e+02
   8.6058300e+02   8.3200000e-01   8.6087100e+02   1.0532890e+02
   8.6140900e+02   8.2600000e-01   8.6169100e+02   1.0691135e+02
   8.6225300e+02   8.4400000e-01   8.6253100e+02   1.0702393e+02
   8.6309500e+02   8.4200000e-01   8.6337100e+02   1.0570987e+02
   8.6395400e+02   8.5900000e-01   8.6423100e+02   1.0441923e+02
   8.6477100e+02   8.1700000e-01   8.6505100e+02   1.0545229e+02
   8.6562000e+02   8.4900000e-01   8.6589100e+02   1.0516047e+02
   8.6646800e+02   8.4800000e-01   8.6674100e+02   1.0411571e+02
   8.6732000e+02   8.5100000e-01   8.6760100e+02   1.0256659e+02
   8.6814900e+02   8.2900000e-01   8.6843100e+02   1.0300521e+02
   8.6898500e+02   8.3600000e-01   8.6926100e+02   1.0344292e+02
   8.6983500e+02   8.5100000e-01   8.7011100e+02   1.0288092e+02
   8.7070200e+02   8.6700000e-01   8.7098100e+02   1.0123092e+02
   8.7152300e+02   8.2000000e-01   8.7180100e+02   1.0118588e+02
   8.7235300e+02   8.3100000e-01   8.7263100e+02   1.0185957e+02
   8.7318100e+02   8.2800000e-01   8.7345100e+02   1.0115256e+02
   8.7401100e+02   8.3000000e-01   8.7429100e+02   9.9681790e+01
   8.7481600e+02   8.0500000e-01   8.7509100e+02   9.9659273e+01
   8.7561400e+02   7.9800000e-01   8.7589100e+02   1.0096162e+02
   8.7642400e+02   8.1000000e-01   8.7670100e+02   1.0040051e+02
   8.7725500e+02   8.3100000e-01   8.7753100e+02   9.9580916e+01
   8.7807200e+02   8.1700000e-01   8.7835100e+02   9.8301086e+01
   8.7885900e+02   7.8700000e-01   8.7914100e+02   9.8481217e+01
   8.7966400e+02   8.0400000e-01   8.7993100e+02   9.8660447e+01
   8.8046400e+02   8.0000000e-01   8.8074100e+02   9.7672428e+01
   8.8129100e+02   8.2700000e-01   8.8157100e+02   9.6538504e+01
   8.8211200e+02   8.2100000e-01   8.8239100e+02   9.6392598e+01
   8.8291800e+02   8.0700000e-01   8.8319100e+02   9.7156353e+01
   8.8375000e+02   8.3200000e-01   8.8402100e+02   9.6808700e+01
   8.8457600e+02   8.2500000e-01   8.8485100e+02   9.5337931e+01
   8.8537600e+02   8.0000000e-01   8.8565100e+02   9.5068635e+01
   8.8615200e+02   7.7600000e-01   8.8643100e+02   9.5843198e+01
   8.8693000e+02   7.7900000e-01   8.8720100e+02   9.6965414e+01
   8.8772700e+02   7.9700000e-01   8.8800100e+02   9.6741151e+01
   8.8852900e+02   8.0200000e-01   8.8880100e+02   9.5808973e+01
   8.8931800e+02   7.8900000e-01   8.8959100e+02   9.5944071e+01
   8.9009900e+02   7.8000000e-01   8.9037100e+02   9.6942898e+01
   8.9088600e+02   7.8700000e-01   8.9116100e+02   9.7010447e+01
   8.9168300e+02   7.9700000e-01   8.9195100e+02   9.6437630e+01
   8.9247600e+02   7.9300000e-01   8.9275100e+02   9.5843198e+01
   8.9326500e+02   7.8900000e-01   8.9354100e+02   9.6617761e+01
   8.9407300e+02   8.0800000e-01   8.9434100e+02   9.7493198e+01
   8.9489600e+02   8.2300000e-01   8.9517100e+02   9.6808700e+01
   8.9573900e+02   8.4200000e-01   8.9601100e+02   9.5517161e+01
   8.9654800e+02   8.1000000e-01   8.9682100e+02   9.5573902e+01
   8.9735600e+02   8.0800000e-01   8.9763100e+02   9.6225076e+01
   8.9818300e+02   8.2600000e-01   8.9845100e+02   9.5989104e+01
   8.9900100e+02   8.1900000e-01   8.9928100e+02   9.4361621e+01
   8.9980400e+02   8.0300000e-01   9.0008100e+02   9.5225349e+01
