   2.0720000e+00   9.0300000e-01   2.3810000e+00   1.1831674e+02
   2.9260000e+00   8.5300000e-01   3.2410000e+00   1.1721680e+02
   3.7190000e+00   7.9300000e-01   4.0310000e+00   1.1658862e+02
   4.5060000e+00   7.8700000e-01   4.8110000e+00   1.1628570e+02
   5.3400000e+00   8.3400000e-01   5.6410000e+00   1.1691388e+02
   6.2670000e+00   9.2700000e-01   6.5710000e+00   1.1699251e+02
   7.2130000e+00   9.4700000e-01   7.5210000e+00   1.1711583e+02
   8.1520000e+00   9.3800000e-01   8.4610000e+00   1.1624101e+02
   9.0750000e+00   9.2400000e-01   9.3910000e+00   1.1483815e+02
   9.9240000e+00   8.4900000e-01   1.0241000e+01   1.1326728e+02
   1.0725000e+01   8.0100000e-01   1.1041000e+01   1.1337984e+02
   1.1510000e+01   7.8500000e-01   1.1821000e+01   1.1357020e+02
   1.2337000e+01   8.2600000e-01   1.2641000e+01   1.1457993e+02
   1.3247000e+01   9.1000000e-01   1.3561000e+01   1.1380608e+02
   1.4152000e+01   9.0500000e-01   1.4471000e+01   1.1413134e+02
   1.4992000e+01   8.4100000e-01   1.5311000e+01   1.1479346e+02
   1.5886000e+01   8.9400000e-01   1.6201000e+01   1.1359255e+02
   1.6815000e+01   9.2900000e-01   1.7131000e+01   1.1260517e+02
   1.7690000e+01   8.7500000e-01   1.8011000e+01   1.1051867e+02
   1.8505000e+01   8.1500000e-01   1.8831000e+01   1.1072062e+02
   1.9308000e+01   8.0300000e-01   1.9621000e+01   1.1158385e+02
   2.0130000e+01   8.2200000e-01   2.0441000e+01   1.1199933e+02
   2.0977000e+01   8.4800000e-01   2.1291000e+01   1.1323335e+02
   2.1858000e+01   8.8100000e-01   2.2181000e+01   1.1389546e+02
   2.2700000e+01   8.4100000e-01   2.3021000e+01   1.1630805e+02
   2.3538000e+01   8.3800000e-01   2.3861000e+01   1.1725073e+02
   2.4372000e+01   8.3400000e-01   2.4681000e+01   1.1785657e+02
   2.5285000e+01   9.1300000e-01   2.5591000e+01   1.1782264e+02
   2.6214000e+01   9.3000000e-01   2.6531000e+01   1.1670035e+02
   2.7133000e+01   9.1800000e-01   2.7451000e+01   1.1573614e+02
   2.7980000e+01   8.4800000e-01   2.8291000e+01   1.1386236e+02
   2.8773000e+01   7.9300000e-01   2.9091000e+01   1.1419838e+02
   2.9551000e+01   7.7800000e-01   2.9871000e+01   1.1468090e+02
   3.0382000e+01   8.3100000e-01   3.0691000e+01   1.1591492e+02
   3.1248000e+01   8.6600000e-01   3.1551000e+01   1.1647606e+02
   3.2136000e+01   8.8700000e-01   3.2451000e+01   1.1744109e+02
   3.2994000e+01   8.5900000e-01   3.3311000e+01   1.1746344e+02
   3.3839000e+01   8.4500000e-01   3.4151000e+01   1.1722839e+02
   3.4678000e+01   8.3900000e-01   3.4991000e+01   1.1734012e+02
   3.5558000e+01   8.8000000e-01   3.5861000e+01   1.1671194e+02
   3.6478000e+01   9.2000000e-01   3.6781000e+01   1.1542164e+02
   3.7395000e+01   9.1800000e-01   3.7711000e+01   1.1469248e+02
   3.8310000e+01   9.1400000e-01   3.8621000e+01   1.1369352e+02
   3.9171000e+01   8.6100000e-01   3.9481000e+01   1.1198857e+02
   3.9999000e+01   8.2800000e-01   4.0321000e+01   1.1149447e+02
   4.0811000e+01   8.1300000e-01   4.1131000e+01   1.1105664e+02
   4.1669000e+01   8.5800000e-01   4.1981000e+01   1.1121390e+02
   4.2541000e+01   8.7200000e-01   4.2851000e+01   1.1048474e+02
   4.3426000e+01   8.8500000e-01   4.3731000e+01   1.0964303e+02
   4.4267000e+01   8.4100000e-01   4.4581000e+01   1.0850998e+02
   4.5064000e+01   7.9700000e-01   4.5381000e+01   1.0836432e+02
   4.5856000e+01   7.9200000e-01   4.6171000e+01   1.0901484e+02
   4.6691000e+01   8.3500000e-01   4.7001000e+01   1.0937404e+02
   4.7551000e+01   8.6000000e-01   4.7861000e+01   1.0867799e+02
   4.8419000e+01   8.6700000e-01   4.8731000e+01   1.1037218e+02
   4.9265000e+01   8.4600000e-01   4.9581000e+01   1.1131487e+02
   5.0082000e+01   8.1600000e-01   5.0401000e+01   1.1202168e+02
   5.0889000e+01   8.0800000e-01   5.1201000e+01   1.1428859e+02
   5.1749000e+01   8.5900000e-01   5.2061000e+01   1.1479346e+02
   5.2566000e+01   8.1800000e-01   5.2881000e+01   1.1464779e+02
   5.3369000e+01   8.0300000e-01   5.3681000e+01   1.1517500e+02
   5.4170000e+01   8.0100000e-01   5.4481000e+01   1.1470324e+02
   5.4977000e+01   8.0700000e-01   5.5291000e+01   1.1407506e+02
   5.5837000e+01   8.5900000e-01   5.6151000e+01   1.1437798e+02
   5.6743000e+01   9.0600000e-01   5.7051000e+01   1.1333432e+02
   5.7626000e+01   8.8300000e-01   5.7941000e+01   1.1078766e+02
   5.8445000e+01   8.1900000e-01   5.8761000e+01   1.1047315e+02
   5.9237000e+01   7.9200000e-01   5.9551000e+01   1.1067510e+02
   6.0043000e+01   8.0600000e-01   6.0351000e+01   1.1107899e+02
   6.0883000e+01   8.4000000e-01   6.1191000e+01   1.1104588e+02
   6.1759000e+01   8.7600000e-01   6.2071000e+01   1.1233618e+02
   6.2619000e+01   8.6000000e-01   6.2931000e+01   1.1274007e+02
   6.3426000e+01   8.0700000e-01   6.3741000e+01   1.1249343e+02
   6.4222000e+01   7.9600000e-01   6.4541000e+01   1.1296436e+02
   6.5046000e+01   8.2300000e-01   6.5361000e+01   1.1331197e+02
   6.5935000e+01   8.8900000e-01   6.6241000e+01   1.1282946e+02
   6.6802000e+01   8.6800000e-01   6.7121000e+01   1.1192070e+02
   6.7620000e+01   8.1800000e-01   6.7941000e+01   1.1147212e+02
   6.8421000e+01   8.0000000e-01   6.8741000e+01   1.1178663e+02
   6.9245000e+01   8.2500000e-01   6.9561000e+01   1.1095567e+02
   7.0099000e+01   8.5400000e-01   7.0411000e+01   1.1078766e+02
   7.0969000e+01   8.7000000e-01   7.1281000e+01   1.1047315e+02
   7.1843000e+01   8.7400000e-01   7.2151000e+01   1.0934011e+02
   7.2693000e+01   8.5000000e-01   7.3011000e+01   1.0881290e+02
   7.3481000e+01   7.8800000e-01   7.3801000e+01   1.0818472e+02
   7.4243000e+01   7.6200000e-01   7.4551000e+01   1.0809450e+02
   7.5049000e+01   8.0600000e-01   7.5351000e+01   1.0867799e+02
   7.5894000e+01   8.4500000e-01   7.6211000e+01   1.0873427e+02
   7.6768000e+01   8.7400000e-01   7.7081000e+01   1.0812844e+02
   7.7632000e+01   8.6400000e-01   7.7951000e+01   1.0812844e+02
   7.8442000e+01   8.1000000e-01   7.8761000e+01   1.0701774e+02
   7.9203000e+01   7.6100000e-01   7.9521000e+01   1.0743239e+02
   7.9942000e+01   7.3900000e-01   8.0251000e+01   1.0809450e+02
   8.0734000e+01   7.9100000e-01   8.1041000e+01   1.0953129e+02
   8.1620000e+01   8.8600000e-01   8.1921000e+01   1.0994594e+02
   8.2522000e+01   9.0300000e-01   8.2841000e+01   1.1056337e+02
   8.3376000e+01   8.5400000e-01   8.3701000e+01   1.1072062e+02
   8.4166000e+01   7.9000000e-01   8.4481000e+01   1.1077607e+02
   8.4945000e+01   7.7800000e-01   8.5261000e+01   1.1090022e+02
   8.5749000e+01   8.0500000e-01   8.6061000e+01   1.1135956e+02
   8.6530000e+01   7.8100000e-01   8.6841000e+01   1.1148288e+02
   8.7269000e+01   7.3900000e-01   8.7581000e+01   1.1132646e+02
   8.8052000e+01   7.8300000e-01   8.8361000e+01   1.1194305e+02
   8.8840000e+01   7.8800000e-01   8.9151000e+01   1.1115762e+02
   8.9605000e+01   7.6500000e-01   8.9911000e+01   1.1119155e+02
   9.0429000e+01   8.2400000e-01   9.0731000e+01   1.1168565e+02
   9.1322000e+01   8.9200000e-01   9.1631000e+01   1.1131487e+02
   9.2205000e+01   8.8300000e-01   9.2521000e+01   1.1133721e+02
   9.3054000e+01   8.4900000e-01   9.3371000e+01   1.1105664e+02
   9.3862000e+01   8.0800000e-01   9.4181000e+01   1.1148288e+02
   9.4686000e+01   8.2300000e-01   9.5001000e+01   1.1189836e+02
   9.5577000e+01   8.9100000e-01   9.5891000e+01   1.1135956e+02
   9.6489000e+01   9.1200000e-01   9.6801000e+01   1.1054102e+02
   9.7367000e+01   8.7700000e-01   9.7681000e+01   1.0932935e+02
   9.8193000e+01   8.2600000e-01   9.8511000e+01   1.0865565e+02
   9.8971000e+01   7.7800000e-01   9.9281000e+01   1.0826334e+02
   9.9820000e+01   8.4900000e-01   1.0013100e+02   1.0893622e+02
   1.0069100e+02   8.7100000e-01   1.0100100e+02   1.0838666e+02
   1.0157700e+02   8.8600000e-01   1.0189100e+02   1.0820706e+02
   1.0242700e+02   8.5000000e-01   1.0274100e+02   1.0845370e+02
   1.0325100e+02   8.2400000e-01   1.0357100e+02   1.0846529e+02
   1.0409300e+02   8.4200000e-01   1.0441100e+02   1.0796043e+02
   1.0498300e+02   8.9000000e-01   1.0529100e+02   1.0778083e+02
   1.0588400e+02   9.0000000e-01   1.0619100e+02   1.0704008e+02
   1.0677800e+02   8.9500000e-01   1.0709100e+02   1.0623230e+02
   1.0766200e+02   8.8300000e-01   1.0798100e+02   1.0508767e+02
   1.0846500e+02   8.0300000e-01   1.0879100e+02   1.0413422e+02
   1.0924100e+02   7.7500000e-01   1.0956100e+02   1.0589545e+02
   1.1003200e+02   7.9100000e-01   1.1034100e+02   1.0778083e+02
   1.1089800e+02   8.6600000e-01   1.1121100e+02   1.0858861e+02
   1.1181500e+02   9.1700000e-01   1.1212100e+02   1.0958675e+02
   1.1270200e+02   8.8600000e-01   1.1302100e+02   1.0978869e+02
   1.1354000e+02   8.3800000e-01   1.1386100e+02   1.1018182e+02
   1.1437000e+02   8.3000000e-01   1.1468100e+02   1.1044005e+02
   1.1521500e+02   8.4600000e-01   1.1553100e+02   1.1051867e+02
   1.1609500e+02   8.8000000e-01   1.1641100e+02   1.1013713e+02
   1.1693500e+02   8.4000000e-01   1.1725100e+02   1.1188760e+02
   1.1772000e+02   7.8500000e-01   1.1803100e+02   1.1248185e+02
   1.1848200e+02   7.6200000e-01   1.1879100e+02   1.1285180e+02
   1.1926900e+02   7.8700000e-01   1.1958100e+02   1.1341295e+02
   1.2006900e+02   7.9900000e-01   1.2038100e+02   1.1312162e+02
   1.2086700e+02   7.9800000e-01   1.2117100e+02   1.1413134e+02
   1.2169800e+02   8.3100000e-01   1.2201100e+02   1.1309927e+02
   1.2256600e+02   8.6800000e-01   1.2287100e+02   1.1160703e+02
   1.2344400e+02   8.7800000e-01   1.2375100e+02   1.1106823e+02
   1.2430300e+02   8.5900000e-01   1.2462100e+02   1.1048474e+02
   1.2515600e+02   8.5300000e-01   1.2547100e+02   1.0980028e+02
   1.2597700e+02   8.2100000e-01   1.2630100e+02   1.0894780e+02
   1.2676000e+02   7.8300000e-01   1.2708100e+02   1.0811685e+02
   1.2752800e+02   7.6800000e-01   1.2784100e+02   1.0908188e+02
   1.2831000e+02   7.8200000e-01   1.2862100e+02   1.1060806e+02
   1.2919400e+02   8.8500000e-01   1.2950100e+02   1.1188760e+02
   1.3012500e+02   9.3100000e-01   1.3043100e+02   1.1212265e+02
   1.3103100e+02   9.0600000e-01   1.3134100e+02   1.1278476e+02
   1.3191900e+02   8.8800000e-01   1.3223100e+02   1.1297595e+02
   1.3275200e+02   8.3300000e-01   1.3307100e+02   1.1214500e+02
   1.3354800e+02   7.9600000e-01   1.3387100e+02   1.1201092e+02
   1.3431100e+02   7.6300000e-01   1.3463100e+02   1.1208954e+02
   1.3508400e+02   7.7300000e-01   1.3539100e+02   1.1333432e+02
   1.3591200e+02   8.2800000e-01   1.3623100e+02   1.1408665e+02
   1.3679500e+02   8.8300000e-01   1.3711100e+02   1.1481580e+02
   1.3768300e+02   8.8800000e-01   1.3800100e+02   1.1518576e+02
   1.3855900e+02   8.7600000e-01   1.3887100e+02   1.1565752e+02
   1.3943200e+02   8.7300000e-01   1.3974100e+02   1.1491678e+02
   1.4026200e+02   8.3000000e-01   1.4058100e+02   1.1385077e+02
   1.4107400e+02   8.1200000e-01   1.4138100e+02   1.1332356e+02
   1.4187400e+02   8.0000000e-01   1.4218100e+02   1.1244791e+02
   1.4265500e+02   7.8100000e-01   1.4296100e+02   1.1212265e+02
   1.4348000e+02   8.2500000e-01   1.4378100e+02   1.1210030e+02
   1.4431400e+02   8.3400000e-01   1.4462100e+02   1.1181973e+02
   1.4515700e+02   8.4300000e-01   1.4547100e+02   1.1189836e+02
   1.4598200e+02   8.2500000e-01   1.4629100e+02   1.1267303e+02
   1.4674600e+02   7.6400000e-01   1.4705100e+02   1.1176345e+02
   1.4746000e+02   7.1400000e-01   1.4777100e+02   1.1173035e+02
   1.4819300e+02   7.3300000e-01   1.4851100e+02   1.1195464e+02
   1.4894300e+02   7.5000000e-01   1.4925100e+02   1.1233618e+02
   1.4969800e+02   7.5500000e-01   1.5001100e+02   1.1344688e+02
   1.5049600e+02   7.9800000e-01   1.5080100e+02   1.1351392e+02
   1.5132800e+02   8.3200000e-01   1.5163100e+02   1.1360413e+02
   1.5216500e+02   8.3700000e-01   1.5247100e+02   1.1312162e+02
   1.5296700e+02   8.0200000e-01   1.5328100e+02   1.1257123e+02
   1.5375200e+02   7.8500000e-01   1.5406100e+02   1.1257123e+02
   1.5453400e+02   7.8200000e-01   1.5484100e+02   1.1269538e+02
   1.5531300e+02   7.7900000e-01   1.5562100e+02   1.1190994e+02
   1.5609700e+02   7.8500000e-01   1.5640100e+02   1.1165172e+02
   1.5691500e+02   8.1800000e-01   1.5722100e+02   1.1199933e+02
   1.5765100e+02   7.3600000e-01   1.5796100e+02   1.1196540e+02
   1.5834200e+02   6.9100000e-01   1.5865100e+02   1.1321100e+02
   1.5906900e+02   7.2600000e-01   1.5938100e+02   1.1343529e+02
   1.5979800e+02   7.2900000e-01   1.6011100e+02   1.1337984e+02
   1.6056900e+02   7.7200000e-01   1.6087100e+02   1.1468090e+02
   1.6135500e+02   7.8600000e-01   1.6166100e+02   1.1348081e+02
   1.6222800e+02   8.7300000e-01   1.6253100e+02   1.1300906e+02
   1.6308800e+02   8.6100000e-01   1.6340100e+02   1.1150605e+02
   1.6392400e+02   8.3500000e-01   1.6423100e+02   1.1029355e+02
   1.6471100e+02   7.8700000e-01   1.6503100e+02   1.1013713e+02
   1.6545600e+02   7.4500000e-01   1.6577100e+02   1.0949736e+02
   1.6618300e+02   7.2800000e-01   1.6650100e+02   1.1078766e+02
   1.6698300e+02   7.9900000e-01   1.6729100e+02   1.1185366e+02
   1.6783300e+02   8.5000000e-01   1.6814100e+02   1.1258282e+02
   1.6868000e+02   8.4700000e-01   1.6899100e+02   1.1254889e+02
   1.6953400e+02   8.5300000e-01   1.6984100e+02   1.1158385e+02
   1.7032000e+02   7.8700000e-01   1.7064100e+02   1.1125859e+02
   1.7113600e+02   8.1500000e-01   1.7145100e+02   1.1113527e+02
   1.7196400e+02   8.2800000e-01   1.7228100e+02   1.1190994e+02
   1.7281600e+02   8.5200000e-01   1.7313100e+02   1.1229149e+02
   1.7365100e+02   8.3500000e-01   1.7396100e+02   1.1257123e+02
   1.7445500e+02   8.0400000e-01   1.7477100e+02   1.1206637e+02
   1.7522700e+02   7.7200000e-01   1.7554100e+02   1.1363724e+02
   1.7602500e+02   7.9800000e-01   1.7633100e+02   1.1457993e+02
   1.7686300e+02   8.3800000e-01   1.7717100e+02   1.1483815e+02
   1.7769000e+02   8.2700000e-01   1.7801100e+02   1.1382842e+02
   1.7850400e+02   8.1500000e-01   1.7882100e+02   1.1293043e+02
   1.7929100e+02   7.8700000e-01   1.7961100e+02   1.1298671e+02
   1.8010400e+02   8.1300000e-01   1.8041100e+02   1.1371586e+02
   1.8091000e+02   8.0600000e-01   1.8122100e+02   1.1389546e+02
   1.8170200e+02   7.9200000e-01   1.8201100e+02   1.1344688e+02
   1.8249000e+02   7.8800000e-01   1.8280100e+02   1.1281870e+02
   1.8328300e+02   7.9300000e-01   1.8360100e+02   1.1219052e+02
   1.8413600e+02   8.5300000e-01   1.8444100e+02   1.1192070e+02
   1.8500000e+02   8.6300000e-01   1.8531100e+02   1.1063041e+02
   1.8586000e+02   8.6000000e-01   1.8617100e+02   1.0893622e+02
   1.8668600e+02   8.2600000e-01   1.8700100e+02   1.0875662e+02
   1.8748600e+02   8.0000000e-01   1.8780100e+02   1.0817313e+02
   1.8828500e+02   7.9800000e-01   1.8860100e+02   1.0898091e+02
   1.8909300e+02   8.0800000e-01   1.8940100e+02   1.0967696e+02
   1.8995100e+02   8.5800000e-01   1.9026100e+02   1.0974400e+02
   1.9084500e+02   8.9400000e-01   1.9115100e+02   1.0993518e+02
   1.9174700e+02   9.0200000e-01   1.9206100e+02   1.0849839e+02
   1.9260600e+02   8.5800000e-01   1.9293100e+02   1.0732066e+02
   1.9342800e+02   8.2200000e-01   1.9374100e+02   1.0751101e+02
   1.9426400e+02   8.3700000e-01   1.9457100e+02   1.0677110e+02
   1.9512300e+02   8.5900000e-01   1.9543100e+02   1.0633328e+02
   1.9599500e+02   8.7200000e-01   1.9631100e+02   1.0546922e+02
   1.9682700e+02   8.3200000e-01   1.9714100e+02   1.0517788e+02
   1.9762400e+02   7.9700000e-01   1.9794100e+02   1.0568275e+02
   1.9841900e+02   7.9500000e-01   1.9873100e+02   1.0548080e+02
   1.9924200e+02   8.2300000e-01   1.9955100e+02   1.0636721e+02
   2.0012100e+02   8.7900000e-01   2.0044100e+02   1.0645660e+02
   2.0104300e+02   9.2200000e-01   2.0136100e+02   1.0661385e+02
   2.0193400e+02   8.9100000e-01   2.0225100e+02   1.0548080e+02
   2.0279100e+02   8.5800000e-01   2.0310100e+02   1.0511002e+02
   2.0359300e+02   8.0100000e-01   2.0392100e+02   1.0461674e+02
   2.0437600e+02   7.8400000e-01   2.0469100e+02   1.0457122e+02
   2.0515200e+02   7.7500000e-01   2.0546100e+02   1.0554784e+02
   2.0597400e+02   8.2300000e-01   2.0628100e+02   1.0624306e+02
   2.0686100e+02   8.8700000e-01   2.0717100e+02   1.0605270e+02
   2.0774700e+02   8.8600000e-01   2.0806100e+02   1.0598567e+02
   2.0862600e+02   8.7900000e-01   2.0894100e+02   1.0459440e+02
   2.0945300e+02   8.2700000e-01   2.0977100e+02   1.0431382e+02
   2.1025400e+02   8.0100000e-01   2.1057100e+02   1.0440321e+02
   2.1109700e+02   8.4300000e-01   2.1141100e+02   1.0513236e+02
   2.1199000e+02   8.9300000e-01   2.1230100e+02   1.0379737e+02
   2.1287200e+02   8.8200000e-01   2.1319100e+02   1.0394304e+02
   2.1370400e+02   8.3200000e-01   2.1403100e+02   1.0369640e+02
   2.1450400e+02   8.0000000e-01   2.1482100e+02   1.0477317e+02
   2.1534300e+02   8.3800000e-01   2.1565100e+02   1.0526727e+02
   2.1626100e+02   9.1800000e-01   2.1657100e+02   1.0507608e+02
   2.1717800e+02   9.1700000e-01   2.1750100e+02   1.0395463e+02
   2.1804900e+02   8.7100000e-01   2.1837100e+02   1.0353915e+02
   2.1887400e+02   8.2500000e-01   2.1919100e+02   1.0359543e+02
   2.1974200e+02   8.6700000e-01   2.2006100e+02   1.0432458e+02
   2.2063800e+02   8.9600000e-01   2.2096100e+02   1.0322547e+02
   2.2153700e+02   8.9900000e-01   2.2186100e+02   1.0269743e+02
   2.2238500e+02   8.4700000e-01   2.2270100e+02   1.0212553e+02
   2.2317100e+02   7.8600000e-01   2.2349100e+02   1.0310132e+02
   2.2392600e+02   7.5500000e-01   2.2424100e+02   1.0427989e+02
   2.2475300e+02   8.2700000e-01   2.2506100e+02   1.0677110e+02
   2.2562300e+02   8.7000000e-01   2.2593100e+02   1.0817313e+02
   2.2643900e+02   8.1700000e-01   2.2675100e+02   1.1056337e+02
   2.2724000e+02   8.0100000e-01   2.2755100e+02   1.1170800e+02
   2.2806500e+02   8.2500000e-01   2.2837100e+02   1.1198857e+02
   2.2891300e+02   8.4900000e-01   2.2923100e+02   1.1352551e+02
   2.2983500e+02   9.2200000e-01   2.3014100e+02   1.1324493e+02
   2.3075400e+02   9.1900000e-01   2.3106100e+02   1.1114686e+02
   2.3163700e+02   8.8200000e-01   2.3195100e+02   1.0918286e+02
   2.3248100e+02   8.4500000e-01   2.3280100e+02   1.0935170e+02
   2.3337800e+02   8.9600000e-01   2.3368100e+02   1.0931776e+02
   2.3429200e+02   9.1500000e-01   2.3460100e+02   1.0766827e+02
   2.3519600e+02   9.0400000e-01   2.3551100e+02   1.0699539e+02
   2.3603500e+02   8.3900000e-01   2.3635100e+02   1.0640032e+02
   2.3683200e+02   7.9600000e-01   2.3714100e+02   1.0715264e+02
   2.3765400e+02   8.2300000e-01   2.3796100e+02   1.0694987e+02
   2.3851400e+02   8.6000000e-01   2.3882100e+02   1.0710712e+02
   2.3937700e+02   8.6300000e-01   2.3969100e+02   1.0839742e+02
   2.4020500e+02   8.2800000e-01   2.4052100e+02   1.0972165e+02
   2.4109200e+02   8.8700000e-01   2.4141100e+02   1.1158385e+02
   2.4198700e+02   8.9500000e-01   2.4231100e+02   1.1153916e+02
   2.4285900e+02   8.7200000e-01   2.4317100e+02   1.1148288e+02
   2.4368400e+02   8.2500000e-01   2.4400100e+02   1.1173035e+02
   2.4455100e+02   8.6700000e-01   2.4487100e+02   1.1213424e+02
   2.4544400e+02   8.9200000e-01   2.4575100e+02   1.1120314e+02
   2.4632100e+02   8.7700000e-01   2.4663100e+02   1.1059647e+02
   2.4712900e+02   8.0800000e-01   2.4745100e+02   1.1083235e+02
   2.4792000e+02   7.9100000e-01   2.4823100e+02   1.1185366e+02
   2.4877800e+02   8.5900000e-01   2.4909100e+02   1.1219052e+02
   2.4966000e+02   8.8200000e-01   2.4997100e+02   1.1157309e+02
   2.5051600e+02   8.5500000e-01   2.5083100e+02   1.1057413e+02
   2.5132100e+02   8.0500000e-01   2.5164100e+02   1.1030514e+02
   2.5212200e+02   8.0100000e-01   2.5244100e+02   1.1023810e+02
   2.5295600e+02   8.3400000e-01   2.5326100e+02   1.1018182e+02
   2.5381500e+02   8.5800000e-01   2.5412100e+02   1.0866723e+02
   2.5463000e+02   8.1500000e-01   2.5494100e+02   1.0800512e+02
   2.5541100e+02   7.8100000e-01   2.5572100e+02   1.0902643e+02
   2.5619000e+02   7.7900000e-01   2.5650100e+02   1.0928383e+02
   2.5702300e+02   8.3200000e-01   2.5733100e+02   1.1011478e+02
   2.5788200e+02   8.5900000e-01   2.5819100e+02   1.1015948e+02
   2.5874700e+02   8.6500000e-01   2.5906100e+02   1.1069745e+02
   2.5960500e+02   8.5800000e-01   2.5992100e+02   1.0959833e+02
   2.6041800e+02   8.1400000e-01   2.6073100e+02   1.0897015e+02
   2.6120900e+02   7.9100000e-01   2.6153100e+02   1.0857702e+02
   2.6199100e+02   7.8200000e-01   2.6231100e+02   1.0835273e+02
   2.6277700e+02   7.8600000e-01   2.6309100e+02   1.0883525e+02
   2.6362500e+02   8.4800000e-01   2.6393100e+02   1.0899250e+02
   2.6449200e+02   8.6700000e-01   2.6480100e+02   1.0839742e+02
   2.6532700e+02   8.3600000e-01   2.6564100e+02   1.0781393e+02
   2.6612400e+02   7.9700000e-01   2.6644100e+02   1.0742163e+02
   2.6689600e+02   7.7200000e-01   2.6721100e+02   1.0765751e+02
   2.6770200e+02   8.0600000e-01   2.6801100e+02   1.0787021e+02
   2.6846500e+02   7.6300000e-01   2.6878100e+02   1.0790415e+02
   2.6920000e+02   7.3500000e-01   2.6951100e+02   1.0726438e+02
   2.6991400e+02   7.1400000e-01   2.7022100e+02   1.0669247e+02
   2.7064200e+02   7.2800000e-01   2.7096100e+02   1.0699539e+02
   2.7135000e+02   7.0800000e-01   2.7166100e+02   1.0866723e+02
   2.7203900e+02   6.8900000e-01   2.7235100e+02   1.0834197e+02
   2.7272000e+02   6.8100000e-01   2.7303100e+02   1.0809450e+02
   2.7352500e+02   8.0500000e-01   2.7382100e+02   1.0763433e+02
   2.7438400e+02   8.5900000e-01   2.7469100e+02   1.0721968e+02
   2.7519400e+02   8.1000000e-01   2.7551100e+02   1.0663619e+02
   2.7598800e+02   7.9400000e-01   2.7630100e+02   1.0645660e+02
   2.7685100e+02   8.6300000e-01   2.7716100e+02   1.0570509e+02
   2.7776700e+02   9.1500000e-01   2.7807100e+02   1.0471771e+02
   2.7864900e+02   8.8300000e-01   2.7897100e+02   1.0379737e+02
   2.7948400e+02   8.3500000e-01   2.7981100e+02   1.0287703e+02
   2.8028300e+02   7.9800000e-01   2.8060100e+02   1.0310132e+02
   2.8109000e+02   8.0800000e-01   2.8141100e+02   1.0337114e+02
   2.8196700e+02   8.7600000e-01   2.8228100e+02   1.0393228e+02
   2.8285900e+02   8.9300000e-01   2.8317100e+02   1.0279841e+02
   2.8367800e+02   8.1800000e-01   2.8400100e+02   1.0364012e+02
   2.8452400e+02   8.4700000e-01   2.8484100e+02   1.0421285e+02
   2.8540300e+02   8.7900000e-01   2.8572100e+02   1.0440321e+02
   2.8629100e+02   8.8800000e-01   2.8660100e+02   1.0499829e+02
   2.8713600e+02   8.4500000e-01   2.8746100e+02   1.0559253e+02
   2.8797000e+02   8.3400000e-01   2.8828100e+02   1.0649053e+02
   2.8881400e+02   8.4400000e-01   2.8913100e+02   1.0754495e+02
   2.8971900e+02   9.0400000e-01   2.9004100e+02   1.0865565e+02
   2.9060800e+02   8.9000000e-01   2.9092100e+02   1.0843135e+02
   2.9143000e+02   8.2100000e-01   2.9174100e+02   1.0822941e+02
   2.9219000e+02   7.6100000e-01   2.9250100e+02   1.0733142e+02
   2.9293500e+02   7.4500000e-01   2.9325100e+02   1.0699539e+02
   2.9368900e+02   7.5400000e-01   2.9400100e+02   1.0737694e+02
   2.9447200e+02   7.8300000e-01   2.9477100e+02   1.0755653e+02
   2.9538000e+02   9.0700000e-01   2.9569100e+02   1.0710712e+02
   2.9627100e+02   8.9100000e-01   2.9659100e+02   1.0552550e+02
   2.9711500e+02   8.4400000e-01   2.9743100e+02   1.0468378e+02
   2.9789400e+02   7.7900000e-01   2.9821100e+02   1.0387600e+02
   2.9864800e+02   7.5400000e-01   2.9897100e+02   1.0619837e+02
   2.9940600e+02   7.5800000e-01   2.9973100e+02   1.0766827e+02
   3.0022000e+02   8.1500000e-01   3.0053100e+02   1.0954205e+02
   3.0113000e+02   9.1000000e-01   3.0144100e+02   1.1137115e+02
   3.0206200e+02   9.3100000e-01   3.0238100e+02   1.1256047e+02
   3.0299100e+02   9.2900000e-01   3.0330100e+02   1.1305375e+02
   3.0386600e+02   8.7500000e-01   3.0418100e+02   1.1171876e+02
   3.0470200e+02   8.3700000e-01   3.0502100e+02   1.1105664e+02
   3.0555900e+02   8.5700000e-01   3.0588100e+02   1.1002457e+02
   3.0645700e+02   8.9700000e-01   3.0676100e+02   1.0895856e+02
   3.0735000e+02   8.9300000e-01   3.0766100e+02   1.0863330e+02
   3.0821200e+02   8.6200000e-01   3.0853100e+02   1.0802746e+02
   3.0903600e+02   8.2500000e-01   3.0935100e+02   1.0910423e+02
   3.0988700e+02   8.5100000e-01   3.1020100e+02   1.0969931e+02
   3.1071100e+02   8.2400000e-01   3.1103100e+02   1.0946343e+02
   3.1148700e+02   7.7600000e-01   3.1180100e+02   1.0938480e+02
   3.1223300e+02   7.4600000e-01   3.1255100e+02   1.0887994e+02
   3.1302200e+02   7.8900000e-01   3.1333100e+02   1.0950812e+02
   3.1379000e+02   7.6800000e-01   3.1411100e+02   1.0945267e+02
   3.1458200e+02   7.9200000e-01   3.1489100e+02   1.1029355e+02
   3.1543000e+02   8.4800000e-01   3.1574100e+02   1.0897015e+02
   3.1629900e+02   8.7000000e-01   3.1661100e+02   1.0858861e+02
   3.1712900e+02   8.2900000e-01   3.1745100e+02   1.0771296e+02
   3.1790300e+02   7.7400000e-01   3.1822100e+02   1.0752260e+02
   3.1867600e+02   7.7200000e-01   3.1899100e+02   1.0899250e+02
   3.1948000e+02   8.0400000e-01   3.1979100e+02   1.1023810e+02
   3.2034400e+02   8.6400000e-01   3.2065100e+02   1.1073138e+02
   3.2123600e+02   8.9200000e-01   3.2154100e+02   1.0993518e+02
   3.2207300e+02   8.3800000e-01   3.2239100e+02   1.1038377e+02
   3.2289500e+02   8.2200000e-01   3.2320100e+02   1.1084394e+02
   3.2374600e+02   8.5100000e-01   3.2406100e+02   1.1027121e+02
   3.2461300e+02   8.6700000e-01   3.2492100e+02   1.0965461e+02
   3.2548400e+02   8.7100000e-01   3.2580100e+02   1.0817313e+02
   3.2634200e+02   8.5700000e-01   3.2666100e+02   1.0716340e+02
   3.2715900e+02   8.1700000e-01   3.2748100e+02   1.0633328e+02
   3.2797300e+02   8.1400000e-01   3.2829100e+02   1.0657991e+02
   3.2883400e+02   8.6100000e-01   3.2915100e+02   1.0615368e+02
   3.2971900e+02   8.8500000e-01   3.3004100e+02   1.0520023e+02
   3.3056700e+02   8.4800000e-01   3.3088100e+02   1.0422361e+02
   3.3136700e+02   8.0000000e-01   3.3168100e+02   1.0417892e+02
   3.3219200e+02   8.2500000e-01   3.3250100e+02   1.0482945e+02
   3.3304700e+02   8.5500000e-01   3.3336100e+02   1.0448184e+02
   3.3391500e+02   8.6800000e-01   3.3423100e+02   1.0413422e+02
   3.3475300e+02   8.3800000e-01   3.3507100e+02   1.0387600e+02
   3.3556200e+02   8.0900000e-01   3.3588100e+02   1.0421285e+02
   3.3636000e+02   7.9800000e-01   3.3667100e+02   1.0532355e+02
   3.3718300e+02   8.2300000e-01   3.3749100e+02   1.0597408e+02
   3.3799000e+02   8.0700000e-01   3.3831100e+02   1.0599642e+02
   3.3873600e+02   7.4500000e-01   3.3905100e+02   1.0552550e+02
   3.3944200e+02   7.0600000e-01   3.3975100e+02   1.0607505e+02
   3.4022000e+02   7.7800000e-01   3.4053100e+02   1.0619837e+02
   3.4096400e+02   7.4400000e-01   3.4128100e+02   1.0576055e+02
   3.4170800e+02   7.4400000e-01   3.4202100e+02   1.0655757e+02
   3.4251700e+02   8.0900000e-01   3.4282100e+02   1.0708478e+02
   3.4327800e+02   7.6100000e-01   3.4358100e+02   1.0511002e+02
   3.4401500e+02   7.3600000e-01   3.4432100e+02   1.0531196e+02
   3.4475500e+02   7.4100000e-01   3.4506100e+02   1.0522258e+02
   3.4550700e+02   7.5200000e-01   3.4582100e+02   1.0506532e+02
   3.4630700e+02   7.9900000e-01   3.4662100e+02   1.0607505e+02
   3.4718400e+02   8.7700000e-01   3.4750100e+02   1.0552550e+02
   3.4809800e+02   9.1300000e-01   3.4841100e+02   1.0388676e+02
   3.4897500e+02   8.7700000e-01   3.4930100e+02   1.0173323e+02
   3.4979700e+02   8.2200000e-01   3.5012100e+02   1.0151970e+02
   3.5063500e+02   8.3800000e-01   3.5095100e+02   1.0215947e+02
   3.5149000e+02   8.5500000e-01   3.5180100e+02   1.0130616e+02
   3.5234500e+02   8.5500000e-01   3.5266100e+02   1.0112656e+02
   3.5317000e+02   8.2500000e-01   3.5349100e+02   1.0181103e+02
   3.5397100e+02   8.0200000e-01   3.5429100e+02   1.0258570e+02
   3.5481500e+02   8.4400000e-01   3.5513100e+02   1.0414498e+02
   3.5574000e+02   9.2500000e-01   3.5605100e+02   1.0414498e+02
   3.5668500e+02   9.4500000e-01   3.5700100e+02   1.0381972e+02
   3.5763300e+02   9.4800000e-01   3.5795100e+02   1.0268667e+02
   3.5854100e+02   9.0800000e-01   3.5886100e+02   1.0162067e+02
   3.5938700e+02   8.4600000e-01   3.5971100e+02   1.0050997e+02
   3.6019500e+02   8.0800000e-01   3.6051100e+02   1.0080130e+02
   3.6099700e+02   8.0300000e-01   3.6131100e+02   1.0181103e+02
   3.6185100e+02   8.5400000e-01   3.6216100e+02   1.0340507e+02
   3.6278400e+02   9.3200000e-01   3.6310100e+02   1.0521099e+02
   3.6373800e+02   9.5500000e-01   3.6406100e+02   1.0622072e+02
   3.6463700e+02   8.9900000e-01   3.6496100e+02   1.0712947e+02
   3.6556200e+02   9.2500000e-01   3.6588100e+02   1.0758964e+02
   3.6651100e+02   9.4900000e-01   3.6682100e+02   1.0661385e+02
   3.6742300e+02   9.1200000e-01   3.6774100e+02   1.0587311e+02
   3.6828800e+02   8.6500000e-01   3.6861100e+02   1.0488573e+02
   3.6913000e+02   8.4100000e-01   3.6944100e+02   1.0604112e+02
   3.7000700e+02   8.7700000e-01   3.7032100e+02   1.0697305e+02
   3.7092600e+02   9.1900000e-01   3.7124100e+02   1.0745556e+02
   3.7183100e+02   9.0500000e-01   3.7215100e+02   1.0745556e+02
   3.7269600e+02   8.6500000e-01   3.7302100e+02   1.0816237e+02
   3.7352800e+02   8.3200000e-01   3.7385100e+02   1.0770220e+02
   3.7435200e+02   8.2400000e-01   3.7467100e+02   1.0847605e+02
   3.7520100e+02   8.4900000e-01   3.7551100e+02   1.0857702e+02
   3.7610500e+02   9.0400000e-01   3.7641100e+02   1.0799353e+02
   3.7700700e+02   9.0200000e-01   3.7733100e+02   1.0745556e+02
   3.7788200e+02   8.7500000e-01   3.7820100e+02   1.0683814e+02
   3.7870300e+02   8.2100000e-01   3.7903100e+02   1.0646818e+02
   3.7949600e+02   7.9300000e-01   3.7981100e+02   1.0599642e+02
   3.8030500e+02   8.0900000e-01   3.8062100e+02   1.0642266e+02
   3.8116300e+02   8.5800000e-01   3.8147100e+02   1.0654598e+02
   3.8206100e+02   8.9800000e-01   3.8237100e+02   1.0596249e+02
   3.8294000e+02   8.7800000e-01   3.8325100e+02   1.0614209e+02
   3.8379800e+02   8.5800000e-01   3.8411100e+02   1.0527886e+02
   3.8461200e+02   8.1500000e-01   3.8493100e+02   1.0485179e+02
   3.8538700e+02   7.7500000e-01   3.8571100e+02   1.0613133e+02
   3.8618500e+02   7.9800000e-01   3.8650100e+02   1.0617602e+02
   3.8702400e+02   8.3800000e-01   3.8734100e+02   1.0761199e+02
   3.8786200e+02   8.3900000e-01   3.8818100e+02   1.0840901e+02
   3.8863600e+02   7.7400000e-01   3.8896100e+02   1.0935170e+02
   3.8936900e+02   7.3300000e-01   3.8968100e+02   1.1090022e+02
   3.9011500e+02   7.4600000e-01   3.9043100e+02   1.1065275e+02
   3.9086800e+02   7.5300000e-01   3.9118100e+02   1.1103430e+02
   3.9167700e+02   8.0900000e-01   3.9198100e+02   1.1197698e+02
   3.9254100e+02   8.6400000e-01   3.9285100e+02   1.1014789e+02
   3.9337600e+02   8.3500000e-01   3.9370100e+02   1.0861095e+02
   3.9417100e+02   7.9400000e-01   3.9449100e+02   1.0747791e+02
   3.9499100e+02   8.2000000e-01   3.9530100e+02   1.0767985e+02
   3.9584900e+02   8.5800000e-01   3.9616100e+02   1.0640032e+02
   3.9671200e+02   8.6300000e-01   3.9703100e+02   1.0563723e+02
   3.9752200e+02   8.1000000e-01   3.9784100e+02   1.0478475e+02
   3.9831500e+02   7.9300000e-01   3.9863100e+02   1.0662461e+02
   3.9919200e+02   8.7700000e-01   3.9951100e+02   1.0558177e+02
   4.0004500e+02   8.5300000e-01   4.0035100e+02   1.0531196e+02
   4.0087200e+02   8.2700000e-01   4.0119100e+02   1.0572744e+02
   4.0168900e+02   8.1700000e-01   4.0201100e+02   1.0644501e+02
   4.0249300e+02   8.0500000e-01   4.0281100e+02   1.0753336e+02
   4.0338500e+02   8.9200000e-01   4.0369100e+02   1.0904878e+02
   4.0432200e+02   9.3700000e-01   4.0464100e+02   1.0847605e+02
   4.0525300e+02   9.3100000e-01   4.0557100e+02   1.0831880e+02
   4.0615900e+02   9.0600000e-01   4.0648100e+02   1.0726438e+02
   4.0699500e+02   8.3600000e-01   4.0732100e+02   1.0623230e+02
   4.0778600e+02   7.9100000e-01   4.0810100e+02   1.0635562e+02
   4.0859600e+02   8.1000000e-01   4.0891100e+02   1.0762357e+02
   4.0945700e+02   8.6100000e-01   4.0977100e+02   1.0829645e+02
   4.1036000e+02   9.0400000e-01   4.1068100e+02   1.0909347e+02
   4.1127400e+02   9.1400000e-01   4.1159100e+02   1.0918286e+02
   4.1215400e+02   8.8000000e-01   4.1248100e+02   1.0814002e+02
   4.1302900e+02   8.7500000e-01   4.1334100e+02   1.0811685e+02
   4.1394400e+02   9.1500000e-01   4.1426100e+02   1.0709636e+02
   4.1489200e+02   9.4800000e-01   4.1521100e+02   1.0579448e+02
   4.1584700e+02   9.5500000e-01   4.1616100e+02   1.0343818e+02
   4.1672400e+02   8.7700000e-01   4.1704100e+02   1.0283234e+02
   4.1758300e+02   8.5900000e-01   4.1790100e+02   1.0333720e+02
   4.1848900e+02   9.0600000e-01   4.1881100e+02   1.0247314e+02
   4.1935700e+02   8.6800000e-01   4.1967100e+02   1.0214788e+02
   4.2017200e+02   8.1500000e-01   4.2049100e+02   1.0288862e+02
   4.2100400e+02   8.3200000e-01   4.2131100e+02   1.0470613e+02
   4.2190700e+02   9.0400000e-01   4.2223100e+02   1.0652363e+02
   4.2283100e+02   9.2400000e-01   4.2315100e+02   1.0730907e+02
   4.2369800e+02   8.6700000e-01   4.2401100e+02   1.0890228e+02
   4.2458600e+02   8.8700000e-01   4.2491100e+02   1.1116920e+02
   4.2550100e+02   9.1600000e-01   4.2581100e+02   1.1109058e+02
   4.2639900e+02   8.9800000e-01   4.2672100e+02   1.1085470e+02
   4.2728600e+02   8.8600000e-01   4.2761100e+02   1.1034983e+02
   4.2810800e+02   8.2200000e-01   4.2843100e+02   1.0958675e+02
   4.2891500e+02   8.0700000e-01   4.2923100e+02   1.0895856e+02
   4.2976700e+02   8.5200000e-01   4.3008100e+02   1.0937404e+02
   4.3065400e+02   8.8700000e-01   4.3097100e+02   1.0868958e+02
   4.3150300e+02   8.4900000e-01   4.3182100e+02   1.0815078e+02
   4.3234100e+02   8.3900000e-01   4.3266100e+02   1.0844294e+02
   4.3321400e+02   8.7300000e-01   4.3352100e+02   1.0814002e+02
   4.3402100e+02   8.0700000e-01   4.3434100e+02   1.0745556e+02
   4.3478600e+02   7.6500000e-01   4.3510100e+02   1.0720810e+02
   4.3551700e+02   7.3100000e-01   4.3584100e+02   1.0640032e+02
   4.3626000e+02   7.4300000e-01   4.3658100e+02   1.0665854e+02
   4.3699900e+02   7.3900000e-01   4.3731100e+02   1.0705167e+02
   4.3783600e+02   8.3700000e-01   4.3814100e+02   1.0773531e+02
   4.3870800e+02   8.7200000e-01   4.3902100e+02   1.0657991e+02
   4.3959100e+02   8.8300000e-01   4.3990100e+02   1.0589545e+02
   4.4040600e+02   8.1500000e-01   4.4072100e+02   1.0472847e+02
   4.4117000e+02   7.6400000e-01   4.4148100e+02   1.0426830e+02
   4.4191900e+02   7.5000000e-01   4.4224100e+02   1.0297801e+02
   4.4268500e+02   7.6500000e-01   4.4300100e+02   1.0364012e+02
   4.4350700e+02   8.2200000e-01   4.4382100e+02   1.0425754e+02
   4.4440300e+02   8.9600000e-01   4.4471100e+02   1.0349446e+02
   4.4526500e+02   8.6200000e-01   4.4558100e+02   1.0186731e+02
   4.4608800e+02   8.2300000e-01   4.4641100e+02   1.0200221e+02
   4.4696800e+02   8.8000000e-01   4.4729100e+02   1.0162067e+02
   4.4785100e+02   8.8200000e-01   4.4817100e+02   1.0064488e+02
   4.4867600e+02   8.2500000e-01   4.4899100e+02   9.9611975e+01
   4.4947000e+02   7.9500000e-01   4.4979100e+02   1.0058860e+02
   4.5032600e+02   8.5600000e-01   4.5064100e+02   1.0082365e+02
   4.5120900e+02   8.8300000e-01   4.5153100e+02   1.0075661e+02
   4.5207600e+02   8.6700000e-01   4.5239100e+02   1.0020705e+02
   4.5287700e+02   8.0100000e-01   4.5320100e+02   9.9712948e+01
   4.5364900e+02   7.7200000e-01   4.5397100e+02   1.0123912e+02
   4.5446000e+02   8.1200000e-01   4.5477100e+02   1.0265274e+02
   4.5529900e+02   8.3900000e-01   4.5561100e+02   1.0351680e+02
   4.5616600e+02   8.6600000e-01   4.5648100e+02   1.0394304e+02
   4.5691800e+02   7.5200000e-01   4.5724100e+02   1.0512160e+02
   4.5763900e+02   7.2100000e-01   4.5795100e+02   1.0671482e+02
   4.5839700e+02   7.5800000e-01   4.5871100e+02   1.0694987e+02
   4.5921200e+02   8.1500000e-01   4.5953100e+02   1.0653522e+02
   4.6006100e+02   8.4900000e-01   4.6038100e+02   1.0727596e+02
   4.6102400e+02   9.6300000e-01   4.6134100e+02   1.0634404e+02
   4.6196400e+02   9.4000000e-01   4.6228100e+02   1.0398773e+02
   4.6288400e+02   9.2000000e-01   4.6320100e+02   1.0176633e+02
   4.6372000e+02   8.3600000e-01   4.6404100e+02   1.0025174e+02
   4.6451300e+02   7.9300000e-01   4.6484100e+02   1.0153128e+02
   4.6535400e+02   8.4000000e-01   4.6567100e+02   1.0188965e+02
   4.6622800e+02   8.7500000e-01   4.6654100e+02   1.0247314e+02
   4.6713500e+02   9.0700000e-01   4.6745100e+02   1.0306822e+02
   4.6803900e+02   9.0400000e-01   4.6836100e+02   1.0331486e+02
   4.6889900e+02   8.6000000e-01   4.6922100e+02   1.0387600e+02
   4.6975700e+02   8.5800000e-01   4.7007100e+02   1.0358384e+02
   4.7064200e+02   8.8500000e-01   4.7095100e+02   1.0399932e+02
   4.7156800e+02   9.2600000e-01   4.7188100e+02   1.0316919e+02
   4.7251500e+02   9.4700000e-01   4.7283100e+02   1.0370799e+02
   4.7344600e+02   9.3100000e-01   4.7377100e+02   1.0305663e+02
   4.7432400e+02   8.7700000e-01   4.7465100e+02   1.0224885e+02
   4.7514900e+02   8.2500000e-01   4.7547100e+02   1.0169929e+02
   4.7598100e+02   8.3200000e-01   4.7629100e+02   1.0264198e+02
   4.7684700e+02   8.6600000e-01   4.7717100e+02   1.0298959e+02
   4.7774900e+02   9.0200000e-01   4.7807100e+02   1.0301194e+02
   4.7868100e+02   9.3200000e-01   4.7900100e+02   1.0313526e+02
   4.7958400e+02   9.0300000e-01   4.7990100e+02   1.0402167e+02
   4.8043700e+02   8.5300000e-01   4.8076100e+02   1.0388676e+02
   4.8126400e+02   8.2700000e-01   4.8158100e+02   1.0470613e+02
   4.8212200e+02   8.5800000e-01   4.8244100e+02   1.0499829e+02
   4.8302600e+02   9.0400000e-01   4.8334100e+02   1.0497511e+02
   4.8394900e+02   9.2300000e-01   4.8426100e+02   1.0432458e+02
   4.8487500e+02   9.2700000e-01   4.8519100e+02   1.0353915e+02
   4.8575900e+02   8.8400000e-01   4.8608100e+02   1.0297801e+02
   4.8660200e+02   8.4300000e-01   4.8692100e+02   1.0231589e+02
   4.8741200e+02   8.1000000e-01   4.8774100e+02   1.0287703e+02
   4.8821300e+02   8.0000000e-01   4.8853100e+02   1.0412264e+02
   4.8908000e+02   8.6700000e-01   4.8940100e+02   1.0463909e+02
   4.9000000e+02   9.2100000e-01   4.9032100e+02   1.0438086e+02
   4.9091200e+02   9.1200000e-01   4.9122100e+02   1.0432458e+02
   4.9173200e+02   8.2000000e-01   4.9205100e+02   1.0464985e+02
   4.9248800e+02   7.5700000e-01   4.9281100e+02   1.0357308e+02
   4.9327400e+02   7.8600000e-01   4.9359100e+02   1.0352839e+02
   4.9405200e+02   7.7800000e-01   4.9437100e+02   1.0408870e+02
   4.9492300e+02   8.7000000e-01   4.9523100e+02   1.0477317e+02
   4.9582500e+02   9.0200000e-01   4.9614100e+02   1.0453812e+02
   4.9670500e+02   8.8000000e-01   4.9702100e+02   1.0410029e+02
   4.9753100e+02   8.2600000e-01   4.9785100e+02   1.0494201e+02
   4.9838700e+02   8.5600000e-01   4.9870100e+02   1.0533431e+02
   4.9930500e+02   9.1800000e-01   4.9961100e+02   1.0509926e+02
   5.0023800e+02   9.3400000e-01   5.0055100e+02   1.0375268e+02
   5.0110300e+02   8.6400000e-01   5.0143100e+02   1.0297801e+02
   5.0199900e+02   8.9600000e-01   5.0231100e+02   1.0352839e+02
   5.0292100e+02   9.2200000e-01   5.0324100e+02   1.0178868e+02
   5.0376700e+02   8.4600000e-01   5.0409100e+02   1.0097014e+02
   5.0455900e+02   7.9200000e-01   5.0487100e+02   1.0162067e+02
   5.0539200e+02   8.3300000e-01   5.0571100e+02   1.0291097e+02
   5.0629000e+02   8.9800000e-01   5.0661100e+02   1.0412264e+02
   5.0722600e+02   9.3700000e-01   5.0755100e+02   1.0516630e+02
   5.0814500e+02   9.1900000e-01   5.0847100e+02   1.0628858e+02
   5.0900400e+02   8.5900000e-01   5.0933100e+02   1.0700615e+02
   5.0989700e+02   8.9300000e-01   5.1021100e+02   1.0827410e+02
   5.1082000e+02   9.2300000e-01   5.1114100e+02   1.0774689e+02
   5.1174300e+02   9.2400000e-01   5.1206100e+02   1.0657991e+02
   5.1259800e+02   8.5500000e-01   5.1292100e+02   1.0597408e+02
   5.1343500e+02   8.3700000e-01   5.1376100e+02   1.0550315e+02
   5.1431700e+02   8.8200000e-01   5.1464100e+02   1.0623230e+02
   5.1522000e+02   9.0300000e-01   5.1554100e+02   1.0559253e+02
   5.1611800e+02   8.9800000e-01   5.1644100e+02   1.0608664e+02
   5.1696800e+02   8.5000000e-01   5.1729100e+02   1.0597408e+02
   5.1785100e+02   8.8300000e-01   5.1816100e+02   1.0616526e+02
   5.1866100e+02   8.0900000e-01   5.1898100e+02   1.0583917e+02
   5.1942100e+02   7.6000000e-01   5.1974100e+02   1.0590704e+02
   5.2015600e+02   7.3500000e-01   5.2048100e+02   1.0580607e+02
   5.2090500e+02   7.4900000e-01   5.2122100e+02   1.0632169e+02
   5.2171300e+02   8.0800000e-01   5.2202100e+02   1.0796043e+02
   5.2263000e+02   9.1700000e-01   5.2294100e+02   1.0798277e+02
   5.2357700e+02   9.4700000e-01   5.2389100e+02   1.0803905e+02
   5.2448900e+02   9.1200000e-01   5.2481100e+02   1.0634404e+02
   5.2537300e+02   8.8400000e-01   5.2569100e+02   1.0528962e+02
   5.2620600e+02   8.3200000e-01   5.2653100e+02   1.0454887e+02
   5.2701900e+02   8.1400000e-01   5.2733100e+02   1.0544687e+02
   5.2785400e+02   8.3500000e-01   5.2817100e+02   1.0622072e+02
   5.2875200e+02   8.9800000e-01   5.2907100e+02   1.0608664e+02
   5.2967200e+02   9.2000000e-01   5.2999100e+02   1.0724203e+02
   5.3057700e+02   9.0500000e-01   5.3089100e+02   1.0753336e+02
   5.3145500e+02   8.7800000e-01   5.3177100e+02   1.0704008e+02
   5.3230500e+02   8.5100000e-01   5.3263100e+02   1.0729831e+02
   5.3322200e+02   9.1700000e-01   5.3353100e+02   1.0725362e+02
   5.3416400e+02   9.4200000e-01   5.3448100e+02   1.0628858e+02
   5.3506600e+02   9.0200000e-01   5.3539100e+02   1.0491966e+02
   5.3592300e+02   8.5700000e-01   5.3624100e+02   1.0390993e+02
   5.3676500e+02   8.4200000e-01   5.3708100e+02   1.0514395e+02
   5.3763100e+02   8.6600000e-01   5.3794100e+02   1.0616526e+02
   5.3853700e+02   9.0600000e-01   5.3886100e+02   1.0804981e+02
   5.3944600e+02   9.0900000e-01   5.3976100e+02   1.0948577e+02
   5.4031800e+02   8.7300000e-01   5.4064100e+02   1.1056337e+02
   5.4114200e+02   8.2300000e-01   5.4146100e+02   1.1181973e+02
   5.4200600e+02   8.6500000e-01   5.4232100e+02   1.1213424e+02
   5.4291200e+02   9.0600000e-01   5.4323100e+02   1.1114686e+02
   5.4385800e+02   9.4600000e-01   5.4418100e+02   1.0966537e+02
   5.4474700e+02   8.8900000e-01   5.4507100e+02   1.0839742e+02
   5.4560600e+02   8.5900000e-01   5.4592100e+02   1.0839742e+02
   5.4648600e+02   8.8000000e-01   5.4680100e+02   1.0718575e+02
   5.4735100e+02   8.6500000e-01   5.4767100e+02   1.0607505e+02
   5.4818300e+02   8.3200000e-01   5.4850100e+02   1.0669247e+02
   5.4902600e+02   8.4300000e-01   5.4935100e+02   1.0818472e+02
   5.4991200e+02   8.8600000e-01   5.5023100e+02   1.0855467e+02
   5.5077100e+02   8.5900000e-01   5.5109100e+02   1.0903719e+02
   5.5160700e+02   8.3600000e-01   5.5193100e+02   1.1000222e+02
   5.5246200e+02   8.5500000e-01   5.5277100e+02   1.1086628e+02
   5.5337000e+02   9.0800000e-01   5.5369100e+02   1.0990125e+02
   5.5428300e+02   9.1300000e-01   5.5460100e+02   1.0944108e+02
   5.5514300e+02   8.6100000e-01   5.5546100e+02   1.0865565e+02
   5.5595900e+02   8.1600000e-01   5.5628100e+02   1.0877897e+02
   5.5678500e+02   8.2600000e-01   5.5710100e+02   1.0909347e+02
   5.5764000e+02   8.5500000e-01   5.5796100e+02   1.0865565e+02
   5.5854700e+02   9.0700000e-01   5.5886100e+02   1.0814002e+02
   5.5941500e+02   8.6900000e-01   5.5974100e+02   1.0699539e+02
   5.6023800e+02   8.2300000e-01   5.6056100e+02   1.0680421e+02
   5.6106300e+02   8.2500000e-01   5.6138100e+02   1.0718575e+02
   5.6193600e+02   8.7300000e-01   5.6225100e+02   1.0631093e+02
   5.6285100e+02   9.1400000e-01   5.6316100e+02   1.0568275e+02
   5.6374300e+02   8.9200000e-01   5.6406100e+02   1.0464985e+02
   5.6457100e+02   8.2800000e-01   5.6489100e+02   1.0395463e+02
   5.6539400e+02   8.2300000e-01   5.6571100e+02   1.0454887e+02
   5.6624800e+02   8.5400000e-01   5.6656100e+02   1.0426830e+02
   5.6712600e+02   8.7800000e-01   5.6744100e+02   1.0313526e+02
   5.6801100e+02   8.8500000e-01   5.6833100e+02   1.0300035e+02
   5.6883200e+02   8.2100000e-01   5.6915100e+02   1.0263039e+02
   5.6967900e+02   8.4700000e-01   5.6999100e+02   1.0278765e+02
   5.7054100e+02   8.6200000e-01   5.7086100e+02   1.0183420e+02
   5.7140400e+02   8.6300000e-01   5.7172100e+02   1.0134010e+02
   5.7224300e+02   8.3900000e-01   5.7257100e+02   1.0100325e+02
   5.7302100e+02   7.7800000e-01   5.7334100e+02   1.0100325e+02
   5.7375800e+02   7.3700000e-01   5.7407100e+02   1.0265274e+02
   5.7454600e+02   7.8800000e-01   5.7486100e+02   1.0497511e+02
   5.7543800e+02   8.9200000e-01   5.7575100e+02   1.0626624e+02
   5.7634600e+02   9.0900000e-01   5.7666100e+02   1.0746632e+02
   5.7721000e+02   8.6400000e-01   5.7753100e+02   1.0778083e+02
   5.7797800e+02   7.6800000e-01   5.7830100e+02   1.0872269e+02
   5.7870500e+02   7.2600000e-01   5.7902100e+02   1.0824100e+02
   5.7949800e+02   7.9300000e-01   5.7982100e+02   1.0769061e+02
   5.8024300e+02   7.4500000e-01   5.8056100e+02   1.0846529e+02
   5.8101900e+02   7.7600000e-01   5.8134100e+02   1.0983421e+02
   5.8182700e+02   8.0800000e-01   5.8214100e+02   1.1187601e+02
   5.8269800e+02   8.7100000e-01   5.8302100e+02   1.1293043e+02
   5.8353200e+02   8.3300000e-01   5.8386100e+02   1.1515266e+02
   5.8435100e+02   8.1900000e-01   5.8466100e+02   1.1664490e+02
   5.8521900e+02   8.6800000e-01   5.8553100e+02   1.1813714e+02
   5.8612800e+02   9.0900000e-01   5.8644100e+02   1.1685760e+02
   5.8704200e+02   9.1400000e-01   5.8735100e+02   1.1630805e+02
   5.8794900e+02   9.0700000e-01   5.8826100e+02   1.1521969e+02
   5.8883100e+02   8.8200000e-01   5.8915100e+02   1.1445661e+02
   5.8968000e+02   8.4900000e-01   5.8999100e+02   1.1406430e+02
   5.9055400e+02   8.7400000e-01   5.9086100e+02   1.1309927e+02
   5.9147200e+02   9.1800000e-01   5.9178100e+02   1.1304299e+02
   5.9240100e+02   9.2800000e-01   5.9271100e+02   1.1275083e+02
   5.9331600e+02   9.1500000e-01   5.9363100e+02   1.1206637e+02
   5.9419800e+02   8.8200000e-01   5.9451100e+02   1.1168565e+02
   5.9505800e+02   8.6000000e-01   5.9537100e+02   1.1186442e+02
   5.9594300e+02   8.8500000e-01   5.9625100e+02   1.1219052e+02
   5.9687800e+02   9.3400000e-01   5.9718100e+02   1.1088863e+02
   5.9779700e+02   9.1900000e-01   5.9810100e+02   1.1010320e+02
   5.9870900e+02   9.1200000e-01   5.9902100e+02   1.1031673e+02
   5.9958800e+02   8.7900000e-01   5.9990100e+02   1.0854391e+02
   6.0042300e+02   8.3500000e-01   6.0074100e+02   1.0870034e+02
   6.0126200e+02   8.3900000e-01   6.0157100e+02   1.0918286e+02
   6.0215600e+02   8.9400000e-01   6.0246100e+02   1.0908188e+02
   6.0308900e+02   9.3300000e-01   6.0340100e+02   1.1019258e+02
   6.0399900e+02   9.0900000e-01   6.0431100e+02   1.0947501e+02
   6.0487600e+02   8.7800000e-01   6.0519100e+02   1.1019258e+02
   6.0574600e+02   8.7000000e-01   6.0606100e+02   1.0981104e+02
   6.0665100e+02   9.0500000e-01   6.0696100e+02   1.0937404e+02
   6.0757600e+02   9.2400000e-01   6.0789100e+02   1.0876821e+02
   6.0844600e+02   8.7000000e-01   6.0876100e+02   1.0727596e+02
   6.0928400e+02   8.3800000e-01   6.0959100e+02   1.0787021e+02
   6.1016100e+02   8.7700000e-01   6.1047100e+02   1.0720810e+02
   6.1106900e+02   9.0900000e-01   6.1138100e+02   1.0624306e+02
   6.1199700e+02   9.2800000e-01   6.1231100e+02   1.0540218e+02
   6.1286100e+02   8.6500000e-01   6.1318100e+02   1.0423520e+02
   6.1368200e+02   8.2000000e-01   6.1400100e+02   1.0477317e+02
   6.1449100e+02   8.0900000e-01   6.1481100e+02   1.0536824e+02
   6.1536800e+02   8.7700000e-01   6.1568100e+02   1.0660226e+02
   6.1630300e+02   9.3600000e-01   6.1661100e+02   1.0736535e+02
   6.1721100e+02   9.0700000e-01   6.1752100e+02   1.0932935e+02
   6.1808200e+02   8.7100000e-01   6.1840100e+02   1.1064199e+02
   6.1887600e+02   7.9400000e-01   6.1920100e+02   1.1058571e+02
   6.1970000e+02   8.2400000e-01   6.2001100e+02   1.1038377e+02
   6.2054200e+02   8.4100000e-01   6.2086100e+02   1.1005850e+02
   6.2139100e+02   8.4900000e-01   6.2170100e+02   1.1086628e+02
   6.2231600e+02   9.2500000e-01   6.2262100e+02   1.1077607e+02
   6.2329500e+02   9.8000000e-01   6.2361100e+02   1.0861095e+02
   6.2423100e+02   9.3600000e-01   6.2455100e+02   1.0720810e+02
   6.2512800e+02   8.9700000e-01   6.2544100e+02   1.0717499e+02
   6.2604900e+02   9.2100000e-01   6.2636100e+02   1.0598567e+02
   6.2698200e+02   9.3300000e-01   6.2729100e+02   1.0508767e+02
   6.2786400e+02   8.8200000e-01   6.2818100e+02   1.0460515e+02
   6.2875400e+02   8.9000000e-01   6.2907100e+02   1.0552550e+02
   6.2968800e+02   9.3400000e-01   6.3000100e+02   1.0516630e+02
   6.3060400e+02   9.1600000e-01   6.3092100e+02   1.0389835e+02
   6.3146500e+02   8.6100000e-01   6.3179100e+02   1.0325858e+02
   6.3228700e+02   8.2200000e-01   6.3260100e+02   1.0484103e+02
   6.3319200e+02   9.0500000e-01   6.3350100e+02   1.0525568e+02
   6.3412800e+02   9.3600000e-01   6.3444100e+02   1.0463909e+02
   6.3502000e+02   8.9200000e-01   6.3534100e+02   1.0360702e+02
   6.3586800e+02   8.4800000e-01   6.3618100e+02   1.0458281e+02
   6.3678500e+02   9.1700000e-01   6.3710100e+02   1.0457122e+02
   6.3772100e+02   9.3600000e-01   6.3804100e+02   1.0323623e+02
   6.3860000e+02   8.7800000e-01   6.3892100e+02   1.0228278e+02
   6.3942000e+02   8.2100000e-01   6.3974100e+02   1.0386441e+02
   6.4030200e+02   8.8100000e-01   6.4062100e+02   1.0373033e+02
   6.4121900e+02   9.1700000e-01   6.4153100e+02   1.0343818e+02
   6.4211100e+02   8.9200000e-01   6.4242100e+02   1.0331486e+02
   6.4295700e+02   8.4700000e-01   6.4327100e+02   1.0412264e+02
   6.4374100e+02   7.8300000e-01   6.4406100e+02   1.0415657e+02
   6.4453800e+02   7.9800000e-01   6.4485100e+02   1.0394304e+02
   6.4533300e+02   7.9500000e-01   6.4565100e+02   1.0416733e+02
   6.4612800e+02   7.9500000e-01   6.4643100e+02   1.0530120e+02
   6.4702400e+02   8.9600000e-01   6.4733100e+02   1.0526727e+02
   6.4791600e+02   8.9200000e-01   6.4823100e+02   1.0433617e+02
   6.4878400e+02   8.6800000e-01   6.4910100e+02   1.0307898e+02
   6.4960900e+02   8.2500000e-01   6.4993100e+02   1.0357308e+02
   6.5047600e+02   8.6800000e-01   6.5079100e+02   1.0407794e+02
   6.5134900e+02   8.7300000e-01   6.5166100e+02   1.0256336e+02
   6.5222700e+02   8.7800000e-01   6.5255100e+02   1.0197987e+02
   6.5309800e+02   8.7000000e-01   6.5341100e+02   1.0155363e+02
   6.5392500e+02   8.2700000e-01   6.5424100e+02   1.0140714e+02
   6.5472800e+02   8.0300000e-01   6.5504100e+02   1.0246238e+02
   6.5556800e+02   8.4000000e-01   6.5588100e+02   1.0337114e+02
   6.5650700e+02   9.3900000e-01   6.5682100e+02   1.0316919e+02
   6.5749100e+02   9.8300000e-01   6.5780100e+02   1.0275371e+02
   6.5840200e+02   9.1100000e-01   6.5872100e+02   1.0150811e+02
   6.5926200e+02   8.6000000e-01   6.5958100e+02   1.0174399e+02
   6.6015400e+02   8.9200000e-01   6.6046100e+02   1.0159832e+02
   6.6108500e+02   9.3200000e-01   6.6140100e+02   1.0143031e+02
   6.6201700e+02   9.3200000e-01   6.6234100e+02   1.0110422e+02
   6.6289300e+02   8.7500000e-01   6.6322100e+02   1.0093621e+02
   6.6375300e+02   8.6000000e-01   6.6407100e+02   1.0242845e+02
   6.6467400e+02   9.2200000e-01   6.6499100e+02   1.0276530e+02
   6.6562800e+02   9.5300000e-01   6.6594100e+02   1.0221492e+02
   6.6655900e+02   9.3100000e-01   6.6687100e+02   1.0154204e+02
   6.6746300e+02   9.0400000e-01   6.6778100e+02   1.0074585e+02
   6.6831800e+02   8.5500000e-01   6.6864100e+02   1.0064488e+02
   6.6915200e+02   8.3500000e-01   6.6947100e+02   1.0141872e+02
   6.7005400e+02   9.0200000e-01   6.7037100e+02   1.0214788e+02
   6.7102300e+02   9.6900000e-01   6.7133100e+02   1.0173323e+02
   6.7197100e+02   9.4800000e-01   6.7229100e+02   1.0178868e+02
   6.7284900e+02   8.7800000e-01   6.7317100e+02   1.0178868e+02
   6.7368800e+02   8.3900000e-01   6.7401100e+02   1.0223809e+02
   6.7452600e+02   8.3800000e-01   6.7485100e+02   1.0424596e+02
   6.7547200e+02   9.4600000e-01   6.7579100e+02   1.0603036e+02
   6.7648100e+02   1.0090000e+00   6.7680100e+02   1.0653522e+02
   6.7743600e+02   9.5600000e-01   6.7775100e+02   1.0769061e+02
   6.7837000e+02   9.3400000e-01   6.7869100e+02   1.0718575e+02
   6.7928900e+02   9.1900000e-01   6.7960100e+02   1.0627700e+02
   6.8018100e+02   8.9100000e-01   6.8050100e+02   1.0486338e+02
   6.8103100e+02   8.5100000e-01   6.8135100e+02   1.0439245e+02
   6.8186100e+02   8.3000000e-01   6.8218100e+02   1.0526727e+02
   6.8271800e+02   8.5600000e-01   6.8303100e+02   1.0500904e+02
   6.8363200e+02   9.1400000e-01   6.8394100e+02   1.0511002e+02
   6.8455100e+02   9.1900000e-01   6.8486100e+02   1.0503139e+02
   6.8547800e+02   9.2700000e-01   6.8579100e+02   1.0438086e+02
   6.8634500e+02   8.6700000e-01   6.8667100e+02   1.0416733e+02
   6.8718200e+02   8.3700000e-01   6.8750100e+02   1.0594014e+02
   6.8802000e+02   8.3800000e-01   6.8833100e+02   1.0706243e+02
   6.8889100e+02   8.7100000e-01   6.8921100e+02   1.0827410e+02
   6.8979100e+02   9.0000000e-01   6.9011100e+02   1.0901484e+02
   6.9065000e+02   8.5900000e-01   6.9097100e+02   1.1021576e+02
   6.9151000e+02   8.6000000e-01   6.9183100e+02   1.1230225e+02
   6.9241200e+02   9.0300000e-01   6.9273100e+02   1.1291967e+02
   6.9336200e+02   9.5000000e-01   6.9368100e+02   1.1241481e+02
   6.9430400e+02   9.4200000e-01   6.9462100e+02   1.1147212e+02
   6.9516500e+02   8.6100000e-01   6.9549100e+02   1.1013713e+02
   6.9598200e+02   8.1700000e-01   6.9630100e+02   1.1031673e+02
   6.9677300e+02   7.9100000e-01   6.9708100e+02   1.1012554e+02
   6.9759600e+02   8.2300000e-01   6.9790100e+02   1.1072062e+02
   6.9846000e+02   8.6400000e-01   6.9877100e+02   1.1015948e+02
   6.9933200e+02   8.7200000e-01   6.9964100e+02   1.1041770e+02
   7.0017100e+02   8.3800000e-01   7.0048100e+02   1.1146053e+02
   7.0106600e+02   8.9500000e-01   7.0138100e+02   1.1109058e+02
   7.0197400e+02   9.0800000e-01   7.0229100e+02   1.0976635e+02
   7.0285000e+02   8.7600000e-01   7.0317100e+02   1.0746632e+02
   7.0368400e+02   8.3500000e-01   7.0400100e+02   1.0765751e+02
   7.0452700e+02   8.4300000e-01   7.0484100e+02   1.0704008e+02
   7.0536600e+02   8.3900000e-01   7.0567100e+02   1.0691677e+02
   7.0614600e+02   7.8000000e-01   7.0646100e+02   1.0710712e+02
   7.0687500e+02   7.2900000e-01   7.0719100e+02   1.0807216e+02
   7.0757700e+02   7.0200000e-01   7.0789100e+02   1.0948577e+02
   7.0831100e+02   7.3400000e-01   7.0862100e+02   1.1058571e+02
   7.0903400e+02   7.2300000e-01   7.0935100e+02   1.1271773e+02
   7.0986600e+02   8.3200000e-01   7.1017100e+02   1.1462462e+02
   7.1068400e+02   8.1800000e-01   7.1099100e+02   1.1383918e+02
   7.1143300e+02   7.4900000e-01   7.1174100e+02   1.1306534e+02
   7.1216800e+02   7.3600000e-01   7.1248100e+02   1.1342453e+02
   7.1294900e+02   7.8100000e-01   7.1326100e+02   1.1168565e+02
   7.1371200e+02   7.6300000e-01   7.1402100e+02   1.1127018e+02
   7.1450800e+02   7.9600000e-01   7.1482100e+02   1.1144977e+02
   7.1539000e+02   8.8200000e-01   7.1570100e+02   1.1047315e+02
   7.1621600e+02   8.2600000e-01   7.1653100e+02   1.0903719e+02
   7.1699600e+02   7.8000000e-01   7.1731100e+02   1.1009161e+02
   7.1782000e+02   8.2300000e-01   7.1813100e+02   1.1109058e+02
   7.1871200e+02   8.9300000e-01   7.1902100e+02   1.1093332e+02
   7.1960100e+02   8.8800000e-01   7.1991100e+02   1.1088863e+02
   7.2048600e+02   8.8500000e-01   7.2080100e+02   1.0943032e+02
   7.2131800e+02   8.3300000e-01   7.2163100e+02   1.0879055e+02
   7.2213300e+02   8.1400000e-01   7.2245100e+02   1.0911582e+02
   7.2298100e+02   8.4800000e-01   7.2329100e+02   1.0834197e+02
   7.2384700e+02   8.6600000e-01   7.2415100e+02   1.0670323e+02
   7.2472700e+02   8.8000000e-01   7.2504100e+02   1.0588469e+02
   7.2555000e+02   8.2300000e-01   7.2587100e+02   1.0552550e+02
   7.2633500e+02   7.8500000e-01   7.2665100e+02   1.0620996e+02
   7.2716100e+02   8.2600000e-01   7.2747100e+02   1.0599642e+02
   7.2802300e+02   8.6200000e-01   7.2833100e+02   1.0607505e+02
   7.2883000e+02   8.0700000e-01   7.2914100e+02   1.0642266e+02
   7.2957900e+02   7.5000000e-01   7.2990100e+02   1.0644501e+02
   7.3030900e+02   7.3000000e-01   7.3062100e+02   1.0643425e+02
   7.3107700e+02   7.6800000e-01   7.3139100e+02   1.0711871e+02
   7.3184300e+02   7.6600000e-01   7.3216100e+02   1.0770220e+02
   7.3266800e+02   8.2600000e-01   7.3298100e+02   1.0815078e+02
   7.3354600e+02   8.7800000e-01   7.3386100e+02   1.0771296e+02
   7.3443900e+02   8.9300000e-01   7.3475100e+02   1.0624306e+02
   7.3533300e+02   8.9400000e-01   7.3565100e+02   1.0587311e+02
   7.3618600e+02   8.5300000e-01   7.3650100e+02   1.0429148e+02
   7.3699700e+02   8.1200000e-01   7.3732100e+02   1.0356149e+02
   7.3778000e+02   7.8300000e-01   7.3810100e+02   1.0342742e+02
   7.3856300e+02   7.8300000e-01   7.3888100e+02   1.0447025e+02
   7.3941600e+02   8.5200000e-01   7.3973100e+02   1.0546922e+02
   7.4034600e+02   9.3000000e-01   7.4065100e+02   1.0524492e+02
   7.4129900e+02   9.5300000e-01   7.4161100e+02   1.0497511e+02
   7.4222300e+02   9.2400000e-01   7.4254100e+02   1.0398773e+02
   7.4306900e+02   8.4600000e-01   7.4339100e+02   1.0248473e+02
   7.4387100e+02   8.0300000e-01   7.4419100e+02   1.0310132e+02
   7.4468700e+02   8.1500000e-01   7.4501100e+02   1.0495277e+02
   7.4556000e+02   8.7300000e-01   7.4587100e+02   1.0532355e+02
   7.4645900e+02   8.9900000e-01   7.4677100e+02   1.0638956e+02
   7.4738300e+02   9.2400000e-01   7.4770100e+02   1.0653522e+02
   7.4825400e+02   8.7000000e-01   7.4857100e+02   1.0657991e+02
   7.4912500e+02   8.7200000e-01   7.4944100e+02   1.0747791e+02
   7.5003900e+02   9.1300000e-01   7.5036100e+02   1.0736535e+02
   7.5099400e+02   9.5500000e-01   7.5131100e+02   1.0580607e+02
   7.5194000e+02   9.4600000e-01   7.5226100e+02   1.0479634e+02
   7.5281300e+02   8.7300000e-01   7.5314100e+02   1.0379737e+02
   7.5363700e+02   8.2400000e-01   7.5396100e+02   1.0452653e+02
   7.5447600e+02   8.3900000e-01   7.5479100e+02   1.0456046e+02
   7.5534600e+02   8.7000000e-01   7.5565100e+02   1.0459440e+02
   7.5627100e+02   9.2500000e-01   7.5658100e+02   1.0486338e+02
   7.5718200e+02   9.1100000e-01   7.5750100e+02   1.0513236e+02
   7.5806300e+02   8.8100000e-01   7.5838100e+02   1.0604112e+02
   7.5896800e+02   9.0500000e-01   7.5929100e+02   1.0565957e+02
   7.5990600e+02   9.3800000e-01   7.6022100e+02   1.0493042e+02
   7.6080300e+02   8.9600000e-01   7.6112100e+02   1.0393228e+02
   7.6166700e+02   8.6400000e-01   7.6198100e+02   1.0439245e+02
   7.6256900e+02   9.0300000e-01   7.6288100e+02   1.0459440e+02
   7.6346500e+02   8.9500000e-01   7.6378100e+02   1.0329251e+02
   7.6432100e+02   8.5600000e-01   7.6464100e+02   1.0310132e+02
   7.6515600e+02   8.3500000e-01   7.6547100e+02   1.0393228e+02
   7.6605500e+02   8.9900000e-01   7.6636100e+02   1.0431382e+02
   7.6699100e+02   9.3600000e-01   7.6730100e+02   1.0470613e+02
   7.6786100e+02   8.6900000e-01   7.6818100e+02   1.0430224e+02
   7.6866600e+02   8.0600000e-01   7.6898100e+02   1.0420126e+02
   7.6946700e+02   8.0000000e-01   7.6978100e+02   1.0431382e+02
   7.7025700e+02   7.9000000e-01   7.7058100e+02   1.0383131e+02
   7.7107700e+02   8.2000000e-01   7.7139100e+02   1.0580607e+02
   7.7193800e+02   8.6100000e-01   7.7225100e+02   1.0610898e+02
   7.7282900e+02   8.9100000e-01   7.7315100e+02   1.0579448e+02
   7.7367200e+02   8.4300000e-01   7.7399100e+02   1.0681579e+02
   7.7455400e+02   8.8200000e-01   7.7487100e+02   1.0779159e+02
   7.7548100e+02   9.2700000e-01   7.7579100e+02   1.0725362e+02
   7.7638900e+02   9.0800000e-01   7.7671100e+02   1.0572744e+02
   7.7723100e+02   8.4100000e-01   7.7755100e+02   1.0583917e+02
   7.7808900e+02   8.5800000e-01   7.7840100e+02   1.0531196e+02
   7.7900200e+02   9.1300000e-01   7.7932100e+02   1.0474006e+02
   7.7993300e+02   9.3100000e-01   7.8025100e+02   1.0289938e+02
   7.8075800e+02   8.2500000e-01   7.8108100e+02   1.0355074e+02
   7.8157000e+02   8.1200000e-01   7.8188100e+02   1.0402167e+02
   7.8239500e+02   8.2500000e-01   7.8272100e+02   1.0526727e+02
   7.8324000e+02   8.4500000e-01   7.8356100e+02   1.0755653e+02
   7.8411900e+02   8.7900000e-01   7.8444100e+02   1.1042846e+02
   7.8509700e+02   9.7800000e-01   7.8542100e+02   1.1304299e+02
   7.8612400e+02   1.0270000e+00   7.8644100e+02   1.1524204e+02
   7.8712200e+02   9.9800000e-01   7.8744100e+02   1.1501775e+02
   7.8804800e+02   9.2700000e-01   7.8837100e+02   1.1436722e+02
   7.8900800e+02   9.6000000e-01   7.8932100e+02   1.1407506e+02
   7.8999100e+02   9.8200000e-01   7.9031100e+02   1.1266145e+02
   7.9090500e+02   9.1400000e-01   7.9122100e+02   1.1105664e+02
   7.9181200e+02   9.0700000e-01   7.9213100e+02   1.1065275e+02
   7.9276500e+02   9.5300000e-01   7.9308100e+02   1.0987890e+02
   7.9371400e+02   9.4900000e-01   7.9403100e+02   1.0883525e+02
   7.9459900e+02   8.8500000e-01   7.9491100e+02   1.0801588e+02
   7.9549500e+02   8.9600000e-01   7.9580100e+02   1.0843135e+02
   7.9642200e+02   9.2700000e-01   7.9674100e+02   1.0692752e+02
   7.9735800e+02   9.3600000e-01   7.9767100e+02   1.0552550e+02
   7.9823500e+02   8.7600000e-01   7.9855100e+02   1.0539059e+02
   7.9911700e+02   8.8300000e-01   7.9943100e+02   1.0582841e+02
   8.0005900e+02   9.4200000e-01   8.0037100e+02   1.0558177e+02
   8.0101000e+02   9.5200000e-01   8.0132100e+02   1.0557019e+02
   8.0191400e+02   9.0300000e-01   8.0223100e+02   1.0468378e+02
   8.0275200e+02   8.3800000e-01   8.0307100e+02   1.0480710e+02
   8.0357300e+02   8.2200000e-01   8.0389100e+02   1.0594014e+02
   8.0445100e+02   8.7700000e-01   8.0476100e+02   1.0552550e+02
   8.0538400e+02   9.3300000e-01   8.0569100e+02   1.0597408e+02
   8.0629800e+02   9.1500000e-01   8.0661100e+02   1.0774689e+02
   8.0713800e+02   8.3900000e-01   8.0745100e+02   1.0905954e+02
   8.0796300e+02   8.2600000e-01   8.0829100e+02   1.1040611e+02
   8.0883100e+02   8.6700000e-01   8.0915100e+02   1.1213424e+02
   8.0971800e+02   8.8800000e-01   8.1003100e+02   1.1229149e+02
   8.1050700e+02   7.8800000e-01   8.1082100e+02   1.1293043e+02
   8.1126700e+02   7.6000000e-01   8.1158100e+02   1.1299830e+02
   8.1208700e+02   8.2000000e-01   8.1240100e+02   1.1295278e+02
   8.1289100e+02   8.0400000e-01   8.1320100e+02   1.1261675e+02
   8.1375500e+02   8.6400000e-01   8.1406100e+02   1.1287498e+02
   8.1468900e+02   9.3400000e-01   8.1500100e+02   1.1236929e+02
   8.1563400e+02   9.4400000e-01   8.1594100e+02   1.1060806e+02
   8.1655600e+02   9.2200000e-01   8.1687100e+02   1.0833038e+02
   8.1741500e+02   8.6000000e-01   8.1773100e+02   1.0798277e+02
   8.1827700e+02   8.6100000e-01   8.1859100e+02   1.0778083e+02
   8.1918800e+02   9.1100000e-01   8.1950100e+02   1.0721968e+02
   8.2012900e+02   9.4100000e-01   8.2044100e+02   1.0629934e+02
   8.2105600e+02   9.2700000e-01   8.2137100e+02   1.0509926e+02
   8.2192200e+02   8.6600000e-01   8.2224100e+02   1.0427989e+02
   8.2274500e+02   8.2300000e-01   8.2306100e+02   1.0512160e+02
   8.2359800e+02   8.5300000e-01   8.2391100e+02   1.0532355e+02
   8.2452300e+02   9.2500000e-01   8.2483100e+02   1.0545763e+02
   8.2548300e+02   9.6000000e-01   8.2580100e+02   1.0579448e+02
   8.2639400e+02   9.1100000e-01   8.2671100e+02   1.0494201e+02
   8.2725200e+02   8.5800000e-01   8.2757100e+02   1.0616526e+02
   8.2814600e+02   8.9400000e-01   8.2846100e+02   1.0588469e+02
   8.2909000e+02   9.4300000e-01   8.2940100e+02   1.0577213e+02
   8.3001600e+02   9.2700000e-01   8.3033100e+02   1.0530120e+02
   8.3088100e+02   8.6500000e-01   8.3120100e+02   1.0513236e+02
   8.3172400e+02   8.4300000e-01   8.3204100e+02   1.0609740e+02
   8.3259800e+02   8.7500000e-01   8.3291100e+02   1.0632169e+02
   8.3351700e+02   9.1900000e-01   8.3383100e+02   1.0560412e+02
   8.3445000e+02   9.3300000e-01   8.3476100e+02   1.0619837e+02
   8.3536400e+02   9.1400000e-01   8.3568100e+02   1.0554784e+02
   8.3622900e+02   8.6500000e-01   8.3655100e+02   1.0545763e+02
   8.3705400e+02   8.2500000e-01   8.3737100e+02   1.0625465e+02
   8.3791400e+02   8.6000000e-01   8.3823100e+02   1.0704008e+02
   8.3874600e+02   8.3200000e-01   8.3907100e+02   1.0765751e+02
   8.3955200e+02   8.0600000e-01   8.3987100e+02   1.0883525e+02
   8.4034800e+02   7.9600000e-01   8.4066100e+02   1.0964303e+02
   8.4122000e+02   8.7200000e-01   8.4153100e+02   1.0918286e+02
   8.4205100e+02   8.3100000e-01   8.4237100e+02   1.0996829e+02
   8.4294200e+02   8.9100000e-01   8.4325100e+02   1.0957599e+02
   8.4386200e+02   9.2000000e-01   8.4418100e+02   1.0890228e+02
   8.4468300e+02   8.2000000e-01   8.4500100e+02   1.0818472e+02
   8.4544300e+02   7.6000000e-01   8.4576100e+02   1.0750025e+02
   8.4620700e+02   7.6400000e-01   8.4652100e+02   1.0752260e+02
   8.4700000e+02   7.9400000e-01   8.4731100e+02   1.0781393e+02
   8.4781000e+02   8.1000000e-01   8.4812100e+02   1.0905954e+02
   8.4875200e+02   9.4200000e-01   8.4906100e+02   1.0828569e+02
   8.4967500e+02   9.2300000e-01   8.4999100e+02   1.0595173e+02
   8.5051800e+02   8.4300000e-01   8.5084100e+02   1.0594014e+02
   8.5140700e+02   8.8900000e-01   8.5172100e+02   1.0493042e+02
   8.5233200e+02   9.2600000e-01   8.5265100e+02   1.0323623e+02
   8.5326200e+02   9.3000000e-01   8.5358100e+02   1.0219257e+02
   8.5413500e+02   8.7300000e-01   8.5445100e+02   1.0079054e+02
   8.5496500e+02   8.3000000e-01   8.5528100e+02   1.0084682e+02
   8.5578900e+02   8.2300000e-01   8.5610100e+02   1.0135168e+02
   8.5666000e+02   8.7100000e-01   8.5697100e+02   1.0251866e+02
   8.5753400e+02   8.7500000e-01   8.5785100e+02   1.0404401e+02
   8.5837000e+02   8.3600000e-01   8.5869100e+02   1.0701774e+02
   8.5923700e+02   8.6700000e-01   8.5955100e+02   1.0996829e+02
   8.6018800e+02   9.5100000e-01   8.6051100e+02   1.1153916e+02
   8.6112300e+02   9.3400000e-01   8.6144100e+02   1.1194305e+02
   8.6200800e+02   8.8500000e-01   8.6233100e+02   1.1215658e+02
   8.6288900e+02   8.8100000e-01   8.6321100e+02   1.1183132e+02
   8.6379900e+02   9.1000000e-01   8.6411100e+02   1.1048474e+02
   8.6472700e+02   9.2800000e-01   8.6504100e+02   1.0879055e+02
   8.6562600e+02   8.9900000e-01   8.6594100e+02   1.0770220e+02
   8.6648400e+02   8.5800000e-01   8.6680100e+02   1.0747791e+02
   8.6731600e+02   8.3200000e-01   8.6763100e+02   1.0699539e+02
   8.6820000e+02   8.8500000e-01   8.6851100e+02   1.0738770e+02
   8.6912400e+02   9.2300000e-01   8.6944100e+02   1.0704008e+02
   8.7005600e+02   9.3300000e-01   8.7037100e+02   1.0604112e+02
   8.7091700e+02   8.6100000e-01   8.7123100e+02   1.0444790e+02
   8.7172800e+02   8.1100000e-01   8.7204100e+02   1.0468378e+02
   8.7255500e+02   8.2700000e-01   8.7287100e+02   1.0534590e+02
   8.7342400e+02   8.6900000e-01   8.7373100e+02   1.0471771e+02
   8.7427300e+02   8.4900000e-01   8.7458100e+02   1.0475082e+02
   8.7504800e+02   7.7500000e-01   8.7536100e+02   1.0592939e+02
   8.7579200e+02   7.4400000e-01   8.7611100e+02   1.0597408e+02
   8.7661100e+02   8.1900000e-01   8.7692100e+02   1.0650129e+02
   8.7744600e+02   8.3500000e-01   8.7775100e+02   1.0691677e+02
   8.7822900e+02   7.8300000e-01   8.7855100e+02   1.0835273e+02
   8.7906900e+02   8.4100000e-01   8.7939100e+02   1.1050709e+02
   8.7996100e+02   8.9100000e-01   8.8027100e+02   1.1105664e+02
   8.8084200e+02   8.8100000e-01   8.8116100e+02   1.1054102e+02
   8.8168000e+02   8.3800000e-01   8.8200100e+02   1.1097802e+02
   8.8248600e+02   8.0500000e-01   8.8280100e+02   1.1149447e+02
   8.8332200e+02   8.3700000e-01   8.8363100e+02   1.1073138e+02
   8.8417700e+02   8.5500000e-01   8.8448100e+02   1.1008085e+02
   8.8505300e+02   8.7700000e-01   8.8536100e+02   1.0963227e+02
   8.8588400e+02   8.3000000e-01   8.8620100e+02   1.0897015e+02
   8.8668600e+02   8.0300000e-01   8.8700100e+02   1.0921679e+02
   8.8749300e+02   8.0700000e-01   8.8780100e+02   1.0984497e+02
   8.8838100e+02   8.8800000e-01   8.8869100e+02   1.0965461e+02
   8.8929900e+02   9.1800000e-01   8.8961100e+02   1.0846529e+02
   8.9019500e+02   8.9600000e-01   8.9051100e+02   1.0718575e+02
   8.9101400e+02   8.1900000e-01   8.9133100e+02   1.0624306e+02
   8.9178700e+02   7.7300000e-01   8.9210100e+02   1.0592939e+02
   8.9259800e+02   8.1100000e-01   8.9291100e+02   1.0669247e+02
   8.9346200e+02   8.6500000e-01   8.9377100e+02   1.0628858e+02
   8.9437400e+02   9.1100000e-01   8.9469100e+02   1.0684890e+02
   8.9524200e+02   8.6800000e-01   8.9556100e+02   1.0587311e+02
   8.9607800e+02   8.3600000e-01   8.9639100e+02   1.0723044e+02
   8.9693100e+02   8.5300000e-01   8.9725100e+02   1.0672558e+02
   8.9784400e+02   9.1300000e-01   8.9816100e+02   1.0633328e+02
   8.9873400e+02   8.9000000e-01   8.9905100e+02   1.0559253e+02
