   1.2615000e+01   7.7800000e-01   1.2881000e+01   9.0499995e+01
   1.3455000e+01   8.4000000e-01   1.3721000e+01   8.9229699e+01
   1.4234000e+01   7.8000000e-01   1.4501000e+01   8.9893458e+01
   1.5053000e+01   8.1900000e-01   1.5321000e+01   8.8703271e+01
   1.5892000e+01   8.3800000e-01   1.6161000e+01   8.6647909e+01
   1.6670000e+01   7.7900000e-01   1.6951000e+01   8.6927145e+01
   1.7392000e+01   7.2100000e-01   1.7771000e+01   8.8568230e+01
   1.8131000e+01   7.3900000e-01   1.8521000e+01   9.0790676e+01
   1.8904000e+01   7.7300000e-01   1.9171000e+01   8.9399072e+01
   1.9643000e+01   7.3900000e-01   1.9911000e+01   8.8588829e+01
   2.0368000e+01   7.2500000e-01   2.0731000e+01   9.0701412e+01
   2.1126000e+01   7.5800000e-01   2.1491000e+01   9.1117977e+01
   2.1906000e+01   7.7900000e-01   2.2181000e+01   8.8803979e+01
   2.2666000e+01   7.6000000e-01   2.2951000e+01   8.9039727e+01
   2.3464000e+01   7.9800000e-01   2.3841000e+01   9.0028498e+01
   2.4298000e+01   8.3400000e-01   2.4561000e+01   8.9206811e+01
   2.5142000e+01   8.4400000e-01   2.5411000e+01   8.6995810e+01
   2.5921000e+01   7.7900000e-01   2.6291000e+01   8.7634391e+01
   2.6721000e+01   8.0000000e-01   2.7111000e+01   8.8881799e+01
   2.7540000e+01   8.1900000e-01   2.7811000e+01   8.7613792e+01
   2.8354000e+01   8.1400000e-01   2.8631000e+01   8.6915701e+01
   2.9098000e+01   7.4400000e-01   2.9371000e+01   9.0543483e+01
   2.9876000e+01   7.7800000e-01   3.0251000e+01   9.1600918e+01
   3.0695000e+01   8.1900000e-01   3.1081000e+01   9.0296290e+01
   3.1552000e+01   8.5700000e-01   3.1821000e+01   8.9488336e+01
   3.2352000e+01   8.0000000e-01   3.2631000e+01   8.9994166e+01
   3.3112000e+01   7.6100000e-01   3.3381000e+01   9.0499995e+01
   3.3930000e+01   8.1800000e-01   3.4271000e+01   8.9554712e+01
   3.4788000e+01   8.5800000e-01   3.5061000e+01   8.7668723e+01
   3.5627000e+01   8.3900000e-01   3.5901000e+01   8.7151450e+01
   3.6486000e+01   8.5900000e-01   3.6851000e+01   8.7320822e+01
   3.7345000e+01   8.5800000e-01   3.7611000e+01   8.6018483e+01
   3.8187000e+01   8.4200000e-01   3.8471000e+01   8.4411731e+01
   3.8966000e+01   7.7900000e-01   3.9241000e+01   8.5084644e+01
   3.9764000e+01   7.9800000e-01   4.0041000e+01   8.4972492e+01
   4.0560000e+01   7.9700000e-01   4.0821000e+01   8.3974566e+01
   4.1319000e+01   7.5900000e-01   4.1591000e+01   8.4377398e+01
   4.2041000e+01   7.2200000e-01   4.2401000e+01   8.8387413e+01
   4.2797000e+01   7.5700000e-01   4.3181000e+01   8.8465233e+01
   4.3557000e+01   7.6000000e-01   4.3821000e+01   8.7737388e+01
   4.4297000e+01   7.4000000e-01   4.4571000e+01   8.7792320e+01
   4.4997000e+01   7.0000000e-01   4.5321000e+01   9.0028498e+01
   4.5755000e+01   7.5800000e-01   4.6111000e+01   9.0600703e+01
   4.6495000e+01   7.4000000e-01   4.6871000e+01   9.0712856e+01
   4.7194000e+01   6.9900000e-01   4.7471000e+01   9.0667079e+01
   4.7927000e+01   7.3300000e-01   4.8201000e+01   8.9824793e+01
   4.8626000e+01   6.9900000e-01   4.8991000e+01   9.1600918e+01
   4.9370000e+01   7.4300000e-01   4.9721000e+01   9.2678953e+01
   5.0185000e+01   8.1500000e-01   5.0531000e+01   9.0218470e+01
   5.0947000e+01   7.6200000e-01   5.1321000e+01   9.0195582e+01
   5.1767000e+01   8.2100000e-01   5.2031000e+01   9.0891384e+01
   5.2627000e+01   8.6000000e-01   5.2901000e+01   8.9286920e+01
   5.3466000e+01   8.3900000e-01   5.3751000e+01   8.7993736e+01
   5.4243000e+01   7.7700000e-01   5.4511000e+01   8.8275261e+01
   5.5038000e+01   7.9500000e-01   5.5321000e+01   8.8252373e+01
   5.5863000e+01   8.2500000e-01   5.6131000e+01   8.8657494e+01
   5.6682000e+01   8.1900000e-01   5.6961000e+01   8.5894887e+01
   5.7422000e+01   7.4000000e-01   5.7711000e+01   8.7780876e+01
   5.8161000e+01   7.3900000e-01   5.8541000e+01   8.8488121e+01
   5.8940000e+01   7.7900000e-01   5.9271000e+01   8.8185997e+01
   5.9777000e+01   8.3700000e-01   6.0051000e+01   8.7691612e+01
   6.0615000e+01   8.3800000e-01   6.0881000e+01   8.5670582e+01
   6.1372000e+01   7.5700000e-01   6.1641000e+01   8.7645835e+01
   6.2136000e+01   7.6400000e-01   6.2490000e+01   8.8028068e+01
   6.2956000e+01   8.2000000e-01   6.3231000e+01   8.6725729e+01
   6.3792000e+01   8.3600000e-01   6.4071000e+01   8.5118976e+01
   6.4553000e+01   7.6100000e-01   6.4821000e+01   8.7119406e+01
   6.5332000e+01   7.7900000e-01   6.5721000e+01   8.8781090e+01
   6.6147000e+01   8.1500000e-01   6.6511000e+01   8.9174768e+01
   6.6990000e+01   8.4300000e-01   6.7271000e+01   8.7838096e+01
   6.7769000e+01   7.7900000e-01   6.8051000e+01   8.8433190e+01
   6.8529000e+01   7.6000000e-01   6.8881000e+01   9.0960048e+01
   6.9347000e+01   8.1700000e-01   6.9611000e+01   9.0600703e+01
   7.0186000e+01   8.4000000e-01   7.0461000e+01   8.8387413e+01
   7.0968000e+01   7.8100000e-01   7.1251000e+01   8.8959619e+01
   7.1725000e+01   7.5700000e-01   7.2001000e+01   8.9959833e+01
   7.2524000e+01   7.9900000e-01   7.2901000e+01   8.9623377e+01
   7.3362000e+01   8.3800000e-01   7.3631000e+01   8.8332482e+01
   7.4183000e+01   8.2100000e-01   7.4461000e+01   8.7792320e+01
   7.4960000e+01   7.7700000e-01   7.5231000e+01   9.0049098e+01
   7.5779000e+01   8.1900000e-01   7.6051000e+01   9.0060542e+01
   7.6620000e+01   8.4100000e-01   7.6891000e+01   8.9195367e+01
   7.7480000e+01   8.6000000e-01   7.7771000e+01   8.8298149e+01
   7.8353000e+01   8.7300000e-01   7.8621000e+01   8.7375754e+01
   7.9138000e+01   7.8500000e-01   7.9431000e+01   8.7556571e+01
   7.9916000e+01   7.7800000e-01   8.0181000e+01   8.7803764e+01
   8.0710000e+01   7.9400000e-01   8.0981000e+01   8.6366384e+01
   8.1474000e+01   7.6400000e-01   8.1761000e+01   8.5265461e+01
   8.2232000e+01   7.5800000e-01   8.2601000e+01   8.6478536e+01
   8.3011000e+01   7.7900000e-01   8.3381000e+01   8.7634391e+01
   8.3812000e+01   8.0100000e-01   8.4081000e+01   8.6366384e+01
   8.4611000e+01   7.9900000e-01   8.4901000e+01   8.5130420e+01
   8.5344000e+01   7.3300000e-01   8.5621000e+01   8.7130850e+01
   8.6087000e+01   7.4300000e-01   8.6431000e+01   8.8735314e+01
   8.6788000e+01   7.0100000e-01   8.7141000e+01   8.7355155e+01
   8.7486000e+01   6.9800000e-01   8.7831000e+01   8.7522239e+01
   8.8224000e+01   7.3800000e-01   8.8491000e+01   8.7961692e+01
   8.8941000e+01   7.1600000e-01   8.9301000e+01   9.0532039e+01
   8.9665000e+01   7.2400000e-01   9.0001000e+01   9.2846037e+01
   9.0482000e+01   8.1700000e-01   9.0861000e+01   9.2656065e+01
   9.1363000e+01   8.8100000e-01   9.1641000e+01   9.1037868e+01
   9.2219000e+01   8.5600000e-01   9.2491000e+01   8.9735529e+01
   9.2994000e+01   7.7500000e-01   9.3271000e+01   9.0859340e+01
   9.3799000e+01   8.0500000e-01   9.4161000e+01   9.0284846e+01
   9.4677000e+01   8.7800000e-01   9.5031000e+01   8.8039512e+01
   9.5557000e+01   8.8000000e-01   9.5841000e+01   8.6512869e+01
   9.6374000e+01   8.1700000e-01   9.6651000e+01   8.6915701e+01
   9.7192000e+01   8.1900000e-01   9.7461000e+01   8.6814993e+01
   9.8031000e+01   8.3900000e-01   9.8301000e+01   8.5702626e+01
   9.8847000e+01   8.1600000e-01   9.9141000e+01   8.3727373e+01
   9.9590000e+01   7.4200000e-01   9.9871000e+01   8.5377613e+01
   1.0033000e+02   7.4000000e-01   1.0067100e+02   8.6995810e+01
   1.0110900e+02   7.7900000e-01   1.0139100e+02   8.7792320e+01
   1.0190900e+02   8.0000000e-01   1.0219100e+02   8.7568015e+01
   1.0268200e+02   7.7300000e-01   1.0302100e+02   8.8657494e+01
   1.0342600e+02   7.4400000e-01   1.0380100e+02   9.1095089e+01
   1.0424500e+02   8.1900000e-01   1.0459100e+02   9.0937160e+01
   1.0514400e+02   8.9800000e-01   1.0542100e+02   8.8680382e+01
   1.0602200e+02   8.7900000e-01   1.0630100e+02   8.7130850e+01
   1.0680200e+02   7.8000000e-01   1.0709100e+02   8.8488121e+01
   1.0760100e+02   7.9900000e-01   1.0795100e+02   8.7973137e+01
   1.0845500e+02   8.5300000e-01   1.0872000e+02   8.6556356e+01
   1.0933300e+02   8.7900000e-01   1.0960100e+02   8.5084644e+01
   1.1015300e+02   8.2000000e-01   1.1043100e+02   8.5176197e+01
   1.1091700e+02   7.6400000e-01   1.1119100e+02   8.6309163e+01
   1.1171500e+02   7.9900000e-01   1.1203100e+02   8.6332052e+01
   1.1255400e+02   8.3900000e-01   1.1283100e+02   8.5613362e+01
   1.1341400e+02   8.6000000e-01   1.1370100e+02   8.5018268e+01
   1.1423300e+02   8.1900000e-01   1.1452100e+02   8.5883443e+01
   1.1506600e+02   8.3400000e-01   1.1534100e+02   8.5759846e+01
   1.1590600e+02   8.3900000e-01   1.1618100e+02   8.3883013e+01
   1.1670900e+02   8.0300000e-01   1.1699100e+02   8.2951463e+01
   1.1747000e+02   7.6000000e-01   1.1775100e+02   8.4365954e+01
   1.1826900e+02   8.0000000e-01   1.1855100e+02   8.4771076e+01
   1.1912700e+02   8.5800000e-01   1.1940100e+02   8.4569659e+01
   1.1998600e+02   8.5900000e-01   1.2025100e+02   8.4006609e+01
   1.2090600e+02   9.2000000e-01   1.2119100e+02   8.3635820e+01
   1.2182300e+02   9.1600000e-01   1.2210100e+02   8.3468736e+01
   1.2271900e+02   8.9600000e-01   1.2300100e+02   8.3715929e+01
   1.2358200e+02   8.6300000e-01   1.2386100e+02   8.4670367e+01
   1.2442200e+02   8.4000000e-01   1.2471100e+02   8.5242573e+01
   1.2517500e+02   7.5300000e-01   1.2547100e+02   8.7387198e+01
   1.2591400e+02   7.3900000e-01   1.2618100e+02   8.9936945e+01
   1.2665900e+02   7.4500000e-01   1.2703100e+02   8.8971063e+01
   1.2745300e+02   7.9400000e-01   1.2772100e+02   8.8398857e+01
   1.2825700e+02   8.0500000e-01   1.2853100e+02   8.8341637e+01
   1.2903700e+02   7.8000000e-01   1.2931100e+02   8.9275476e+01
   1.2985600e+02   8.1900000e-01   1.3013100e+02   8.7961692e+01
   1.3071300e+02   8.5700000e-01   1.3099100e+02   8.5636250e+01
   1.3151300e+02   8.0100000e-01   1.3179100e+02   8.5466877e+01
   1.3235100e+02   8.3800000e-01   1.3262100e+02   8.5725514e+01
   1.3318700e+02   8.3500000e-01   1.3345100e+02   8.4906116e+01
   1.3401200e+02   8.2500000e-01   1.3430100e+02   8.2761490e+01
   1.3480400e+02   7.9200000e-01   1.3507100e+02   8.4681811e+01
   1.3560800e+02   8.0400000e-01   1.3588100e+02   8.5501210e+01
   1.3642900e+02   8.2100000e-01   1.3670100e+02   8.4961048e+01
   1.3726700e+02   8.3800000e-01   1.3754100e+02   8.4793964e+01
   1.3810700e+02   8.4000000e-01   1.3840100e+02   8.5006824e+01
   1.3896600e+02   8.5900000e-01   1.3924100e+02   8.5949819e+01
   1.3982600e+02   8.5900000e-01   1.4012100e+02   8.5771290e+01
   1.4070400e+02   8.7900000e-01   1.4099100e+02   8.5064045e+01
   1.4158400e+02   8.8000000e-01   1.4186100e+02   8.4388842e+01
   1.4242300e+02   8.3900000e-01   1.4270100e+02   8.1997024e+01
   1.4320200e+02   7.7900000e-01   1.4348100e+02   8.3816637e+01
   1.4399900e+02   7.9800000e-01   1.4427100e+02   8.3805193e+01
   1.4479400e+02   7.9400000e-01   1.4507100e+02   8.3805193e+01
   1.4557900e+02   7.8500000e-01   1.4586100e+02   8.2166397e+01
   1.4631800e+02   7.3900000e-01   1.4660100e+02   8.4345355e+01
   1.4705700e+02   7.3800000e-01   1.4743100e+02   8.6409872e+01
   1.4781000e+02   7.5400000e-01   1.4809100e+02   8.5871999e+01
   1.4861000e+02   8.0000000e-01   1.4888100e+02   8.4736743e+01
   1.4939400e+02   7.8400000e-01   1.4966100e+02   8.5084644e+01
   1.5025300e+02   8.5800000e-01   1.5065100e+02   8.5567585e+01
   1.5113300e+02   8.8100000e-01   1.5141100e+02   8.4940448e+01
   1.5203200e+02   8.9900000e-01   1.5231100e+02   8.5118976e+01
   1.5291100e+02   8.7900000e-01   1.5321100e+02   8.5400501e+01
   1.5370500e+02   7.9400000e-01   1.5399100e+02   8.6590688e+01
   1.5446900e+02   7.6400000e-01   1.5482100e+02   8.9117547e+01
   1.5524800e+02   7.7900000e-01   1.5558100e+02   8.9442560e+01
   1.5606700e+02   8.1900000e-01   1.5634100e+02   8.9318964e+01
   1.5682600e+02   7.5900000e-01   1.5711100e+02   9.0284846e+01
   1.5754600e+02   7.1900000e-01   1.5782100e+02   9.1408657e+01
   1.5828500e+02   7.4000000e-01   1.5862100e+02   9.2173124e+01
   1.5907900e+02   7.9300000e-01   1.5934100e+02   9.0532039e+01
   1.5992400e+02   8.4500000e-01   1.6020100e+02   8.9476892e+01
   1.6074300e+02   8.2000000e-01   1.6103100e+02   9.0060542e+01
   1.6149700e+02   7.5400000e-01   1.6177100e+02   9.0499995e+01
   1.6227600e+02   7.7900000e-01   1.6255100e+02   9.1477322e+01
   1.6308000e+02   8.0400000e-01   1.6336100e+02   8.9724085e+01
   1.6393900e+02   8.5900000e-01   1.6422100e+02   8.8712426e+01
   1.6475800e+02   8.1900000e-01   1.6504100e+02   8.8870355e+01
   1.6551700e+02   7.5800000e-01   1.6579100e+02   8.9859125e+01
   1.6631100e+02   7.9400000e-01   1.6657100e+02   8.9735529e+01
   1.6713500e+02   8.2500000e-01   1.6749100e+02   8.8680382e+01
   1.6801200e+02   8.7700000e-01   1.6828100e+02   8.8028068e+01
   1.6882700e+02   8.1500000e-01   1.6911100e+02   8.8499565e+01
   1.6957300e+02   7.4600000e-01   1.6985100e+02   8.8545342e+01
   1.7032600e+02   7.5400000e-01   1.7068100e+02   8.9994166e+01
   1.7109100e+02   7.6400000e-01   1.7144100e+02   8.9589044e+01
   1.7192400e+02   8.3300000e-01   1.7231100e+02   8.8433190e+01
   1.7274900e+02   8.2500000e-01   1.7302100e+02   8.9600489e+01
   1.7352300e+02   7.7400000e-01   1.7380100e+02   9.0925716e+01
   1.7428100e+02   7.5800000e-01   1.7464100e+02   9.0667079e+01
   1.7506700e+02   7.8600000e-01   1.7534100e+02   9.0005610e+01
   1.7590300e+02   8.3700000e-01   1.7618100e+02   8.8668938e+01
   1.7665900e+02   7.5500000e-01   1.7702100e+02   8.9735529e+01
   1.7737800e+02   7.2000000e-01   1.7776100e+02   9.1678738e+01
   1.7807800e+02   7.0000000e-01   1.7834100e+02   9.1374325e+01
   1.7883600e+02   7.5800000e-01   1.7910100e+02   9.1509366e+01
   1.7966000e+02   8.2500000e-01   1.7995100e+02   9.2891814e+01
   1.8049500e+02   8.3400000e-01   1.8077100e+02   9.3216826e+01
   1.8125900e+02   7.6400000e-01   1.8153100e+02   9.4924287e+01
   1.8205800e+02   8.0000000e-01   1.8234100e+02   9.5171480e+01
   1.8289800e+02   8.3900000e-01   1.8318100e+02   9.3576171e+01
   1.8371700e+02   8.2000000e-01   1.8401100e+02   9.2285276e+01
   1.8451100e+02   7.9400000e-01   1.8479100e+02   9.4407013e+01
   1.8531400e+02   8.0200000e-01   1.8558100e+02   9.3946960e+01
   1.8615300e+02   8.4000000e-01   1.8643100e+02   9.1903043e+01
   1.8695300e+02   7.9900000e-01   1.8723100e+02   9.1980863e+01
   1.8779100e+02   8.3800000e-01   1.8806100e+02   9.2710997e+01
   1.8866600e+02   8.7600000e-01   1.8894100e+02   9.0948604e+01
   1.8952900e+02   8.6200000e-01   1.8981100e+02   8.8746758e+01
   1.9032300e+02   7.9400000e-01   1.9059100e+02   8.8948174e+01
   1.9112800e+02   8.0500000e-01   1.9141100e+02   8.9454004e+01
   1.9194700e+02   8.1900000e-01   1.9222100e+02   8.7950248e+01
   1.9278000e+02   8.3300000e-01   1.9306100e+02   8.7039297e+01
   1.9358400e+02   8.0400000e-01   1.9386100e+02   8.9275476e+01
   1.9446300e+02   8.7900000e-01   1.9484100e+02   8.8916131e+01
   1.9538200e+02   9.1900000e-01   1.9566100e+02   8.8341637e+01
   1.9631700e+02   9.3500000e-01   1.9659100e+02   8.8815423e+01
   1.9724000e+02   9.2300000e-01   1.9752100e+02   9.0454219e+01
   1.9814000e+02   9.0000000e-01   1.9842100e+02   8.9488336e+01
   1.9903800e+02   8.9800000e-01   1.9932100e+02   9.0028498e+01
   1.9991700e+02   8.7900000e-01   2.0019100e+02   9.0511439e+01
   2.0079600e+02   8.7900000e-01   2.0108100e+02   8.8499565e+01
   2.0160900e+02   8.1300000e-01   2.0189100e+02   8.8105888e+01
   2.0235500e+02   7.4600000e-01   2.0263100e+02   8.8568230e+01
   2.0313200e+02   7.7800000e-01   2.0341100e+02   8.9353296e+01
   2.0392900e+02   7.9700000e-01   2.0420100e+02   8.8881799e+01
   2.0476700e+02   8.3900000e-01   2.0504100e+02   8.7533683e+01
   2.0556600e+02   7.9900000e-01   2.0583100e+02   8.9071771e+01
   2.0638800e+02   8.2200000e-01   2.0666100e+02   8.8499565e+01
   2.0723000e+02   8.4200000e-01   2.0751100e+02   8.6636465e+01
   2.0806400e+02   8.3400000e-01   2.0834100e+02   8.5343281e+01
   2.0882700e+02   7.6200000e-01   2.0910100e+02   8.6613577e+01
   2.0960800e+02   7.8100000e-01   2.0999100e+02   8.5972707e+01
   2.1042400e+02   8.1600000e-01   2.1069100e+02   8.5771290e+01
   2.1124400e+02   8.2000000e-01   2.1152100e+02   8.5366169e+01
   2.1204400e+02   8.0000000e-01   2.1233100e+02   8.5894887e+01
   2.1279700e+02   7.5300000e-01   2.1307100e+02   8.5546986e+01
   2.1350200e+02   7.0500000e-01   2.1378100e+02   8.5725514e+01
   2.1422000e+02   7.1800000e-01   2.1450100e+02   8.6254232e+01
   2.1497800e+02   7.5800000e-01   2.1532100e+02   8.6567800e+01
   2.1575900e+02   7.8100000e-01   2.1602100e+02   8.7140006e+01
   2.1659800e+02   8.3900000e-01   2.1688100e+02   8.5434834e+01
   2.1737800e+02   7.7900000e-01   2.1766100e+02   8.6208455e+01
   2.1817600e+02   7.9900000e-01   2.1857100e+02   8.8128776e+01
   2.1899500e+02   8.1900000e-01   2.1927100e+02   8.7973137e+01
   2.1983500e+02   8.4000000e-01   2.2012100e+02   8.7130850e+01
   2.2068800e+02   8.5300000e-01   2.2097100e+02   8.5018268e+01
   2.2141200e+02   7.2500000e-01   2.2170100e+02   8.6197011e+01
   2.2212600e+02   7.1400000e-01   2.2251100e+02   8.8522454e+01
   2.2287000e+02   7.4400000e-01   2.2322100e+02   8.9186212e+01
   2.2367000e+02   7.9900000e-01   2.2402100e+02   8.9589044e+01
   2.2440900e+02   7.4000000e-01   2.2469100e+02   9.2791105e+01
   2.2518800e+02   7.7800000e-01   2.2546100e+02   9.4395569e+01
   2.2604500e+02   8.5700000e-01   2.2632100e+02   9.5441561e+01
   2.2694400e+02   9.0000000e-01   2.2723100e+02   9.5453005e+01
   2.2787900e+02   9.3400000e-01   2.2815100e+02   9.3665435e+01
   2.2882100e+02   9.4200000e-01   2.2909100e+02   9.1520810e+01
   2.2976100e+02   9.4100000e-01   2.3005100e+02   8.8499565e+01
   2.3070000e+02   9.3900000e-01   2.3099100e+02   8.7332267e+01
   2.3161900e+02   9.1800000e-01   2.3190100e+02   8.4098162e+01
   2.3243800e+02   8.2000000e-01   2.3272100e+02   8.4052386e+01
   2.3327700e+02   8.3800000e-01   2.3355100e+02   8.3974566e+01
   2.3413100e+02   8.5500000e-01   2.3440100e+02   8.2592118e+01
   2.3493100e+02   8.0000000e-01   2.3522100e+02   8.2793534e+01
   2.3575100e+02   8.2000000e-01   2.3602100e+02   8.4164538e+01
   2.3657400e+02   8.2300000e-01   2.3685100e+02   8.4535327e+01
   2.3743000e+02   8.5600000e-01   2.3771100e+02   8.1726943e+01
   2.3819100e+02   7.6100000e-01   2.3847100e+02   8.1626235e+01
   2.3893000e+02   7.3900000e-01   2.3921100e+02   8.3445848e+01
   2.3972500e+02   7.9400000e-01   2.4000100e+02   8.3615221e+01
   2.4054300e+02   8.1900000e-01   2.4082100e+02   8.2896531e+01
   2.4140800e+02   8.6400000e-01   2.4169100e+02   8.3422960e+01
   2.4230100e+02   8.9300000e-01   2.4258100e+02   8.1344710e+01
   2.4308200e+02   7.8200000e-01   2.4336100e+02   8.2120620e+01
   2.4384400e+02   7.6100000e-01   2.4420100e+02   8.2804978e+01
   2.4463800e+02   7.9400000e-01   2.4504100e+02   8.2120620e+01
   2.4546200e+02   8.2400000e-01   2.4574100e+02   8.1951248e+01
   2.4627600e+02   8.1500000e-01   2.4657100e+02   8.1692611e+01
   2.4702000e+02   7.4400000e-01   2.4738100e+02   8.4141650e+01
   2.4779900e+02   7.7900000e-01   2.4818100e+02   8.5208240e+01
   2.4863700e+02   8.3800000e-01   2.4897100e+02   8.3457292e+01
   2.4949800e+02   8.6100000e-01   2.4978100e+02   8.1447707e+01
   2.5029300e+02   7.9500000e-01   2.5058100e+02   8.3580888e+01
   2.5103600e+02   7.4300000e-01   2.5142100e+02   8.5670582e+01
   2.5183400e+02   7.9800000e-01   2.5222100e+02   8.5691182e+01
   2.5269000e+02   8.5600000e-01   2.5308100e+02   8.3816637e+01
   2.5353100e+02   8.4100000e-01   2.5382100e+02   8.3075059e+01
   2.5430700e+02   7.7600000e-01   2.5458100e+02   8.5702626e+01
   2.5512700e+02   8.2000000e-01   2.5549100e+02   8.6084859e+01
   2.5598900e+02   8.6200000e-01   2.5627100e+02   8.5018268e+01
   2.5688600e+02   8.9700000e-01   2.5717100e+02   8.3839525e+01
   2.5773100e+02   8.4500000e-01   2.5802100e+02   8.4086718e+01
   2.5850300e+02   7.7200000e-01   2.5878100e+02   8.5725514e+01
   2.5928300e+02   7.8000000e-01   2.5963100e+02   8.7185782e+01
   2.6008100e+02   7.9800000e-01   2.6034100e+02   8.5949819e+01
   2.6090600e+02   8.2500000e-01   2.6119100e+02   8.4929004e+01
   2.6168000e+02   7.7400000e-01   2.6196100e+02   8.6320608e+01
   2.6242500e+02   7.4500000e-01   2.6278100e+02   8.8309593e+01
   2.6322300e+02   7.9800000e-01   2.6358100e+02   8.8746758e+01
   2.6407700e+02   8.5400000e-01   2.6435100e+02   8.7151450e+01
   2.6496200e+02   8.8500000e-01   2.6524100e+02   8.7366599e+01
   2.6580100e+02   8.3900000e-01   2.6609100e+02   8.5343281e+01
   2.6654100e+02   7.4000000e-01   2.6683100e+02   8.7252158e+01
   2.6727400e+02   7.3300000e-01   2.6763100e+02   8.8579674e+01
   2.6803600e+02   7.6200000e-01   2.6842100e+02   9.0431331e+01
   2.6885800e+02   8.2100000e-01   2.6925100e+02   9.0960048e+01
   2.6975200e+02   8.9400000e-01   2.7003100e+02   9.1397213e+01
   2.7055500e+02   8.0400000e-01   2.7085100e+02   9.2463804e+01
   2.7132800e+02   7.7300000e-01   2.7159100e+02   9.4228485e+01
   2.7215300e+02   8.2500000e-01   2.7244100e+02   9.2834593e+01
   2.7305100e+02   8.9800000e-01   2.7332100e+02   9.0396998e+01
   2.7392500e+02   8.7400000e-01   2.7420100e+02   8.9051171e+01
   2.7470900e+02   7.8400000e-01   2.7499100e+02   8.9545557e+01
   2.7548400e+02   7.7600000e-01   2.7588100e+02   8.9186212e+01
   2.7628900e+02   8.0400000e-01   2.7666100e+02   8.9028283e+01
   2.7714800e+02   8.5900000e-01   2.7742100e+02   8.6849325e+01
   2.7798700e+02   8.3900000e-01   2.7828100e+02   8.5938374e+01
   2.7875900e+02   7.7200000e-01   2.7903100e+02   8.8499565e+01
   2.7952400e+02   7.6500000e-01   2.7990100e+02   8.9016839e+01
   2.8035700e+02   8.3400000e-01   2.8069100e+02   8.8028068e+01
   2.8124200e+02   8.8500000e-01   2.8164100e+02   8.7455863e+01
   2.8210000e+02   8.5800000e-01   2.8238100e+02   8.8723870e+01
   2.8287500e+02   7.7500000e-01   2.8315100e+02   9.0330623e+01
   2.8365900e+02   7.8300000e-01   2.8402100e+02   9.1701627e+01
   2.8453600e+02   8.7800000e-01   2.8493100e+02   9.0655635e+01
   2.8543400e+02   8.9700000e-01   2.8571100e+02   8.8959619e+01
   2.8627500e+02   8.4100000e-01   2.8656100e+02   8.7927360e+01
   2.8703500e+02   7.6000000e-01   2.8732100e+02   9.0005610e+01
   2.8778700e+02   7.5200000e-01   2.8813100e+02   9.2610289e+01
   2.8861000e+02   8.2300000e-01   2.8895100e+02   9.2026639e+01
   2.8953100e+02   9.2100000e-01   2.8981100e+02   9.0577815e+01
   2.9042300e+02   8.9200000e-01   2.9072100e+02   9.0284846e+01
   2.9120600e+02   7.8300000e-01   2.9148100e+02   9.1632962e+01
   2.9198800e+02   7.8200000e-01   2.9237100e+02   9.1733670e+01
   2.9284600e+02   8.5800000e-01   2.9322100e+02   8.9948389e+01
   2.9374300e+02   8.9700000e-01   2.9409100e+02   8.9376184e+01
   2.9461700e+02   8.7400000e-01   2.9490100e+02   8.9094659e+01
   2.9541600e+02   7.9900000e-01   2.9569100e+02   9.0408442e+01
   2.9624200e+02   8.2600000e-01   2.9656100e+02   9.1172909e+01
   2.9713500e+02   8.9200000e-01   2.9750100e+02   8.8916131e+01
   2.9803700e+02   9.0300000e-01   2.9832100e+02   8.7073630e+01
   2.9885800e+02   8.2100000e-01   2.9913100e+02   8.8163109e+01
   2.9969000e+02   8.3200000e-01   3.0007100e+02   8.8803979e+01
   3.0055100e+02   8.6000000e-01   3.0082100e+02   8.7737388e+01
   3.0143500e+02   8.8500000e-01   3.0172100e+02   8.4468951e+01
   3.0227200e+02   8.3700000e-01   3.0255100e+02   8.6657064e+01
   3.0315100e+02   8.7900000e-01   3.0342100e+02   8.7107962e+01
   3.0409000e+02   9.4000000e-01   3.0445100e+02   8.5949819e+01
   3.0506800e+02   9.7700000e-01   3.0534100e+02   8.5906331e+01
   3.0602700e+02   9.5900000e-01   3.0631100e+02   8.5242573e+01
   3.0696700e+02   9.4000000e-01   3.0725100e+02   8.5199085e+01
   3.0790400e+02   9.3800000e-01   3.0818100e+02   8.4771076e+01
   3.0882600e+02   9.2200000e-01   3.0911100e+02   8.4411731e+01
   3.0970300e+02   8.7700000e-01   3.1000100e+02   8.2525742e+01
   3.1050100e+02   7.9800000e-01   3.1078100e+02   8.3626665e+01
   3.1132000e+02   8.1800000e-01   3.1160100e+02   8.4569659e+01
   3.1215300e+02   8.3400000e-01   3.1244100e+02   8.4098162e+01
   3.1297200e+02   8.1900000e-01   3.1326100e+02   8.2839310e+01
   3.1371700e+02   7.4400000e-01   3.1400100e+02   8.5254017e+01
   3.1447500e+02   7.5800000e-01   3.1483100e+02   8.7197226e+01
   3.1526900e+02   7.9400000e-01   3.1554100e+02   8.6366384e+01
   3.1614700e+02   8.7800000e-01   3.1652100e+02   8.4961048e+01
   3.1702500e+02   8.7800000e-01   3.1730100e+02   8.4658923e+01
   3.1782900e+02   8.0400000e-01   3.1821100e+02   8.6389272e+01
   3.1869000e+02   8.6100000e-01   3.1896100e+02   8.6029927e+01
   3.1962700e+02   9.3800000e-01   3.1991100e+02   8.2940018e+01
   3.2048100e+02   8.5300000e-01   3.2077100e+02   8.2413590e+01
   3.2128500e+02   8.0400000e-01   3.2167100e+02   8.4592547e+01
   3.2214300e+02   8.5800000e-01   3.2244100e+02   8.3276475e+01
   3.2302300e+02   8.8000000e-01   3.2331100e+02   8.2402145e+01
   3.2395900e+02   9.3600000e-01   3.2423100e+02   8.2042801e+01
   3.2482000e+02   8.6100000e-01   3.2512100e+02   8.0211743e+01
   3.2559300e+02   7.7300000e-01   3.2594100e+02   8.2951463e+01
   3.2639200e+02   8.0000000e-01   3.2676100e+02   8.3580888e+01
   3.2723100e+02   8.3800000e-01   3.2751100e+02   8.3368028e+01
   3.2811300e+02   8.8200000e-01   3.2839100e+02   8.2885087e+01
   3.2899300e+02   8.8000000e-01   3.2940100e+02   8.4592547e+01
   3.2990900e+02   9.1600000e-01   3.3017100e+02   8.3995165e+01
   3.3082700e+02   9.1800000e-01   3.3110100e+02   8.4040942e+01
   3.3172600e+02   8.9900000e-01   3.3201100e+02   8.2962907e+01
   3.3260700e+02   8.8100000e-01   3.3289100e+02   8.1784164e+01
   3.3346600e+02   8.5800000e-01   3.3376100e+02   8.2537186e+01
   3.3429800e+02   8.3200000e-01   3.3463100e+02   8.2267105e+01
   3.3506300e+02   7.6400000e-01   3.3535000e+02   8.3175767e+01
   3.3578000e+02   7.1800000e-01   3.3606100e+02   8.3379472e+01
   3.3649500e+02   7.1500000e-01   3.3686100e+02   8.4636035e+01
   3.3718000e+02   6.8400000e-01   3.3747100e+02   8.5579029e+01
   3.3787900e+02   6.9900000e-01   3.3815100e+02   8.6185567e+01
   3.3862000e+02   7.4100000e-01   3.3890100e+02   8.6872214e+01
   3.3939700e+02   7.7700000e-01   3.3968100e+02   8.5455433e+01
   3.4015600e+02   7.5900000e-01   3.4045100e+02   8.5860554e+01
   3.4089200e+02   7.3600000e-01   3.4122100e+02   8.7243003e+01
   3.4169300e+02   8.0100000e-01   3.4205100e+02   8.7263602e+01
   3.4259200e+02   8.9900000e-01   3.4288100e+02   8.5524098e+01
   3.4353000e+02   9.3900000e-01   3.4381100e+02   8.4837451e+01
   3.4440600e+02   8.7600000e-01   3.4469100e+02   8.4377398e+01
   3.4520800e+02   8.0200000e-01   3.4549100e+02   8.6320608e+01
   3.4602700e+02   8.1900000e-01   3.4631100e+02   8.4883228e+01
   3.4684000e+02   8.1300000e-01   3.4712100e+02   8.3681597e+01
   3.4758400e+02   7.4300000e-01   3.4792100e+02   8.4983936e+01
   3.4836000e+02   7.7600000e-01   3.4863100e+02   8.7140006e+01
   3.4916200e+02   8.0200000e-01   3.4944100e+02   8.6389272e+01
   3.5001400e+02   8.5100000e-01   3.5029100e+02   8.6130635e+01
   3.5091600e+02   9.0300000e-01   3.5121100e+02   8.6219899e+01
   3.5185600e+02   9.4000000e-01   3.5213100e+02   8.5748402e+01
   3.5279400e+02   9.3800000e-01   3.5307100e+02   8.4670367e+01
   3.5371400e+02   9.2000000e-01   3.5399100e+02   8.3905901e+01
   3.5457500e+02   8.6000000e-01   3.5487100e+02   8.0726728e+01
   3.5534800e+02   7.7400000e-01   3.5573100e+02   8.3052171e+01
   3.5611300e+02   7.6500000e-01   3.5647100e+02   8.3782305e+01
   3.5691100e+02   7.9800000e-01   3.5723100e+02   8.3558000e+01
   3.5771100e+02   7.9900000e-01   3.5800100e+02   8.2873643e+01
   3.5846300e+02   7.5200000e-01   3.5885100e+02   8.5702626e+01
   3.5920900e+02   7.4500000e-01   3.5957100e+02   8.8220329e+01
   3.6002400e+02   8.1500000e-01   3.6039100e+02   8.7668723e+01
   3.6090800e+02   8.8400000e-01   3.6128100e+02   8.5906331e+01
   3.6175500e+02   8.4700000e-01   3.6204100e+02   8.5041156e+01
   3.6252000e+02   7.6600000e-01   3.6280100e+02   8.7027853e+01
   3.6332500e+02   8.0400000e-01   3.6374100e+02   8.7309378e+01
   3.6418300e+02   8.5800000e-01   3.6455100e+02   8.6242788e+01
   3.6505700e+02   8.7400000e-01   3.6534100e+02   8.5400501e+01
   3.6584100e+02   7.8400000e-01   3.6613100e+02   8.8263817e+01
   3.6661400e+02   7.7300000e-01   3.6699100e+02   9.0532039e+01
   3.6743800e+02   8.2400000e-01   3.6775100e+02   9.0971493e+01
   3.6833700e+02   8.9900000e-01   3.6861100e+02   8.9589044e+01
   3.6919200e+02   8.5500000e-01   3.6948100e+02   8.8128776e+01
   3.6997600e+02   7.8500000e-01   3.7027100e+02   9.0129206e+01
   3.7083700e+02   8.6100000e-01   3.7112100e+02   8.8488121e+01
   3.7173500e+02   8.9800000e-01   3.7202100e+02   8.6061971e+01
   3.7254800e+02   8.1300000e-01   3.7283100e+02   8.7085074e+01
   3.7341300e+02   8.6400000e-01   3.7369100e+02   8.8117332e+01
   3.7433200e+02   9.1900000e-01   3.7461100e+02   8.6400716e+01
   3.7526600e+02   9.3400000e-01   3.7554100e+02   8.5803334e+01
   3.7614600e+02   8.8000000e-01   3.7643100e+02   8.5331837e+01
   3.7698300e+02   8.3700000e-01   3.7726100e+02   8.6153524e+01
   3.7782800e+02   8.4500000e-01   3.7811100e+02   8.5512654e+01
   3.7870500e+02   8.7600000e-01   3.7898100e+02   8.3255876e+01
   3.7952200e+02   8.1700000e-01   3.7980100e+02   8.2850754e+01
   3.8027900e+02   7.5700000e-01   3.8055100e+02   8.6780661e+01
   3.8106500e+02   7.8600000e-01   3.8145100e+02   8.6524313e+01
   3.8191900e+02   8.5400000e-01   3.8219100e+02   8.4793964e+01
   3.8281800e+02   8.9900000e-01   3.8310100e+02   8.5354725e+01
   3.8373900e+02   9.2100000e-01   3.8401100e+02   8.4906116e+01
   3.8464100e+02   9.0200000e-01   3.8492100e+02   8.3120835e+01
   3.8550000e+02   8.5900000e-01   3.8579100e+02   8.1772720e+01
   3.8633400e+02   8.3400000e-01   3.8671100e+02   8.3132279e+01
   3.8717800e+02   8.4400000e-01   3.8745100e+02   8.1772720e+01
   3.8805100e+02   8.7300000e-01   3.8833100e+02   8.1456862e+01
   3.8887000e+02   8.1900000e-01   3.8916100e+02   8.0593977e+01
   3.8963600e+02   7.6600000e-01   3.9004000e+02   8.2905686e+01
   3.9046800e+02   8.3200000e-01   3.9081100e+02   8.2715714e+01
   3.9133200e+02   8.6400000e-01   3.9172100e+02   8.0818281e+01
   3.9218500e+02   8.5300000e-01   3.9247100e+02   8.0973921e+01
   3.9298200e+02   7.9700000e-01   3.9326100e+02   8.2592118e+01
   3.9380700e+02   8.2500000e-01   3.9419100e+02   8.2344925e+01
   3.9464800e+02   8.4100000e-01   3.9493100e+02   8.0447492e+01
   3.9546700e+02   8.1900000e-01   3.9576100e+02   8.0030927e+01
   3.9624500e+02   7.7800000e-01   3.9664100e+02   8.2109176e+01
   3.9707700e+02   8.3200000e-01   3.9748100e+02   8.4187426e+01
   3.9792300e+02   8.4600000e-01   3.9822100e+02   8.3198655e+01
   3.9883700e+02   9.1300000e-01   3.9911100e+02   8.1907760e+01
   3.9972100e+02   8.8400000e-01   4.0012100e+02   8.2557785e+01
   4.0051600e+02   7.9500000e-01   4.0080100e+02   8.2839310e+01
   4.0125500e+02   7.3900000e-01   4.0165100e+02   8.1591903e+01
   4.0199500e+02   7.4000000e-01   4.0227100e+02   8.3940233e+01
   4.0275000e+02   7.5600000e-01   4.0312100e+02   8.7375754e+01
   4.0353500e+02   7.8500000e-01   4.0393100e+02   8.9062616e+01
   4.0437400e+02   8.3900000e-01   4.0466100e+02   8.8128776e+01
   4.0517200e+02   7.9800000e-01   4.0545100e+02   8.9286920e+01
   4.0597100e+02   7.9900000e-01   4.0628100e+02   8.9566156e+01
   4.0681000e+02   8.3900000e-01   4.0709100e+02   8.8982507e+01
   4.0770600e+02   8.9600000e-01   4.0797100e+02   8.6702841e+01
   4.0852800e+02   8.2200000e-01   4.0881100e+02   8.6041371e+01
   4.0938400e+02   8.5600000e-01   4.0965100e+02   8.6332052e+01
   4.1026400e+02   8.8000000e-01   4.1055100e+02   8.5389057e+01
   4.1118200e+02   9.1800000e-01   4.1146100e+02   8.2917130e+01
   4.1200000e+02   8.1800000e-01   4.1228100e+02   8.5231129e+01
   4.1280200e+02   8.0200000e-01   4.1319100e+02   8.7085074e+01
   4.1360000e+02   7.9800000e-01   4.1389100e+02   8.6096303e+01
   4.1439600e+02   7.9600000e-01   4.1470100e+02   8.4860340e+01
   4.1513700e+02   7.4000000e-01   4.1551100e+02   8.7027853e+01
   4.1587600e+02   7.4000000e-01   4.1628100e+02   8.9959833e+01
   4.1669000e+02   8.1300000e-01   4.1707100e+02   9.0477107e+01
   4.1759300e+02   9.0300000e-01   4.1787100e+02   8.8163109e+01
   4.1849200e+02   8.9900000e-01   4.1878100e+02   8.6725729e+01
   4.1929200e+02   8.0000000e-01   4.1958100e+02   8.7725944e+01
   4.2012400e+02   8.3200000e-01   4.2048100e+02   8.8298149e+01
   4.2098700e+02   8.6300000e-01   4.2126100e+02   8.6444204e+01
   4.2186700e+02   8.8000000e-01   4.2215100e+02   8.4411731e+01
   4.2266500e+02   7.9800000e-01   4.2295100e+02   8.7130850e+01
   4.2344400e+02   7.7900000e-01   4.2386100e+02   8.9499780e+01
   4.2428100e+02   8.3700000e-01   4.2468100e+02   8.9264032e+01
   4.2514000e+02   8.5900000e-01   4.2542100e+02   8.7510795e+01
   4.2598000e+02   8.4000000e-01   4.2626100e+02   8.7050742e+01
   4.2679700e+02   8.1700000e-01   4.2717100e+02   8.9454004e+01
   4.2763600e+02   8.3900000e-01   4.2791100e+02   8.8657494e+01
   4.2839600e+02   7.6000000e-01   4.2868100e+02   8.7668723e+01
   4.2913700e+02   7.4100000e-01   4.2942100e+02   8.6153524e+01
   4.2988100e+02   7.4400000e-01   4.3016100e+02   8.7737388e+01
   4.3060700e+02   7.2600000e-01   4.3090100e+02   9.0971493e+01
   4.3135100e+02   7.4400000e-01   4.3173100e+02   9.4363526e+01
   4.3218500e+02   8.3400000e-01   4.3252100e+02   9.4271973e+01
   4.3310300e+02   9.1800000e-01   4.3337100e+02   9.4507721e+01
   4.3398700e+02   8.8400000e-01   4.3428100e+02   9.3418243e+01
   4.3480100e+02   8.1400000e-01   4.3507100e+02   9.3587615e+01
   4.3564600e+02   8.4500000e-01   4.3592100e+02   9.2498136e+01
   4.3654400e+02   8.9800000e-01   4.3682100e+02   9.0241358e+01
   4.3741800e+02   8.7400000e-01   4.3770100e+02   8.8275261e+01
   4.3824000e+02   8.2100000e-01   4.3853100e+02   8.9421960e+01
   4.3903500e+02   7.9600000e-01   4.3940100e+02   8.9712641e+01
   4.3987400e+02   8.3900000e-01   4.4015100e+02   8.9151880e+01
   4.4076700e+02   8.9400000e-01   4.4104100e+02   8.7870140e+01
   4.4167300e+02   9.0600000e-01   4.4196100e+02   8.7185782e+01
   4.4245400e+02   7.8100000e-01   4.4281100e+02   8.7039297e+01
   4.4317500e+02   7.2100000e-01   4.4357100e+02   9.0273402e+01
   4.4393300e+02   7.5700000e-01   4.4432100e+02   9.0589259e+01
   4.4483400e+02   9.0100000e-01   4.4518100e+02   9.2161680e+01
   4.4586400e+02   1.0310000e+00   4.4615100e+02   9.3576171e+01
   4.4687000e+02   1.0050000e+00   4.4716100e+02   9.2946745e+01
   4.4774300e+02   8.7300000e-01   4.4804100e+02   9.3340423e+01
   4.4852700e+02   7.8400000e-01   4.4884100e+02   9.3734100e+01
   4.4936600e+02   8.3900000e-01   4.4966100e+02   9.3464019e+01
   4.5036000e+02   9.9400000e-01   4.5064100e+02   9.3644836e+01
   4.5139800e+02   1.0380000e+00   4.5168100e+02   9.3317534e+01
   4.5235800e+02   9.6100000e-01   4.5266100e+02   9.0532039e+01
   4.5318200e+02   8.2300000e-01   4.5349100e+02   9.0264247e+01
   4.5399900e+02   8.1700000e-01   4.5428100e+02   8.9813349e+01
   4.5487800e+02   8.7800000e-01   4.5521100e+02   8.8321037e+01
   4.5583500e+02   9.5800000e-01   4.5611100e+02   8.8858910e+01
   4.5677600e+02   9.4000000e-01   4.5706100e+02   8.9678308e+01
   4.5771400e+02   9.3800000e-01   4.5801100e+02   8.8680382e+01
   4.5855100e+02   8.3700000e-01   4.5884100e+02   8.8588829e+01
   4.5937000e+02   8.2000000e-01   4.5965100e+02   8.8522454e+01
   4.6014300e+02   7.7300000e-01   4.6041100e+02   8.8858910e+01
   4.6086800e+02   7.2500000e-01   4.6117100e+02   8.7320822e+01
   4.6162800e+02   7.5900000e-01   4.6190100e+02   8.8792535e+01
   4.6244600e+02   8.1800000e-01   4.6272100e+02   8.9824793e+01
   4.6328500e+02   8.3900000e-01   4.6356100e+02   9.0218470e+01
   4.6412500e+02   8.4000000e-01   4.6441100e+02   8.8085289e+01
   4.6493100e+02   8.0600000e-01   4.6520100e+02   8.8746758e+01
   4.6576200e+02   8.3100000e-01   4.6604100e+02   8.8499565e+01
   4.6663900e+02   8.7700000e-01   4.6693100e+02   8.6657064e+01
   4.6747100e+02   8.3200000e-01   4.6777100e+02   8.5265461e+01
   4.6824000e+02   7.6800000e-01   4.6851100e+02   8.6524313e+01
   4.6907000e+02   8.3000000e-01   4.6935100e+02   8.7398642e+01
   4.6991700e+02   8.4800000e-01   4.7019100e+02   8.6242788e+01
   4.7079100e+02   8.7400000e-01   4.7107100e+02   8.3727373e+01
   4.7162600e+02   8.3500000e-01   4.7190100e+02   8.6208455e+01
   4.7247000e+02   8.4400000e-01   4.7275100e+02   8.5377613e+01
   4.7330900e+02   8.3900000e-01   4.7360100e+02   8.2951463e+01
   4.7409900e+02   7.9000000e-01   4.7437100e+02   8.3782305e+01
   4.7490600e+02   8.0700000e-01   4.7529100e+02   8.4860340e+01
   4.7574400e+02   8.3800000e-01   4.7601100e+02   8.3805193e+01
   4.7662500e+02   8.8000000e-01   4.7692100e+02   8.2175552e+01
   4.7746300e+02   8.3800000e-01   4.7774100e+02   8.3917345e+01
   4.7826000e+02   7.9700000e-01   4.7859100e+02   8.4523883e+01
   4.7910100e+02   8.4200000e-01   4.7937100e+02   8.4322467e+01
   4.7999500e+02   8.9400000e-01   4.8027100e+02   8.2008468e+01
   4.8081900e+02   8.2400000e-01   4.8112100e+02   8.2244217e+01
   4.8159600e+02   7.7700000e-01   4.8187100e+02   8.4523883e+01
   4.8241500e+02   8.1900000e-01   4.8281100e+02   8.5647694e+01
   4.8327400e+02   8.5900000e-01   4.8365100e+02   8.4693256e+01
   4.8416800e+02   8.9300000e-01   4.8443100e+02   8.4848895e+01
   4.8504800e+02   8.8000000e-01   4.8533100e+02   8.3793749e+01
   4.8584700e+02   8.0000000e-01   4.8613100e+02   8.6478536e+01
   4.8667000e+02   8.2300000e-01   4.8704100e+02   8.6780661e+01
   4.8751100e+02   8.4100000e-01   4.8779100e+02   8.5231129e+01
   4.8840800e+02   8.9700000e-01   4.8869100e+02   8.3850969e+01
   4.8924200e+02   8.3400000e-01   4.8958100e+02   8.4098162e+01
   4.9002900e+02   7.8600000e-01   4.9041100e+02   8.5961263e+01
   4.9088300e+02   8.5500000e-01   4.9126100e+02   8.6544912e+01
   4.9178400e+02   9.0100000e-01   4.9208100e+02   8.4713855e+01
   4.9268100e+02   8.9700000e-01   4.9297100e+02   8.3244432e+01
   4.9347100e+02   7.9000000e-01   4.9375100e+02   8.5782735e+01
   4.9425500e+02   7.8400000e-01   4.9464100e+02   8.7746543e+01
   4.9509600e+02   8.4100000e-01   4.9546100e+02   8.6950033e+01
   4.9601700e+02   9.2100000e-01   4.9629100e+02   8.4164538e+01
   4.9687800e+02   8.6000000e-01   4.9716100e+02   8.6265676e+01
   4.9775500e+02   8.7700000e-01   4.9812100e+02   8.7668723e+01
   4.9869700e+02   9.4200000e-01   4.9909100e+02   8.6769217e+01
   4.9971300e+02   1.0160000e+00   4.9999100e+02   8.7366599e+01
   5.0070500e+02   9.9200000e-01   5.0107100e+02   8.9252588e+01
   5.0168600e+02   9.8100000e-01   5.0197100e+02   8.9174768e+01
   5.0263000e+02   9.4400000e-01   5.0292100e+02   8.9801905e+01
   5.0356800e+02   9.3700000e-01   5.0386100e+02   8.9724085e+01
   5.0440800e+02   8.4100000e-01   5.0472100e+02   9.0152094e+01
   5.0518800e+02   7.7900000e-01   5.0546100e+02   9.0836452e+01
   5.0601900e+02   8.3200000e-01   5.0630100e+02   9.2644621e+01
   5.0694400e+02   9.2500000e-01   5.0722100e+02   9.0813564e+01
   5.0792300e+02   9.7900000e-01   5.0821100e+02   9.0577815e+01
   5.0890400e+02   9.8100000e-01   5.0918100e+02   9.1745114e+01
   5.0974300e+02   8.3900000e-01   5.1003100e+02   9.0408442e+01
   5.1056200e+02   8.1800000e-01   5.1085100e+02   8.9229699e+01
   5.1142100e+02   8.5900000e-01   5.1171100e+02   8.8904687e+01
   5.1221900e+02   7.9800000e-01   5.1251100e+02   8.8298149e+01
   5.1297700e+02   7.5900000e-01   5.1327100e+02   8.9589044e+01
   5.1377400e+02   7.9600000e-01   5.1405100e+02   8.9577600e+01
   5.1463200e+02   8.5800000e-01   5.1491100e+02   8.9051171e+01
   5.1552900e+02   8.9700000e-01   5.1581100e+02   8.7737388e+01
   5.1637200e+02   8.4300000e-01   5.1665100e+02   8.7691612e+01
   5.1728500e+02   9.1300000e-01   5.1756100e+02   8.7027853e+01
   5.1822300e+02   9.3800000e-01   5.1849100e+02   8.5118976e+01
   5.1915400e+02   9.3100000e-01   5.1944100e+02   8.3468736e+01
   5.2007200e+02   9.1800000e-01   5.2036100e+02   8.3322252e+01
   5.2094800e+02   8.7500000e-01   5.2123100e+02   8.1097517e+01
   5.2184200e+02   8.9400000e-01   5.2212100e+02   8.2198440e+01
   5.2272100e+02   8.8000000e-01   5.2300100e+02   8.2289993e+01
   5.2359400e+02   8.7300000e-01   5.2388100e+02   8.2031356e+01
   5.2445900e+02   8.6500000e-01   5.2476100e+02   8.3299363e+01
   5.2533200e+02   8.7300000e-01   5.2561100e+02   8.4569659e+01
   5.2619400e+02   8.6200000e-01   5.2648100e+02   8.4972492e+01
   5.2705400e+02   8.6100000e-01   5.2734100e+02   8.6096303e+01
   5.2793100e+02   8.7600000e-01   5.2821100e+02   8.5455433e+01
   5.2879000e+02   8.5900000e-01   5.2907100e+02   8.5389057e+01
   5.2964500e+02   8.5500000e-01   5.2993100e+02   8.4592547e+01
   5.3042900e+02   7.8400000e-01   5.3071100e+02   8.4006609e+01
   5.3118800e+02   7.5900000e-01   5.3147100e+02   8.5466877e+01
   5.3198200e+02   7.9400000e-01   5.3225100e+02   8.6780661e+01
   5.3283900e+02   8.5700000e-01   5.3311100e+02   8.5736958e+01
   5.3374600e+02   9.0700000e-01   5.3403000e+02   8.3905901e+01
   5.3457700e+02   8.3000000e-01   5.3485100e+02   8.5400501e+01
   5.3542000e+02   8.4400000e-01   5.3570100e+02   8.7286490e+01
   5.3629900e+02   8.7900000e-01   5.3658100e+02   8.5546986e+01
   5.3713700e+02   8.3700000e-01   5.3742100e+02   8.4860340e+01
   5.3791500e+02   7.7800000e-01   5.3830100e+02   8.7668723e+01
   5.3873500e+02   8.2000000e-01   5.3912100e+02   8.9106103e+01
   5.3960800e+02   8.7400000e-01   5.3993100e+02   8.8117332e+01
   5.4050600e+02   8.9800000e-01   5.4079100e+02   8.6860769e+01
   5.4133000e+02   8.2300000e-01   5.4162100e+02   8.7309378e+01
   5.4214400e+02   8.1500000e-01   5.4241100e+02   8.7387198e+01
   5.4300200e+02   8.5800000e-01   5.4338100e+02   8.5659138e+01
   5.4388700e+02   8.8500000e-01   5.4418100e+02   8.3434404e+01
   5.4468000e+02   7.9300000e-01   5.4497100e+02   8.3974566e+01
   5.4543800e+02   7.5900000e-01   5.4583100e+02   8.6579244e+01
   5.4624100e+02   8.0300000e-01   5.4651100e+02   8.6400716e+01
   5.4710300e+02   8.6100000e-01   5.4738100e+02   8.5130420e+01
   5.4800000e+02   8.9800000e-01   5.4828100e+02   8.4581103e+01
   5.4883400e+02   8.3300000e-01   5.4913100e+02   8.5512654e+01
   5.4961800e+02   7.8400000e-01   5.5000100e+02   8.6760061e+01
   5.5047300e+02   8.5600000e-01   5.5086100e+02   8.6590688e+01
   5.5137600e+02   9.0300000e-01   5.5176100e+02   8.3356584e+01
   5.5224700e+02   8.7100000e-01   5.5253100e+02   8.4478106e+01
   5.5313300e+02   8.8500000e-01   5.5341100e+02   8.5052601e+01
   5.5405100e+02   9.1800000e-01   5.5433100e+02   8.4175982e+01
   5.5497100e+02   9.2000000e-01   5.5526100e+02   8.1850540e+01
   5.5582200e+02   8.5100000e-01   5.5610100e+02   8.2580674e+01
   5.5664700e+02   8.2500000e-01   5.5704100e+02   8.4860340e+01
   5.5748900e+02   8.4200000e-01   5.5777100e+02   8.4489551e+01
   5.5838000e+02   8.9100000e-01   5.5866100e+02   8.3411516e+01
   5.5926500e+02   8.8500000e-01   5.5956100e+02   8.2896531e+01
   5.6007700e+02   8.1300000e-01   5.6036100e+02   8.2873643e+01
   5.6086200e+02   7.8400000e-01   5.6121100e+02   8.4299578e+01
   5.6168100e+02   8.1900000e-01   5.6196100e+02   8.4681811e+01
   5.6254000e+02   8.5900000e-01   5.6284100e+02   8.1692611e+01
   5.6335600e+02   8.1600000e-01   5.6363100e+02   8.1749831e+01
   5.6415200e+02   7.9600000e-01   5.6443100e+02   8.4500995e+01
   5.6497700e+02   8.2500000e-01   5.6533100e+02   8.4782520e+01
   5.6585500e+02   8.7800000e-01   5.6614100e+02   8.3445848e+01
   5.6673400e+02   8.8000000e-01   5.6702100e+02   8.2928574e+01
   5.6761100e+02   8.7600000e-01   5.6801100e+02   8.3333696e+01
   5.6846900e+02   8.5800000e-01   5.6875100e+02   8.3592333e+01
   5.6927000e+02   8.0200000e-01   5.6955100e+02   8.3097947e+01
   5.7001100e+02   7.4000000e-01   5.7029100e+02   8.2445633e+01
   5.7076300e+02   7.5200000e-01   5.7104100e+02   8.3368028e+01
   5.7150200e+02   7.3900000e-01   5.7189100e+02   8.5972707e+01
   5.7228200e+02   7.8000000e-01   5.7256100e+02   8.6444204e+01
   5.7310600e+02   8.2400000e-01   5.7338100e+02   8.5187641e+01
   5.7392600e+02   8.2000000e-01   5.7422100e+02   8.5052601e+01
   5.7472200e+02   7.9600000e-01   5.7508100e+02   8.7243003e+01
   5.7557800e+02   8.5600000e-01   5.7596100e+02   8.6803549e+01
   5.7648000e+02   9.0100000e-01   5.7687100e+02   8.5647694e+01
   5.7733700e+02   8.5700000e-01   5.7762100e+02   8.4961048e+01
   5.7813500e+02   7.9800000e-01   5.7851100e+02   8.7533683e+01
   5.7897900e+02   8.4500000e-01   5.7926100e+02   8.7533683e+01
   5.7988800e+02   9.0900000e-01   5.8017100e+02   8.6927145e+01
   5.8079100e+02   9.0400000e-01   5.8107100e+02   8.6389272e+01
   5.8163100e+02   8.4000000e-01   5.8192100e+02   8.8465233e+01
   5.8249000e+02   8.5900000e-01   5.8278100e+02   8.9836237e+01
   5.8336600e+02   8.7600000e-01   5.8366100e+02   8.8769646e+01
   5.8422100e+02   8.5600000e-01   5.8450100e+02   8.8105888e+01
   5.8502500e+02   8.0300000e-01   5.8535100e+02   8.8197441e+01
   5.8586500e+02   8.4000000e-01   5.8627100e+02   8.7870140e+01
   5.8674300e+02   8.7800000e-01   5.8713100e+02   8.7490195e+01
   5.8758200e+02   8.3900000e-01   5.8789100e+02   8.9882014e+01
   5.8843900e+02   8.5700000e-01   5.8871100e+02   9.1230129e+01
   5.8936100e+02   9.2200000e-01   5.8969100e+02   9.1397213e+01
   5.9034300e+02   9.8200000e-01   5.9062100e+02   9.0442775e+01
   5.9130900e+02   9.6600000e-01   5.9159100e+02   9.1745114e+01
   5.9212800e+02   8.1900000e-01   5.9241100e+02   9.2207456e+01
   5.9294700e+02   8.2000000e-01   5.9323100e+02   8.9735529e+01
   5.9373100e+02   7.8400000e-01   5.9403000e+02   9.1397213e+01
   5.9450800e+02   7.7600000e-01   5.9479100e+02   9.3139006e+01
   5.9526800e+02   7.6000000e-01   5.9557100e+02   9.2340208e+01
   5.9606600e+02   7.9800000e-01   5.9634100e+02   9.1454434e+01
   5.9680600e+02   7.4000000e-01   5.9710100e+02   9.3912628e+01
   5.9755400e+02   7.4800000e-01   5.9784100e+02   9.3150450e+01
   5.9831000e+02   7.5500000e-01   5.9860100e+02   9.4754914e+01
   5.9914200e+02   8.3200000e-01   5.9942100e+02   9.4251373e+01
   6.0006000e+02   9.1800000e-01   6.0034100e+02   9.2555357e+01
   6.0097800e+02   9.1800000e-01   6.0126100e+02   9.1172909e+01
   6.0191200e+02   9.3300000e-01   6.0218100e+02   9.1578030e+01
   6.0283700e+02   9.2500000e-01   6.0313100e+02   8.8691826e+01
   6.0375600e+02   9.1900000e-01   6.0405100e+02   8.5984151e+01
   6.0461400e+02   8.5800000e-01   6.0491100e+02   8.5794179e+01
   6.0549700e+02   8.8300000e-01   6.0578100e+02   8.5254017e+01
   6.0638800e+02   8.9100000e-01   6.0667100e+02   8.5883443e+01
   6.0726500e+02   8.7700000e-01   6.0754100e+02   8.4871784e+01
   6.0808300e+02   8.1800000e-01   6.0837100e+02   8.6366384e+01
   6.0882700e+02   7.4400000e-01   6.0911100e+02   8.8263817e+01
   6.0962000e+02   7.9300000e-01   6.0993100e+02   8.9669153e+01
   6.1046500e+02   8.4400000e-01   6.1075100e+02   9.0207026e+01
   6.1140900e+02   9.4400000e-01   6.1169100e+02   8.9545557e+01
   6.1228000e+02   8.7100000e-01   6.1257100e+02   9.0005610e+01
   6.1312000e+02   8.4000000e-01   6.1339100e+02   9.0902828e+01
   6.1399300e+02   8.7300000e-01   6.1428100e+02   8.9298364e+01
   6.1489700e+02   9.0400000e-01   6.1517100e+02   8.8893243e+01
   6.1581600e+02   9.1900000e-01   6.1611100e+02   8.7590903e+01
   6.1675400e+02   9.3800000e-01   6.1705100e+02   8.8522454e+01
   6.1767300e+02   9.1900000e-01   6.1796100e+02   8.7366599e+01
   6.1858500e+02   9.1200000e-01   6.1887100e+02   8.7062186e+01
   6.1949100e+02   9.0500000e-01   6.1978100e+02   8.5961263e+01
   6.2040200e+02   9.1200000e-01   6.2069100e+02   8.5187641e+01
   6.2120800e+02   8.0600000e-01   6.2151100e+02   8.6164968e+01
   6.2198600e+02   7.7900000e-01   6.2228100e+02   8.7398642e+01
   6.2282100e+02   8.3500000e-01   6.2315100e+02   8.7634391e+01
   6.2370300e+02   8.8200000e-01   6.2399100e+02   8.6760061e+01
   6.2462100e+02   9.1800000e-01   6.2491100e+02   8.7668723e+01
   6.2555800e+02   9.3700000e-01   6.2584100e+02   8.8309593e+01
   6.2647700e+02   9.1900000e-01   6.2676100e+02   8.7062186e+01
   6.2741000e+02   9.3300000e-01   6.2769100e+02   8.5084644e+01
   6.2833500e+02   9.2400000e-01   6.2862100e+02   8.4782520e+01
   6.2925400e+02   9.1900000e-01   6.2954100e+02   8.5636250e+01
   6.3015200e+02   8.9800000e-01   6.3043100e+02   8.7151450e+01
   6.3102500e+02   8.7300000e-01   6.3133100e+02   8.8375969e+01
   6.3180700e+02   7.8200000e-01   6.3208100e+02   8.9071771e+01
   6.3254800e+02   7.4100000e-01   6.3282100e+02   8.9128991e+01
   6.3330700e+02   7.5900000e-01   6.3360100e+02   8.8971063e+01
   6.3406300e+02   7.5600000e-01   6.3434100e+02   9.0925716e+01
   6.3487900e+02   8.1600000e-01   6.3515100e+02   9.0712856e+01
   6.3574100e+02   8.6300000e-01   6.3603100e+02   8.7668723e+01
   6.3654100e+02   7.9900000e-01   6.3684100e+02   8.7107962e+01
   6.3738000e+02   8.3900000e-01   6.3775100e+02   8.8488121e+01
   6.3823600e+02   8.5600000e-01   6.3852100e+02   8.6714285e+01
   6.3909200e+02   8.5600000e-01   6.3938100e+02   8.4748187e+01
   6.3985800e+02   7.6700000e-01   6.4016100e+02   8.6286275e+01
   6.4064900e+02   7.9100000e-01   6.4104100e+02   8.7602348e+01
   6.4147300e+02   8.2300000e-01   6.4186100e+02   8.6119191e+01
   6.4235100e+02   8.7900000e-01   6.4264100e+02   8.5164753e+01
   6.4328400e+02   9.3300000e-01   6.4356100e+02   8.5320393e+01
   6.4422800e+02   9.4400000e-01   6.4451100e+02   8.6478536e+01
   6.4515200e+02   9.2400000e-01   6.4544100e+02   8.6409872e+01
   6.4605300e+02   9.0100000e-01   6.4634100e+02   8.5837666e+01
   6.4688300e+02   8.3000000e-01   6.4720100e+02   8.6130635e+01
   6.4765700e+02   7.7400000e-01   6.4794100e+02   8.8769646e+01
   6.4847800e+02   8.2100000e-01   6.4875100e+02   8.8993951e+01
   6.4933300e+02   8.5600000e-01   6.4961100e+02   8.8410301e+01
   6.5023800e+02   9.0500000e-01   6.5052100e+02   8.7815208e+01
   6.5115400e+02   9.1600000e-01   6.5145100e+02   8.6725729e+01
   6.5206900e+02   9.1500000e-01   6.5235100e+02   8.5995595e+01
   6.5292700e+02   8.5800000e-01   6.5323100e+02   8.3322252e+01
   6.5377000e+02   8.4400000e-01   6.5416100e+02   8.4388842e+01
   6.5460400e+02   8.3400000e-01   6.5489100e+02   8.4704700e+01
   6.5544300e+02   8.3900000e-01   6.5573100e+02   8.3187211e+01
   6.5623600e+02   7.9300000e-01   6.5652100e+02   8.3715929e+01
   6.5698700e+02   7.5100000e-01   6.5733100e+02   8.6714285e+01
   6.5779900e+02   8.1200000e-01   6.5819100e+02   8.7737388e+01
   6.5866400e+02   8.6500000e-01   6.5895100e+02   8.7174338e+01
   6.5955700e+02   8.9300000e-01   6.5985100e+02   8.5702626e+01
   6.6037600e+02   8.1900000e-01   6.6068100e+02   8.6792105e+01
   6.6117900e+02   8.0300000e-01   6.6154100e+02   8.7815208e+01
   6.6201900e+02   8.4000000e-01   6.6230100e+02   8.6737173e+01
   6.6289800e+02   8.7900000e-01   6.6319100e+02   8.5242573e+01
   6.6381100e+02   9.1300000e-01   6.6409100e+02   8.5782735e+01
   6.6470200e+02   8.9100000e-01   6.6504100e+02   8.3839525e+01
   6.6557500e+02   8.7300000e-01   6.6586100e+02   8.5153309e+01
   6.6643300e+02   8.5900000e-01   6.6676100e+02   8.4040942e+01
   6.6719300e+02   7.5900000e-01   6.6748100e+02   8.3558000e+01
   6.6792300e+02   7.3100000e-01   6.6821100e+02   8.4478106e+01
   6.6865000e+02   7.2700000e-01   6.6893100e+02   8.4681811e+01
   6.6942300e+02   7.7300000e-01   6.6971100e+02   8.5894887e+01
   6.7022200e+02   7.9800000e-01   6.7049100e+02   8.6657064e+01
   6.7106100e+02   8.3900000e-01   6.7133100e+02   8.6915701e+01
   6.7190200e+02   8.4100000e-01   6.7228100e+02   8.5972707e+01
   6.7272600e+02   8.2300000e-01   6.7301100e+02   8.4805408e+01
   6.7358400e+02   8.5900000e-01   6.7393100e+02   8.5670582e+01
   6.7444400e+02   8.6000000e-01   6.7473100e+02   8.5242573e+01
   6.7531600e+02   8.7200000e-01   6.7559100e+02   8.4771076e+01
   6.7618200e+02   8.6500000e-01   6.7646100e+02   8.4276690e+01
   6.7701900e+02   8.3800000e-01   6.7731100e+02   8.4647479e+01
   6.7785800e+02   8.3800000e-01   6.7815100e+02   8.5512654e+01
   6.7869400e+02   8.3700000e-01   6.7900100e+02   8.4434619e+01
   6.7954900e+02   8.5500000e-01   6.7982100e+02   8.4333911e+01
   6.8041000e+02   8.6100000e-01   6.8069100e+02   8.6478536e+01
   6.8125600e+02   8.4600000e-01   6.8154100e+02   8.5006824e+01
   6.8205400e+02   7.9800000e-01   6.8237100e+02   8.5826222e+01
   6.8283300e+02   7.7900000e-01   6.8318100e+02   8.7927360e+01
   6.8363700e+02   8.0400000e-01   6.8400100e+02   8.8062401e+01
   6.8448400e+02   8.4700000e-01   6.8485100e+02   8.8117332e+01
   6.8538900e+02   9.0500000e-01   6.8567100e+02   8.7904472e+01
   6.8630300e+02   9.1400000e-01   6.8660100e+02   8.8364525e+01
   6.8720200e+02   8.9900000e-01   6.8748100e+02   8.8105888e+01
   6.8810100e+02   8.9900000e-01   6.8839100e+02   8.9051171e+01
   6.8896500e+02   8.6400000e-01   6.8927100e+02   8.7769431e+01
   6.8984300e+02   8.7800000e-01   6.9012100e+02   8.8769646e+01
   6.9070200e+02   8.6000000e-01   6.9100100e+02   8.8016624e+01
   6.9155600e+02   8.5300000e-01   6.9184100e+02   8.8275261e+01
   6.9238000e+02   8.2500000e-01   6.9267100e+02   8.7252158e+01
   6.9321400e+02   8.3300000e-01   6.9349100e+02   8.7691612e+01
   6.9406100e+02   8.4700000e-01   6.9435100e+02   8.7130850e+01
   6.9487800e+02   8.1700000e-01   6.9517000e+02   8.5231129e+01
   6.9563700e+02   7.5900000e-01   6.9593100e+02   8.7140006e+01
   6.9641100e+02   7.7400000e-01   6.9676100e+02   8.7622947e+01
   6.9719700e+02   7.8700000e-01   6.9750100e+02   8.7096518e+01
   6.9803400e+02   8.3600000e-01   6.9833100e+02   8.5938374e+01
   6.9883200e+02   7.9800000e-01   6.9913100e+02   8.6297719e+01
   6.9962500e+02   7.9400000e-01   6.9997100e+02   8.8286705e+01
   7.0040900e+02   7.8400000e-01   7.0080100e+02   8.7893028e+01
   7.0122900e+02   8.1900000e-01   7.0151100e+02   8.7510795e+01
   7.0200800e+02   7.7900000e-01   7.0229100e+02   8.6231344e+01
   7.0274600e+02   7.3800000e-01   7.0304100e+02   8.8746758e+01
   7.0348400e+02   7.3800000e-01   7.0387100e+02   9.0376399e+01
   7.0426500e+02   7.8200000e-01   7.0465100e+02   8.9534113e+01
   7.0513000e+02   8.6400000e-01   7.0541100e+02   8.8433190e+01
   7.0600200e+02   8.7200000e-01   7.0640100e+02   8.9882014e+01
   7.0688000e+02   8.7900000e-01   7.0716100e+02   9.0071986e+01
   7.0770000e+02   8.1900000e-01   7.0799100e+02   8.9275476e+01
   7.0844700e+02   7.4800000e-01   7.0874100e+02   9.0971493e+01
   7.0917100e+02   7.2400000e-01   7.0953100e+02   9.2791105e+01
   7.0991400e+02   7.4300000e-01   7.1026100e+02   9.3070342e+01
   7.1070200e+02   7.8800000e-01   7.1100100e+02   9.3205382e+01
   7.1151100e+02   8.0900000e-01   7.1179100e+02   9.4857911e+01
   7.1235000e+02   8.3800000e-01   7.1263100e+02   9.5901614e+01
   7.1323100e+02   8.8100000e-01   7.1351100e+02   9.3656280e+01
   7.1412400e+02   8.9300000e-01   7.1440100e+02   9.2656065e+01
   7.1501200e+02   8.8800000e-01   7.1531100e+02   9.1477322e+01
   7.1589100e+02   8.7900000e-01   7.1619100e+02   9.2250944e+01
   7.1678000e+02   8.8900000e-01   7.1706100e+02   9.1825223e+01
   7.1764400e+02   8.6400000e-01   7.1792100e+02   9.0879940e+01
   7.1848400e+02   8.3900000e-01   7.1879100e+02   9.0689967e+01
   7.1928300e+02   7.9900000e-01   7.1958100e+02   8.9982722e+01
   7.2000300e+02   7.2000000e-01   7.2030100e+02   9.2138791e+01
   7.2072700e+02   7.2500000e-01   7.2109100e+02   9.4104889e+01
   7.2149700e+02   7.7000000e-01   7.2185100e+02   9.3498351e+01
   7.2234500e+02   8.4700000e-01   7.2262100e+02   9.3182494e+01
   7.2325100e+02   9.0600000e-01   7.2353100e+02   9.3441131e+01
   7.2413800e+02   8.8700000e-01   7.2443100e+02   9.2250944e+01
   7.2493400e+02   7.9600000e-01   7.2522100e+02   9.1678738e+01
   7.2575000e+02   8.1700000e-01   7.2612100e+02   9.1431546e+01
   7.2659100e+02   8.4100000e-01   7.2687100e+02   9.0948604e+01
   7.2745100e+02   8.6000000e-01   7.2760100e+02   1.7499412e+02
   7.2831000e+02   8.5900000e-01   7.2831100e+02   1.7499412e+02
   7.2921200e+02   9.0300000e-01   7.2921300e+02   2.4998507e+01
   7.3015000e+02   9.3800000e-01   7.3090100e+02   1.7499412e+02
   7.3106600e+02   9.1600000e-01   7.3106700e+02   1.7499412e+02
   7.3194600e+02   8.8000000e-01   7.3194700e+02   1.7499412e+02
   7.3283000e+02   8.8500000e-01   7.3283100e+02   1.7499412e+02
   7.3371800e+02   8.8800000e-01   7.3371900e+02   2.4998507e+01
   7.3457900e+02   8.6100000e-01   7.3490100e+02   1.7499412e+02
   7.3540100e+02   8.2200000e-01   7.3540200e+02   1.7499412e+02
   7.3622100e+02   8.2000000e-01   7.3622200e+02   1.7499412e+02
   7.3703600e+02   8.1500000e-01   7.3703700e+02   2.4998507e+01
   7.3783200e+02   7.9600000e-01   7.3783300e+02   2.4998507e+01
   7.3863600e+02   8.0400000e-01   7.3890100e+02   1.7499412e+02
   7.3947400e+02   8.3800000e-01   7.3947500e+02   1.7499412e+02
   7.4034800e+02   8.7500000e-01   7.4034900e+02   1.7499412e+02
   7.4121200e+02   8.6400000e-01   7.4121300e+02   2.4998507e+01
   7.4207200e+02   8.6000000e-01   7.4207300e+02   2.4998507e+01
   7.4285000e+02   7.7800000e-01   7.4290100e+02   1.7499412e+02
   7.4364600e+02   7.9700000e-01   7.4364700e+02   1.7499412e+02
   7.4446200e+02   8.1600000e-01   7.4446300e+02   1.7499412e+02
   7.4532700e+02   8.6500000e-01   7.4532800e+02   2.4998507e+01
   7.4620900e+02   8.8200000e-01   7.4690100e+02   1.7499412e+02
   7.4704400e+02   8.3600000e-01   7.4704500e+02   1.7499412e+02
   7.4778600e+02   7.4100000e-01   7.4778700e+02   1.7499412e+02
   7.4852000e+02   7.3400000e-01   7.4852100e+02   1.7499412e+02
   7.4926200e+02   7.4200000e-01   7.4926300e+02   2.4998507e+01
   7.5005500e+02   7.9300000e-01   7.5005600e+02   2.4998507e+01
   7.5079300e+02   7.3900000e-01   7.5090100e+02   1.7499412e+02
   7.5150000e+02   7.0700000e-01   7.5150100e+02   1.7499412e+02
   7.5225700e+02   7.5700000e-01   7.5225800e+02   1.7499412e+02
   7.5305600e+02   7.9900000e-01   7.5305700e+02   2.4998507e+01
   7.5388400e+02   8.2700000e-01   7.5388500e+02   2.4998507e+01
   7.5465200e+02   7.6800000e-01   7.5490100e+02   1.7499412e+02
   7.5547200e+02   8.2100000e-01   7.5547300e+02   1.7499412e+02
   7.5635000e+02   8.7700000e-01   7.5635100e+02   1.7499412e+02
   7.5721100e+02   8.6100000e-01   7.5721200e+02   2.4998507e+01
   7.5801700e+02   8.0600000e-01   7.5890100e+02   1.7499412e+02
   7.5890700e+02   8.9000000e-01   7.5890800e+02   1.7499412e+02
   7.5981400e+02   9.0700000e-01   7.5981500e+02   1.7499412e+02
   7.6074200e+02   9.2800000e-01   7.6074300e+02   1.7499412e+02
   7.6162600e+02   8.8500000e-01   7.6162700e+02   2.4998507e+01
   7.6246400e+02   8.3700000e-01   7.6290100e+02   1.7499412e+02
   7.6332500e+02   8.6100000e-01   7.6332600e+02   1.7499412e+02
   7.6419800e+02   8.7300000e-01   7.6419900e+02   1.7499412e+02
   7.6508000e+02   8.8100000e-01   7.6508100e+02   2.4998507e+01
   7.6591600e+02   8.3600000e-01   7.6591700e+02   2.4998507e+01
   7.6668100e+02   7.6500000e-01   7.6690100e+02   1.7499412e+02
   7.6747400e+02   7.9300000e-01   7.6747500e+02   1.7499412e+02
   7.6827900e+02   8.0400000e-01   7.6828000e+02   1.7499412e+02
   7.6909800e+02   8.1900000e-01   7.6909900e+02   2.4998507e+01
   7.6987100e+02   7.7400000e-01   7.6987200e+02   2.4998507e+01
   7.7063500e+02   7.6400000e-01   7.7090100e+02   1.7499412e+02
   7.7145200e+02   8.1700000e-01   7.7145300e+02   1.7499412e+02
   7.7233900e+02   8.8700000e-01   7.7234000e+02   1.7499412e+02
   7.7322700e+02   8.8800000e-01   7.7322800e+02   2.4998507e+01
   7.7403200e+02   8.0500000e-01   7.7489200e+02   3.9997153e+01
   7.7489100e+02   8.5900000e-01   7.7490100e+02   1.7499412e+02
   7.7580800e+02   9.1800000e-01   7.7580900e+02   1.7499412e+02
   7.7672900e+02   9.2000000e-01   7.7673000e+02   1.7499412e+02
   7.7768800e+02   9.5900000e-01   7.7768900e+02   2.4998507e+01
   7.7860400e+02   9.1700000e-01   7.7890100e+02   1.7499412e+02
   7.7944000e+02   8.3600000e-01   7.7944100e+02   1.7499412e+02
   7.8030400e+02   8.6400000e-01   7.8030500e+02   1.7499412e+02
   7.8118400e+02   8.8000000e-01   7.8118500e+02   2.4998507e+01
   7.8210100e+02   9.1700000e-01   7.8290100e+02   1.7499412e+02
   7.8296300e+02   8.6200000e-01   7.8296400e+02   1.7499412e+02
   7.8375800e+02   7.9400000e-01   7.8375900e+02   1.7499412e+02
   7.8455500e+02   7.9700000e-01   7.8455600e+02   1.7499412e+02
   7.8539900e+02   8.4400000e-01   7.8540000e+02   2.4998507e+01
   7.8627700e+02   8.7800000e-01   7.8690100e+02   1.7499412e+02
   7.8709700e+02   8.2000000e-01   7.8709800e+02   1.7499412e+02
   7.8785600e+02   7.5900000e-01   7.8785700e+02   1.7499412e+02
   7.8867500e+02   8.1900000e-01   7.8867600e+02   1.7499412e+02
   7.8955500e+02   8.8000000e-01   7.8955600e+02   2.4998507e+01
   7.9043300e+02   8.7800000e-01   7.9090100e+02   1.7499412e+02
   7.9123200e+02   7.9900000e-01   7.9123300e+02   1.7499412e+02
   7.9204900e+02   8.1700000e-01   7.9205000e+02   1.7499412e+02
   7.9296400e+02   9.1500000e-01   7.9296500e+02   2.4998507e+01
   7.9390900e+02   9.4500000e-01   7.9391000e+02   2.4998507e+01
   7.9475700e+02   8.4800000e-01   7.9490100e+02   1.7499412e+02
   7.9560700e+02   8.5000000e-01   7.9560800e+02   1.7499412e+02
   7.9650600e+02   8.9900000e-01   7.9650700e+02   1.7499412e+02
   7.9738700e+02   8.8100000e-01   7.9738800e+02   2.4998507e+01
   7.9819900e+02   8.1200000e-01   7.9890100e+02   1.7499412e+02
   7.9902100e+02   8.2200000e-01   7.9902200e+02   1.7499412e+02
   7.9988200e+02   8.6100000e-01   7.9988300e+02   1.7499412e+02
   8.0070200e+02   8.2100000e-01   8.0070300e+02   1.7499412e+02
   8.0147800e+02   7.7600000e-01   8.0147900e+02   2.4998507e+01
   8.0229400e+02   8.1600000e-01   8.0290100e+02   1.7499412e+02
   8.0315400e+02   8.6000000e-01   8.0315500e+02   1.7499412e+02
   8.0403300e+02   8.7900000e-01   8.0403400e+02   1.7499412e+02
   8.0495200e+02   9.2000000e-01   8.0495300e+02   2.4998507e+01
   8.0589700e+02   9.4400000e-01   8.0589800e+02   2.4998507e+01
   8.0683700e+02   9.4000000e-01   8.0690100e+02   1.7499412e+02
   8.0775700e+02   9.2000000e-01   8.0775800e+02   1.7499412e+02
   8.0867200e+02   9.1500000e-01   8.0867300e+02   1.7499412e+02
   8.0958700e+02   9.1500000e-01   8.0958800e+02   2.4998507e+01
   8.1050600e+02   9.1900000e-01   8.1090100e+02   1.7499412e+02
   8.1140600e+02   9.0000000e-01   8.1140700e+02   1.7499412e+02
   8.1229400e+02   8.8800000e-01   8.1229500e+02   1.7499412e+02
   8.1318700e+02   8.9200000e-01   8.1318800e+02   2.4998507e+01
   8.1408500e+02   8.9800000e-01   8.1490100e+02   1.7499412e+02
   8.1496400e+02   8.8000000e-01   8.1496500e+02   1.7499412e+02
   8.1584600e+02   8.8200000e-01   8.1584700e+02   1.7499412e+02
   8.1673900e+02   8.9300000e-01   8.1674000e+02   1.7499412e+02
   8.1760200e+02   8.6300000e-01   8.1760300e+02   2.4998507e+01
   8.1839800e+02   7.9500000e-01   8.1890100e+02   1.7499412e+02
   8.1919400e+02   7.9600000e-01   8.1919500e+02   1.7499412e+02
   8.1999900e+02   8.0500000e-01   8.2000000e+02   1.7499412e+02
   8.2083700e+02   8.3900000e-01   8.2083800e+02   1.7499412e+02
   8.2163600e+02   7.9900000e-01   8.2163700e+02   2.4998507e+01
   8.2245500e+02   8.1800000e-01   8.2290100e+02   1.7499412e+02
   8.2331500e+02   8.6000000e-01   8.2331600e+02   1.7499412e+02
   8.2423300e+02   9.1800000e-01   8.2451000e+02   9.6585971e+01
   8.2515100e+02   9.1800000e-01   8.2542100e+02   9.6203738e+01
   8.2600800e+02   8.5700000e-01   8.2629100e+02   9.4340637e+01
   8.2680800e+02   8.0000000e-01   8.2707900e+02   9.6922428e+01
   8.2760900e+02   8.0100000e-01   8.2788100e+02   9.6643192e+01
   8.2844700e+02   8.3800000e-01   8.2872100e+02   9.5890170e+01
   8.2924800e+02   8.0100000e-01   8.2953100e+02   9.3193938e+01
   8.3000600e+02   7.5900000e-01   8.3028100e+02   9.5654421e+01
   8.3080800e+02   8.0200000e-01   8.3107100e+02   9.6901829e+01
   8.3168300e+02   8.7400000e-01   8.3195100e+02   9.5160036e+01
   8.3252000e+02   8.3800000e-01   8.3279100e+02   9.3587615e+01
   8.3333700e+02   8.1700000e-01   8.3360100e+02   9.6171695e+01
   8.3419900e+02   8.6200000e-01   8.3446100e+02   9.5441561e+01
   8.3511700e+02   9.1800000e-01   8.3538100e+02   9.5205812e+01
   8.3603400e+02   9.1700000e-01   8.3631100e+02   9.3173339e+01
   8.3683800e+02   8.0400000e-01   8.3712100e+02   9.5137147e+01
   8.3767800e+02   8.3900000e-01   8.3795100e+02   9.8394140e+01
   8.3851700e+02   8.3900000e-01   8.3879100e+02   9.8281988e+01
   8.3937500e+02   8.5800000e-01   8.3964100e+02   9.7968419e+01
   8.4023400e+02   8.5900000e-01   8.4050100e+02   9.8227056e+01
   8.4108000e+02   8.4600000e-01   8.4135100e+02   9.7238285e+01
   8.4183300e+02   7.5300000e-01   8.4211100e+02   9.5755129e+01
   8.4255200e+02   7.1800000e-01   8.4283100e+02   9.4722871e+01
   8.4325200e+02   7.0100000e-01   8.4352100e+02   9.7508366e+01
   8.4401100e+02   7.5900000e-01   8.4427100e+02   9.9900185e+01
   8.4484400e+02   8.3300000e-01   8.4510100e+02   9.9730812e+01
   8.4576600e+02   9.2200000e-01   8.4603100e+02   9.6901829e+01
   8.4660900e+02   8.4200000e-01   8.4688100e+02   9.7810491e+01
   8.4749100e+02   8.8200000e-01   8.4776100e+02   9.7439702e+01
   8.4838800e+02   8.9700000e-01   8.4866100e+02   9.3946960e+01
   8.4924500e+02   8.5700000e-01   8.4951100e+02   9.3656280e+01
   8.5012300e+02   8.7800000e-01   8.5039100e+02   9.3026854e+01
   8.5098400e+02   8.6100000e-01   8.5127100e+02   9.0376399e+01
   8.5177900e+02   7.9500000e-01   8.5205100e+02   9.2161680e+01
   8.5258800e+02   8.0900000e-01   8.5286100e+02   9.3397643e+01
   8.5342000e+02   8.3200000e-01   8.5369100e+02   9.4587830e+01
   8.5433400e+02   9.1300000e-01   8.5460100e+02   9.8373541e+01
   8.5523800e+02   9.0400000e-01   8.5552100e+02   9.7899755e+01
   8.5607600e+02   8.3800000e-01   8.5635100e+02   9.8529181e+01
   8.5689700e+02   8.2100000e-01   8.5717100e+02   1.0129179e+02
   8.5775500e+02   8.5900000e-01   8.5802100e+02   9.9012122e+01
   8.5865500e+02   9.0000000e-01   8.5894100e+02   9.2443205e+01
   8.5947400e+02   8.1900000e-01   8.5975100e+02   9.6933872e+01
   8.6035200e+02   8.7800000e-01   8.6062100e+02   9.6755344e+01
   8.6128600e+02   9.3400000e-01   8.6155100e+02   9.4654206e+01
   8.6225100e+02   9.6500000e-01   8.6252100e+02   9.4530610e+01
   8.6321300e+02   9.6200000e-01   8.6349100e+02   9.4857911e+01
   8.6418800e+02   9.7600000e-01   8.6447100e+02   9.4800691e+01
   8.6508700e+02   8.9900000e-01   8.6537100e+02   9.3104674e+01
   8.6594100e+02   8.5400000e-01   8.6621100e+02   9.6677524e+01
   8.6680300e+02   8.6200000e-01   8.6707100e+02   9.4294861e+01
   8.6764500e+02   8.4200000e-01   8.6793100e+02   9.2083860e+01
   8.6846500e+02   8.2000000e-01   8.6874100e+02   9.5565157e+01
   8.6932900e+02   8.6400000e-01   8.6960100e+02   9.4823579e+01
   8.7023600e+02   9.0700000e-01   8.7050100e+02   9.3317534e+01
   8.7109900e+02   8.6200000e-01   8.7137100e+02   9.2791105e+01
   8.7198000e+02   8.8100000e-01   8.7225100e+02   9.3768432e+01
   8.7290500e+02   9.2500000e-01   8.7318100e+02   9.2566801e+01
   8.7379800e+02   8.9300000e-01   8.7408100e+02   8.9678308e+01
   8.7460900e+02   8.1100000e-01   8.7488100e+02   9.1756558e+01
   8.7543700e+02   8.2800000e-01   8.7571100e+02   9.3935516e+01
   8.7631300e+02   8.7600000e-01   8.7658100e+02   9.3161895e+01
   8.7720200e+02   8.8900000e-01   8.7748100e+02   9.2127347e+01
   8.7803000e+02   8.2800000e-01   8.7830100e+02   9.4374970e+01
   8.7890400e+02   8.7400000e-01   8.7917100e+02   9.5677309e+01
   8.7988500e+02   9.8100000e-01   8.8015100e+02   9.4722871e+01
   8.8082800e+02   9.4200000e-01   8.8111100e+02   9.1138576e+01
   8.8166100e+02   8.3300000e-01   8.8193100e+02   9.3880584e+01
   8.8253400e+02   8.7300000e-01   8.8280100e+02   9.3779876e+01
   8.8343900e+02   9.0500000e-01   8.8371100e+02   9.3880584e+01
   8.8426500e+02   8.2700000e-01   8.8455100e+02   9.4990663e+01
   8.8504200e+02   7.7700000e-01   8.8531100e+02   1.0066465e+02
   8.8588100e+02   8.3900000e-01   8.8615100e+02   1.0371794e+02
   8.8682100e+02   9.4000000e-01   8.8709100e+02   1.0229200e+02
   8.8776000e+02   9.3900000e-01   8.8804100e+02   9.7744115e+01
   8.8860100e+02   8.4100000e-01   8.8887100e+02   9.8888525e+01
   8.8949500e+02   8.9400000e-01   8.8976100e+02   9.8922858e+01
   8.9043900e+02   9.4400000e-01   8.9072100e+02   9.4622163e+01
   8.9131900e+02   8.8000000e-01   8.9160100e+02   9.2026639e+01
   8.9214300e+02   8.2400000e-01   8.9241100e+02   9.4507721e+01
   8.9301900e+02   8.7600000e-01   8.9329100e+02   9.4542054e+01
   8.9395500e+02   9.3600000e-01   8.9423100e+02   9.3285491e+01
   8.9481400e+02   8.5900000e-01   8.9509100e+02   9.2296720e+01
   8.9561300e+02   7.9900000e-01   8.9589100e+02   9.2285276e+01
   8.9644600e+02   8.3300000e-01   8.9672100e+02   8.9971278e+01
   8.9722000e+02   7.7400000e-01   8.9749100e+02   9.1161465e+01
   8.9801000e+02   7.9000000e-01   8.9828100e+02   9.3026854e+01
   8.9886800e+02   8.5800000e-01   8.9913100e+02   9.2273832e+01
   8.9977400e+02   9.0700000e-01   9.0005100e+02   8.9499780e+01
   9.0060700e+02   8.3200000e-01   9.0088100e+02   9.1980863e+01
   9.0144300e+02   8.3700000e-01   9.0171100e+02   9.3486907e+01
   9.0235100e+02   9.0800000e-01   9.0262100e+02   9.2328764e+01
   9.0331800e+02   9.6700000e-01   9.0359100e+02   8.9488336e+01
   9.0418300e+02   8.6500000e-01   9.0446100e+02   8.9959833e+01
   9.0506800e+02   8.8500000e-01   9.0534100e+02   9.1003536e+01
   9.0596000e+02   8.9200000e-01   9.0623100e+02   8.8916131e+01
   9.0682000e+02   8.6100000e-01   9.0711100e+02   8.6748617e+01
   9.0761800e+02   7.9800000e-01   9.0789100e+02   8.9836237e+01
   9.0845900e+02   8.4100000e-01   9.0873100e+02   9.0589259e+01
   9.0935000e+02   8.9100000e-01   9.0962100e+02   8.9801905e+01
   9.1018900e+02   8.3900000e-01   9.1047100e+02   8.9611933e+01
