   7.6561400e+02   4.8000000e-01   7.6593200e+02   1.1334081e+02
   7.6616700e+02   5.5300000e-01   7.6649000e+02   1.1318856e+02
   7.6648900e+02   3.2200000e-01   7.6651300e+02   1.1373772e+02
   7.6673000e+02   2.4100000e-01   7.6704200e+02   1.1239473e+02
   7.6704200e+02   3.1200000e-01   7.6705300e+02   1.1419536e+02
   7.6751800e+02   4.7600000e-01   7.6764700e+02   1.1410383e+02
   7.6791700e+02   3.9900000e-01   7.6815900e+02   9.0330463e+01
   7.6815800e+02   2.4100000e-01   7.6819400e+02   1.1532449e+02
   7.6839300e+02   2.3500000e-01   7.6876500e+02   1.1538611e+02
   7.6895600e+02   5.6300000e-01   7.6911400e+02   8.6180046e+01
   7.6926800e+02   3.1200000e-01   7.6932900e+02   1.1660677e+02
   7.6950900e+02   2.4100000e-01   7.6964600e+02   8.7767717e+01
   7.6974400e+02   2.3500000e-01   7.6991400e+02   1.1492757e+02
   7.6998500e+02   2.4100000e-01   7.6998600e+02   9.9333604e+01
   7.7038400e+02   3.9900000e-01   7.7047100e+02   1.1657596e+02
   7.7085000e+02   4.6600000e-01   7.7106500e+02   1.1578212e+02
   7.7132600e+02   4.7600000e-01   7.7166500e+02   1.1535530e+02
   7.7172500e+02   3.9900000e-01   7.7172600e+02   1.0501007e+02
   7.7197000e+02   2.4500000e-01   7.7199200e+02   8.5813940e+01
   7.7220100e+02   2.3100000e-01   7.7226400e+02   1.1456146e+02
   7.7260000e+02   3.9900000e-01   7.7283100e+02   1.0989270e+02
   7.7284500e+02   2.4500000e-01   7.7288600e+02   1.1373772e+02
   7.7315300e+02   3.0800000e-01   7.7344900e+02   1.1331090e+02
   7.7347500e+02   3.2200000e-01   7.7347600e+02   1.1160180e+02
   7.7372000e+02   2.4500000e-01   7.7400300e+02   1.1328009e+02
   7.7402800e+02   3.0800000e-01   7.7402900e+02   1.0998423e+02
   7.7427300e+02   2.4500000e-01   7.7450200e+02   8.4959389e+01
   7.7450400e+02   2.3100000e-01   7.7457100e+02   1.1407393e+02
   7.7490300e+02   3.9900000e-01   7.7514300e+02   1.1416545e+02
   7.7514800e+02   2.4500000e-01   7.7514900e+02   1.1328009e+02
   7.7537900e+02   2.3100000e-01   7.7546200e+02   8.4287891e+01
   7.7561400e+02   2.3500000e-01   7.7572600e+02   1.1416545e+02
   7.7602300e+02   4.0900000e-01   7.7630100e+02   1.1294389e+02
   7.7633100e+02   3.0800000e-01   7.7633200e+02   1.1013647e+02
   7.7665300e+02   3.2200000e-01   7.7688100e+02   1.0342240e+02
   7.7688400e+02   2.3100000e-01   7.7690400e+02   1.1141875e+02
   7.7728300e+02   3.9900000e-01   7.7745900e+02   1.1138794e+02
   7.7775900e+02   4.7600000e-01   7.7805200e+02   1.1099102e+02
   7.7823900e+02   4.8000000e-01   7.7859200e+02   1.1126560e+02
   7.7879200e+02   5.5300000e-01   7.7910300e+02   8.3800353e+01
   7.7911400e+02   3.2200000e-01   7.7916500e+02   1.1181476e+02
   7.7966700e+02   5.5300000e-01   7.7973400e+02   1.1199872e+02
   7.8014300e+02   4.7600000e-01   7.8029900e+02   1.1224249e+02
   7.8054200e+02   3.9900000e-01   7.8091400e+02   1.0806126e+02
   7.8101800e+02   4.7600000e-01   7.8141800e+02   8.9964356e+01
   7.8141700e+02   3.9900000e-01   7.8146700e+02   1.1086959e+02
   7.8165800e+02   2.4100000e-01   7.8178000e+02   8.1694334e+01
   7.8189300e+02   2.3500000e-01   7.8203800e+02   1.1105264e+02
   7.8244600e+02   5.5300000e-01   7.8259500e+02   1.1093030e+02
   7.8300900e+02   5.6300000e-01   7.8316200e+02   1.1062491e+02
   7.8347500e+02   4.6600000e-01   7.8373100e+02   1.1086959e+02
   7.8395100e+02   4.7600000e-01   7.8428100e+02   1.1218177e+02
   7.8435000e+02   3.9900000e-01   7.8435100e+02   1.0168339e+02
   7.8459500e+02   2.4500000e-01   7.8482700e+02   1.1355467e+02
   7.8482600e+02   2.3100000e-01   7.8484300e+02   1.1376854e+02
   7.8522500e+02   3.9900000e-01   7.8542000e+02   1.1462309e+02
   7.8547000e+02   2.4500000e-01   7.8547400e+02   1.0610839e+02
   7.8577800e+02   3.0800000e-01   7.8599500e+02   1.1288317e+02
   7.8610000e+02   3.2200000e-01   7.8610100e+02   9.3016453e+01
   7.8634500e+02   2.4500000e-01   7.8657800e+02   1.1376854e+02
   7.8665300e+02   3.0800000e-01   7.8665400e+02   1.0165258e+02
   7.8689800e+02   2.4500000e-01   7.8712900e+02   1.0040202e+02
   7.8712900e+02   2.3100000e-01   7.8717400e+02   1.1294389e+02
   7.8752800e+02   3.9900000e-01   7.8775400e+02   1.1291398e+02
   7.8777300e+02   2.4500000e-01   7.8777400e+02   1.1205943e+02
   7.8808100e+02   3.0800000e-01   7.8835300e+02   1.1181476e+02
   7.8840300e+02   3.2200000e-01   7.8840400e+02   1.0302639e+02
   7.8864800e+02   2.4500000e-01   7.8892000e+02   1.1062491e+02
   7.8895600e+02   3.0800000e-01   7.8895700e+02   1.0192716e+02
   7.8927800e+02   3.2200000e-01   7.8949600e+02   1.1111336e+02
   7.8950900e+02   2.3100000e-01   7.8951300e+02   1.0900734e+02
   7.8990800e+02   3.9900000e-01   7.9007200e+02   1.1181476e+02
   7.9038400e+02   4.7600000e-01   7.9061200e+02   1.1221168e+02
   7.9086400e+02   4.8000000e-01   7.9119400e+02   1.1138794e+02
   7.9125900e+02   3.9500000e-01   7.9173700e+02   1.1056420e+02
   7.9173900e+02   4.8000000e-01   7.9175400e+02   1.1102183e+02
   7.9221500e+02   4.7600000e-01   7.9235800e+02   1.1025881e+02
   7.9276800e+02   5.5300000e-01   7.9291900e+02   1.0732905e+02
   7.9316700e+02   3.9900000e-01   7.9345700e+02   1.0931273e+02
   7.9364300e+02   4.7600000e-01   7.9403100e+02   1.0946497e+02
   7.9404200e+02   3.9900000e-01   7.9404300e+02   1.0717680e+02
   7.9428300e+02   2.4100000e-01   7.9451600e+02   8.7767717e+01
   7.9451800e+02   2.3500000e-01   7.9457700e+02   1.1138794e+02
   7.9507100e+02   5.5300000e-01   7.9515000e+02   1.1187638e+02
   7.9563400e+02   5.6300000e-01   7.9575100e+02   1.1181476e+02
   7.9610000e+02   4.6600000e-01   7.9631600e+02   1.1135713e+02
   7.9657600e+02   4.7600000e-01   7.9694900e+02   1.0818360e+02
   7.9697500e+02   3.9900000e-01   7.9697600e+02   1.0058507e+02
   7.9722000e+02   2.4500000e-01   7.9723100e+02   8.3006518e+01
   7.9745100e+02   2.3100000e-01   7.9751500e+02   1.0989270e+02
   7.9785000e+02   3.9900000e-01   7.9809500e+02   1.0845818e+02
   7.9809500e+02   2.4500000e-01   7.9811500e+02   1.0897743e+02
   7.9840300e+02   3.0800000e-01   7.9869600e+02   1.0940425e+02
   7.9872500e+02   3.2200000e-01   7.9872600e+02   1.0693213e+02
   7.9897000e+02   2.4500000e-01   7.9927900e+02   1.0848899e+02
   7.9927800e+02   3.0800000e-01   7.9927900e+02   1.0848899e+02
   7.9952300e+02   2.4500000e-01   7.9961100e+02   8.0931310e+01
   7.9975400e+02   2.3100000e-01   7.9986600e+02   1.0946497e+02
   8.0015300e+02   3.9900000e-01   8.0039900e+02   8.2426547e+01
   8.0039800e+02   2.4500000e-01   8.0043000e+02   1.0470468e+02
   8.0070600e+02   3.0800000e-01   8.0099900e+02   1.0809207e+02
   8.0102800e+02   3.2200000e-01   8.0103200e+02   1.0543689e+02
   8.0127300e+02   2.4500000e-01   8.0157400e+02   1.0894662e+02
   8.0158100e+02   3.0800000e-01   8.0158200e+02   1.0876357e+02
   8.0190300e+02   3.2200000e-01   8.0213400e+02   1.0439929e+02
   8.0213400e+02   2.3100000e-01   8.0214700e+02   1.0864123e+02
   8.0253300e+02   3.9900000e-01   8.0271900e+02   1.0888591e+02
   8.0300900e+02   4.7600000e-01   8.0328700e+02   1.0903815e+02
   8.0340800e+02   3.9900000e-01   8.0340900e+02   8.7339988e+01
   8.0364300e+02   2.3500000e-01   8.0384600e+02   1.0946497e+02
   8.0388400e+02   2.4100000e-01   8.0389000e+02   1.0946497e+02
   8.0436400e+02   4.8000000e-01   8.0439700e+02   1.1050257e+02
   8.0484000e+02   4.7600000e-01   8.0497500e+02   1.1172323e+02
   8.0539300e+02   5.5300000e-01   8.0553900e+02   1.1169333e+02
   8.0579200e+02   3.9900000e-01   8.0610800e+02   1.0983198e+02
   8.0635500e+02   5.6300000e-01   8.0666500e+02   1.0699375e+02
   8.0666700e+02   3.1200000e-01   8.0667600e+02   1.1126560e+02
   8.0690800e+02   2.4100000e-01   8.0701000e+02   8.3464152e+01
   8.0714300e+02   2.3500000e-01   8.0724900e+02   1.1141875e+02
   8.0769600e+02   5.5300000e-01   8.0786400e+02   1.1105264e+02
   8.0809500e+02   3.9900000e-01   8.0838800e+02   1.1099102e+02
   8.0841300e+02   3.1800000e-01   8.0841400e+02   1.0848899e+02
   8.0872500e+02   3.1200000e-01   8.0896800e+02   1.0949578e+02
   8.0913400e+02   4.0900000e-01   8.0954000e+02   1.0986189e+02
   8.0960000e+02   4.6600000e-01   8.0960100e+02   9.7685218e+01
   8.0992200e+02   3.2200000e-01   8.1010000e+02   1.0989270e+02
   8.1016300e+02   2.4100000e-01   8.1016400e+02   9.9516658e+01
   8.1047500e+02   3.1200000e-01   8.1064700e+02   1.0986189e+02
   8.1072000e+02   2.4500000e-01   8.1072100e+02   9.6160076e+01
   8.1102800e+02   3.0800000e-01   8.1121900e+02   1.0977036e+02
   8.1135000e+02   3.2200000e-01   8.1135100e+02   8.6638586e+01
   8.1159500e+02   2.4500000e-01   8.1180100e+02   1.0986189e+02
   8.1190300e+02   3.0800000e-01   8.1190400e+02   9.2619535e+01
   8.1214800e+02   2.4500000e-01   8.1235900e+02   1.0940425e+02
   8.1237900e+02   2.3100000e-01   8.1238000e+02   1.0748129e+02
   8.1277800e+02   3.9900000e-01   8.1294500e+02   1.0977036e+02
   8.1302300e+02   2.4500000e-01   8.1302600e+02   9.1398878e+01
   8.1325400e+02   2.3100000e-01   8.1349000e+02   1.0619992e+02
   8.1348900e+02   2.3500000e-01   8.1350100e+02   1.0946497e+02
   8.1373000e+02   2.4100000e-01   8.1405300e+02   1.0967883e+02
   8.1405200e+02   3.2200000e-01   8.1406200e+02   1.0989270e+02
   8.1428300e+02   2.3100000e-01   8.1438200e+02   8.0870594e+01
   8.1452800e+02   2.4500000e-01   8.1464100e+02   1.0900734e+02
   8.1475900e+02   2.3100000e-01   8.1515900e+02   1.0629144e+02
   8.1515800e+02   3.9900000e-01   8.1517500e+02   1.1025881e+02
   8.1563400e+02   4.7600000e-01   8.1574300e+02   1.1099102e+02
   8.1603300e+02   3.9900000e-01   8.1632100e+02   1.1108255e+02
   8.1650900e+02   4.7600000e-01   8.1690400e+02   1.0977036e+02
   8.1698900e+02   4.8000000e-01   8.1746100e+02   1.1013647e+02
   8.1746500e+02   4.7600000e-01   8.1747800e+02   1.1141875e+02
   8.1801800e+02   5.5300000e-01   8.1809700e+02   1.1108255e+02
   8.1834000e+02   3.2200000e-01   8.1843900e+02   8.3403436e+01
   8.1858100e+02   2.4100000e-01   8.1869700e+02   1.1059410e+02
   8.1889300e+02   3.1200000e-01   8.1928000e+02   1.1096111e+02
   8.1929200e+02   3.9900000e-01   8.1929300e+02   1.1068563e+02
   8.1953300e+02   2.4100000e-01   8.1963400e+02   8.2609601e+01
   8.1976800e+02   2.3500000e-01   8.1991600e+02   1.0861042e+02
   8.2033100e+02   5.6300000e-01   8.2049300e+02   1.1071644e+02
   8.2072000e+02   3.8900000e-01   8.2110700e+02   1.0973955e+02
   8.2119600e+02   4.7600000e-01   8.2175500e+02   1.0861042e+02
   8.2175900e+02   5.6300000e-01   8.2176300e+02   1.0854970e+02
   8.2222500e+02   4.6600000e-01   8.2235400e+02   1.0742057e+02
   8.2270100e+02   4.7600000e-01   8.2295100e+02   1.0699375e+02
   8.2310000e+02   3.9900000e-01   8.2310500e+02   8.1999725e+01
   8.2334500e+02   2.4500000e-01   8.2355000e+02   1.0696294e+02
   8.2365300e+02   3.0800000e-01   8.2365400e+02   8.4959389e+01
   8.2397500e+02   3.2200000e-01   8.2413200e+02   1.0577309e+02
   8.2422000e+02   2.4500000e-01   8.2422100e+02   8.7187746e+01
   8.2452800e+02   3.0800000e-01   8.2472100e+02   1.0610839e+02
   8.2485000e+02   3.2200000e-01   8.2485200e+02   8.5417928e+01
   8.2509500e+02   2.4500000e-01   8.2527200e+02   1.0699375e+02
   8.2540300e+02   3.0800000e-01   8.2540400e+02   8.7217650e+01
   8.2564800e+02   2.4500000e-01   8.2588300e+02   1.0647450e+02
   8.2595600e+02   3.0800000e-01   8.2595700e+02   9.4359448e+01
   8.2627800e+02   3.2200000e-01   8.2645600e+02   1.0580300e+02
   8.2652300e+02   2.4500000e-01   8.2652400e+02   9.0910434e+01
   8.2683100e+02   3.0800000e-01   8.2704800e+02   1.0510160e+02
   8.2715300e+02   3.2200000e-01   8.2715500e+02   8.2518074e+01
   8.2738400e+02   2.3100000e-01   8.2759300e+02   1.0580300e+02
   8.2778300e+02   3.9900000e-01   8.2816800e+02   1.0543689e+02
   8.2825900e+02   4.7600000e-01   8.2826000e+02   8.5722413e+01
   8.2865800e+02   3.9900000e-01   8.2872900e+02   1.0616910e+02
   8.2913400e+02   4.7600000e-01   8.2928900e+02   1.0742057e+02
   8.2961400e+02   4.8000000e-01   8.2988500e+02   1.0854970e+02
   8.3016700e+02   5.5300000e-01   8.3042500e+02   1.0949578e+02
   8.3048900e+02   3.2200000e-01   8.3049000e+02   9.7106154e+01
   8.3073000e+02   2.4100000e-01   8.3096600e+02   1.0473549e+02
   8.3096500e+02   2.3500000e-01   8.3100500e+02   1.0986189e+02
   8.3151800e+02   5.5300000e-01   8.3157000e+02   1.0980117e+02
   8.3191700e+02   3.9900000e-01   8.3212400e+02   1.0986189e+02
   8.3215800e+02   2.4100000e-01   8.3216300e+02   1.0778668e+02
   8.3239300e+02   2.3500000e-01   8.3269100e+02   1.1068563e+02
   8.3295600e+02   5.6300000e-01   8.3324900e+02   1.1062491e+02
   8.3326800e+02   3.1200000e-01   8.3327000e+02   1.0949578e+02
   8.3350900e+02   2.4100000e-01   8.3380300e+02   1.1218177e+02
   8.3382100e+02   3.1200000e-01   8.3436700e+02   1.1462309e+02
   8.3438400e+02   5.6300000e-01   8.3438500e+02   1.1401230e+02
   8.3485000e+02   4.6600000e-01   8.3496100e+02   1.1700278e+02
   8.3517200e+02   3.2200000e-01   8.3526500e+02   8.7004692e+01
   8.3541300e+02   2.4100000e-01   8.3550900e+02   1.1880341e+02
   8.3572500e+02   3.1200000e-01   8.3588100e+02   8.9018279e+01
   8.3597000e+02   2.4500000e-01   8.3610800e+02   1.1926104e+02
   8.3620100e+02   2.3100000e-01   8.3620400e+02   9.9851953e+01
   8.3660000e+02   3.9900000e-01   8.3669900e+02   1.1895656e+02
   8.3684500e+02   2.4500000e-01   8.3684700e+02   9.2284240e+01
   8.3715300e+02   3.0800000e-01   8.3730000e+02   1.1895656e+02
   8.3747500e+02   3.2200000e-01   8.3764100e+02   8.6150142e+01
   8.3772000e+02   2.4500000e-01   8.3790300e+02   1.1859045e+02
   8.3802800e+02   3.0800000e-01   8.3803200e+02   8.6485437e+01
   8.3827300e+02   2.4500000e-01   8.3845800e+02   1.1926104e+02
   8.3850400e+02   2.3100000e-01   8.3850500e+02   1.1221168e+02
   8.3890300e+02   3.9900000e-01   8.3903800e+02   1.1929185e+02
   8.3914800e+02   2.4500000e-01   8.3915200e+02   9.4054057e+01
   8.3937900e+02   2.3100000e-01   8.3960600e+02   1.2045179e+02
   8.3961400e+02   2.3500000e-01   8.3961500e+02   1.2017721e+02
   8.4002300e+02   4.0900000e-01   8.4019800e+02   1.2136706e+02
   8.4033100e+02   3.0800000e-01   8.4033200e+02   9.3626329e+01
   8.4065300e+02   3.2200000e-01   8.4076000e+02   1.2176398e+02
   8.4088400e+02   2.3100000e-01   8.4088500e+02   1.0156106e+02
   8.4128300e+02   3.9900000e-01   8.4137700e+02   1.2133625e+02
   8.4175900e+02   4.7600000e-01   8.4197200e+02   1.2164164e+02
   8.4223900e+02   4.8000000e-01   8.4255900e+02   1.2087862e+02
   8.4279200e+02   5.5300000e-01   8.4311500e+02   1.0009663e+02
   8.4311400e+02   3.2200000e-01   8.4315800e+02   1.2048260e+02
   8.4366700e+02   5.5300000e-01   8.4375100e+02   1.1959724e+02
   8.4414300e+02   4.7600000e-01   8.4434800e+02   1.1996335e+02
   8.4454200e+02   3.9900000e-01   8.4495200e+02   1.1956643e+02
   8.4501800e+02   4.7600000e-01   8.4502200e+02   9.7868272e+01
   8.4541700e+02   3.9900000e-01   8.4551700e+02   1.1965796e+02
   8.4565800e+02   2.4100000e-01   8.4566100e+02   9.4206299e+01
   8.4589300e+02   2.3500000e-01   8.4614000e+02   1.1889493e+02
   8.4644600e+02   5.5300000e-01   8.4675200e+02   1.1889493e+02
   8.4700900e+02   5.6300000e-01   8.4735200e+02   1.1730817e+02
   8.4747500e+02   4.6600000e-01   8.4793200e+02   1.1614823e+02
   8.4795100e+02   4.7600000e-01   8.4795200e+02   1.1364620e+02
   8.4835000e+02   3.9900000e-01   8.4852400e+02   1.1575222e+02
   8.4859500e+02   2.4500000e-01   8.4859600e+02   9.9974291e+01
   8.4882600e+02   2.3100000e-01   8.4911800e+02   1.1498919e+02
   8.4922500e+02   3.9900000e-01   8.4923200e+02   8.9384385e+01
   8.4947000e+02   2.4500000e-01   8.4971000e+02   1.1456146e+02
   8.4977800e+02   3.0800000e-01   8.4977900e+02   9.5518484e+01
   8.5010000e+02   3.2200000e-01   8.5027600e+02   1.1535530e+02
   8.5034500e+02   2.4500000e-01   8.5034600e+02   9.8631296e+01
   8.5065300e+02   3.0800000e-01   8.5087800e+02   1.1569060e+02
   8.5089800e+02   2.4500000e-01   8.5089900e+02   1.1407393e+02
   8.5112900e+02   2.3100000e-01   8.5143000e+02   1.1459228e+02
   8.5152800e+02   3.9900000e-01   8.5153000e+02   9.2253429e+01
   8.5177300e+02   2.4500000e-01   8.5203000e+02   1.1413464e+02
   8.5208100e+02   3.0800000e-01   8.5208200e+02   1.0546770e+02
   8.5240300e+02   3.2200000e-01   8.5260900e+02   1.1376854e+02
   8.5264800e+02   2.4500000e-01   8.5265000e+02   1.0586462e+02
   8.5295600e+02   3.0800000e-01   8.5316900e+02   1.1334081e+02
   8.5327800e+02   3.2200000e-01   8.5328100e+02   9.0513516e+01
   8.5350900e+02   2.3100000e-01   8.5374800e+02   1.1291398e+02
   8.5390800e+02   3.9900000e-01   8.5432800e+02   1.1212015e+02
   8.5438400e+02   4.7600000e-01   8.5438800e+02   9.2985642e+01
   8.5486400e+02   4.8000000e-01   8.5491000e+02   1.0980117e+02
   8.5525900e+02   3.9500000e-01   8.5545500e+02   1.1282246e+02
   8.5573900e+02   4.8000000e-01   8.5602700e+02   1.1291398e+02
   8.5621500e+02   4.7600000e-01   8.5662700e+02   1.1379844e+02
   8.5676800e+02   5.5300000e-01   8.5716800e+02   9.8814349e+01
   8.5716700e+02   3.9900000e-01   8.5721300e+02   1.1294389e+02
   8.5764300e+02   4.7600000e-01   8.5780800e+02   1.1260859e+02
   8.5804200e+02   3.9900000e-01   8.5812900e+02   8.3372625e+01
   8.5828300e+02   2.4100000e-01   8.5841300e+02   1.1172323e+02
   8.5851800e+02   2.3500000e-01   8.5902500e+02   1.1141875e+02
   8.5907100e+02   5.5300000e-01   8.5962600e+02   1.1062491e+02
   8.5963400e+02   5.6300000e-01   8.5963600e+02   1.0977036e+02
   8.6010000e+02   4.6600000e-01   8.6020900e+02   1.0851889e+02
   8.6057600e+02   4.7600000e-01   8.6080400e+02   1.0989270e+02
   8.6097500e+02   3.9900000e-01   8.6097600e+02   8.0351339e+01
   8.6122000e+02   2.4500000e-01   8.6138400e+02   1.0983198e+02
   8.6145100e+02   2.3100000e-01   8.6145200e+02   9.4054057e+01
   8.6185000e+02   3.9900000e-01   8.6196700e+02   1.0986189e+02
   8.6209500e+02   2.4500000e-01   8.6209600e+02   8.5264780e+01
   8.6240300e+02   3.0800000e-01   8.6255400e+02   1.0973955e+02
   8.6272500e+02   3.2200000e-01   8.6272700e+02   7.9344546e+01
   8.6297000e+02   2.4500000e-01   8.6312900e+02   1.0864123e+02
   8.6327800e+02   3.0800000e-01   8.6327900e+02   8.1571997e+01
   8.6352300e+02   2.4500000e-01   8.6370900e+02   1.0818360e+02
   8.6375400e+02   2.3100000e-01   8.6375600e+02   1.0256875e+02
   8.6415300e+02   3.9900000e-01   8.6427300e+02   1.0763444e+02
   8.6439800e+02   2.4500000e-01   8.6439900e+02   8.6058615e+01
   8.6470600e+02   3.0800000e-01   8.6486500e+02   1.0781749e+02
   8.6502800e+02   3.2200000e-01   8.6516300e+02   7.8612333e+01
   8.6527300e+02   2.4500000e-01   8.6542100e+02   1.0735986e+02
   8.6558100e+02   3.0800000e-01   8.6558600e+02   8.0473677e+01
   8.6590300e+02   3.2200000e-01   8.6598400e+02   1.0821441e+02
   8.6613400e+02   2.3100000e-01   8.6653300e+02   1.0800054e+02
   8.6653300e+02   3.9900000e-01   8.6654300e+02   1.0861042e+02
   8.6700900e+02   4.7600000e-01   8.6710600e+02   1.0940425e+02
   8.6740800e+02   3.9900000e-01   8.6764400e+02   1.0983198e+02
   8.6764300e+02   2.3500000e-01   8.6765800e+02   1.1016728e+02
   8.6788400e+02   2.4100000e-01   8.6824300e+02   1.1028962e+02
   8.6836400e+02   4.8000000e-01   8.6883800e+02   1.1138794e+02
   8.6884000e+02   4.7600000e-01   8.6884600e+02   1.1147946e+02
   8.6939300e+02   5.5300000e-01   8.6941800e+02   1.1068563e+02
   8.6979200e+02   3.9900000e-01   8.7005700e+02   1.1062491e+02
   8.7035500e+02   5.6300000e-01   8.7064500e+02   1.0986189e+02
   8.7066700e+02   3.1200000e-01   8.7066800e+02   1.0803136e+02
   8.7090800e+02   2.4100000e-01   8.7097700e+02   8.4196365e+01
   8.7114300e+02   2.3500000e-01   8.7124400e+02   1.1105264e+02
   8.7169600e+02   5.5300000e-01   8.7188100e+02   1.1144865e+02
   8.7209500e+02   3.9900000e-01   8.7241300e+02   9.1246636e+01
   8.7241300e+02   3.1800000e-01   8.7246300e+02   1.1144865e+02
   8.7272500e+02   3.1200000e-01   8.7309600e+02   1.1062491e+02
   8.7313400e+02   4.0900000e-01   8.7313600e+02   1.0354474e+02
   8.7360000e+02   4.6600000e-01   8.7369600e+02   1.1025881e+02
   8.7392200e+02   3.2200000e-01   8.7401500e+02   8.0931310e+01
   8.7416300e+02   2.4100000e-01   8.7432200e+02   1.0906896e+02
   8.7447500e+02   3.1200000e-01   8.7447600e+02   8.4563378e+01
   8.7472000e+02   2.4500000e-01   8.7492300e+02   1.0848899e+02
   8.7502800e+02   3.0800000e-01   8.7502900e+02   8.8774510e+01
   8.7535000e+02   3.2200000e-01   8.7552300e+02   1.0821441e+02
   8.7559500e+02   2.4500000e-01   8.7559600e+02   9.1429689e+01
   8.7590300e+02   3.0800000e-01   8.7611600e+02   1.0815279e+02
   8.7614800e+02   2.4500000e-01   8.7614900e+02   1.0171420e+02
   8.7637900e+02   2.3100000e-01   8.7669500e+02   1.0861042e+02
   8.7677800e+02   3.9900000e-01   8.7677900e+02   9.0392085e+01
   8.7702300e+02   2.4500000e-01   8.7725500e+02   1.0592534e+02
   8.7725400e+02   2.3100000e-01   8.7727400e+02   1.0940425e+02
   8.7748900e+02   2.3500000e-01   8.7761300e+02   7.9710653e+01
   8.7773000e+02   2.4100000e-01   8.7791500e+02   1.0897743e+02
   8.7805200e+02   3.2200000e-01   8.7805400e+02   8.1663523e+01
   8.7828300e+02   2.3100000e-01   8.7845600e+02   1.0946497e+02
   8.7852800e+02   2.4500000e-01   8.7852900e+02   9.3016453e+01
   8.7875900e+02   2.3100000e-01   8.7904000e+02   1.1059410e+02
   8.7915800e+02   3.9900000e-01   8.7961300e+02   1.1065572e+02
   8.7963400e+02   4.7600000e-01   8.7965700e+02   1.1062491e+02
   8.8003300e+02   3.9900000e-01   8.8021300e+02   1.1144865e+02
   8.8050900e+02   4.7600000e-01   8.8079500e+02   1.1379844e+02
   8.8098900e+02   4.8000000e-01   8.8139900e+02   1.1331090e+02
   8.8146500e+02   4.7600000e-01   8.8199200e+02   1.1456146e+02
   8.8201800e+02   5.5300000e-01   8.8201900e+02   1.1291398e+02
   8.8234000e+02   3.2200000e-01   8.8257900e+02   1.1364620e+02
   8.8258100e+02   2.4100000e-01   8.8259800e+02   1.1495838e+02
   8.8289300e+02   3.1200000e-01   8.8319800e+02   1.1407393e+02
   8.8329200e+02   3.9900000e-01   8.8329400e+02   9.4145584e+01
   8.8353300e+02   2.4100000e-01   8.8376900e+02   1.1074725e+02
   8.8376800e+02   2.3500000e-01   8.8379400e+02   1.1373772e+02
   8.8433100e+02   5.6300000e-01   8.8439100e+02   1.1459228e+02
   8.8472000e+02   3.8900000e-01   8.8497100e+02   1.1501910e+02
   8.8519600e+02   4.7600000e-01   8.8555100e+02   1.1465299e+02
   8.8575900e+02   5.6300000e-01   8.8615000e+02   1.1419536e+02
   8.8622500e+02   4.6600000e-01   8.8670200e+02   1.0888591e+02
   8.8670100e+02   4.7600000e-01   8.8673300e+02   1.1416545e+02
   8.8710000e+02   3.9900000e-01   8.8732400e+02   1.1358548e+02
   8.8734500e+02   2.4500000e-01   8.8734600e+02   1.1199872e+02
   8.8765300e+02   3.0800000e-01   8.8791200e+02   1.1373772e+02
   8.8797500e+02   3.2200000e-01   8.8797600e+02   1.0052345e+02
   8.8822000e+02   2.4500000e-01   8.8846400e+02   1.1688135e+02
   8.8852800e+02   3.0800000e-01   8.8852900e+02   1.0470468e+02
   8.8885000e+02   3.2200000e-01   8.8903000e+02   1.1739970e+02
   8.8909500e+02   2.4500000e-01   8.8909600e+02   1.0751210e+02
   8.8940300e+02   3.0800000e-01   8.8960900e+02   1.1776580e+02
   8.8964800e+02   2.4500000e-01   8.8964900e+02   1.1495838e+02
   8.8995600e+02   3.0800000e-01   8.9017800e+02   1.1849892e+02
   8.9027800e+02   3.2200000e-01   8.9028400e+02   1.0214103e+02
   8.9052300e+02   2.4500000e-01   8.9074900e+02   1.1889493e+02
   8.9083100e+02   3.0800000e-01   8.9085100e+02   1.0742057e+02
   8.9115300e+02   3.2200000e-01   8.9135300e+02   1.1971958e+02
   8.9138400e+02   2.3100000e-01   8.9138500e+02   1.1758275e+02
   8.9178300e+02   3.9900000e-01   8.9197900e+02   1.1916951e+02
   8.9225900e+02   4.7600000e-01   8.9261300e+02   1.1776580e+02
   8.9265800e+02   3.9900000e-01   8.9266000e+02   1.1523296e+02
   8.9313400e+02   4.7600000e-01   8.9328800e+02   1.1703359e+02
   8.9361400e+02   4.8000000e-01   8.9395000e+02   1.1700278e+02
   8.9416700e+02   5.5300000e-01   8.9427500e+02   8.5813940e+01
   8.9448900e+02   3.2200000e-01   8.9457100e+02   1.1541602e+02
   8.9473000e+02   2.4100000e-01   8.9473100e+02   9.0209031e+01
   8.9496500e+02   2.3500000e-01   8.9521100e+02   1.1373772e+02
   8.9551800e+02   5.5300000e-01   8.9580300e+02   1.1324928e+02
   8.9591700e+02   3.9900000e-01   8.9591800e+02   9.1856511e+01
   8.9615800e+02   2.4100000e-01   8.9639400e+02   1.1282246e+02
   8.9639300e+02   2.3500000e-01   8.9641200e+02   1.1422617e+02
   8.9695600e+02   5.6300000e-01   8.9698800e+02   1.1413464e+02
   8.9726800e+02   3.1200000e-01   8.9751000e+02   8.9872830e+01
   8.9750900e+02   2.4100000e-01   8.9757000e+02   1.1416545e+02
