   2.9599000e+02   9.7400000e-01   2.9632800e+02   1.0467403e+02
   2.9700600e+02   1.0160000e+00   2.9735500e+02   1.0171344e+02
   2.9791600e+02   9.1000000e-01   2.9827500e+02   1.0082859e+02
   2.9883200e+02   9.1600000e-01   2.9917500e+02   1.0162252e+02
   2.9981300e+02   9.8100000e-01   3.0014900e+02   1.0198888e+02
   3.0068700e+02   8.7400000e-01   3.0102900e+02   1.0198888e+02
   3.0155100e+02   8.6300000e-01   3.0190300e+02   1.0159192e+02
   3.0252000e+02   9.6900000e-01   3.0284300e+02   1.0519252e+02
   3.0348300e+02   9.6300000e-01   3.0383700e+02   1.0366676e+02
   3.0443200e+02   9.4900000e-01   3.0479600e+02   1.0162252e+02
   3.0531700e+02   8.8500000e-01   3.0565600e+02   1.0327070e+02
   3.0617800e+02   8.6100000e-01   3.0653700e+02   9.9974346e+01
   3.0702700e+02   8.4900000e-01   3.0737600e+02   1.0198888e+02
   3.0787000e+02   8.4400000e-01   3.0824500e+02   1.0482706e+02
   3.0873300e+02   8.6200000e-01   3.0907500e+02   1.0436888e+02
   3.0989900e+02   1.1660000e+00   3.1026500e+02   1.0479645e+02
   3.1107200e+02   1.1740000e+00   3.1142500e+02   1.0607827e+02
   3.1224800e+02   1.1750000e+00   3.1258400e+02   1.1080766e+02
   3.1333400e+02   1.0870000e+00   3.1367300e+02   1.1227311e+02
   3.1438400e+02   1.0500000e+00   3.1472300e+02   1.1236492e+02
   3.1545600e+02   1.0720000e+00   3.1582500e+02   1.1157099e+02
   3.1646100e+02   1.0050000e+00   3.1684500e+02   1.0598645e+02
   3.1739000e+02   9.2800000e-01   3.1774100e+02   1.1007584e+02
   3.1839500e+02   1.0050000e+00   3.1873300e+02   1.1108311e+02
   3.1955900e+02   1.1640000e+00   3.1992400e+02   1.0287373e+02
   3.2067400e+02   1.1150000e+00   3.2104300e+02   1.0250737e+02
   3.2172600e+02   1.0530000e+00   3.2207200e+02   1.0583343e+02
   3.2274800e+02   1.0220000e+00   3.2313200e+02   1.0281252e+02
   3.2374500e+02   9.9800000e-01   3.2408300e+02   1.0403313e+02
   3.2473500e+02   9.8900000e-01   3.2508400e+02   1.0363616e+02
   3.2560800e+02   8.7300000e-01   3.2598100e+02   1.0333101e+02
   3.2661400e+02   1.0060000e+00   3.2694900e+02   1.0546797e+02
   3.2768000e+02   1.0660000e+00   3.2802800e+02   1.0314828e+02
   3.2874500e+02   1.0650000e+00   3.2908000e+02   1.0565070e+02
   3.2983900e+02   1.0950000e+00   3.3016100e+02   1.0482706e+02
   3.3084700e+02   1.0070000e+00   3.3124800e+02   1.0162252e+02
   3.3175300e+02   9.0600000e-01   3.3212000e+02   1.0482706e+02
   3.3262700e+02   8.7400000e-01   3.3298200e+02   1.0366676e+02
   3.3362900e+02   1.0020000e+00   3.3396900e+02   1.0473524e+02
   3.3462200e+02   9.9300000e-01   3.3496200e+02   1.0555888e+02
   3.3564200e+02   1.0200000e+00   3.3599000e+02   1.0552828e+02
   3.3675300e+02   1.1110000e+00   3.3708200e+02   1.0668857e+02
   3.3789900e+02   1.1460000e+00   3.3826900e+02   1.0324009e+02
   3.3900000e+02   1.1020000e+00   3.3935100e+02   1.0482706e+02
   3.4003300e+02   1.0320000e+00   3.4037800e+02   1.0436888e+02
   3.4097600e+02   9.4300000e-01   3.4135100e+02   1.0204919e+02
   3.4183100e+02   8.5600000e-01   3.4217900e+02   1.0357585e+02
   3.4267500e+02   8.4400000e-01   3.4305500e+02   1.0705403e+02
   3.4365900e+02   9.8400000e-01   3.4398800e+02   1.0754281e+02
   3.4475400e+02   1.0960000e+00   3.4510900e+02   1.0443009e+02
   3.4587700e+02   1.1230000e+00   3.4620500e+02   1.0412494e+02
   3.4703100e+02   1.1540000e+00   3.4735900e+02   1.0629160e+02
   3.4810500e+02   1.0740000e+00   3.4844600e+02   1.0119495e+02
   3.4913000e+02   1.0250000e+00   3.4946600e+02   1.0369737e+02
   3.5007200e+02   9.4200000e-01   3.5043700e+02   9.7959808e+01
   3.5092600e+02   8.5400000e-01   3.5128600e+02   1.0043252e+02
   3.5175300e+02   8.2600000e-01   3.5209500e+02   1.0406373e+02
   3.5261600e+02   8.6300000e-01   3.5295400e+02   1.0516191e+02
   3.5369500e+02   1.0800000e+00   3.5403400e+02   1.0156131e+02
   3.5476900e+02   1.0730000e+00   3.5513300e+02   9.9211018e+01
   3.5593800e+02   1.1700000e+00   3.5630800e+02   9.9607984e+01
   3.5705000e+02   1.1120000e+00   3.5737400e+02   1.0324009e+02
   3.5809200e+02   1.0420000e+00   3.5844800e+02   9.9607984e+01
   3.5908900e+02   9.9600000e-01   3.5943300e+02   9.9181313e+01
   3.6001200e+02   9.2300000e-01   3.6037400e+02   9.7654657e+01
   3.6090900e+02   8.9700000e-01   3.6128400e+02   9.8051624e+01
   3.6192700e+02   1.0180000e+00   3.6228700e+02   9.9546774e+01
   3.6288900e+02   9.6200000e-01   3.6325300e+02   1.0000495e+02
   3.6386100e+02   9.7200000e-01   3.6423300e+02   9.6067691e+01
   3.6483400e+02   9.7300000e-01   3.6518800e+02   1.0290434e+02
   3.6586800e+02   1.0350000e+00   3.6625600e+02   1.0125616e+02
   3.6701900e+02   1.1510000e+00   3.6736200e+02   1.0232464e+02
   3.6811400e+02   1.0950000e+00   3.6844100e+02   1.0790917e+02
   3.6914900e+02   1.0350000e+00   3.6950200e+02   1.0397192e+02
   3.7017000e+02   1.0210000e+00   3.7053300e+02   1.0244616e+02
   3.7113000e+02   9.5900000e-01   3.7147400e+02   1.0714585e+02
   3.7211000e+02   9.8000000e-01   3.7245500e+02   1.0439949e+02
   3.7308000e+02   9.7000000e-01   3.7343500e+02   1.0244616e+02
   3.7399500e+02   9.1600000e-01   3.7436100e+02   1.0024889e+02
   3.7494200e+02   9.4700000e-01   3.7531400e+02   1.0034071e+02
   3.7590000e+02   9.5800000e-01   3.7627200e+02   1.0281252e+02
   3.7693300e+02   1.0330000e+00   3.7731100e+02   1.0369737e+02
   3.7797100e+02   1.0390000e+00   3.7833100e+02   1.0159192e+02
   3.7902800e+02   1.0570000e+00   3.7939900e+02   1.0510160e+02
   3.8011100e+02   1.0830000e+00   3.8045200e+02   1.0714585e+02
   3.8121200e+02   1.1010000e+00   3.8154300e+02   1.0552828e+02
   3.8228600e+02   1.0730000e+00   3.8262800e+02   1.0446070e+02
   3.8330800e+02   1.0220000e+00   3.8365900e+02   1.0079798e+02
   3.8426500e+02   9.5700000e-01   3.8463200e+02   9.9669195e+01
   3.8516800e+02   9.0300000e-01   3.8549800e+02   1.0327070e+02
   3.8605700e+02   8.8900000e-01   3.8642100e+02   1.0244616e+02
   3.8709400e+02   1.0370000e+00   3.8744100e+02   1.0201949e+02
   3.8832500e+02   1.2310000e+00   3.8865800e+02   1.0522312e+02
   3.8943700e+02   1.1120000e+00   3.8980800e+02   9.9150708e+01
   3.9046300e+02   1.0260000e+00   3.9081600e+02   9.6861624e+01
   3.9139400e+02   9.3200000e-01   3.9175600e+02   9.8814952e+01
   3.9233900e+02   9.4400000e-01   3.9271700e+02   9.8417985e+01
   3.9337600e+02   1.0380000e+00   3.9371800e+02   1.0201949e+02
   3.9429400e+02   9.1800000e-01   3.9463600e+02   1.0238495e+02
   3.9535000e+02   1.0560000e+00   3.9571800e+02   1.0079798e+02
   3.9650800e+02   1.1580000e+00   3.9684600e+02   1.0351464e+02
   3.9763500e+02   1.1270000e+00   3.9797800e+02   1.0403313e+02
   3.9871100e+02   1.0750000e+00   3.9905900e+02   1.0363616e+02
   3.9975500e+02   1.0440000e+00   4.0008500e+02   1.0601706e+02
   4.0074100e+02   9.8600000e-01   4.0111800e+02   1.0204919e+02
   4.0165400e+02   9.1300000e-01   4.0202400e+02   9.7715867e+01
   4.0261600e+02   9.6200000e-01   4.0297900e+02   1.0241555e+02
   4.0358600e+02   9.7000000e-01   4.0392600e+02   1.0287373e+02
   4.0454500e+02   9.5900000e-01   4.0489900e+02   1.0525373e+02
   4.0553600e+02   9.9100000e-01   4.0588600e+02   1.0363616e+02
   4.0662800e+02   1.0920000e+00   4.0697900e+02   1.0314828e+02
   4.0765800e+02   1.0300000e+00   4.0801500e+02   1.0354524e+02
   4.0861300e+02   9.5600000e-01   4.0896600e+02   1.0287373e+02
   4.0950500e+02   8.9200000e-01   4.0985600e+02   1.0317888e+02
   4.1035400e+02   8.4800000e-01   4.1068700e+02   1.0635281e+02
   4.1124500e+02   8.9100000e-01   4.1158600e+02   1.0677949e+02
   4.1219000e+02   9.4600000e-01   4.1253600e+02   1.0327070e+02
   4.1306000e+02   8.7000000e-01   4.1341100e+02   1.0357585e+02
   4.1390600e+02   8.4600000e-01   4.1427500e+02   1.0272071e+02
   4.1478100e+02   8.7500000e-01   4.1511500e+02   1.0314828e+02
   4.1585500e+02   1.0740000e+00   4.1618400e+02   1.0677949e+02
   4.1690900e+02   1.0540000e+00   4.1727400e+02   1.0192767e+02
   4.1794700e+02   1.0390000e+00   4.1830800e+02   1.0211040e+02
   4.1897300e+02   1.0260000e+00   4.1930500e+02   1.0403313e+02
   4.1994300e+02   9.6900000e-01   4.2030300e+02   1.0003556e+02
   4.2082200e+02   8.7900000e-01   4.2115000e+02   1.0327070e+02
   4.2170600e+02   8.8400000e-01   4.2205400e+02   1.0159192e+02
   4.2264300e+02   9.3800000e-01   4.2299000e+02   1.0369737e+02
   4.2354100e+02   8.9700000e-01   4.2390300e+02   1.0165313e+02
   4.2448200e+02   9.4100000e-01   4.2483100e+02   1.0116435e+02
   4.2549100e+02   1.0090000e+00   4.2583200e+02   1.0076738e+02
   4.2648300e+02   9.9300000e-01   4.2682500e+02   1.0043252e+02
   4.2755100e+02   1.0670000e+00   4.2790500e+02   9.9241623e+01
   4.2854800e+02   9.9700000e-01   4.2888600e+02   1.0281252e+02
   4.2956500e+02   1.0170000e+00   4.2993000e+02   9.7654657e+01
   4.3054100e+02   9.7600000e-01   4.3087900e+02   1.0317888e+02
   4.3163000e+02   1.0890000e+00   4.3196100e+02   1.0067646e+02
   4.3262200e+02   9.9200000e-01   4.3296100e+02   9.9546774e+01
   4.3359400e+02   9.7200000e-01   4.3393100e+02   1.0027950e+02
   4.3455500e+02   9.6200000e-01   4.3491000e+02   9.9638589e+01
   4.3549000e+02   9.3400000e-01   4.3583700e+02   9.9181313e+01
   4.3640300e+02   9.1300000e-01   4.3675800e+02   1.0073767e+02
   4.3730800e+02   9.0500000e-01   4.3765800e+02   1.0275131e+02
   4.3819600e+02   8.8800000e-01   4.3853800e+02   1.0076738e+02
   4.3912100e+02   9.2500000e-01   4.3947200e+02   1.0162252e+02
   4.4002300e+02   9.0200000e-01   4.4037600e+02   1.0204919e+02
   4.4100900e+02   9.8600000e-01   4.4134000e+02   1.0754281e+02
   4.4215700e+02   1.1490000e+00   4.4252100e+02   1.0711524e+02
   4.4326500e+02   1.1070000e+00   4.4361800e+02   1.0998402e+02
   4.4425700e+02   9.9300000e-01   4.4458700e+02   1.1031978e+02
   4.4522000e+02   9.6300000e-01   4.4554200e+02   1.0925130e+02
   4.4609600e+02   8.7500000e-01   4.4645000e+02   1.0516191e+02
   4.4695900e+02   8.6400000e-01   4.4732100e+02   1.0668857e+02
   4.4788600e+02   9.2600000e-01   4.4823400e+02   1.0958706e+02
   4.4895700e+02   1.0720000e+00   4.4933000e+02   1.0555888e+02
   4.4997200e+02   1.0140000e+00   4.5032000e+02   1.0241555e+02
   4.5089800e+02   9.2600000e-01   4.5126800e+02   1.0116435e+02
   4.5179900e+02   9.0100000e-01   4.5214900e+02   1.0443009e+02
   4.5263900e+02   8.4000000e-01   4.5301700e+02   1.0476585e+02
   4.5371900e+02   1.0800000e+00   4.5403600e+02   1.0800009e+02
   4.5474800e+02   1.0290000e+00   4.5509700e+02   1.0363616e+02
   4.5570000e+02   9.5200000e-01   4.5605900e+02   1.0198888e+02
   4.5653100e+02   8.3200000e-01   4.5687700e+02   1.0400252e+02
   4.5733200e+02   8.0100000e-01   4.5766500e+02   1.0961766e+02
   4.5806100e+02   7.2900000e-01   4.5839700e+02   1.1038099e+02
   4.5882900e+02   7.6800000e-01   4.5914200e+02   1.1077796e+02
   4.6005700e+02   1.2280000e+00   4.6039600e+02   1.0665797e+02
   4.6098800e+02   9.3100000e-01   4.6132500e+02   1.0671918e+02
   4.6183900e+02   8.5100000e-01   4.6220300e+02   1.0403313e+02
   4.6267300e+02   8.3400000e-01   4.6302700e+02   1.0327070e+02
   4.6352300e+02   8.5000000e-01   4.6386500e+02   1.0482706e+02
   4.6453400e+02   1.0110000e+00   4.6488400e+02   1.0595585e+02
   4.6556800e+02   1.0340000e+00   4.6592400e+02   1.0211040e+02
   4.6657200e+02   1.0050000e+00   4.6691300e+02   1.0439949e+02
   4.6757300e+02   1.0010000e+00   4.6793600e+02   1.0159192e+02
   4.6843700e+02   8.6400000e-01   4.6877500e+02   1.0470464e+02
   4.6927000e+02   8.3300000e-01   4.6963400e+02   1.0275131e+02
   4.7025300e+02   9.8300000e-01   4.7058600e+02   1.0324009e+02
   4.7114000e+02   8.8700000e-01   4.7148200e+02   1.0320949e+02
   4.7201000e+02   8.7000000e-01   4.7236200e+02   1.0403313e+02
   4.7301500e+02   1.0060000e+00   4.7336400e+02   1.0479645e+02
   4.7412300e+02   1.1080000e+00   4.7445400e+02   1.0433828e+02
   4.7521300e+02   1.0900000e+00   4.7554500e+02   1.0406373e+02
   4.7620500e+02   9.9200000e-01   4.7655200e+02   1.0070707e+02
   4.7709400e+02   8.8900000e-01   4.7745000e+02   9.8814952e+01
   4.7795200e+02   8.5800000e-01   4.7830300e+02   1.0400252e+02
   4.7889900e+02   9.4700000e-01   4.7927100e+02   1.0598645e+02
   4.8001400e+02   1.1150000e+00   4.8036300e+02   1.0006616e+02
   4.8108100e+02   1.0670000e+00   4.8143100e+02   9.9943741e+01
   4.8202200e+02   9.4000000e-01   4.8238300e+02   9.8021019e+01
   4.8289900e+02   8.7700000e-01   4.8326400e+02   1.0006616e+02
   4.8381200e+02   9.1300000e-01   4.8416400e+02   1.0119495e+02
   4.8487200e+02   1.0600000e+00   4.8525000e+02   1.0409434e+02
   4.8594100e+02   1.0690000e+00   4.8631300e+02   1.0043252e+02
   4.8693300e+02   9.9200000e-01   4.8729000e+02   1.0076738e+02
   4.8790200e+02   9.6900000e-01   4.8827000e+02   9.8051624e+01
   4.8875700e+02   8.5600000e-01   4.8911200e+02   9.7289196e+01
   4.8958000e+02   8.2300000e-01   4.8992900e+02   1.0198888e+02
   4.9051500e+02   9.3400000e-01   4.9085800e+02   1.0198888e+02
   4.9166400e+02   1.1500000e+00   4.9201900e+02   1.0232464e+02
   4.9273800e+02   1.0740000e+00   4.9308000e+02   1.0159192e+02
   4.9378600e+02   1.0480000e+00   4.9412100e+02   1.0229403e+02
   4.9478700e+02   1.0010000e+00   4.9513900e+02   9.9181313e+01
   4.9565200e+02   8.6500000e-01   4.9601300e+02   1.0040192e+02
   4.9664400e+02   9.9300000e-01   4.9698600e+02   1.0119495e+02
   4.9769600e+02   1.0510000e+00   4.9804000e+02   1.0195828e+02
   4.9877300e+02   1.0770000e+00   4.9916800e+02   9.7654657e+01
   4.9978900e+02   1.0160000e+00   5.0012800e+02   1.0162252e+02
   5.0077900e+02   9.9000000e-01   5.0113700e+02   9.8326170e+01
   5.0169500e+02   9.1500000e-01   5.0204700e+02   9.8479195e+01
   5.0256800e+02   8.7400000e-01   5.0294900e+02   1.0092040e+02
   5.0341100e+02   8.4300000e-01   5.0374700e+02   1.0204919e+02
   5.0433600e+02   9.2400000e-01   5.0468700e+02   1.0119495e+02
   5.0539400e+02   1.0590000e+00   5.0573300e+02   1.0476585e+02
   5.0640200e+02   1.0070000e+00   5.0677700e+02   1.0598645e+02
   5.0746400e+02   1.0630000e+00   5.0783500e+02   1.0247676e+02
   5.0853400e+02   1.0700000e+00   5.0888900e+02   1.0449130e+02
   5.0952000e+02   9.8600000e-01   5.0986500e+02   1.0443009e+02
   5.1045800e+02   9.3800000e-01   5.1083600e+02   1.0479645e+02
   5.1129500e+02   8.3700000e-01   5.1164900e+02   1.0519252e+02
   5.1210400e+02   8.0900000e-01   5.1243700e+02   1.0964827e+02
   5.1307600e+02   9.7200000e-01   5.1342400e+02   1.1150978e+02
   5.1414500e+02   1.0690000e+00   5.1449700e+02   1.0882463e+02
   5.1513200e+02   9.8700000e-01   5.1547800e+02   1.0964827e+02
   5.1607500e+02   9.4300000e-01   5.1641700e+02   1.1239463e+02
   5.1707300e+02   9.9800000e-01   5.1741500e+02   1.1273038e+02
   5.1811800e+02   1.0450000e+00   5.1845700e+02   1.1004523e+02
   5.1915100e+02   1.0330000e+00   5.1948300e+02   1.1111371e+02
   5.2015000e+02   9.9900000e-01   5.2053500e+02   1.0711524e+02
   5.2106600e+02   9.1600000e-01   5.2140400e+02   1.0995342e+02
   5.2199400e+02   9.2800000e-01   5.2233100e+02   1.1077796e+02
   5.2289400e+02   9.0100000e-01   5.2326000e+02   1.0705403e+02
   5.2393300e+02   1.0380000e+00   5.2427400e+02   1.0839706e+02
   5.2491600e+02   9.8300000e-01   5.2526300e+02   1.0668857e+02
   5.2582800e+02   9.1300000e-01   5.2619300e+02   1.0717645e+02
   5.2668900e+02   8.6100000e-01   5.2701300e+02   1.1004523e+02
   5.2765100e+02   9.6200000e-01   5.2801300e+02   1.0674888e+02
   5.2865900e+02   1.0070000e+00   5.2901300e+02   1.0595585e+02
   5.2959600e+02   9.3700000e-01   5.2993500e+02   1.0793978e+02
   5.3050300e+02   9.0700000e-01   5.3083300e+02   1.0601706e+02
   5.3131800e+02   8.1600000e-01   5.3165300e+02   1.0751221e+02
   5.3213300e+02   8.1500000e-01   5.3248200e+02   1.0552828e+02
   5.3299600e+02   8.6300000e-01   5.3332300e+02   1.0955645e+02
   5.3411100e+02   1.1140000e+00   5.3445400e+02   1.0436888e+02
   5.3505900e+02   9.4800000e-01   5.3538800e+02   1.0705403e+02
   5.3592100e+02   8.6200000e-01   5.3628400e+02   1.0360555e+02
   5.3672500e+02   8.0400000e-01   5.3708300e+02   1.0290434e+02
   5.3753600e+02   8.1100000e-01   5.3787900e+02   1.0919099e+02
   5.3867800e+02   1.1420000e+00   5.3900100e+02   1.0879402e+02
   5.3970800e+02   1.0290000e+00   5.4004000e+02   1.0677949e+02
   5.4061200e+02   9.0400000e-01   5.4096000e+02   1.0522312e+02
   5.4146200e+02   8.5000000e-01   5.4182700e+02   1.0207980e+02
   5.4225000e+02   7.8800000e-01   5.4258900e+02   1.0665797e+02
   5.4306200e+02   8.1100000e-01   5.4340200e+02   1.0677949e+02
   5.4386100e+02   7.9900000e-01   5.4420400e+02   1.0369737e+02
   5.4481500e+02   9.5500000e-01   5.4516200e+02   1.0485676e+02
   5.4587600e+02   1.0610000e+00   5.4625000e+02   1.0757342e+02
   5.4698000e+02   1.1040000e+00   5.4733800e+02   9.9882530e+01
   5.4798800e+02   1.0090000e+00   5.4831800e+02   1.0516191e+02
   5.4889600e+02   9.0800000e-01   5.4925800e+02   1.0070707e+02
   5.4980900e+02   9.1300000e-01   5.5015800e+02   1.0238495e+02
   5.5070200e+02   8.9300000e-01   5.5104600e+02   1.0162252e+02
   5.5152900e+02   8.2700000e-01   5.5188700e+02   1.0287373e+02
   5.5236600e+02   8.3700000e-01   5.5273100e+02   1.0119495e+02
   5.5330800e+02   9.4200000e-01   5.5364700e+02   1.0278192e+02
   5.5423200e+02   9.2400000e-01   5.5458800e+02   1.0409434e+02
   5.5515000e+02   9.1800000e-01   5.5552800e+02   1.0116435e+02
   5.5605700e+02   9.0600000e-01   5.5641300e+02   1.0207980e+02
   5.5706000e+02   1.0030000e+00   5.5740900e+02   1.0525373e+02
   5.5810100e+02   1.0410000e+00   5.5842900e+02   1.0400252e+02
   5.5911000e+02   1.0090000e+00   5.5945000e+02   1.0070707e+02
   5.6001100e+02   9.0100000e-01   5.6035600e+02   9.9974346e+01
   5.6083200e+02   8.2100000e-01   5.6118600e+02   1.0104282e+02
   5.6164200e+02   8.1100000e-01   5.6199100e+02   1.0204919e+02
   5.6241500e+02   7.7300000e-01   5.6276500e+02   1.0232464e+02
   5.6327700e+02   8.6200000e-01   5.6362500e+02   1.0546797e+02
   5.6423000e+02   9.5300000e-01   5.6455800e+02   1.0482706e+02
   5.6543100e+02   1.2010000e+00   5.6575800e+02   1.0324009e+02
   5.6657400e+02   1.1430000e+00   5.6691600e+02   1.0119495e+02
   5.6763700e+02   1.0630000e+00   5.6800200e+02   1.0247676e+02
   5.6861100e+02   9.7500000e-01   5.6895600e+02   9.8509800e+01
   5.6945900e+02   8.4800000e-01   5.6984400e+02   1.0079798e+02
   5.7034200e+02   8.8200000e-01   5.7069700e+02   1.0000495e+02
   5.7117700e+02   8.3600000e-01   5.7151800e+02   1.0165313e+02
   5.7211600e+02   9.3900000e-01   5.7244500e+02   1.0201949e+02
   5.7326900e+02   1.1530000e+00   5.7362300e+02   1.0162252e+02
   5.7430100e+02   1.0320000e+00   5.7463700e+02   1.0552828e+02
   5.7527500e+02   9.7500000e-01   5.7563400e+02   1.0113374e+02
   5.7616800e+02   8.9200000e-01   5.7652500e+02   1.0034071e+02
   5.7705700e+02   8.8900000e-01   5.7742100e+02   1.0046223e+02
   5.7795500e+02   8.9800000e-01   5.7832600e+02   1.0238495e+02
   5.7881600e+02   8.6100000e-01   5.7916200e+02   1.0324009e+02
   5.7985600e+02   1.0390000e+00   5.8024800e+02   1.0247676e+02
   5.8089800e+02   1.0430000e+00   5.8126400e+02   1.0116435e+02
   5.8186800e+02   9.7000000e-01   5.8222500e+02   1.0116435e+02
   5.8271900e+02   8.5100000e-01   5.8305100e+02   1.0366676e+02
   5.8351000e+02   7.9100000e-01   5.8387200e+02   1.0006616e+02
   5.8429600e+02   7.8600000e-01   5.8463300e+02   1.0565070e+02
   5.8520700e+02   9.1100000e-01   5.8554500e+02   1.0284313e+02
   5.8621700e+02   1.0090000e+00   5.8655900e+02   1.0552828e+02
   5.8707900e+02   8.6200000e-01   5.8744000e+02   1.0232464e+02
   5.8786600e+02   7.8700000e-01   5.8823100e+02   1.0369737e+02
   5.8867000e+02   8.0400000e-01   5.8904300e+02   1.0433828e+02
   5.8952100e+02   8.5100000e-01   5.8984800e+02   1.1041159e+02
   5.9039200e+02   8.7100000e-01   5.9072100e+02   1.1031978e+02
   5.9120900e+02   8.1700000e-01   5.9155500e+02   1.0842766e+02
   5.9201200e+02   8.0300000e-01   5.9236100e+02   1.0589464e+02
   5.9286900e+02   8.5700000e-01   5.9323600e+02   1.0601706e+02
   5.9402000e+02   1.1510000e+00   5.9433900e+02   1.0665797e+02
   5.9497800e+02   9.5800000e-01   5.9532200e+02   1.0510160e+02
   5.9579500e+02   8.1700000e-01   5.9615000e+02   1.0278192e+02
   5.9655400e+02   7.5900000e-01   5.9691100e+02   1.0482706e+02
   5.9731800e+02   7.6400000e-01   5.9765900e+02   1.0522312e+02
   5.9812900e+02   8.1100000e-01   5.9845600e+02   1.0998402e+02
   5.9908200e+02   9.5200000e-01   5.9943200e+02   1.0626100e+02
   6.0028500e+02   1.2040000e+00   6.0064100e+02   1.0363616e+02
   6.0130300e+02   1.0180000e+00   6.0162700e+02   1.0711524e+02
   6.0215800e+02   8.5500000e-01   6.0250700e+02   1.0665797e+02
   6.0298500e+02   8.2700000e-01   6.0332700e+02   1.0955645e+02
   6.0380500e+02   8.2100000e-01   6.0415600e+02   1.0955645e+02
   6.0500900e+02   1.2030000e+00   6.0533700e+02   1.1346311e+02
   6.0603400e+02   1.0250000e+00   6.0638500e+02   1.0958706e+02
   6.0695200e+02   9.1800000e-01   6.0733000e+02   1.0864100e+02
   6.0782000e+02   8.6700000e-01   6.0815700e+02   1.1031978e+02
   6.0866800e+02   8.4800000e-01   6.0903900e+02   1.1202916e+02
   6.0969600e+02   1.0280000e+00   6.1002000e+02   1.1269978e+02
   6.1082700e+02   1.1310000e+00   6.1116800e+02   1.0833585e+02
   6.1179900e+02   9.7200000e-01   6.1212500e+02   1.0879402e+02
   6.1268000e+02   8.8100000e-01   6.1303300e+02   1.0586403e+02
   6.1355000e+02   8.7000000e-01   6.1392600e+02   1.0668857e+02
   6.1441000e+02   8.6100000e-01   6.1474900e+02   1.0598645e+02
   6.1524500e+02   8.3500000e-01   6.1558300e+02   1.0714585e+02
   6.1608300e+02   8.3800000e-01   6.1644800e+02   1.0803070e+02
   6.1693300e+02   8.4900000e-01   6.1728500e+02   1.0598645e+02
   6.1791900e+02   9.8700000e-01   6.1826500e+02   1.0845827e+02
   6.1906100e+02   1.1410000e+00   6.1939200e+02   1.0787857e+02
   6.2009900e+02   1.0380000e+00   6.2044500e+02   1.0479645e+02
   6.2111100e+02   1.0130000e+00   6.2145500e+02   1.0635281e+02
   6.2210600e+02   9.9500000e-01   6.2244800e+02   1.0449130e+02
   6.2309600e+02   9.9000000e-01   6.2343700e+02   1.0363616e+02
   6.2394100e+02   8.4500000e-01   6.2429500e+02   1.0360555e+02
   6.2473100e+02   7.9000000e-01   6.2507100e+02   1.0363616e+02
   6.2547100e+02   7.4000000e-01   6.2581100e+02   1.0327070e+02
   6.2616800e+02   6.9700000e-01   6.2649500e+02   1.0717645e+02
   6.2703500e+02   8.6700000e-01   6.2736400e+02   1.0586403e+02
   6.2813900e+02   1.1040000e+00   6.2847400e+02   1.0324009e+02
   6.2914500e+02   1.0060000e+00   6.2948500e+02   1.0156131e+02
   6.3009900e+02   9.5400000e-01   6.3043300e+02   1.0250737e+02
   6.3098700e+02   8.8900000e-01   6.3132000e+02   1.0327070e+02
   6.3182200e+02   8.3500000e-01   6.3216100e+02   1.0278192e+02
   6.3267500e+02   8.5300000e-01   6.3301300e+02   9.8509800e+01
   6.3346900e+02   7.9500000e-01   6.3383300e+02   1.0000495e+02
   6.3441300e+02   9.4400000e-01   6.3474100e+02   1.0519252e+02
   6.3549700e+02   1.0840000e+00   6.3582100e+02   1.0479645e+02
   6.3653500e+02   1.0380000e+00   6.3688000e+02   9.9577379e+01
   6.3745500e+02   9.1900000e-01   6.3781300e+02   9.9150708e+01
   6.3831900e+02   8.6400000e-01   6.3867100e+02   1.0107343e+02
   6.3918400e+02   8.6500000e-01   6.3954200e+02   1.0037131e+02
   6.4016500e+02   9.8100000e-01   6.4054400e+02   9.7258591e+01
   6.4097900e+02   8.1400000e-01   6.4132400e+02   1.0287373e+02
   6.4177600e+02   7.9700000e-01   6.4215200e+02   9.9943741e+01
   6.4262500e+02   8.4900000e-01   6.4294700e+02   1.0592524e+02
   6.4376000e+02   1.1340000e+00   6.4409200e+02   1.0522312e+02
   6.4469600e+02   9.3700000e-01   6.4504000e+02   1.0284313e+02
   6.4553800e+02   8.4100000e-01   6.4590000e+02   1.0085919e+02
   6.4634100e+02   8.0300000e-01   6.4668000e+02   1.0522312e+02
   6.4720200e+02   8.6100000e-01   6.4754800e+02   1.0485676e+02
   6.4834100e+02   1.1390000e+00   6.4868100e+02   1.0238495e+02
   6.4943300e+02   1.0930000e+00   6.4976800e+02   1.0168373e+02
   6.5049000e+02   1.0560000e+00   6.5083000e+02   1.0278192e+02
   6.5141400e+02   9.2500000e-01   6.5175000e+02   1.0000495e+02
   6.5222100e+02   8.0700000e-01   6.5257100e+02   9.9607984e+01
   6.5304400e+02   8.2200000e-01   6.5338500e+02   1.0400252e+02
   6.5406300e+02   1.0190000e+00   6.5439100e+02   1.0406373e+02
   6.5507900e+02   1.0150000e+00   6.5543000e+02   9.9181313e+01
   6.5596100e+02   8.8200000e-01   6.5631100e+02   1.0034071e+02
   6.5685100e+02   8.9000000e-01   6.5725700e+02   9.3443752e+01
   6.5789400e+02   1.0430000e+00   6.5823500e+02   1.0439949e+02
   6.5896900e+02   1.0750000e+00   6.5930800e+02   1.0232464e+02
   6.5992500e+02   9.5600000e-01   6.6028700e+02   1.0366676e+02
   6.6084100e+02   9.1600000e-01   6.6120900e+02   1.0207980e+02
   6.6177500e+02   9.3400000e-01   6.6211400e+02   1.0595585e+02
   6.6270400e+02   9.2900000e-01   6.6305600e+02   1.0400252e+02
   6.6373100e+02   1.0280000e+00   6.6406900e+02   1.0476585e+02
   6.6480800e+02   1.0760000e+00   6.6514400e+02   1.0623039e+02
   6.6596800e+02   1.1610000e+00   6.6630700e+02   1.0500979e+02
   6.6702600e+02   1.0580000e+00   6.6736500e+02   1.0238495e+02
   6.6802700e+02   1.0010000e+00   6.6837500e+02   1.0034071e+02
   6.6893000e+02   9.0300000e-01   6.6930500e+02   9.8814952e+01
   6.6974100e+02   8.1100000e-01   6.7011800e+02   1.0046223e+02
   6.7054300e+02   8.0200000e-01   6.7089700e+02   1.0201949e+02
   6.7150400e+02   9.6100000e-01   6.7183700e+02   1.0281252e+02
   6.7269600e+02   1.1920000e+00   6.7301500e+02   1.0446070e+02
   6.7377900e+02   1.0830000e+00   6.7410200e+02   1.0195828e+02
   6.7476000e+02   9.8100000e-01   6.7509400e+02   1.0119495e+02
   6.7562500e+02   8.6500000e-01   6.7597600e+02   9.8448590e+01
   6.7643100e+02   8.0600000e-01   6.7680200e+02   9.9272228e+01
   6.7724800e+02   8.1700000e-01   6.7760200e+02   1.0232464e+02
   6.7816400e+02   9.1600000e-01   6.7853600e+02   9.9211018e+01
   6.7943900e+02   1.2750000e+00   6.7977500e+02   1.0330040e+02
   6.8057300e+02   1.1340000e+00   6.8089800e+02   1.0290434e+02
   6.8162800e+02   1.0550000e+00   6.8196400e+02   1.0552828e+02
   6.8268000e+02   1.0530000e+00   6.8305000e+02   1.0360555e+02
   6.8364900e+02   9.6900000e-01   6.8399300e+02   1.0793978e+02
   6.8458000e+02   9.3000000e-01   6.8492000e+02   1.0793978e+02
   6.8566000e+02   1.0810000e+00   6.8601300e+02   1.0513221e+02
   6.8669900e+02   1.0390000e+00   6.8705100e+02   1.0232464e+02
   6.8761700e+02   9.1800000e-01   6.8797300e+02   1.0281252e+02
   6.8850200e+02   8.8500000e-01   6.8884100e+02   1.0717645e+02
   6.8970700e+02   1.2050000e+00   6.9004900e+02   1.0473524e+02
   6.9085200e+02   1.1460000e+00   6.9118200e+02   1.0677949e+02
   6.9199400e+02   1.1410000e+00   6.9234200e+02   1.0201949e+02
   6.9304100e+02   1.0470000e+00   6.9340300e+02   1.0162252e+02
   6.9408900e+02   1.0480000e+00   6.9446300e+02   1.0119495e+02
   6.9509300e+02   1.0050000e+00   6.9545000e+02   1.0201949e+02
   6.9611900e+02   1.0260000e+00   6.9647100e+02   1.0113374e+02
   6.9712900e+02   1.0100000e+00   6.9748400e+02   1.0211040e+02
   6.9812900e+02   1.0000000e+00   6.9846400e+02   1.0522312e+02
   6.9929100e+02   1.1620000e+00   6.9963300e+02   1.0156131e+02
   7.0035200e+02   1.0610000e+00   7.0072500e+02   1.0040192e+02
   7.0127700e+02   9.2500000e-01   7.0163800e+02   1.0278192e+02
   7.0212800e+02   8.5100000e-01   7.0247900e+02   1.0357585e+02
   7.0294600e+02   8.1800000e-01   7.0330600e+02   1.0406373e+02
   7.0418300e+02   1.2370000e+00   7.0451400e+02   1.0632221e+02
   7.0529100e+02   1.1080000e+00   7.0562700e+02   1.0198888e+02
   7.0628400e+02   9.9300000e-01   7.0664000e+02   1.0110313e+02
   7.0729300e+02   1.0100000e+00   7.0764100e+02   1.0241555e+02
   7.0824400e+02   9.5100000e-01   7.0861500e+02   9.8417985e+01
   7.0912700e+02   8.8300000e-01   7.0946800e+02   1.0159192e+02
   7.0995000e+02   8.2300000e-01   7.1030900e+02   1.0119495e+02
   7.1080500e+02   8.5500000e-01   7.1114800e+02   1.0400252e+02
   7.1187000e+02   1.0650000e+00   7.1223300e+02   9.8509800e+01
   7.1289800e+02   1.0270000e+00   7.1325600e+02   9.9546774e+01
   7.1392600e+02   1.0280000e+00   7.1429000e+02   9.9181313e+01
   7.1486300e+02   9.3800000e-01   7.1525000e+02   9.9607984e+01
   7.1576800e+02   9.0500000e-01   7.1609600e+02   1.0119495e+02
   7.1663500e+02   8.6700000e-01   7.1699000e+02   9.9211018e+01
   7.1746900e+02   8.3400000e-01   7.1781800e+02   1.0079798e+02
   7.1825400e+02   7.8400000e-01   7.1860700e+02   9.8753741e+01
   7.1904500e+02   7.9200000e-01   7.1939100e+02   1.0122556e+02
   7.1998600e+02   9.4100000e-01   7.2033700e+02   1.0473524e+02
   7.2108700e+02   1.1010000e+00   7.2141600e+02   9.9943741e+01
   7.2209000e+02   1.0020000e+00   7.2243100e+02   9.8082229e+01
   7.2293300e+02   8.4400000e-01   7.2332600e+02   9.8356775e+01
   7.2372500e+02   7.9100000e-01   7.2406400e+02   1.0275131e+02
   7.2453100e+02   8.0600000e-01   7.2487300e+02   1.0479645e+02
   7.2537600e+02   8.4500000e-01   7.2572500e+02   1.0705403e+02
   7.2630700e+02   9.3100000e-01   7.2663300e+02   1.1035038e+02
   7.2752900e+02   1.2230000e+00   7.2786100e+02   1.1074735e+02
   7.2864000e+02   1.1110000e+00   7.2897400e+02   1.0751221e+02
   7.2955100e+02   9.1100000e-01   7.2990700e+02   1.0705403e+02
   7.3043800e+02   8.8700000e-01   7.3079400e+02   1.0681009e+02
   7.3144500e+02   1.0070000e+00   7.3177500e+02   1.0952675e+02
   7.3260200e+02   1.1580000e+00   7.3294300e+02   1.0674888e+02
   7.3363200e+02   1.0300000e+00   7.3399500e+02   1.0360555e+02
   7.3457200e+02   9.4000000e-01   7.3494400e+02   1.0079798e+02
   7.3546600e+02   8.9400000e-01   7.3582400e+02   1.0565070e+02
   7.3659200e+02   1.1270000e+00   7.3694200e+02   1.0360555e+02
   7.3767800e+02   1.0860000e+00   7.3803800e+02   9.9974346e+01
   7.3865900e+02   9.8100000e-01   7.3901500e+02   9.9913135e+01
   7.3953900e+02   8.8000000e-01   7.3986400e+02   1.0278192e+02
   7.4044700e+02   9.0900000e-01   7.4080200e+02   1.0204919e+02
   7.4146000e+02   1.0130000e+00   7.4182400e+02   1.0159192e+02
   7.4247700e+02   1.0170000e+00   7.4281200e+02   1.0235434e+02
   7.4342800e+02   9.5000000e-01   7.4377100e+02   1.0027950e+02
   7.4432600e+02   8.9900000e-01   7.4468100e+02   9.9607984e+01
   7.4523300e+02   9.0700000e-01   7.4558400e+02   9.9974346e+01
   7.4625000e+02   1.0180000e+00   7.4658400e+02   1.0400252e+02
   7.4736300e+02   1.1130000e+00   7.4772100e+02   9.9974346e+01
   7.4842700e+02   1.0630000e+00   7.4876000e+02   9.8387380e+01
   7.4939000e+02   9.6300000e-01   7.4973500e+02   9.9974346e+01
   7.5031100e+02   9.2100000e-01   7.5067000e+02   9.8112834e+01
   7.5117300e+02   8.6300000e-01   7.5152100e+02   9.8417985e+01
   7.5206500e+02   8.9200000e-01   7.5241000e+02   1.0000495e+02
   7.5318300e+02   1.1170000e+00   7.5354300e+02   9.8814952e+01
   7.5424300e+02   1.0600000e+00   7.5460200e+02   9.9211018e+01
   7.5516300e+02   9.2000000e-01   7.5550900e+02   9.8448590e+01
   7.5605800e+02   8.9500000e-01   7.5639200e+02   1.0403313e+02
   7.5710300e+02   1.0460000e+00   7.5745100e+02   1.0159192e+02
   7.5816700e+02   1.0630000e+00   7.5850900e+02   9.9638589e+01
   7.5913500e+02   9.6800000e-01   7.5949000e+02   1.0000495e+02
   7.6003600e+02   9.0100000e-01   7.6036500e+02   1.0327070e+02
   7.6100200e+02   9.6600000e-01   7.6134700e+02   9.9638589e+01
   7.6200400e+02   1.0020000e+00   7.6235800e+02   9.8387380e+01
   7.6294900e+02   9.4600000e-01   7.6331100e+02   9.7990413e+01
   7.6384100e+02   8.9100000e-01   7.6419100e+02   9.9302833e+01
   7.6471200e+02   8.7100000e-01   7.6507400e+02   9.8387380e+01
   7.6557900e+02   8.6700000e-01   7.6594700e+02   9.8509800e+01
   7.6675100e+02   1.1720000e+00   7.6708700e+02   1.0162252e+02
   7.6780500e+02   1.0540000e+00   7.6814700e+02   1.0327070e+02
   7.6880800e+02   1.0030000e+00   7.6915500e+02   1.0403313e+02
   7.6978600e+02   9.7800000e-01   7.7013200e+02   1.0330040e+02
   7.7065300e+02   8.6700000e-01   7.7100800e+02   1.0278192e+02
   7.7148100e+02   8.2800000e-01   7.7184800e+02   1.0247676e+02
   7.7231300e+02   8.3200000e-01   7.7266900e+02   1.0446070e+02
   7.7355800e+02   1.2450000e+00   7.7389600e+02   1.0552828e+02
   7.7469200e+02   1.1330000e+00   7.7501300e+02   1.0473524e+02
   7.7572900e+02   1.0380000e+00   7.7607500e+02   1.0000495e+02
   7.7663500e+02   9.0600000e-01   7.7699300e+02   9.9241623e+01
   7.7753700e+02   9.0200000e-01   7.7787400e+02   1.0156131e+02
   7.7856400e+02   1.0270000e+00   7.7889600e+02   1.0247676e+02
   7.7957700e+02   1.0130000e+00   7.7993700e+02   9.8021019e+01
   7.8055700e+02   9.7900000e-01   7.8091000e+02   9.7685262e+01
   7.8150100e+02   9.4400000e-01   7.8183400e+02   1.0082859e+02
   7.8259900e+02   1.0980000e+00   7.8293000e+02   1.0162252e+02
   7.8362200e+02   1.0240000e+00   7.8396400e+02   9.6800414e+01
   7.8454500e+02   9.2300000e-01   7.8489800e+02   9.7654657e+01
   7.8554200e+02   9.9600000e-01   7.8589000e+02   9.8814952e+01
   7.8662800e+02   1.0860000e+00   7.8697600e+02   9.8448590e+01
   7.8759800e+02   9.7000000e-01   7.8794300e+02   9.9486464e+01
   7.8846700e+02   8.6900000e-01   7.8882100e+02   1.0153071e+02
   7.8935000e+02   8.8300000e-01   7.8971100e+02   1.0168373e+02
   7.9047600e+02   1.1260000e+00   7.9081300e+02   1.0204919e+02
   7.9145900e+02   9.8300000e-01   7.9181600e+02   9.9272228e+01
   7.9237800e+02   9.1900000e-01   7.9271300e+02   1.0207980e+02
   7.9338800e+02   1.0100000e+00   7.9373400e+02   1.0076738e+02
   7.9441000e+02   1.0230000e+00   7.9477400e+02   1.0034071e+02
   7.9528800e+02   8.7700000e-01   7.9563500e+02   1.0476585e+02
   7.9617100e+02   8.8400000e-01   7.9651400e+02   1.0842766e+02
   7.9729800e+02   1.1270000e+00   7.9763200e+02   1.0757342e+02
   7.9836000e+02   1.0620000e+00   7.9870000e+02   1.0528434e+02
   7.9925900e+02   8.9900000e-01   7.9962200e+02   1.0485676e+02
   8.0018900e+02   9.3000000e-01   8.0052200e+02   1.0635281e+02
   8.0122900e+02   1.0400000e+00   8.0157100e+02   1.0436888e+02
   8.0224700e+02   1.0180000e+00   8.0262900e+02   9.9974346e+01
   8.0321700e+02   9.7000000e-01   8.0356100e+02   1.0037131e+02
   8.0423400e+02   1.0160000e+00   8.0460200e+02   1.0003556e+02
   8.0512600e+02   8.9200000e-01   8.0548800e+02   9.8723136e+01
   8.0591700e+02   7.9100000e-01   8.0629200e+02   1.0241555e+02
   8.0669900e+02   7.8300000e-01   8.0706000e+02   1.0207980e+02
   8.0754200e+02   8.4300000e-01   8.0787900e+02   1.0592524e+02
   8.0877800e+02   1.2360000e+00   8.0914300e+02   1.0082859e+02
   8.0987000e+02   1.0920000e+00   8.1023800e+02   1.0159192e+02
   8.1084600e+02   9.7600000e-01   8.1125700e+02   9.9211018e+01
   8.1172200e+02   8.7600000e-01   8.1206900e+02   9.9882530e+01
   8.1258800e+02   8.6600000e-01   8.1294600e+02   1.0400252e+02
   8.1366500e+02   1.0770000e+00   8.1402700e+02   1.0116435e+02
   8.1474400e+02   1.0790000e+00   8.1508000e+02   1.0195828e+02
   8.1574600e+02   1.0020000e+00   8.1608100e+02   9.9211018e+01
   8.1664900e+02   9.0400000e-01   8.1702800e+02   9.7227986e+01
   8.1747100e+02   8.2200000e-01   8.1784900e+02   9.7289196e+01
   8.1825300e+02   7.8200000e-01   8.1860800e+02   1.0079798e+02
   8.1907400e+02   8.2100000e-01   8.1940100e+02   1.0119495e+02
   8.2025600e+02   1.1820000e+00   8.2059700e+02   9.9851925e+01
   8.2129000e+02   1.0340000e+00   8.2164800e+02   9.7624952e+01
   8.2224400e+02   9.5300000e-01   8.2259600e+02   9.9120103e+01
   8.2307600e+02   8.3200000e-01   8.2341500e+02   9.8356775e+01
   8.2386000e+02   7.8400000e-01   8.2423100e+02   9.8082229e+01
   8.2466800e+02   8.0800000e-01   8.2504500e+02   1.0046223e+02
   8.2586200e+02   1.1950000e+00   8.2617600e+02   1.0549767e+02
   8.2694900e+02   1.0870000e+00   8.2732800e+02   1.0278192e+02
   8.2798400e+02   1.0350000e+00   8.2829500e+02   1.0626100e+02
   8.2910900e+02   1.1250000e+00   8.2945400e+02   1.0626100e+02
   8.3021700e+02   1.1090000e+00   8.3056600e+02   1.0562009e+02
   8.3120000e+02   9.8300000e-01   8.3154800e+02   1.0400252e+02
   8.3214400e+02   9.4400000e-01   8.3248700e+02   1.0684070e+02
   8.3302400e+02   8.8000000e-01   8.3338800e+02   1.0476585e+02
   8.3389900e+02   8.7500000e-01   8.3425500e+02   1.0955645e+02
   8.3509100e+02   1.1920000e+00   8.3542500e+02   1.0748160e+02
   8.3620200e+02   1.1110000e+00   8.3653300e+02   1.0836645e+02
   8.3722200e+02   1.0200000e+00   8.3756700e+02   1.0549767e+02
   8.3818600e+02   9.6400000e-01   8.3851600e+02   1.0671918e+02
   8.3917300e+02   9.8600000e-01   8.3953300e+02   1.0324009e+02
   8.4008200e+02   9.1000000e-01   8.4042200e+02   1.0467403e+02
   8.4092700e+02   8.4400000e-01   8.4130900e+02   1.0125616e+02
   8.4180300e+02   8.7700000e-01   8.4214300e+02   1.0589464e+02
   8.4273700e+02   9.3300000e-01   8.4308300e+02   1.0278192e+02
   8.4378300e+02   1.0460000e+00   8.4412400e+02   1.0275131e+02
   8.4485600e+02   1.0730000e+00   8.4524200e+02   1.0192767e+02
   8.4590300e+02   1.0480000e+00   8.4626200e+02   1.0027950e+02
   8.4687800e+02   9.7500000e-01   8.4725100e+02   9.6098296e+01
   8.4773300e+02   8.5500000e-01   8.4807300e+02   1.0073767e+02
   8.4855800e+02   8.2600000e-01   8.4891100e+02   1.0290434e+02
   8.4935500e+02   7.9600000e-01   8.4971700e+02   1.0162252e+02
   8.5018300e+02   8.2900000e-01   8.5053200e+02   1.0156131e+02
   8.5098500e+02   8.0100000e-01   8.5133200e+02   1.0201949e+02
   8.5193700e+02   9.5200000e-01   8.5230100e+02   1.0165313e+02
   8.5307800e+02   1.1410000e+00   8.5341300e+02   1.0439949e+02
   8.5414000e+02   1.0620000e+00   8.5448100e+02   1.0000495e+02
   8.5513200e+02   9.9200000e-01   8.5547800e+02   9.8417985e+01
   8.5601900e+02   8.8700000e-01   8.5637200e+02   9.7594347e+01
   8.5684400e+02   8.2600000e-01   8.5724100e+02   9.9669195e+01
   8.5763100e+02   7.8700000e-01   8.5798300e+02   1.0037131e+02
   8.5857100e+02   9.4000000e-01   8.5892000e+02   1.0079798e+02
   8.5969400e+02   1.1230000e+00   8.6004200e+02   1.0076738e+02
   8.6077400e+02   1.0800000e+00   8.6112100e+02   9.8051624e+01
   8.6168300e+02   9.0900000e-01   8.6204100e+02   9.8479195e+01
   8.6251900e+02   8.3700000e-01   8.6285700e+02   1.0327070e+02
   8.6335800e+02   8.3800000e-01   8.6373000e+02   1.0397192e+02
   8.6433100e+02   9.7300000e-01   8.6467800e+02   1.0665797e+02
   8.6540800e+02   1.0770000e+00   8.6575900e+02   1.0479645e+02
   8.6640300e+02   9.9500000e-01   8.6673900e+02   1.0558949e+02
   8.6741500e+02   1.0120000e+00   8.6776600e+02   1.0278192e+02
   8.6848600e+02   1.0710000e+00   8.6881600e+02   1.0473524e+02
   8.6938500e+02   8.9900000e-01   8.6974700e+02   1.0119495e+02
   8.7024400e+02   8.5900000e-01   8.7061400e+02   1.0317888e+02
   8.7117700e+02   9.3300000e-01   8.7152500e+02   1.0327070e+02
   8.7238600e+02   1.2090000e+00   8.7274200e+02   1.0201949e+02
   8.7343100e+02   1.0450000e+00   8.7377700e+02   1.0317888e+02
   8.7432900e+02   8.9800000e-01   8.7468600e+02   1.0113374e+02
   8.7518500e+02   8.5600000e-01   8.7552600e+02   1.0281252e+02
   8.7614300e+02   9.5800000e-01   8.7648500e+02   1.0320949e+02
   8.7719100e+02   1.0480000e+00   8.7752800e+02   1.0317888e+02
   8.7810700e+02   9.1600000e-01   8.7846900e+02   1.0241555e+02
   8.7897100e+02   8.6400000e-01   8.7931800e+02   1.0629160e+02
   8.7990400e+02   9.3300000e-01   8.8026500e+02   1.0439949e+02
   8.8079700e+02   8.9300000e-01   8.8114600e+02   1.0394131e+02
   8.8165400e+02   8.5700000e-01   8.8199400e+02   1.0482706e+02
   8.8253000e+02   8.7600000e-01   8.8286600e+02   1.0595585e+02
   8.8350800e+02   9.7800000e-01   8.8384700e+02   1.0598645e+02
   8.8460800e+02   1.1000000e+00   8.8494600e+02   1.0436888e+02
   8.8549200e+02   8.8400000e-01   8.8583500e+02   1.0360555e+02
   8.8634600e+02   8.5400000e-01   8.8667100e+02   1.0436888e+02
   8.8718900e+02   8.4300000e-01   8.8753500e+02   1.0400252e+02
   8.8835100e+02   1.1620000e+00   8.8868700e+02   1.0555888e+02
   8.8937000e+02   1.0190000e+00   8.8972500e+02   9.8753741e+01
   8.9033200e+02   9.6200000e-01   8.9068500e+02   9.9150708e+01
   8.9122600e+02   8.9300000e-01   8.9158300e+02   9.7990413e+01
   8.9204900e+02   8.2400000e-01   8.9239400e+02   1.0198888e+02
   8.9289200e+02   8.4300000e-01   8.9325300e+02   1.0198888e+02
   8.9382400e+02   9.3200000e-01   8.9415600e+02   1.0201949e+02
   8.9491100e+02   1.0870000e+00   8.9526200e+02   1.0107343e+02
   8.9582700e+02   9.1600000e-01   8.9615100e+02   9.9211018e+01
   8.9665900e+02   8.3300000e-01   8.9702400e+02   9.7624952e+01
   8.9745100e+02   7.9200000e-01   8.9779500e+02   1.0116435e+02
   8.9825300e+02   8.0200000e-01   8.9859900e+02   9.9669195e+01
   8.9909600e+02   8.4300000e-01   8.9943100e+02   1.0403313e+02
   9.0030300e+02   1.2070000e+00   9.0064100e+02   1.0360555e+02
   9.0129400e+02   9.9100000e-01   9.0165200e+02   1.0076738e+02
   9.0244400e+02   1.1490000e+00   9.0280300e+02   1.0797039e+02
   9.0358700e+02   1.1440000e+00   9.0393300e+02   1.0922159e+02
   9.0466400e+02   1.0770000e+00   9.0501300e+02   1.0876342e+02
   9.0559300e+02   9.2900000e-01   9.0594000e+02   1.0754281e+02
   9.0642600e+02   8.3300000e-01   9.0677100e+02   1.1031978e+02
   9.0738200e+02   9.5600000e-01   9.0772300e+02   1.1044220e+02
   9.0816500e+02   7.8400000e-01   9.0851300e+02   1.0919099e+02
   9.0893000e+02   7.6400000e-01   9.0930300e+02   1.0797039e+02
   9.1009800e+02   1.1680000e+00   9.1042900e+02   1.0946554e+02
   9.1112900e+02   1.0310000e+00   9.1146900e+02   1.0443009e+02
   9.1212200e+02   9.9300000e-01   9.1247700e+02   1.0522312e+02
   9.1303400e+02   9.1200000e-01   9.1336800e+02   1.0516191e+02
   9.1395200e+02   9.1800000e-01   9.1433200e+02   1.0146950e+02
   9.1496500e+02   1.0130000e+00   9.1532100e+02   1.0473524e+02
   9.1602700e+02   1.0620000e+00   9.1637800e+02   1.0076738e+02
   9.1696200e+02   9.3600000e-01   9.1733100e+02   1.0153071e+02
   9.1786200e+02   9.0000000e-01   9.1821800e+02   9.6892229e+01
   9.1873500e+02   8.7200000e-01   9.1907800e+02   1.0278192e+02
   9.1971600e+02   9.8100000e-01   9.2005700e+02   1.0156131e+02
   9.2081100e+02   1.0950000e+00   9.2114300e+02   1.0482706e+02
   9.2194100e+02   1.1300000e+00   9.2230400e+02   9.9638589e+01
   9.2298900e+02   1.0480000e+00   9.2334100e+02   9.9607984e+01
   9.2392400e+02   9.3600000e-01   9.2428800e+02   1.0031010e+02
   9.2481300e+02   8.8800000e-01   9.2516700e+02   9.8784346e+01
   9.2564900e+02   8.3700000e-01   9.2601900e+02   9.9607984e+01
   9.2652900e+02   8.8000000e-01   9.2685900e+02   1.0479645e+02
   9.2770600e+02   1.1770000e+00   9.2804700e+02   1.0107343e+02
   9.2861600e+02   9.1000000e-01   9.2896800e+02   9.8784346e+01
   9.2950500e+02   8.9000000e-01   9.2984000e+02   1.0107343e+02
   9.3051000e+02   1.0040000e+00   9.3085300e+02   1.0113374e+02
   9.3154900e+02   1.0390000e+00   9.3188700e+02   1.0156131e+02
   9.3260900e+02   1.0600000e+00   9.3294600e+02   1.0031010e+02
   9.3362500e+02   1.0160000e+00   9.3397500e+02   9.7930103e+01
   9.3454200e+02   9.1800000e-01   9.3490000e+02   9.9638589e+01
   9.3545800e+02   9.1600000e-01   9.3581800e+02   1.0024889e+02
   9.3641700e+02   9.5900000e-01   9.3676800e+02   1.0116435e+02
   9.3732400e+02   9.0700000e-01   9.3767400e+02   9.9486464e+01
   9.3817900e+02   8.5500000e-01   9.3851400e+02   1.0235434e+02
   9.3930700e+02   1.1280000e+00   9.3963400e+02   1.0272071e+02
   9.4033100e+02   1.0240000e+00   9.4067400e+02   9.9120103e+01
   9.4130300e+02   9.7300000e-01   9.4165200e+02   9.9486464e+01
   9.4227900e+02   9.7500000e-01   9.4261400e+02   1.0110313e+02
   9.4313000e+02   8.5200000e-01   9.4347700e+02   9.9974346e+01
   9.4396200e+02   8.3100000e-01   9.4430300e+02   1.0195828e+02
   9.4480300e+02   8.4100000e-01   9.4515600e+02   1.0070707e+02
   9.4577900e+02   9.7600000e-01   9.4611500e+02   1.0397192e+02
   9.4691700e+02   1.1380000e+00   9.4726100e+02   1.0113374e+02
   9.4799700e+02   1.0800000e+00   9.4833000e+02   1.0159192e+02
   9.4905100e+02   1.0540000e+00   9.4938200e+02   1.0113374e+02
   9.5000500e+02   9.5300000e-01   9.5035400e+02   9.9516169e+01
   9.5085200e+02   8.4700000e-01   9.5119300e+02   1.0113374e+02
   9.5167300e+02   8.2100000e-01   9.5203400e+02   1.0275131e+02
   9.5249200e+02   8.2000000e-01   9.5284500e+02   1.0278192e+02
   9.5340200e+02   9.0900000e-01   9.5374100e+02   1.0278192e+02
   9.5463300e+02   1.2310000e+00   9.5496900e+02   1.0360555e+02
   9.5570100e+02   1.0680000e+00   9.5604200e+02   1.0037131e+02
   9.5671200e+02   1.0110000e+00   9.5706200e+02   1.0198888e+02
   9.5759100e+02   8.7900000e-01   9.5794200e+02   9.9974346e+01
   9.5844700e+02   8.5600000e-01   9.5880200e+02   1.0552828e+02
   9.5940300e+02   9.5600000e-01   9.5974300e+02   1.0439949e+02
   9.6051500e+02   1.1120000e+00   9.6084900e+02   1.0394131e+02
   9.6150400e+02   9.8800000e-01   9.6185800e+02   1.0153071e+02
   9.6241800e+02   9.1400000e-01   9.6276300e+02   1.0317888e+02
   9.6341000e+02   9.9200000e-01   9.6374900e+02   1.0439949e+02
   9.6440400e+02   9.9400000e-01   9.6475900e+02   1.0067646e+02
   9.6526900e+02   8.6500000e-01   9.6561900e+02   1.0314828e+02
   9.6613500e+02   8.6600000e-01   9.6647900e+02   1.0510160e+02
   9.6701300e+02   8.7900000e-01   9.6735200e+02   1.0793978e+02
   9.6797100e+02   9.5700000e-01   9.6831100e+02   1.0711524e+02
   9.6898100e+02   1.0100000e+00   9.6932800e+02   1.0632221e+02
   9.7003800e+02   1.0580000e+00   9.7037500e+02   1.0424646e+02
   9.7103200e+02   9.9400000e-01   9.7138900e+02   1.0320949e+02
   9.7191700e+02   8.8500000e-01   9.7227700e+02   1.0305646e+02
   9.7272700e+02   8.1000000e-01   9.7311700e+02   1.0064586e+02
   9.7351400e+02   7.8700000e-01   9.7385100e+02   1.0674888e+02
   9.7462600e+02   1.1120000e+00   9.7496600e+02   1.0443009e+02
   9.7562500e+02   9.9800000e-01   9.7597300e+02   1.0150010e+02
   9.7653200e+02   9.0700000e-01   9.7691400e+02   9.8692531e+01
   9.7739600e+02   8.6400000e-01   9.7774600e+02   1.0116435e+02
   9.7832000e+02   9.2400000e-01   9.7866800e+02   1.0116435e+02
   9.7939900e+02   1.0790000e+00   9.7973400e+02   9.9150708e+01
   9.8027100e+02   8.7100000e-01   9.8063900e+02   9.7533137e+01
   9.8113800e+02   8.6700000e-01   9.8147400e+02   1.0284313e+02
   9.8201900e+02   8.8100000e-01   9.8236700e+02   1.0037131e+02
   9.8288000e+02   8.6000000e-01   9.8325700e+02   9.6800414e+01
   9.8375000e+02   8.7000000e-01   9.8407500e+02   1.0284313e+02
   9.8476900e+02   1.0190000e+00   9.8509500e+02   1.0241555e+02
   9.8573500e+02   9.6600000e-01   9.8607400e+02   9.9241623e+01
   9.8657300e+02   8.3800000e-01   9.8692800e+02   9.8845557e+01
   9.8739100e+02   8.1800000e-01   9.8772800e+02   1.0116435e+02
   9.8829500e+02   9.0400000e-01   9.8862800e+02   1.0067646e+02
   9.8926300e+02   9.6800000e-01   9.8963400e+02   9.7289196e+01
   9.9009200e+02   8.2900000e-01   9.9042600e+02   9.8295565e+01
   9.9086700e+02   7.7500000e-01   9.9123000e+02   9.6098296e+01
   9.9166900e+02   8.0300000e-01   9.9201700e+02   1.0324009e+02
   9.9289300e+02   1.2230000e+00   9.9326600e+02   1.0394131e+02
   9.9394300e+02   1.0510000e+00   9.9431600e+02   1.0485676e+02
   9.9482700e+02   8.8300000e-01   9.9517300e+02   1.0671918e+02
   9.9568000e+02   8.5300000e-01   9.9602400e+02   1.0873281e+02
   9.9673000e+02   1.0500000e+00   9.9707600e+02   1.0598645e+02
   9.9788100e+02   1.1510000e+00   9.9823100e+02   1.0037131e+02
   9.9895500e+02   1.0740000e+00   9.9933500e+02   1.0162252e+02
   9.9989900e+02   9.4400000e-01   1.0002720e+03   9.9577379e+01
   1.0007170e+03   8.1800000e-01   1.0010730e+03   1.0198888e+02
   1.0015270e+03   8.1000000e-01   1.0018590e+03   1.0357585e+02
   1.0023200e+03   7.9300000e-01   1.0026540e+03   1.0555888e+02
   1.0034870e+03   1.1670000e+00   1.0038330e+03   1.0204919e+02
   1.0045550e+03   1.0670000e+00   1.0048940e+03   1.0275131e+02
   1.0055960e+03   1.0410000e+00   1.0059420e+03   9.9211018e+01
   1.0065060e+03   9.1000000e-01   1.0068540e+03   9.8417985e+01
   1.0073660e+03   8.6000000e-01   1.0077340e+03   9.8417985e+01
   1.0084800e+03   1.1150000e+00   1.0088350e+03   9.8845557e+01
   1.0094850e+03   1.0050000e+00   1.0098200e+03   1.0198888e+02
   1.0105130e+03   1.0280000e+00   1.0108610e+03   9.8021019e+01
   1.0114550e+03   9.4200000e-01   1.0117860e+03   1.0150010e+02
   1.0125370e+03   1.0820000e+00   1.0128880e+03   9.9120103e+01
   1.0136080e+03   1.0710000e+00   1.0139490e+03   9.7563742e+01
   1.0145370e+03   9.2900000e-01   1.0149160e+03   9.7258591e+01
   1.0154580e+03   9.2100000e-01   1.0158220e+03   9.8356775e+01
   1.0163960e+03   9.3800000e-01   1.0167490e+03   9.8417985e+01
   1.0172770e+03   8.8100000e-01   1.0176280e+03   9.9851925e+01
   1.0181690e+03   8.9200000e-01   1.0185200e+03   9.9577379e+01
   1.0191760e+03   1.0070000e+00   1.0195400e+03   9.7227986e+01
   1.0203080e+03   1.1320000e+00   1.0206620e+03   9.6434053e+01
   1.0213150e+03   1.0070000e+00   1.0216630e+03   9.7227986e+01
   1.0222190e+03   9.0400000e-01   1.0225690e+03   9.7166775e+01
   1.0231380e+03   9.1800000e-01   1.0234840e+03   1.0027950e+02
   1.0241900e+03   1.0530000e+00   1.0245290e+03   9.8021019e+01
   1.0251530e+03   9.6300000e-01   1.0255010e+03   1.0000495e+02
   1.0262870e+03   1.1340000e+00   1.0266200e+03   9.9943741e+01
   1.0273390e+03   1.0520000e+00   1.0277170e+03   9.5610415e+01
   1.0282420e+03   9.0300000e-01   1.0286010e+03   9.4359205e+01
   1.0290950e+03   8.5400000e-01   1.0294400e+03   1.0037131e+02
   1.0299340e+03   8.3800000e-01   1.0302970e+03   9.8876162e+01
   1.0311010e+03   1.1680000e+00   1.0314530e+03   9.9181313e+01
   1.0320840e+03   9.8300000e-01   1.0324490e+03   9.9577379e+01
   1.0329920e+03   9.0700000e-01   1.0333440e+03   1.0031010e+02
   1.0339170e+03   9.2500000e-01   1.0342840e+03   1.0153071e+02
   1.0348940e+03   9.7700000e-01   1.0352380e+03   9.8845557e+01
   1.0360370e+03   1.1430000e+00   1.0363760e+03   1.0519252e+02
   1.0372050e+03   1.1680000e+00   1.0375560e+03   1.0281252e+02
   1.0382900e+03   1.0850000e+00   1.0386440e+03   1.0113374e+02
   1.0392660e+03   9.7600000e-01   1.0396370e+03   1.0116435e+02
   1.0401240e+03   8.5800000e-01   1.0404650e+03   1.0281252e+02
   1.0409370e+03   8.1300000e-01   1.0413050e+03   9.9974346e+01
   1.0418510e+03   9.1500000e-01   1.0422240e+03   1.0204919e+02
   1.0429320e+03   1.0810000e+00   1.0432970e+03   9.9546774e+01
   1.0439520e+03   1.0200000e+00   1.0443250e+03   9.7624952e+01
   1.0448320e+03   8.7900000e-01   1.0452220e+03   9.8112834e+01
   1.0456600e+03   8.2800000e-01   1.0460050e+03   1.0116435e+02
   1.0465620e+03   9.0200000e-01   1.0469350e+03   9.9822220e+01
   1.0477200e+03   1.1590000e+00   1.0480590e+03   9.9943741e+01
   1.0487950e+03   1.0750000e+00   1.0491440e+03   9.8845557e+01
   1.0497270e+03   9.3100000e-01   1.0500830e+03   9.7594347e+01
   1.0506100e+03   8.8300000e-01   1.0509750e+03   9.8021019e+01
   1.0514510e+03   8.4100000e-01   1.0518340e+03   1.0027950e+02
   1.0526040e+03   1.1530000e+00   1.0529440e+03   1.0159192e+02
   1.0538060e+03   1.2020000e+00   1.0541440e+03   1.0168373e+02
   1.0548880e+03   1.0820000e+00   1.0552410e+03   1.0162252e+02
   1.0558640e+03   9.7600000e-01   1.0562200e+03   9.8082229e+01
   1.0569320e+03   1.0680000e+00   1.0573010e+03   9.7289196e+01
   1.0579790e+03   1.0470000e+00   1.0583210e+03   1.0107343e+02
   1.0590930e+03   1.1140000e+00   1.0594400e+03   9.8021019e+01
   1.0602330e+03   1.1400000e+00   1.0605880e+03   1.0119495e+02
   1.0612760e+03   1.0440000e+00   1.0616430e+03   9.7227986e+01
   1.0622670e+03   9.9100000e-01   1.0626230e+03   9.7105565e+01
   1.0632530e+03   9.8500000e-01   1.0636320e+03   9.8814952e+01
   1.0642070e+03   9.5400000e-01   1.0645620e+03   9.8051624e+01
   1.0651380e+03   9.3100000e-01   1.0654820e+03   1.0076738e+02
   1.0660720e+03   9.3400000e-01   1.0664410e+03   9.6007381e+01
   1.0669660e+03   8.9400000e-01   1.0673220e+03   9.8845557e+01
   1.0678170e+03   8.5100000e-01   1.0681700e+03   9.8876162e+01
   1.0687800e+03   9.6300000e-01   1.0691480e+03   9.6403448e+01
   1.0698160e+03   1.0370000e+00   1.0701690e+03   9.8021019e+01
   1.0709190e+03   1.1020000e+00   1.0712820e+03   9.7227986e+01
   1.0719900e+03   1.0720000e+00   1.0723220e+03   1.0076738e+02
   1.0730020e+03   1.0120000e+00   1.0733380e+03   9.7533137e+01
   1.0739810e+03   9.7900000e-01   1.0743390e+03   9.6343137e+01
   1.0748980e+03   9.1700000e-01   1.0752700e+03   9.5182843e+01
   1.0757340e+03   8.3600000e-01   1.0761100e+03   9.5610415e+01
   1.0765300e+03   7.9600000e-01   1.0768760e+03   9.6800414e+01
   1.0773230e+03   7.9300000e-01   1.0776680e+03   1.0198888e+02
   1.0783300e+03   1.0070000e+00   1.0786610e+03   1.0113374e+02
   1.0794830e+03   1.1530000e+00   1.0798310e+03   9.4816482e+01
   1.0805030e+03   1.0210000e+00   1.0808490e+03   9.5579810e+01
   1.0814110e+03   9.0800000e-01   1.0817650e+03   9.5182843e+01
   1.0822590e+03   8.4800000e-01   1.0826060e+03   9.2436483e+01
   1.0831070e+03   8.4800000e-01   1.0834530e+03   9.9211018e+01
   1.0842340e+03   1.1270000e+00   1.0845730e+03   9.7197381e+01
   1.0853300e+03   1.0960000e+00   1.0856740e+03   9.5579810e+01
   1.0863390e+03   1.0090000e+00   1.0867070e+03   9.2864055e+01
   1.0872150e+03   8.7600000e-01   1.0875670e+03   9.6067691e+01
   1.0880190e+03   8.0400000e-01   1.0883730e+03   9.5549204e+01
   1.0888130e+03   7.9400000e-01   1.0891680e+03   9.7594347e+01
   1.0898430e+03   1.0300000e+00   1.0901760e+03   1.0162252e+02
   1.0910300e+03   1.1880000e+00   1.0913480e+03   1.0327070e+02
   1.0921240e+03   1.0940000e+00   1.0924840e+03   1.0067646e+02
   1.0930600e+03   9.3600000e-01   1.0934330e+03   9.8417985e+01
   1.0939750e+03   9.1500000e-01   1.0943170e+03   1.0314828e+02
   1.0948950e+03   9.2000000e-01   1.0952540e+03   1.0162252e+02
   1.0958380e+03   9.4300000e-01   1.0961700e+03   1.0479645e+02
   1.0968660e+03   1.0280000e+00   1.0972570e+03   1.0287373e+02
   1.0978380e+03   9.7200000e-01   1.0981910e+03   1.0324009e+02
   1.0986990e+03   8.6100000e-01   1.0990550e+03   9.9211018e+01
   1.0995100e+03   8.1100000e-01   1.0998520e+03   1.0360555e+02
   1.1003670e+03   8.5700000e-01   1.1007110e+03   1.0284313e+02
   1.1015500e+03   1.1820000e+00   1.1018730e+03   1.0439949e+02
   1.1026490e+03   1.0990000e+00   1.1029920e+03   1.0064586e+02
   1.1036460e+03   9.9700000e-01   1.1039920e+03   9.8814952e+01
   1.1046530e+03   1.0070000e+00   1.1050010e+03   9.8753741e+01
   1.1055050e+03   8.5100000e-01   1.1058640e+03   9.8051624e+01
   1.1063670e+03   8.6300000e-01   1.1067200e+03   9.7654657e+01
   1.1074230e+03   1.0560000e+00   1.1077630e+03   9.9089497e+01
   1.1084510e+03   1.0280000e+00   1.1088010e+03   9.6831019e+01
   1.1093670e+03   9.1600000e-01   1.1097350e+03   9.5976776e+01
   1.1102340e+03   8.6600000e-01   1.1105610e+03   1.0162252e+02
   1.1111230e+03   8.8900000e-01   1.1114600e+03   9.9486464e+01
   1.1121730e+03   1.0500000e+00   1.1124990e+03   1.0079798e+02
   1.1131510e+03   9.7800000e-01   1.1134820e+03   9.9669195e+01
   1.1140640e+03   9.1300000e-01   1.1144220e+03   9.4389810e+01
   1.1149830e+03   9.1900000e-01   1.1153140e+03   1.0027950e+02
   1.1160360e+03   1.0530000e+00   1.1163800e+03   9.6892229e+01
   1.1171340e+03   1.0990000e+00   1.1174760e+03   9.5976776e+01
   1.1181110e+03   9.7600000e-01   1.1184700e+03   9.3046785e+01
   1.1189570e+03   8.4600000e-01   1.1193110e+03   9.5091928e+01
   1.1198310e+03   8.7400000e-01   1.1201570e+03   9.9577379e+01
   1.1209370e+03   1.1060000e+00   1.1212820e+03   9.8784346e+01
   1.1219670e+03   1.0300000e+00   1.1223210e+03   9.6403448e+01
   1.1229180e+03   9.5100000e-01   1.1232920e+03   9.3443752e+01
   1.1238000e+03   8.8200000e-01   1.1241700e+03   9.5915566e+01
   1.1247310e+03   9.3200000e-01   1.1250980e+03   9.7197381e+01
   1.1258940e+03   1.1620000e+00   1.1262590e+03   1.0037131e+02
   1.1268900e+03   9.9600000e-01   1.1272610e+03   9.5152238e+01
   1.1277960e+03   9.0700000e-01   1.1281410e+03   9.8051624e+01
   1.1286770e+03   8.8000000e-01   1.1290250e+03   1.0076738e+02
   1.1295950e+03   9.1800000e-01   1.1299480e+03   9.8082229e+01
   1.1306010e+03   1.0050000e+00   1.1309430e+03   9.6892229e+01
   1.1315050e+03   9.0500000e-01   1.1318500e+03   9.9181313e+01
   1.1323620e+03   8.5700000e-01   1.1327290e+03   9.8112834e+01
   1.1332920e+03   9.3000000e-01   1.1336380e+03   9.8753741e+01
   1.1344570e+03   1.1650000e+00   1.1348040e+03   9.7289196e+01
   1.1354360e+03   9.7900000e-01   1.1357880e+03   9.4725567e+01
   1.1363650e+03   9.2800000e-01   1.1367480e+03   9.2772239e+01
   1.1372460e+03   8.8100000e-01   1.1376050e+03   9.7258591e+01
   1.1381330e+03   8.8700000e-01   1.1384680e+03   9.9882530e+01
   1.1392540e+03   1.1210000e+00   1.1396090e+03   9.8387380e+01
   1.1403900e+03   1.1360000e+00   1.1407250e+03   9.9638589e+01
   1.1414860e+03   1.0960000e+00   1.1418460e+03   9.5610415e+01
   1.1425030e+03   1.0180000e+00   1.1428660e+03   9.6343137e+01
   1.1434920e+03   9.8900000e-01   1.1438330e+03   9.9181313e+01
   1.1443920e+03   8.9900000e-01   1.1447330e+03   9.9546774e+01
   1.1452540e+03   8.6200000e-01   1.1456260e+03   9.8417985e+01
   1.1461290e+03   8.7500000e-01   1.1464860e+03   9.9943741e+01
   1.1469990e+03   8.7000000e-01   1.1473270e+03   1.0400252e+02
   1.1482400e+03   1.2410000e+00   1.1485530e+03   1.0241555e+02
   1.1494200e+03   1.1800000e+00   1.1497540e+03   9.7959808e+01
   1.1505210e+03   1.1010000e+00   1.1508720e+03   9.4359205e+01
   1.1514570e+03   9.3600000e-01   1.1518140e+03   9.5182843e+01
   1.1523240e+03   8.6700000e-01   1.1526740e+03   9.6861624e+01
   1.1532310e+03   9.0800000e-01   1.1535860e+03   9.7258591e+01
   1.1541700e+03   9.3900000e-01   1.1545120e+03   9.6007381e+01
   1.1550930e+03   9.2300000e-01   1.1554470e+03   9.8021019e+01
   1.1559990e+03   9.0700000e-01   1.1563230e+03   1.0308707e+02
   1.1570860e+03   1.0860000e+00   1.1574330e+03   1.0241555e+02
   1.1581310e+03   1.0450000e+00   1.1584790e+03   9.7441321e+01
   1.1591200e+03   9.8900000e-01   1.1594830e+03   9.5518599e+01
   1.1599900e+03   8.7000000e-01   1.1603330e+03   9.9211018e+01
   1.1607900e+03   8.0000000e-01   1.1611330e+03   9.9607984e+01
   1.1617360e+03   9.4600000e-01   1.1620690e+03   1.0327070e+02
   1.1628960e+03   1.1600000e+00   1.1632640e+03   9.7197381e+01
   1.1637290e+03   8.3300000e-01   1.1640760e+03   9.8356775e+01
   1.1644740e+03   7.4500000e-01   1.1648290e+03   1.0116435e+02
   1.1656620e+03   1.1880000e+00   1.1659920e+03   9.8814952e+01
   1.1667110e+03   1.0490000e+00   1.1670540e+03   9.9607984e+01
   1.1675920e+03   8.8100000e-01   1.1679300e+03   1.0113374e+02
   1.1684660e+03   8.7400000e-01   1.1687930e+03   1.0446070e+02
   1.1695350e+03   1.0690000e+00   1.1698900e+03   1.0119495e+02
   1.1705840e+03   1.0490000e+00   1.1709490e+03   1.0034071e+02
   1.1715350e+03   9.5100000e-01   1.1718800e+03   9.9120103e+01
   1.1723900e+03   8.5500000e-01   1.1727230e+03   1.0397192e+02
   1.1732750e+03   8.8500000e-01   1.1736360e+03   1.0113374e+02
   1.1744390e+03   1.1640000e+00   1.1747710e+03   1.0272071e+02
   1.1754100e+03   9.7100000e-01   1.1757580e+03   9.8814952e+01
   1.1763760e+03   9.6600000e-01   1.1767490e+03   9.7594347e+01
   1.1773460e+03   9.7000000e-01   1.1776920e+03   9.9211018e+01
   1.1783910e+03   1.0440000e+00   1.1787360e+03   9.7197381e+01
   1.1793170e+03   9.2700000e-01   1.1796510e+03   1.0000495e+02
   1.1801940e+03   8.7700000e-01   1.1805510e+03   9.9607984e+01
   1.1810800e+03   8.8600000e-01   1.1814110e+03   1.0357585e+02
   1.1822820e+03   1.2030000e+00   1.1826310e+03   9.9943741e+01
   1.1833150e+03   1.0330000e+00   1.1836720e+03   1.0241555e+02
   1.1843840e+03   1.0690000e+00   1.1847370e+03   1.0317888e+02
   1.1854460e+03   1.0620000e+00   1.1858000e+03   1.0244616e+02
   1.1863690e+03   9.2300000e-01   1.1867390e+03   1.0037131e+02
   1.1873020e+03   9.3400000e-01   1.1876340e+03   1.0589464e+02
   1.1883380e+03   1.0360000e+00   1.1886850e+03   1.0278192e+02
   1.1893990e+03   1.0610000e+00   1.1897380e+03   1.0482706e+02
   1.1902870e+03   8.8900000e-01   1.1906260e+03   1.0662736e+02
   1.1912310e+03   9.4400000e-01   1.1915750e+03   1.0873281e+02
   1.1924160e+03   1.1850000e+00   1.1927540e+03   1.1120463e+02
   1.1934430e+03   1.0270000e+00   1.1937940e+03   1.0961766e+02
