   9.0008400e+02   8.5400000e-01   9.0038100e+02   1.2447664e+02
   9.0090100e+02   8.1700000e-01   9.0118100e+02   1.2548664e+02
   9.0175000e+02   8.4900000e-01   9.0203100e+02   1.2633935e+02
   9.0266000e+02   9.1000000e-01   9.0295100e+02   1.2747239e+02
   9.0367700e+02   1.0170000e+00   9.0398100e+02   1.2614784e+02
   9.0463300e+02   9.5600000e-01   9.0492100e+02   1.2192918e+02
   9.0555800e+02   9.2500000e-01   9.0585100e+02   1.2307399e+02
   9.0645100e+02   8.9300000e-01   9.0675100e+02   1.2217633e+02
   9.0731300e+02   8.6200000e-01   9.0760100e+02   1.2169380e+02
   9.0817500e+02   8.6200000e-01   9.0846100e+02   1.2123374e+02
   9.0904200e+02   8.6700000e-01   9.0932100e+02   1.2205329e+02
   9.0994400e+02   9.0200000e-01   9.1023100e+02   1.2183931e+02
   9.1083800e+02   8.9400000e-01   9.1113100e+02   1.1973052e+02
   9.1171200e+02   8.7400000e-01   9.1201100e+02   1.1698084e+02
   9.1260000e+02   8.8800000e-01   9.1288100e+02   1.1858571e+02
   9.1352400e+02   9.2400000e-01   9.1381100e+02   1.1796837e+02
   9.1445300e+02   9.2900000e-01   9.1474100e+02   1.1661066e+02
   9.1537900e+02   9.2600000e-01   9.1568100e+02   1.1543268e+02
   9.1629100e+02   9.1200000e-01   9.1657100e+02   1.1571300e+02
   9.1721500e+02   9.2300000e-01   9.1751100e+02   1.1341269e+02
   9.1814000e+02   9.2600000e-01   9.1844100e+02   1.1094441e+02
   9.1906100e+02   9.2100000e-01   9.1935100e+02   1.1268408e+02
   9.1995600e+02   8.9400000e-01   9.2024100e+02   1.1225719e+02
   9.2082100e+02   8.6500000e-01   9.2110100e+02   1.1215662e+02
   9.2166600e+02   8.4500000e-01   9.2194100e+02   1.1032707e+02
   9.2250500e+02   8.3900000e-01   9.2279100e+02   1.1211168e+02
   9.2339200e+02   8.8700000e-01   9.2367100e+02   1.1330142e+02
   9.2436100e+02   9.7000000e-01   9.2464100e+02   1.1472547e+02
   9.2542800e+02   1.0670000e+00   9.2571100e+02   1.1389522e+02
   9.2646900e+02   1.0400000e+00   9.2676100e+02   1.1207744e+02
   9.2747000e+02   1.0010000e+00   9.2776100e+02   1.0960916e+02
   9.2845700e+02   9.8800000e-01   9.2873100e+02   1.1008099e+02
   9.2940200e+02   9.4500000e-01   9.2969100e+02   1.1199934e+02
   9.3032900e+02   9.2700000e-01   9.3060100e+02   1.1135953e+02
   9.3126500e+02   9.3600000e-01   9.3156100e+02   1.0949682e+02
   9.3221200e+02   9.4700000e-01   9.3249100e+02   1.0964340e+02
   9.3321800e+02   1.0070000e+00   9.3351100e+02   1.1290876e+02
   9.3425000e+02   1.0320000e+00   9.3453100e+02   1.1214485e+02
   9.3525500e+02   1.0050000e+00   9.3553100e+02   1.0978890e+02
   9.3622200e+02   9.6700000e-01   9.3650100e+02   1.0934061e+02
   9.3717400e+02   9.5200000e-01   9.3746100e+02   1.1479288e+02
   9.3815700e+02   9.8300000e-01   9.3843100e+02   1.1046188e+02
   9.3916700e+02   1.0100000e+00   9.3945100e+02   1.1306497e+02
   9.4018900e+02   1.0220000e+00   9.4047100e+02   1.1490522e+02
   9.4123400e+02   1.0450000e+00   9.4153100e+02   1.1511813e+02
   9.4225200e+02   1.0180000e+00   9.4255100e+02   1.1355927e+02
   9.4323200e+02   9.8000000e-01   9.4354100e+02   1.1151681e+02
   9.4420100e+02   9.6900000e-01   9.4451100e+02   1.1130390e+02
   9.4513000e+02   9.2900000e-01   9.4543100e+02   1.1189877e+02
   9.4607300e+02   9.4300000e-01   9.4636100e+02   1.1327895e+02
   9.4710000e+02   1.0260000e+00   9.4739100e+02   1.1514060e+02
   9.4810100e+02   1.0010000e+00   9.4840100e+02   1.1367161e+02
   9.4905500e+02   9.5400000e-01   9.4935100e+02   1.1615059e+02
   9.4995700e+02   9.0300000e-01   9.5025100e+02   1.1899014e+02
   9.5089400e+02   9.3700000e-01   9.5118100e+02   1.1594945e+02
   9.5186100e+02   9.6600000e-01   9.5217100e+02   1.1977545e+02
   9.5277900e+02   9.1800000e-01   9.5308100e+02   1.2052653e+02
   9.5365400e+02   8.7600000e-01   9.5397100e+02   1.2096412e+02
   9.5453800e+02   8.8400000e-01   9.5483100e+02   1.2628265e+02
   9.5539100e+02   8.5300000e-01   9.5569100e+02   1.2744992e+02
   9.5622600e+02   8.3500000e-01   9.5651100e+02   1.2660790e+02
   9.5707800e+02   8.5100000e-01   9.5737100e+02   1.2843745e+02
   9.5804700e+02   9.6900000e-01   9.5835100e+02   1.2927840e+02
   9.5891800e+02   8.7100000e-01   9.5920100e+02   1.2948061e+02
   9.5973800e+02   8.2000000e-01   9.6004100e+02   1.3027770e+02
   9.6063700e+02   8.9900000e-01   9.6092100e+02   1.2804479e+02
   9.6161100e+02   9.7400000e-01   9.6190100e+02   1.2783081e+02
   9.6258000e+02   9.6900000e-01   9.6288100e+02   1.2344418e+02
   9.6352100e+02   9.4100000e-01   9.6382100e+02   1.2231114e+02
   9.6438200e+02   8.6100000e-01   9.6468100e+02   1.2096412e+02
   9.6523800e+02   8.5600000e-01   9.6553100e+02   1.2218703e+02
   9.6607300e+02   8.3500000e-01   9.6635100e+02   1.1932609e+02
   9.6687500e+02   8.0200000e-01   9.6716100e+02   1.1527541e+02
   9.6764100e+02   7.6600000e-01   9.6793100e+02   1.1940526e+02
   9.6839900e+02   7.5700000e-01   9.6869100e+02   1.2234431e+02
   9.6922400e+02   8.2500000e-01   9.6951100e+02   1.2438677e+02
   9.7023500e+02   1.0110000e+00   9.7053100e+02   1.2495917e+02
   9.7117300e+02   9.3800000e-01   9.7147100e+02   1.2373626e+02
   9.7209600e+02   9.2300000e-01   9.7239100e+02   1.2572202e+02
   9.7299800e+02   9.0200000e-01   9.7329100e+02   1.2328690e+02
   9.7387600e+02   8.7800000e-01   9.7417100e+02   1.2220950e+02
   9.7472500e+02   8.4900000e-01   9.7503100e+02   1.1977545e+02
   9.7553500e+02   8.1100000e-01   9.7585100e+02   1.1959571e+02
   9.7632200e+02   7.8600000e-01   9.7662100e+02   1.2536253e+02
   9.7713300e+02   8.1200000e-01   9.7741100e+02   1.2688822e+02
   9.7801200e+02   8.7900000e-01   9.7829100e+02   1.2729265e+02
   9.7894800e+02   9.3600000e-01   9.7924100e+02   1.2710220e+02
   9.7987300e+02   9.2500000e-01   9.8017100e+02   1.2727018e+02
   9.8078200e+02   9.0900000e-01   9.8108100e+02   1.2551980e+02
   9.8171400e+02   9.3200000e-01   9.8199100e+02   1.2530689e+02
   9.8266800e+02   9.5400000e-01   9.8296100e+02   1.2545240e+02
   9.8360500e+02   9.3700000e-01   9.8389100e+02   1.2127868e+02
   9.8451400e+02   9.0900000e-01   9.8481100e+02   1.2140172e+02
   9.8540400e+02   8.9100000e-01   9.8569100e+02   1.1683534e+02
   9.8627000e+02   8.6500000e-01   9.8656100e+02   1.1722799e+02
   9.8712000e+02   8.5000000e-01   9.8740100e+02   1.1745267e+02
   9.8798200e+02   8.6200000e-01   9.8827100e+02   1.1427718e+02
   9.8885200e+02   8.7000000e-01   9.8914100e+02   1.1712742e+02
   9.8974500e+02   8.9200000e-01   9.9003100e+02   1.1732857e+02
   9.9065700e+02   9.1200000e-01   9.9094100e+02   1.1952830e+02
   9.9158200e+02   9.2600000e-01   9.9188100e+02   1.1617306e+02
   9.9250900e+02   9.2600000e-01   9.9281100e+02   1.1828293e+02
   9.9343500e+02   9.2600000e-01   9.9372100e+02   1.1683534e+02
   9.9431800e+02   8.8300000e-01   9.9460100e+02   1.1663312e+02
   9.9523100e+02   9.1300000e-01   9.9553100e+02   1.1414237e+02
   9.9615500e+02   9.2400000e-01   9.9645100e+02   1.1416484e+02
   9.9708600e+02   9.3100000e-01   9.9737100e+02   1.1263915e+02
   9.9800500e+02   9.1900000e-01   9.9829100e+02   1.1379465e+02
   9.9892800e+02   9.2200000e-01   9.9922100e+02   1.1278465e+02
   9.9985400e+02   9.2600000e-01   1.0001510e+03   1.1285206e+02
   1.0007720e+03   9.1800000e-01   1.0010610e+03   1.1272902e+02
   1.0016920e+03   9.2000000e-01   1.0019810e+03   1.1371655e+02
   1.0026430e+03   9.5100000e-01   1.0029310e+03   1.1499509e+02
   1.0036420e+03   9.9900000e-01   1.0039310e+03   1.1869805e+02
   1.0046810e+03   1.0380000e+00   1.0049810e+03   1.1323402e+02
   1.0057000e+03   1.0190000e+00   1.0059810e+03   1.1179713e+02
   1.0067150e+03   1.0140000e+00   1.0070110e+03   1.1214485e+02
   1.0076880e+03   9.7300000e-01   1.0079810e+03   1.1198864e+02
   1.0086310e+03   9.4200000e-01   1.0089210e+03   1.0972150e+02
   1.0095470e+03   9.1600000e-01   1.0098410e+03   1.1171902e+02
   1.0104520e+03   9.0500000e-01   1.0107310e+03   1.1429965e+02
   1.0113740e+03   9.2200000e-01   1.0116710e+03   1.1381712e+02
   1.0123540e+03   9.8000000e-01   1.0126510e+03   1.1684711e+02
   1.0133310e+03   9.7700000e-01   1.0136210e+03   1.1775546e+02
   1.0143050e+03   9.7400000e-01   1.0146010e+03   1.1611743e+02
   1.0152500e+03   9.4400000e-01   1.0155410e+03   1.1409743e+02
   1.0161600e+03   9.1100000e-01   1.0164410e+03   1.1235883e+02
   1.0171060e+03   9.4500000e-01   1.0173910e+03   1.1370478e+02
   1.0180570e+03   9.5200000e-01   1.0183310e+03   1.1218978e+02
   1.0190400e+03   9.8300000e-01   1.0193310e+03   1.1368231e+02
   1.0199810e+03   9.4100000e-01   1.0202710e+03   1.1309921e+02
   1.0208990e+03   9.1800000e-01   1.0211910e+03   1.1212238e+02
   1.0218120e+03   9.1300000e-01   1.0221010e+03   1.1534281e+02
   1.0227590e+03   9.4700000e-01   1.0230410e+03   1.1397439e+02
   1.0237110e+03   9.5200000e-01   1.0240010e+03   1.1487205e+02
   1.0246740e+03   9.6300000e-01   1.0249710e+03   1.1483781e+02
   1.0256570e+03   9.8300000e-01   1.0259310e+03   1.1406427e+02
   1.0265900e+03   9.3300000e-01   1.0268810e+03   1.1130390e+02
   1.0274660e+03   8.7600000e-01   1.0277710e+03   1.1505179e+02
   1.0282890e+03   8.2200000e-01   1.0285810e+03   1.1952830e+02
   1.0291180e+03   8.2900000e-01   1.0294110e+03   1.1956147e+02
   1.0299630e+03   8.4500000e-01   1.0302710e+03   1.2116634e+02
   1.0307740e+03   8.1100000e-01   1.0310910e+03   1.2238924e+02
   1.0315850e+03   8.1100000e-01   1.0318810e+03   1.2555404e+02
   1.0323720e+03   7.8600000e-01   1.0326710e+03   1.2632759e+02
   1.0332320e+03   8.6100000e-01   1.0335110e+03   1.2748309e+02
   1.0341060e+03   8.7400000e-01   1.0344110e+03   1.2916606e+02
   1.0349440e+03   8.3800000e-01   1.0352310e+03   1.2866106e+02
   1.0358010e+03   8.5700000e-01   1.0360810e+03   1.2620455e+02
   1.0367020e+03   9.0100000e-01   1.0370010e+03   1.2539676e+02
   1.0375980e+03   8.9600000e-01   1.0379010e+03   1.2135678e+02
   1.0384380e+03   8.4000000e-01   1.0387310e+03   1.2145842e+02
   1.0392980e+03   8.6000000e-01   1.0395810e+03   1.2124444e+02
   1.0401820e+03   8.8400000e-01   1.0404810e+03   1.2079615e+02
   1.0410650e+03   8.8200000e-01   1.0413510e+03   1.1717236e+02
   1.0419150e+03   8.5100000e-01   1.0422010e+03   1.1845090e+02
   1.0427570e+03   8.4200000e-01   1.0430410e+03   1.1667806e+02
   1.0436180e+03   8.6100000e-01   1.0439010e+03   1.1942773e+02
   1.0445260e+03   9.0800000e-01   1.0448110e+03   1.1637527e+02
   1.0453900e+03   8.6500000e-01   1.0456810e+03   1.1579217e+02
   1.0462190e+03   8.2900000e-01   1.0465110e+03   1.1603825e+02
   1.0470670e+03   8.4800000e-01   1.0473410e+03   1.1555572e+02
   1.0479340e+03   8.6700000e-01   1.0482210e+03   1.1990919e+02
   1.0488270e+03   8.9300000e-01   1.0491010e+03   1.2121127e+02
   1.0497000e+03   8.7300000e-01   1.0499910e+03   1.2499234e+02
   1.0505970e+03   8.9700000e-01   1.0509110e+03   1.2441993e+02
   1.0515420e+03   9.4500000e-01   1.0518310e+03   1.2685505e+02
   1.0524840e+03   9.4200000e-01   1.0527710e+03   1.2419632e+02
   1.0533900e+03   9.0600000e-01   1.0536810e+03   1.2771954e+02
   1.0543050e+03   9.1500000e-01   1.0546010e+03   1.2454404e+02
   1.0552180e+03   9.1300000e-01   1.0555210e+03   1.2109893e+02
   1.0561170e+03   8.9900000e-01   1.0564110e+03   1.1879862e+02
   1.0570150e+03   8.9800000e-01   1.0573010e+03   1.1860818e+02
   1.0578770e+03   8.6200000e-01   1.0581810e+03   1.1600509e+02
   1.0587200e+03   8.4300000e-01   1.0590010e+03   1.1840597e+02
   1.0595550e+03   8.3500000e-01   1.0598610e+03   1.1782286e+02
   1.0604110e+03   8.5500000e-01   1.0607010e+03   1.2071804e+02
   1.0612850e+03   8.7400000e-01   1.0615810e+03   1.2152583e+02
   1.0621540e+03   8.6900000e-01   1.0624410e+03   1.2300658e+02
   1.0630230e+03   8.7000000e-01   1.0633210e+03   1.2098659e+02
   1.0638960e+03   8.7200000e-01   1.0641810e+03   1.2264709e+02
   1.0647600e+03   8.6400000e-01   1.0650510e+03   1.2032539e+02
   1.0656240e+03   8.6400000e-01   1.0659110e+03   1.2472272e+02
   1.0664830e+03   8.5900000e-01   1.0667610e+03   1.2358968e+02
   1.0673480e+03   8.6500000e-01   1.0676410e+03   1.2205329e+02
   1.0681910e+03   8.4400000e-01   1.0684910e+03   1.1958394e+02
   1.0690040e+03   8.1200000e-01   1.0692910e+03   1.1987602e+02
   1.0698200e+03   8.1600000e-01   1.0701210e+03   1.2142418e+02
   1.0706400e+03   8.2000000e-01   1.0709310e+03   1.1990919e+02
   1.0714250e+03   7.8500000e-01   1.0717210e+03   1.1984286e+02
   1.0721940e+03   7.6900000e-01   1.0724710e+03   1.1918058e+02
   1.0730010e+03   8.0700000e-01   1.0732910e+03   1.2001083e+02
   1.0738160e+03   8.1600000e-01   1.0741010e+03   1.2243418e+02
   1.0745920e+03   7.7600000e-01   1.0748810e+03   1.2146912e+02
   1.0753610e+03   7.6800000e-01   1.0756510e+03   1.1894520e+02
   1.0761250e+03   7.6400000e-01   1.0764110e+03   1.2039172e+02
   1.0768860e+03   7.6100000e-01   1.0771710e+03   1.2395987e+02
   1.0776580e+03   7.7200000e-01   1.0779510e+03   1.2401658e+02
   1.0784280e+03   7.7000000e-01   1.0787010e+03   1.2667531e+02
   1.0792110e+03   7.8300000e-01   1.0795110e+03   1.2759543e+02
   1.0800500e+03   8.3900000e-01   1.0803410e+03   1.2966036e+02
   1.0809380e+03   8.8900000e-01   1.0812310e+03   1.3071529e+02
   1.0818180e+03   8.8000000e-01   1.0821110e+03   1.3090573e+02
   1.0826610e+03   8.4400000e-01   1.0829510e+03   1.2815713e+02
   1.0835070e+03   8.4600000e-01   1.0838010e+03   1.2683258e+02
   1.0843520e+03   8.4500000e-01   1.0846410e+03   1.2454404e+02
   1.0851820e+03   8.3000000e-01   1.0854610e+03   1.2323126e+02
   1.0859790e+03   7.9700000e-01   1.0862710e+03   1.2330937e+02
   1.0867710e+03   7.9200000e-01   1.0870610e+03   1.2373626e+02
   1.0875580e+03   7.8700000e-01   1.0878510e+03   1.2452158e+02
   1.0883520e+03   7.9400000e-01   1.0886310e+03   1.2343241e+02
   1.0891290e+03   7.7600000e-01   1.0894010e+03   1.2582259e+02
   1.0899040e+03   7.7500000e-01   1.0901910e+03   1.2590176e+02
   1.0907020e+03   7.9800000e-01   1.0910110e+03   1.2253475e+02
   1.0915170e+03   8.1500000e-01   1.0918110e+03   1.2624948e+02
   1.0923350e+03   8.1800000e-01   1.0926110e+03   1.2768530e+02
   1.0931360e+03   8.0100000e-01   1.0934210e+03   1.2468955e+02
   1.0939600e+03   8.2400000e-01   1.0942510e+03   1.2438677e+02
   1.0947960e+03   8.3600000e-01   1.0950710e+03   1.2375873e+02
   1.0956340e+03   8.3800000e-01   1.0959110e+03   1.2135678e+02
   1.0964550e+03   8.2100000e-01   1.0967510e+03   1.1864135e+02
   1.0972350e+03   7.8100000e-01   1.0975110e+03   1.2097589e+02
   1.0980230e+03   7.8800000e-01   1.0983110e+03   1.2122197e+02
   1.0988160e+03   7.9300000e-01   1.0991110e+03   1.2052653e+02
   1.0996160e+03   8.0000000e-01   1.0999010e+03   1.2081861e+02
   1.1004060e+03   7.9000000e-01   1.1007010e+03   1.2151406e+02
   1.1011820e+03   7.7600000e-01   1.1014810e+03   1.2372449e+02
   1.1019490e+03   7.6700000e-01   1.1022210e+03   1.2174944e+02
   1.1027440e+03   7.9500000e-01   1.1030210e+03   1.2205329e+02
   1.1035600e+03   8.1600000e-01   1.1038610e+03   1.2343241e+02
   1.1044010e+03   8.4100000e-01   1.1046810e+03   1.2364639e+02
   1.1052250e+03   8.2400000e-01   1.1055110e+03   1.2351158e+02
   1.1060350e+03   8.1000000e-01   1.1063210e+03   1.2154829e+02
   1.1068320e+03   7.9700000e-01   1.1071110e+03   1.2126691e+02
   1.1076220e+03   7.9000000e-01   1.1079110e+03   1.2104330e+02
   1.1084050e+03   7.8200000e-01   1.1086910e+03   1.2155899e+02
   1.1091720e+03   7.6700000e-01   1.1094710e+03   1.2134608e+02
   1.1099450e+03   7.7300000e-01   1.1102110e+03   1.1971875e+02
   1.1107270e+03   7.8200000e-01   1.1110010e+03   1.2063887e+02
   1.1115240e+03   7.9800000e-01   1.1118010e+03   1.2112140e+02
   1.1123110e+03   7.8600000e-01   1.1125910e+03   1.2241171e+02
   1.1131130e+03   8.0200000e-01   1.1133910e+03   1.2059393e+02
   1.1139280e+03   8.1500000e-01   1.1142110e+03   1.2361215e+02
   1.1147650e+03   8.3800000e-01   1.1150510e+03   1.2303975e+02
   1.1155820e+03   8.1600000e-01   1.1158710e+03   1.2103153e+02
   1.1163810e+03   8.0000000e-01   1.1166610e+03   1.2070627e+02
   1.1171870e+03   8.0600000e-01   1.1174810e+03   1.2185108e+02
   1.1180100e+03   8.2300000e-01   1.1183110e+03   1.1827116e+02
   1.1188430e+03   8.3300000e-01   1.1191310e+03   1.1704825e+02
   1.1196680e+03   8.2400000e-01   1.1199510e+03   1.1574724e+02
   1.1204860e+03   8.1800000e-01   1.1207610e+03   1.1453503e+02
   1.1213260e+03   8.4100000e-01   1.1216210e+03   1.1694768e+02
   1.1221910e+03   8.6500000e-01   1.1224810e+03   1.1407497e+02
   1.1230640e+03   8.7300000e-01   1.1233510e+03   1.1083207e+02
   1.1239240e+03   8.6000000e-01   1.1242210e+03   1.1105675e+02
   1.1247990e+03   8.7500000e-01   1.1250810e+03   1.0775821e+02
   1.1256740e+03   8.7500000e-01   1.1259610e+03   1.1063092e+02
   1.1265430e+03   8.7000000e-01   1.1268310e+03   1.1259421e+02
   1.1274200e+03   8.7700000e-01   1.1277110e+03   1.0848789e+02
   1.1282750e+03   8.5400000e-01   1.1285510e+03   1.1026073e+02
   1.1291300e+03   8.5600000e-01   1.1294210e+03   1.1122472e+02
   1.1300650e+03   9.3500000e-01   1.1303510e+03   1.0911593e+02
   1.1310090e+03   9.4400000e-01   1.1312910e+03   1.0756777e+02
   1.1319150e+03   9.0600000e-01   1.1322110e+03   1.0838625e+02
   1.1327720e+03   8.5700000e-01   1.1330610e+03   1.0945188e+02
   1.1336240e+03   8.5200000e-01   1.1339210e+03   1.0988947e+02
   1.1344920e+03   8.6800000e-01   1.1347910e+03   1.0986808e+02
   1.1354230e+03   9.3100000e-01   1.1357110e+03   1.1573547e+02
   1.1364400e+03   1.0170000e+00   1.1367310e+03   1.1077643e+02
   1.1374160e+03   9.7600000e-01   1.1377210e+03   1.1348010e+02
   1.1383700e+03   9.5400000e-01   1.1386810e+03   1.1399686e+02
   1.1392860e+03   9.1700000e-01   1.1395810e+03   1.1371655e+02
   1.1401880e+03   9.0200000e-01   1.1404710e+03   1.1548939e+02
   1.1410730e+03   8.8500000e-01   1.1413810e+03   1.1856324e+02
   1.1419740e+03   9.0000000e-01   1.1422810e+03   1.1796837e+02
   1.1428980e+03   9.2400000e-01   1.1432010e+03   1.2007824e+02
   1.1438820e+03   9.8400000e-01   1.1441610e+03   1.1992096e+02
   1.1448870e+03   1.0050000e+00   1.1451710e+03   1.1613989e+02
   1.1458820e+03   9.9500000e-01   1.1461810e+03   1.1719483e+02
   1.1468220e+03   9.3900000e-01   1.1471310e+03   1.1342446e+02
   1.1477570e+03   9.3600000e-01   1.1480510e+03   1.1464737e+02
   1.1486540e+03   8.9700000e-01   1.1489510e+03   1.1519730e+02
   1.1495340e+03   8.8000000e-01   1.1498210e+03   1.1539952e+02
   1.1503990e+03   8.6400000e-01   1.1506910e+03   1.1888850e+02
   1.1512640e+03   8.6600000e-01   1.1515610e+03   1.2103153e+02
   1.1521620e+03   8.9800000e-01   1.1524710e+03   1.2280437e+02
   1.1530790e+03   9.1700000e-01   1.1533810e+03   1.2549733e+02
   1.1539890e+03   9.1000000e-01   1.1542910e+03   1.2733758e+02
   1.1549450e+03   9.5600000e-01   1.1552310e+03   1.2961542e+02
   1.1558810e+03   9.3500000e-01   1.1561810e+03   1.2815713e+02
   1.1568250e+03   9.4500000e-01   1.1571210e+03   1.2741568e+02
   1.1577140e+03   8.8800000e-01   1.1580110e+03   1.2731511e+02
   1.1586170e+03   9.0300000e-01   1.1589110e+03   1.2564284e+02
   1.1595310e+03   9.1400000e-01   1.1598310e+03   1.2340994e+02
   1.1604230e+03   8.9200000e-01   1.1607310e+03   1.2209716e+02
   1.1612560e+03   8.3300000e-01   1.1615610e+03   1.2099836e+02
   1.1620680e+03   8.1300000e-01   1.1623510e+03   1.2111070e+02
   1.1628950e+03   8.2700000e-01   1.1631910e+03   1.2382506e+02
   1.1637260e+03   8.3100000e-01   1.1640210e+03   1.2557544e+02
   1.1645600e+03   8.3400000e-01   1.1648510e+03   1.2170450e+02
   1.1653600e+03   8.0000000e-01   1.1656510e+03   1.2373626e+02
   1.1661260e+03   7.6600000e-01   1.1664310e+03   1.2582259e+02
   1.1668800e+03   7.5400000e-01   1.1671810e+03   1.2782011e+02
   1.1676640e+03   7.8400000e-01   1.1679610e+03   1.2862789e+02
   1.1685170e+03   8.5200000e-01   1.1688110e+03   1.2932334e+02
   1.1694440e+03   9.2700000e-01   1.1697310e+03   1.2894245e+02
   1.1703810e+03   9.3700000e-01   1.1706810e+03   1.2964859e+02
   1.1712820e+03   9.0200000e-01   1.1715910e+03   1.3185902e+02
   1.1721580e+03   8.7600000e-01   1.1724510e+03   1.2768530e+02
   1.1730780e+03   9.2000000e-01   1.1733810e+03   1.2547487e+02
   1.1739910e+03   9.1300000e-01   1.1742910e+03   1.2401658e+02
   1.1748870e+03   8.9600000e-01   1.1751810e+03   1.2007824e+02
   1.1757490e+03   8.6200000e-01   1.1760410e+03   1.2103153e+02
   1.1766100e+03   8.6100000e-01   1.1769210e+03   1.1588205e+02
   1.1774830e+03   8.7300000e-01   1.1777810e+03   1.1732857e+02
   1.1783740e+03   8.9100000e-01   1.1786710e+03   1.1776616e+02
   1.1792670e+03   8.9300000e-01   1.1795510e+03   1.1345763e+02
   1.1801620e+03   8.9500000e-01   1.1804510e+03   1.1658819e+02
   1.1810570e+03   8.9500000e-01   1.1813410e+03   1.1637527e+02
   1.1819610e+03   9.0400000e-01   1.1822710e+03   1.1399686e+02
   1.1828620e+03   9.0100000e-01   1.1831510e+03   1.1364914e+02
   1.1837610e+03   8.9900000e-01   1.1840510e+03   1.1257174e+02
   1.1846420e+03   8.8100000e-01   1.1849410e+03   1.1029390e+02
   1.1854910e+03   8.5000000e-01   1.1857810e+03   1.1104605e+02
   1.1863210e+03   8.3000000e-01   1.1866210e+03   1.1248187e+02
   1.1871620e+03   8.4100000e-01   1.1874410e+03   1.1492769e+02
   1.1880750e+03   9.1300000e-01   1.1883710e+03   1.1766559e+02
   1.1890620e+03   9.8700000e-01   1.1893510e+03   1.1395193e+02
   1.1900350e+03   9.7300000e-01   1.1903410e+03   1.1443446e+02
   1.1909850e+03   9.5100000e-01   1.1912810e+03   1.1334636e+02
   1.1918940e+03   9.0900000e-01   1.1921710e+03   1.1376148e+02
   1.1927500e+03   8.5600000e-01   1.1930510e+03   1.1363737e+02
   1.1935840e+03   8.3400000e-01   1.1938810e+03   1.1585958e+02
   1.1944250e+03   8.4100000e-01   1.1947210e+03   1.1968558e+02
   1.1952660e+03   8.4100000e-01   1.1955610e+03   1.2244595e+02
   1.1961070e+03   8.4100000e-01   1.1963910e+03   1.2448734e+02
   1.1969030e+03   7.9600000e-01   1.1972010e+03   1.2566531e+02
   1.1976620e+03   7.6000000e-01   1.1979610e+03   1.2566531e+02
   1.1984810e+03   8.1900000e-01   1.1987710e+03   1.2835828e+02
   1.1993530e+03   8.7200000e-01   1.1996610e+03   1.2668708e+02
   1.2002240e+03   8.7100000e-01   1.2005110e+03   1.2872847e+02
   1.2010620e+03   8.3800000e-01   1.2013510e+03   1.2856049e+02
   1.2018770e+03   8.1500000e-01   1.2021610e+03   1.2927840e+02
   1.2026910e+03   8.1400000e-01   1.2029910e+03   1.2718030e+02
   1.2034940e+03   8.0300000e-01   1.2037910e+03   1.2603550e+02
   1.2042890e+03   7.9400000e-01   1.2045910e+03   1.2564284e+02
   1.2050740e+03   7.8500000e-01   1.2053710e+03   1.2529512e+02
   1.2058600e+03   7.8600000e-01   1.2061510e+03   1.2930087e+02
   1.2066680e+03   8.0700000e-01   1.2069610e+03   1.2929017e+02
   1.2075080e+03   8.4100000e-01   1.2077910e+03   1.2701233e+02
   1.2083760e+03   8.6800000e-01   1.2086610e+03   1.2608044e+02
   1.2092260e+03   8.5000000e-01   1.2095210e+03   1.2649556e+02
   1.2100790e+03   8.5300000e-01   1.2103810e+03   1.2617031e+02
   1.2109320e+03   8.5300000e-01   1.2112210e+03   1.2504904e+02
   1.2117820e+03   8.5000000e-01   1.2120710e+03   1.2260216e+02
   1.2126110e+03   8.2900000e-01   1.2129010e+03   1.2250158e+02
   1.2134480e+03   8.3800000e-01   1.2137410e+03   1.2249089e+02
   1.2143110e+03   8.6200000e-01   1.2146010e+03   1.2274873e+02
   1.2151770e+03   8.6700000e-01   1.2154710e+03   1.2188425e+02
   1.2160320e+03   8.5500000e-01   1.2163210e+03   1.2236678e+02
   1.2168770e+03   8.4400000e-01   1.2171710e+03   1.2056077e+02
   1.2177350e+03   8.5800000e-01   1.2180210e+03   1.1913564e+02
   1.2186100e+03   8.7500000e-01   1.2189110e+03   1.1504003e+02
   1.2194680e+03   8.5800000e-01   1.2197610e+03   1.1803578e+02
   1.2203160e+03   8.4900000e-01   1.2206110e+03   1.1654325e+02
   1.2211690e+03   8.5300000e-01   1.2214510e+03   1.2137925e+02
   1.2220340e+03   8.6500000e-01   1.2223210e+03   1.1929292e+02
   1.2229270e+03   8.9200000e-01   1.2232210e+03   1.1873122e+02
   1.2238140e+03   8.8700000e-01   1.2241010e+03   1.1847337e+02
   1.2246700e+03   8.5700000e-01   1.2249610e+03   1.2200836e+02
   1.2255880e+03   9.1800000e-01   1.2258910e+03   1.2082931e+02
   1.2265490e+03   9.6100000e-01   1.2268410e+03   1.2461145e+02
   1.2274990e+03   9.5000000e-01   1.2278210e+03   1.2431936e+02
   1.2284380e+03   9.3900000e-01   1.2287310e+03   1.2208646e+02
   1.2293810e+03   9.4200000e-01   1.2296610e+03   1.2498164e+02
   1.2303070e+03   9.2700000e-01   1.2306110e+03   1.2225443e+02
   1.2312380e+03   9.3100000e-01   1.2315410e+03   1.2171627e+02
   1.2321780e+03   9.3900000e-01   1.2324810e+03   1.2132361e+02
   1.2331360e+03   9.5800000e-01   1.2334310e+03   1.2028045e+02
   1.2340970e+03   9.6100000e-01   1.2343910e+03   1.1912388e+02
   1.2350430e+03   9.4600000e-01   1.2353410e+03   1.1780040e+02
   1.2359590e+03   9.1600000e-01   1.2362510e+03   1.1704825e+02
   1.2368650e+03   9.0600000e-01   1.2371710e+03   1.1689097e+02
   1.2377860e+03   9.2100000e-01   1.2380910e+03   1.1832786e+02
   1.2387380e+03   9.5100000e-01   1.2390310e+03   1.1824869e+02
   1.2396530e+03   9.1500000e-01   1.2399410e+03   1.1585958e+02
   1.2405620e+03   9.0900000e-01   1.2408610e+03   1.1475971e+02
   1.2414770e+03   9.1500000e-01   1.2417710e+03   1.1442269e+02
   1.2424240e+03   9.4700000e-01   1.2427110e+03   1.1316661e+02
   1.2433610e+03   9.3700000e-01   1.2436510e+03   1.1314414e+02
   1.2443030e+03   9.4200000e-01   1.2445910e+03   1.1217908e+02
   1.2452280e+03   9.2600000e-01   1.2455210e+03   1.1162915e+02
   1.2461430e+03   9.1500000e-01   1.2464310e+03   1.1281889e+02
   1.2470330e+03   8.8900000e-01   1.2473410e+03   1.1126966e+02
   1.2479450e+03   9.1200000e-01   1.2482510e+03   1.0983384e+02
   1.2488900e+03   9.4500000e-01   1.2491810e+03   1.1500686e+02
   1.2497950e+03   9.0600000e-01   1.2501010e+03   1.1446762e+02
   1.2507050e+03   9.0900000e-01   1.2510010e+03   1.1442269e+02
   1.2515440e+03   8.3900000e-01   1.2518410e+03   1.1640951e+02
   1.2523430e+03   8.0000000e-01   1.2526410e+03   1.2171627e+02
   1.2531910e+03   8.4800000e-01   1.2534810e+03   1.2445417e+02
   1.2540990e+03   9.0700000e-01   1.2544010e+03   1.2461145e+02
   1.2550150e+03   9.1700000e-01   1.2553210e+03   1.2729265e+02
   1.2558800e+03   8.6400000e-01   1.2561910e+03   1.2830264e+02
   1.2567110e+03   8.3200000e-01   1.2570010e+03   1.3133156e+02
   1.2575710e+03   8.5900000e-01   1.2578710e+03   1.2738252e+02
   1.2584320e+03   8.6100000e-01   1.2587110e+03   1.2688822e+02
   1.2592680e+03   8.3600000e-01   1.2595610e+03   1.2603550e+02
   1.2600740e+03   8.0600000e-01   1.2603610e+03   1.2311892e+02
   1.2608830e+03   8.0900000e-01   1.2611810e+03   1.2395987e+02
   1.2616480e+03   7.6500000e-01   1.2619410e+03   1.2436430e+02
   1.2623780e+03   7.3000000e-01   1.2626810e+03   1.2321949e+02
   1.2631220e+03   7.4400000e-01   1.2634110e+03   1.2457721e+02
   1.2638720e+03   7.4900000e-01   1.2641610e+03   1.2353405e+02
   1.2646250e+03   7.5400000e-01   1.2649210e+03   1.2428513e+02
   1.2654120e+03   7.8700000e-01   1.2657010e+03   1.2569955e+02
   1.2662310e+03   8.1900000e-01   1.2665310e+03   1.2190671e+02
   1.2670540e+03   8.2200000e-01   1.2673510e+03   1.2240101e+02
   1.2678640e+03   8.1100000e-01   1.2681510e+03   1.2237854e+02
   1.2686800e+03   8.1600000e-01   1.2689610e+03   1.2236678e+02
   1.2695010e+03   8.2100000e-01   1.2697910e+03   1.1984286e+02
   1.2703140e+03   8.1300000e-01   1.2706010e+03   1.1950583e+02
   1.2710990e+03   7.8500000e-01   1.2714010e+03   1.2003330e+02
   1.2718690e+03   7.7000000e-01   1.2721410e+03   1.1756502e+02
   1.2726550e+03   7.8500000e-01   1.2729410e+03   1.1969628e+02
   1.2734520e+03   7.9700000e-01   1.2737410e+03   1.2186178e+02
   1.2742450e+03   7.9300000e-01   1.2745410e+03   1.2253475e+02
   1.2750350e+03   7.9100000e-01   1.2753210e+03   1.2372449e+02
   1.2758530e+03   8.1800000e-01   1.2761510e+03   1.2338747e+02
   1.2767050e+03   8.5200000e-01   1.2770010e+03   1.2429689e+02
   1.2775660e+03   8.6100000e-01   1.2778510e+03   1.2339924e+02
   1.2784100e+03   8.4400000e-01   1.2786910e+03   1.2002153e+02
   1.2792490e+03   8.3900000e-01   1.2795510e+03   1.2160393e+02
   1.2801090e+03   8.6000000e-01   1.2803910e+03   1.1914634e+02
   1.2809680e+03   8.5900000e-01   1.2812510e+03   1.1907894e+02
   1.2817930e+03   8.2500000e-01   1.2820710e+03   1.1558996e+02
   1.2826310e+03   8.3900000e-01   1.2829310e+03   1.1717236e+02
   1.2834850e+03   8.5300000e-01   1.2837710e+03   1.1592698e+02
   1.2843520e+03   8.6800000e-01   1.2846510e+03   1.1626293e+02
   1.2851970e+03   8.4400000e-01   1.2855010e+03   1.1365984e+02
   1.2860590e+03   8.6200000e-01   1.2863410e+03   1.1449009e+02
   1.2869410e+03   8.8200000e-01   1.2872310e+03   1.1371655e+02
   1.2878340e+03   8.9200000e-01   1.2881210e+03   1.1302003e+02
   1.2887040e+03   8.7000000e-01   1.2889910e+03   1.1111345e+02
   1.2895280e+03   8.2500000e-01   1.2898310e+03   1.1238130e+02
   1.2903280e+03   8.0000000e-01   1.2906210e+03   1.1296440e+02
   1.2911730e+03   8.4500000e-01   1.2914610e+03   1.1452433e+02
   1.2921060e+03   9.3300000e-01   1.2923910e+03   1.0982314e+02
   1.2930300e+03   9.2400000e-01   1.2933110e+03   1.1045118e+02
   1.2939120e+03   8.8200000e-01   1.2941910e+03   1.0864410e+02
   1.2947390e+03   8.2700000e-01   1.2950410e+03   1.1180890e+02
   1.2955730e+03   8.3300000e-01   1.2958610e+03   1.1386205e+02
   1.2964040e+03   8.3200000e-01   1.2967010e+03   1.1236953e+02
   1.2972250e+03   8.2100000e-01   1.2975210e+03   1.1065339e+02
   1.2980020e+03   7.7700000e-01   1.2983010e+03   1.1101181e+02
   1.2987760e+03   7.7400000e-01   1.2990710e+03   1.1340199e+02
   1.2995840e+03   8.0800000e-01   1.2998810e+03   1.1482711e+02
   1.3004220e+03   8.3800000e-01   1.3007010e+03   1.1569053e+02
   1.3013040e+03   8.8100000e-01   1.3015810e+03   1.1688027e+02
   1.3021840e+03   8.8000000e-01   1.3024910e+03   1.1723976e+02
   1.3030700e+03   8.8600000e-01   1.3033710e+03   1.1730610e+02
   1.3039780e+03   9.0900000e-01   1.3042710e+03   1.1659996e+02
   1.3048920e+03   9.1400000e-01   1.3051910e+03   1.1798014e+02
   1.3057980e+03   9.0600000e-01   1.3060910e+03   1.1441199e+02
   1.3066910e+03   8.9300000e-01   1.3069910e+03   1.1395193e+02
   1.3075500e+03   8.5900000e-01   1.3078410e+03   1.1262738e+02
   1.3083880e+03   8.3800000e-01   1.3086910e+03   1.1321155e+02
   1.3092190e+03   8.3200000e-01   1.3095110e+03   1.1566806e+02
   1.3101310e+03   9.1100000e-01   1.3104110e+03   1.1668983e+02
   1.3110840e+03   9.5300000e-01   1.3113710e+03   1.1385029e+02
   1.3120500e+03   9.6600000e-01   1.3123410e+03   1.1407497e+02
   1.3129880e+03   9.3800000e-01   1.3132810e+03   1.1401933e+02
   1.3138910e+03   9.0200000e-01   1.3141810e+03   1.1271725e+02
   1.3148070e+03   9.1700000e-01   1.3151010e+03   1.1399686e+02
   1.3157220e+03   9.1500000e-01   1.3160210e+03   1.1442269e+02
   1.3166340e+03   9.1200000e-01   1.3169210e+03   1.1251504e+02
   1.3175280e+03   8.9400000e-01   1.3178310e+03   1.1276219e+02
   1.3184450e+03   9.1700000e-01   1.3187310e+03   1.1385029e+02
   1.3194030e+03   9.5800000e-01   1.3197010e+03   1.1346940e+02
   1.3203850e+03   9.8200000e-01   1.3206810e+03   1.1315484e+02
   1.3213710e+03   9.8600000e-01   1.3216710e+03   1.1124719e+02
   1.3222980e+03   9.2700000e-01   1.3225910e+03   1.1378395e+02
   1.3232250e+03   9.2700000e-01   1.3235210e+03   1.1052928e+02
   1.3241760e+03   9.5100000e-01   1.3244710e+03   1.1018156e+02
   1.3251240e+03   9.4900000e-01   1.3254210e+03   1.1159598e+02
   1.3260760e+03   9.5200000e-01   1.3263710e+03   1.0982314e+02
   1.3269920e+03   9.1600000e-01   1.3272810e+03   1.1146117e+02
   1.3279280e+03   9.3600000e-01   1.3282210e+03   1.1111345e+02
   1.3288890e+03   9.6100000e-01   1.3291910e+03   1.1042871e+02
   1.3298310e+03   9.4200000e-01   1.3301310e+03   1.1114662e+02
   1.3307180e+03   8.8700000e-01   1.3310110e+03   1.1348010e+02
   1.3316180e+03   9.0000000e-01   1.3319010e+03   1.1668983e+02
   1.3325640e+03   9.4600000e-01   1.3328510e+03   1.1697015e+02
   1.3335200e+03   9.5700000e-01   1.3338110e+03   1.1801331e+02
   1.3344350e+03   9.1500000e-01   1.3347310e+03   1.1947160e+02
   1.3353580e+03   9.2300000e-01   1.3356610e+03   1.1895590e+02
   1.3363150e+03   9.5700000e-01   1.3366110e+03   1.2053830e+02
   1.3372760e+03   9.6000000e-01   1.3375710e+03   1.1915811e+02
   1.3382200e+03   9.4500000e-01   1.3385110e+03   1.1840597e+02
   1.3391960e+03   9.7600000e-01   1.3394910e+03   1.1973052e+02
   1.3401860e+03   9.9000000e-01   1.3404810e+03   1.1783356e+02
   1.3411310e+03   9.4600000e-01   1.3414310e+03   1.1602755e+02
   1.3420650e+03   9.3300000e-01   1.3423610e+03   1.1606072e+02
   1.3430040e+03   9.3900000e-01   1.3433010e+03   1.1599332e+02
   1.3439520e+03   9.4800000e-01   1.3442610e+03   1.1450186e+02
   1.3448650e+03   9.1300000e-01   1.3451810e+03   1.1642021e+02
   1.3458160e+03   9.5100000e-01   1.3461110e+03   1.1842843e+02
   1.3468190e+03   1.0030000e+00   1.3471310e+03   1.1824869e+02
   1.3478220e+03   1.0030000e+00   1.3481210e+03   1.1803578e+02
   1.3487750e+03   9.5300000e-01   1.3490810e+03   1.1730610e+02
   1.3497280e+03   9.5300000e-01   1.3500210e+03   1.1896767e+02
   1.3506900e+03   9.6200000e-01   1.3509910e+03   1.1620730e+02
   1.3516490e+03   9.5900000e-01   1.3519510e+03   1.1562313e+02
   1.3525540e+03   9.0500000e-01   1.3528510e+03   1.1737350e+02
   1.3534860e+03   9.3300000e-01   1.3538010e+03   1.1627470e+02
   1.3544490e+03   9.6300000e-01   1.3547310e+03   1.1837280e+02
   1.3553960e+03   9.4700000e-01   1.3557010e+03   1.1905647e+02
   1.3563070e+03   9.1100000e-01   1.3566110e+03   1.2098659e+02
   1.3572580e+03   9.5100000e-01   1.3575710e+03   1.1706002e+02
   1.3582320e+03   9.7400000e-01   1.3585310e+03   1.1865311e+02
   1.3591760e+03   9.4400000e-01   1.3594810e+03   1.1695838e+02
   1.3601370e+03   9.6100000e-01   1.3604410e+03   1.1496192e+02
   1.3611120e+03   9.7500000e-01   1.3614110e+03   1.1358174e+02
   1.3620600e+03   9.4800000e-01   1.3623510e+03   1.1209991e+02
   1.3629670e+03   9.0700000e-01   1.3632810e+03   1.1132637e+02
   1.3638800e+03   9.1200000e-01   1.3641710e+03   1.1146117e+02
   1.3648220e+03   9.4200000e-01   1.3651110e+03   1.1233636e+02
   1.3657670e+03   9.4500000e-01   1.3660610e+03   1.1187630e+02
   1.3666800e+03   9.1300000e-01   1.3669710e+03   1.1085453e+02
   1.3675680e+03   8.8800000e-01   1.3678610e+03   1.1205604e+02
   1.3684920e+03   9.2400000e-01   1.3687810e+03   1.1183136e+02
   1.3694400e+03   9.4700000e-01   1.3697410e+03   1.1240377e+02
   1.3703950e+03   9.5600000e-01   1.3706910e+03   1.1289699e+02
   1.3713180e+03   9.2300000e-01   1.3716110e+03   1.1221225e+02
   1.3722590e+03   9.4100000e-01   1.3725510e+03   1.1235883e+02
   1.3731670e+03   9.0800000e-01   1.3734610e+03   1.1022650e+02
   1.3740210e+03   8.5400000e-01   1.3743210e+03   1.1010346e+02
   1.3748130e+03   7.9200000e-01   1.3751010e+03   1.0940802e+02
   1.3755910e+03   7.7800000e-01   1.3758810e+03   1.1236953e+02
   1.3763450e+03   7.5400000e-01   1.3766510e+03   1.1449009e+02
   1.3771390e+03   7.9400000e-01   1.3774410e+03   1.1717236e+02
   1.3779680e+03   8.2800000e-01   1.3782710e+03   1.2090849e+02
   1.3788790e+03   9.1100000e-01   1.3791710e+03   1.2367956e+02
   1.3798720e+03   9.9400000e-01   1.3801710e+03   1.2319703e+02
   1.3808650e+03   9.9300000e-01   1.3811610e+03   1.2086355e+02
   1.3818050e+03   9.4000000e-01   1.3821010e+03   1.1884356e+02
   1.3827270e+03   9.2200000e-01   1.3830210e+03   1.1710495e+02
   1.3836740e+03   9.4700000e-01   1.3839610e+03   1.1483781e+02
   1.3846250e+03   9.5100000e-01   1.3849210e+03   1.1297510e+02
   1.3855320e+03   9.0700000e-01   1.3858210e+03   1.1277395e+02
   1.3864000e+03   8.6800000e-01   1.3867010e+03   1.1230212e+02
   1.3872890e+03   8.8900000e-01   1.3875710e+03   1.1229142e+02
   1.3882140e+03   9.2500000e-01   1.3885210e+03   1.1135953e+02
   1.3891580e+03   9.4400000e-01   1.3894510e+03   1.1324472e+02
   1.3900880e+03   9.3000000e-01   1.3903910e+03   1.1242623e+02
   1.3910550e+03   9.6700000e-01   1.3913510e+03   1.1304250e+02
   1.3920510e+03   9.9500000e-01   1.3923510e+03   1.1171902e+02
   1.3930240e+03   9.7300000e-01   1.3933210e+03   1.0928391e+02
   1.3939960e+03   9.7200000e-01   1.3942810e+03   1.0682739e+02
   1.3949760e+03   9.8000000e-01   1.3952610e+03   1.0645613e+02
   1.3959430e+03   9.6700000e-01   1.3962410e+03   1.0671505e+02
   1.3968910e+03   9.4800000e-01   1.3971810e+03   1.0670328e+02
   1.3978270e+03   9.3600000e-01   1.3981210e+03   1.0829638e+02
   1.3987830e+03   9.5600000e-01   1.3990810e+03   1.0819581e+02
   1.3997690e+03   9.8600000e-01   1.4000610e+03   1.1058599e+02
   1.4007890e+03   1.0200000e+00   1.4010810e+03   1.0736556e+02
   1.4018280e+03   1.0390000e+00   1.4021210e+03   1.0658024e+02
   1.4028350e+03   1.0070000e+00   1.4031210e+03   1.0665834e+02
   1.4038300e+03   9.9500000e-01   1.4041210e+03   1.0612018e+02
   1.4047780e+03   9.4800000e-01   1.4050710e+03   1.0741049e+02
   1.4056520e+03   8.7400000e-01   1.4059410e+03   1.0983384e+02
   1.4064890e+03   8.3700000e-01   1.4067810e+03   1.1046188e+02
   1.4073050e+03   8.1600000e-01   1.4076110e+03   1.1674546e+02
   1.4082550e+03   9.4900000e-01   1.4085410e+03   1.2176121e+02
   1.4093680e+03   1.1130000e+00   1.4096510e+03   1.2531759e+02
   1.4103620e+03   9.9400000e-01   1.4106710e+03   1.2590176e+02
   1.4113070e+03   9.4500000e-01   1.4116110e+03   1.2736005e+02
   1.4122340e+03   9.2700000e-01   1.4125310e+03   1.2712467e+02
   1.4131760e+03   9.4200000e-01   1.4134810e+03   1.2712467e+02
   1.4141000e+03   9.2400000e-01   1.4144010e+03   1.2640676e+02
   1.4149720e+03   8.7200000e-01   1.4152610e+03   1.2639499e+02
   1.4158480e+03   8.7600000e-01   1.4161410e+03   1.2673201e+02
   1.4167160e+03   8.6800000e-01   1.4170110e+03   1.2516031e+02
   1.4175370e+03   8.2100000e-01   1.4178410e+03   1.2324196e+02
   1.4183390e+03   8.0200000e-01   1.4186410e+03   1.2784258e+02
   1.4191670e+03   8.2800000e-01   1.4194610e+03   1.2511645e+02
   1.4200190e+03   8.5200000e-01   1.4203210e+03   1.2326443e+02
   1.4208560e+03   8.3800000e-01   1.4211510e+03   1.2381436e+02
   1.4216720e+03   8.1600000e-01   1.4219710e+03   1.2453228e+02
   1.4224990e+03   8.2700000e-01   1.4227910e+03   1.2271450e+02
   1.4233290e+03   8.2900000e-01   1.4236210e+03   1.2255722e+02
   1.4241320e+03   8.0300000e-01   1.4244310e+03   1.2182861e+02
   1.4249030e+03   7.7100000e-01   1.4252010e+03   1.2259146e+02
   1.4256780e+03   7.7500000e-01   1.4259710e+03   1.2480189e+02
   1.4264520e+03   7.7400000e-01   1.4267510e+03   1.2236678e+02
   1.4272400e+03   7.8900000e-01   1.4275210e+03   1.2413962e+02
   1.4280130e+03   7.7300000e-01   1.4283010e+03   1.2428513e+02
   1.4287760e+03   7.6300000e-01   1.4290610e+03   1.2340994e+02
   1.4295630e+03   7.8600000e-01   1.4298410e+03   1.2551980e+02
   1.4303680e+03   8.0500000e-01   1.4306510e+03   1.2465638e+02
   1.4311800e+03   8.1300000e-01   1.4314710e+03   1.2485753e+02
   1.4319700e+03   7.9000000e-01   1.4322610e+03   1.2539676e+02
   1.4327770e+03   8.0700000e-01   1.4330710e+03   1.2624948e+02
   1.4336020e+03   8.2500000e-01   1.4338910e+03   1.2436430e+02
   1.4344380e+03   8.3600000e-01   1.4347110e+03   1.2252405e+02
   1.4352490e+03   8.1100000e-01   1.4355410e+03   1.2344418e+02
   1.4360330e+03   7.8400000e-01   1.4363310e+03   1.2251228e+02
   1.4368280e+03   7.9500000e-01   1.4371210e+03   1.2328690e+02
   1.4376320e+03   8.0400000e-01   1.4379210e+03   1.2206399e+02
   1.4384400e+03   8.0700000e-01   1.4387310e+03   1.2282684e+02
   1.4392530e+03   8.1300000e-01   1.4395410e+03   1.2252405e+02
   1.4400900e+03   8.3800000e-01   1.4403810e+03   1.2319703e+02
   1.4409560e+03   8.6600000e-01   1.4412510e+03   1.2219880e+02
   1.4417860e+03   8.3000000e-01   1.4420710e+03   1.1759818e+02
   1.4426040e+03   8.1800000e-01   1.4428910e+03   1.1924799e+02
   1.4434230e+03   8.2000000e-01   1.4437210e+03   1.1802508e+02
   1.4442320e+03   8.0900000e-01   1.4445210e+03   1.1749761e+02
   1.4450140e+03   7.8200000e-01   1.4453010e+03   1.1815882e+02
   1.4457750e+03   7.6200000e-01   1.4460710e+03   1.1833856e+02
   1.4465440e+03   7.6900000e-01   1.4468210e+03   1.1939349e+02
   1.4473400e+03   7.9600000e-01   1.4476310e+03   1.2297235e+02
   1.4481780e+03   8.3800000e-01   1.4484710e+03   1.2288354e+02
   1.4489990e+03   8.2100000e-01   1.4492910e+03   1.2443170e+02
   1.4498230e+03   8.2400000e-01   1.4501210e+03   1.2404975e+02
   1.4506800e+03   8.5800000e-01   1.4509710e+03   1.2397164e+02
   1.4515270e+03   8.4700000e-01   1.4518110e+03   1.2291671e+02
   1.4523400e+03   8.1300000e-01   1.4526310e+03   1.2096412e+02
   1.4531140e+03   7.7400000e-01   1.4534110e+03   1.2163817e+02
   1.4538620e+03   7.4700000e-01   1.4541410e+03   1.2496987e+02
   1.4545980e+03   7.3600000e-01   1.4548910e+03   1.2606974e+02
   1.4553470e+03   7.4900000e-01   1.4556410e+03   1.2639499e+02
   1.4561460e+03   7.9900000e-01   1.4564310e+03   1.2455474e+02
   1.4569880e+03   8.4200000e-01   1.4572810e+03   1.2581189e+02
   1.4578130e+03   8.2500000e-01   1.4580910e+03   1.2486930e+02
   1.4586260e+03   8.1300000e-01   1.4589110e+03   1.2525019e+02
   1.4594130e+03   7.8700000e-01   1.4597010e+03   1.2534006e+02
   1.4601820e+03   7.6900000e-01   1.4604710e+03   1.2493670e+02
   1.4609300e+03   7.4800000e-01   1.4612410e+03   1.2724771e+02
   1.4616790e+03   7.4900000e-01   1.4619810e+03   1.2499234e+02
   1.4624430e+03   7.6400000e-01   1.4627410e+03   1.2675448e+02
   1.4632310e+03   7.8800000e-01   1.4635210e+03   1.2840321e+02
   1.4640480e+03   8.1700000e-01   1.4643310e+03   1.2577765e+02
   1.4648830e+03   8.3500000e-01   1.4651710e+03   1.2624948e+02
   1.4657310e+03   8.4700000e-01   1.4660210e+03   1.2504904e+02
   1.4665680e+03   8.3700000e-01   1.4668510e+03   1.2333184e+02
   1.4673860e+03   8.1800000e-01   1.4676710e+03   1.2250158e+02
   1.4681800e+03   7.9400000e-01   1.4684610e+03   1.2115564e+02
   1.4689560e+03   7.7600000e-01   1.4692510e+03   1.1965134e+02
   1.4697060e+03   7.5000000e-01   1.4699910e+03   1.2135678e+02
   1.4704200e+03   7.1400000e-01   1.4707110e+03   1.2158146e+02
   1.4711040e+03   6.8400000e-01   1.4714110e+03   1.1996590e+02
   1.4718000e+03   6.9500000e-01   1.4720710e+03   1.2427443e+02
   1.4725220e+03   7.2200000e-01   1.4728110e+03   1.2204152e+02
   1.4732560e+03   7.3400000e-01   1.4735410e+03   1.2367956e+02
   1.4739810e+03   7.2500000e-01   1.4742710e+03   1.2652980e+02
   1.4747190e+03   7.3800000e-01   1.4750110e+03   1.2612537e+02
   1.4755040e+03   7.8500000e-01   1.4758010e+03   1.2605797e+02
   1.4763510e+03   8.4700000e-01   1.4766510e+03   1.2407221e+02
   1.4772970e+03   9.4600000e-01   1.4776010e+03   1.2234431e+02
   1.4782110e+03   9.1400000e-01   1.4785110e+03   1.1952830e+02
   1.4790950e+03   8.8400000e-01   1.4793810e+03   1.1429965e+02
   1.4799520e+03   8.5700000e-01   1.4802510e+03   1.1514060e+02
   1.4807860e+03   8.3400000e-01   1.4810810e+03   1.1596015e+02
   1.4816070e+03   8.2100000e-01   1.4819010e+03   1.1423224e+02
   1.4824250e+03   8.1800000e-01   1.4827210e+03   1.1533211e+02
   1.4832490e+03   8.2300000e-01   1.4835410e+03   1.1759818e+02
   1.4841070e+03   8.5800000e-01   1.4843910e+03   1.1552256e+02
   1.4849990e+03   8.9200000e-01   1.4852810e+03   1.1663312e+02
   1.4859260e+03   9.2600000e-01   1.4862210e+03   1.1649831e+02
   1.4868600e+03   9.3500000e-01   1.4871410e+03   1.1367161e+02
   1.4877780e+03   9.1800000e-01   1.4880710e+03   1.1250434e+02
   1.4886750e+03   8.9600000e-01   1.4889610e+03   1.1150611e+02
   1.4895600e+03   8.8500000e-01   1.4898510e+03   1.1061915e+02
   1.4904230e+03   8.6400000e-01   1.4907210e+03   1.0822897e+02
   1.4912460e+03   8.2200000e-01   1.4915310e+03   1.0830815e+02
   1.4920350e+03   7.8900000e-01   1.4923310e+03   1.1009169e+02
   1.4928320e+03   7.9700000e-01   1.4931210e+03   1.1155105e+02
   1.4936440e+03   8.1200000e-01   1.4939310e+03   1.1216732e+02
   1.4945030e+03   8.5900000e-01   1.4948010e+03   1.1387275e+02
   1.4953650e+03   8.6200000e-01   1.4956610e+03   1.1868628e+02
   1.4961990e+03   8.3400000e-01   1.4965010e+03   1.2142418e+02
   1.4971030e+03   9.0400000e-01   1.4973910e+03   1.2332114e+02
   1.4980470e+03   9.4400000e-01   1.4983410e+03   1.2361215e+02
   1.4989640e+03   9.1700000e-01   1.4992610e+03   1.2254652e+02
   1.4998450e+03   8.8100000e-01   1.5001410e+03   1.1815882e+02
   1.5006820e+03   8.3800000e-01   1.5009810e+03   1.1937103e+02
   1.5014720e+03   7.8900000e-01   1.5017610e+03   1.1998836e+02
   1.5022660e+03   7.9400000e-01   1.5025610e+03   1.2236678e+02
   1.5030820e+03   8.1500000e-01   1.5033810e+03   1.2319703e+02
   1.5039270e+03   8.4500000e-01   1.5042310e+03   1.2398234e+02
   1.5047980e+03   8.7200000e-01   1.5050910e+03   1.2502657e+02
   1.5056420e+03   8.4300000e-01   1.5059410e+03   1.2373626e+02
   1.5064890e+03   8.4700000e-01   1.5067810e+03   1.2602480e+02
   1.5073620e+03   8.7200000e-01   1.5076610e+03   1.2483506e+02
   1.5082780e+03   9.1700000e-01   1.5085810e+03   1.2251228e+02
   1.5091970e+03   9.1900000e-01   1.5094910e+03   1.2039172e+02
   1.5100760e+03   8.7900000e-01   1.5103710e+03   1.1903400e+02
   1.5109290e+03   8.5300000e-01   1.5112210e+03   1.1473724e+02
   1.5117260e+03   7.9700000e-01   1.5120110e+03   1.1625223e+02
   1.5125340e+03   8.0800000e-01   1.5128310e+03   1.1709318e+02
   1.5133680e+03   8.3300000e-01   1.5136710e+03   1.1440022e+02
   1.5142100e+03   8.4200000e-01   1.5145110e+03   1.1527541e+02
   1.5150550e+03   8.4500000e-01   1.5153410e+03   1.1656572e+02
   1.5159010e+03   8.4700000e-01   1.5161910e+03   1.1501756e+02
   1.5167410e+03   8.4000000e-01   1.5170410e+03   1.1661066e+02
   1.5175860e+03   8.4500000e-01   1.5178710e+03   1.2051583e+02
   1.5184470e+03   8.6100000e-01   1.5187410e+03   1.1897837e+02
   1.5193380e+03   8.9000000e-01   1.5196310e+03   1.2052653e+02
   1.5202470e+03   9.0900000e-01   1.5205410e+03   1.2482436e+02
   1.5211460e+03   9.0000000e-01   1.5214310e+03   1.2065064e+02
   1.5220410e+03   8.9500000e-01   1.5223310e+03   1.2042596e+02
   1.5229280e+03   8.8600000e-01   1.5232210e+03   1.2253475e+02
   1.5237920e+03   8.6400000e-01   1.5240810e+03   1.1934856e+02
   1.5246320e+03   8.4000000e-01   1.5249310e+03   1.1844020e+02
   1.5254640e+03   8.3200000e-01   1.5257610e+03   1.1933786e+02
   1.5262940e+03   8.3000000e-01   1.5265910e+03   1.2143595e+02
   1.5271400e+03   8.4600000e-01   1.5274310e+03   1.2413962e+02
   1.5280250e+03   8.8600000e-01   1.5283210e+03   1.2499234e+02
   1.5289510e+03   9.2600000e-01   1.5292410e+03   1.2539676e+02
   1.5298890e+03   9.3800000e-01   1.5301810e+03   1.2530689e+02
   1.5308100e+03   9.2100000e-01   1.5311010e+03   1.2474519e+02
   1.5317110e+03   9.0100000e-01   1.5320010e+03   1.2264709e+02
   1.5325830e+03   8.7200000e-01   1.5328810e+03   1.1961817e+02
   1.5334210e+03   8.3800000e-01   1.5337210e+03   1.1873122e+02
   1.5342230e+03   8.0200000e-01   1.5345210e+03   1.2005577e+02
   1.5350200e+03   7.9700000e-01   1.5353110e+03   1.2334360e+02
   1.5358530e+03   8.3300000e-01   1.5361510e+03   1.2242348e+02
   1.5367420e+03   8.8900000e-01   1.5370310e+03   1.2296165e+02
   1.5376320e+03   8.9000000e-01   1.5379210e+03   1.2252405e+02
   1.5384610e+03   8.3000000e-01   1.5387610e+03   1.2066134e+02
   1.5392460e+03   7.8400000e-01   1.5395510e+03   1.2051583e+02
   1.5400240e+03   7.7800000e-01   1.5403110e+03   1.2164887e+02
   1.5408110e+03   7.8800000e-01   1.5411110e+03   1.2416209e+02
   1.5416500e+03   8.3800000e-01   1.5419610e+03   1.2502657e+02
   1.5425300e+03   8.8000000e-01   1.5428310e+03   1.2744992e+02
   1.5434050e+03   8.7500000e-01   1.5437110e+03   1.2555404e+02
   1.5442840e+03   8.7900000e-01   1.5445810e+03   1.2693316e+02
   1.5451870e+03   9.0200000e-01   1.5454910e+03   1.2548664e+02
   1.5460780e+03   8.9100000e-01   1.5463810e+03   1.2362392e+02
   1.5469380e+03   8.6000000e-01   1.5472310e+03   1.2311892e+02
   1.5477750e+03   8.3600000e-01   1.5480710e+03   1.2357898e+02
   1.5486120e+03   8.3800000e-01   1.5489110e+03   1.2223197e+02
   1.5494460e+03   8.3400000e-01   1.5497410e+03   1.1931539e+02
   1.5502690e+03   8.2300000e-01   1.5505610e+03   1.1952830e+02
   1.5510710e+03   8.0100000e-01   1.5513810e+03   1.1842843e+02
   1.5518660e+03   7.9500000e-01   1.5521610e+03   1.2096412e+02
   1.5526620e+03   7.9600000e-01   1.5529510e+03   1.2087425e+02
   1.5534590e+03   7.9600000e-01   1.5537610e+03   1.2283861e+02
   1.5542160e+03   7.5700000e-01   1.5545110e+03   1.2154829e+02
   1.5549410e+03   7.2500000e-01   1.5552410e+03   1.2264709e+02
   1.5556940e+03   7.5300000e-01   1.5560010e+03   1.2389247e+02
   1.5564990e+03   8.0500000e-01   1.5567810e+03   1.2369133e+02
   1.5573250e+03   8.2600000e-01   1.5576210e+03   1.2225443e+02
   1.5581230e+03   7.9800000e-01   1.5584210e+03   1.2347734e+02
   1.5589170e+03   7.9300000e-01   1.5592110e+03   1.2416209e+02
   1.5597270e+03   8.1000000e-01   1.5600210e+03   1.2356722e+02
   1.5605550e+03   8.2900000e-01   1.5608410e+03   1.2232184e+02
   1.5613850e+03   8.3000000e-01   1.5616810e+03   1.2075121e+02
   1.5621930e+03   8.0800000e-01   1.5624910e+03   1.1936033e+02
   1.5629720e+03   7.7900000e-01   1.5632710e+03   1.1998836e+02
   1.5637400e+03   7.6800000e-01   1.5640510e+03   1.2038102e+02
   1.5645340e+03   7.9400000e-01   1.5648210e+03   1.2132361e+02
   1.5653630e+03   8.2900000e-01   1.5656610e+03   1.2113317e+02
   1.5662400e+03   8.7700000e-01   1.5665310e+03   1.2152583e+02
   1.5671250e+03   8.8500000e-01   1.5674210e+03   1.2146912e+02
   1.5679940e+03   8.6900000e-01   1.5682910e+03   1.1999906e+02
   1.5688380e+03   8.4500000e-01   1.5691510e+03   1.1818128e+02
   1.5696560e+03   8.1700000e-01   1.5699510e+03   1.1730610e+02
   1.5704570e+03   8.0100000e-01   1.5707510e+03   1.1860818e+02
   1.5712400e+03   7.8400000e-01   1.5715410e+03   1.2113317e+02
   1.5720140e+03   7.7400000e-01   1.5723310e+03   1.2300658e+02
   1.5728050e+03   7.9100000e-01   1.5731010e+03   1.2334360e+02
   1.5736170e+03   8.1200000e-01   1.5739110e+03   1.2402728e+02
   1.5744560e+03   8.3900000e-01   1.5747610e+03   1.2495917e+02
   1.5752750e+03   8.1800000e-01   1.5755710e+03   1.2311892e+02
   1.5760950e+03   8.2100000e-01   1.5763910e+03   1.2691069e+02
   1.5769130e+03   8.1800000e-01   1.5772110e+03   1.2303975e+02
   1.5777380e+03   8.2500000e-01   1.5780310e+03   1.2255722e+02
   1.5785530e+03   8.1400000e-01   1.5788610e+03   1.1864135e+02
   1.5793450e+03   7.9200000e-01   1.5796410e+03   1.1713812e+02
   1.5801100e+03   7.6500000e-01   1.5804010e+03   1.1962887e+02
   1.5808830e+03   7.7300000e-01   1.5811610e+03   1.2044843e+02
   1.5816640e+03   7.8100000e-01   1.5819510e+03   1.2060570e+02
   1.5824710e+03   8.0700000e-01   1.5827610e+03   1.2134608e+02
   1.5832760e+03   8.0500000e-01   1.5835710e+03   1.2240101e+02
   1.5840960e+03   8.2000000e-01   1.5843910e+03   1.2489177e+02
   1.5849380e+03   8.4200000e-01   1.5852210e+03   1.2508221e+02
   1.5857970e+03   8.5900000e-01   1.5861110e+03   1.2530689e+02
   1.5866350e+03   8.3800000e-01   1.5869310e+03   1.2465638e+02
   1.5874400e+03   8.0500000e-01   1.5877410e+03   1.2583436e+02
   1.5882430e+03   8.0300000e-01   1.5885410e+03   1.2454404e+02
   1.5890420e+03   7.9900000e-01   1.5893510e+03   1.2402728e+02
   1.5898570e+03   8.1500000e-01   1.5901510e+03   1.2329867e+02
   1.5906620e+03   8.0500000e-01   1.5909610e+03   1.2242348e+02
   1.5914520e+03   7.9000000e-01   1.5917510e+03   1.2427443e+02
   1.5922450e+03   7.9300000e-01   1.5925310e+03   1.2194095e+02
   1.5930410e+03   7.9600000e-01   1.5933410e+03   1.2158146e+02
   1.5938430e+03   8.0200000e-01   1.5941410e+03   1.2095342e+02
   1.5946160e+03   7.7400000e-01   1.5949110e+03   1.2067311e+02
   1.5953800e+03   7.6400000e-01   1.5956610e+03   1.2127868e+02
   1.5961550e+03   7.7500000e-01   1.5964410e+03   1.2078438e+02
   1.5969260e+03   7.7100000e-01   1.5972210e+03   1.1982039e+02
   1.5977070e+03   7.8100000e-01   1.5980010e+03   1.2100906e+02
   1.5984810e+03   7.7400000e-01   1.5987810e+03   1.2014564e+02
   1.5992350e+03   7.5400000e-01   1.5995410e+03   1.2349981e+02
   1.6000060e+03   7.7100000e-01   1.6003010e+03   1.2389247e+02
   1.6008210e+03   8.1500000e-01   1.6011110e+03   1.2189601e+02
   1.6016580e+03   8.3700000e-01   1.6019510e+03   1.2128938e+02
   1.6024960e+03   8.3800000e-01   1.6027910e+03   1.2181684e+02
   1.6033050e+03   8.0900000e-01   1.6036110e+03   1.2059393e+02
   1.6041120e+03   8.0700000e-01   1.6044010e+03   1.1904577e+02
   1.6049180e+03   8.0500000e-01   1.6052210e+03   1.1931539e+02
   1.6057290e+03   8.1100000e-01   1.6060310e+03   1.1910141e+02
   1.6065420e+03   8.1300000e-01   1.6068410e+03   1.2077368e+02
   1.6073740e+03   8.3200000e-01   1.6076610e+03   1.2268133e+02
   1.6082020e+03   8.2800000e-01   1.6084810e+03   1.1837280e+02
   1.6090320e+03   8.3000000e-01   1.6093310e+03   1.2050406e+02
   1.6098820e+03   8.5000000e-01   1.6101710e+03   1.1791274e+02
   1.6107450e+03   8.6200000e-01   1.6110410e+03   1.1992096e+02
   1.6116030e+03   8.5800000e-01   1.6118910e+03   1.1426541e+02
   1.6124290e+03   8.2700000e-01   1.6127310e+03   1.1398509e+02
   1.6132330e+03   8.0400000e-01   1.6135310e+03   1.1734033e+02
   1.6140410e+03   8.0700000e-01   1.6143310e+03   1.1490522e+02
   1.6148490e+03   8.0900000e-01   1.6151410e+03   1.1459173e+02
   1.6156840e+03   8.3500000e-01   1.6159710e+03   1.1668983e+02
   1.6165080e+03   8.2400000e-01   1.6168110e+03   1.1607249e+02
   1.6173420e+03   8.3400000e-01   1.6176410e+03   1.1948337e+02
   1.6182150e+03   8.7300000e-01   1.6185210e+03   1.2057147e+02
   1.6191210e+03   9.0600000e-01   1.6194210e+03   1.2381436e+02
   1.6200120e+03   8.9100000e-01   1.6203110e+03   1.1869805e+02
   1.6208630e+03   8.5100000e-01   1.6211710e+03   1.1883286e+02
   1.6216730e+03   8.1000000e-01   1.6219810e+03   1.2045912e+02
   1.6224800e+03   8.0700000e-01   1.6227710e+03   1.1970805e+02
   1.6232970e+03   8.1700000e-01   1.6235910e+03   1.2053830e+02
   1.6241240e+03   8.2700000e-01   1.6244210e+03   1.2108823e+02
   1.6249320e+03   8.0800000e-01   1.6252310e+03   1.2645063e+02
   1.6257420e+03   8.1000000e-01   1.6260310e+03   1.2371379e+02
   1.6266120e+03   8.7000000e-01   1.6269110e+03   1.2549733e+02
   1.6275230e+03   9.1100000e-01   1.6278210e+03   1.2466708e+02
   1.6284360e+03   9.1200000e-01   1.6287210e+03   1.2262462e+02
   1.6293420e+03   9.0600000e-01   1.6296410e+03   1.2254652e+02
   1.6302400e+03   8.9900000e-01   1.6305310e+03   1.2062817e+02
   1.6311240e+03   8.8400000e-01   1.6314310e+03   1.1897837e+02
   1.6319980e+03   8.7400000e-01   1.6322910e+03   1.2086355e+02
   1.6328690e+03   8.7100000e-01   1.6331710e+03   1.1866381e+02
   1.6337640e+03   8.9500000e-01   1.6340610e+03   1.1658819e+02
   1.6346680e+03   9.0400000e-01   1.6349710e+03   1.1830539e+02
   1.6355680e+03   8.9900000e-01   1.6358710e+03   1.1501756e+02
   1.6364880e+03   9.2000000e-01   1.6367710e+03   1.1860818e+02
   1.6374290e+03   9.4100000e-01   1.6377310e+03   1.1563490e+02
   1.6383730e+03   9.4500000e-01   1.6386810e+03   1.1543268e+02
   1.6393210e+03   9.4800000e-01   1.6396110e+03   1.1647585e+02
   1.6402710e+03   9.5000000e-01   1.6405610e+03   1.1296440e+02
   1.6412060e+03   9.3600000e-01   1.6415010e+03   1.1352503e+02
   1.6421270e+03   9.2000000e-01   1.6424210e+03   1.1287453e+02
   1.6430310e+03   9.0400000e-01   1.6433210e+03   1.1058599e+02
   1.6439460e+03   9.1500000e-01   1.6442310e+03   1.1198864e+02
   1.6448780e+03   9.3200000e-01   1.6451710e+03   1.1599332e+02
   1.6458310e+03   9.5400000e-01   1.6461210e+03   1.1230212e+02
   1.6467650e+03   9.3400000e-01   1.6470810e+03   1.0988947e+02
   1.6476930e+03   9.2800000e-01   1.6479910e+03   1.1094441e+02
   1.6485480e+03   8.5500000e-01   1.6488510e+03   1.1153928e+02
   1.6493600e+03   8.1200000e-01   1.6496610e+03   1.1628540e+02
   1.6501700e+03   8.1100000e-01   1.6504710e+03   1.2016811e+02
   1.6510620e+03   8.9100000e-01   1.6513510e+03   1.2302905e+02
   1.6520460e+03   9.8500000e-01   1.6523410e+03   1.2428513e+02
   1.6530200e+03   9.7400000e-01   1.6533110e+03   1.2440924e+02
   1.6539120e+03   8.9200000e-01   1.6542210e+03   1.2346664e+02
   1.6547420e+03   8.3000000e-01   1.6550410e+03   1.2238924e+02
   1.6555500e+03   8.0900000e-01   1.6558410e+03   1.2347734e+02
   1.6563830e+03   8.3300000e-01   1.6566710e+03   1.2609221e+02
   1.6572470e+03   8.6300000e-01   1.6575510e+03   1.2420702e+02
   1.6580890e+03   8.4200000e-01   1.6583910e+03   1.2531759e+02
   1.6589010e+03   8.1200000e-01   1.6591910e+03   1.2357898e+02
   1.6597170e+03   8.1600000e-01   1.6600210e+03   1.2556474e+02
   1.6605390e+03   8.2200000e-01   1.6608410e+03   1.2402728e+02
   1.6613490e+03   8.1000000e-01   1.6616410e+03   1.2425196e+02
   1.6621080e+03   7.5900000e-01   1.6624110e+03   1.2630512e+02
   1.6628380e+03   7.3000000e-01   1.6631310e+03   1.2466708e+02
   1.6635910e+03   7.5300000e-01   1.6638710e+03   1.2568778e+02
   1.6643620e+03   7.7100000e-01   1.6646510e+03   1.2321949e+02
   1.6651440e+03   7.8200000e-01   1.6654410e+03   1.2492493e+02
   1.6659400e+03   7.9600000e-01   1.6662310e+03   1.2378120e+02
   1.6667350e+03   7.9400000e-01   1.6670210e+03   1.2305152e+02
   1.6675170e+03   7.8200000e-01   1.6678110e+03   1.2290601e+02
   1.6682850e+03   7.6800000e-01   1.6685810e+03   1.2508221e+02
   1.6690660e+03   7.8100000e-01   1.6693410e+03   1.2626018e+02
   1.6698850e+03   8.1900000e-01   1.6701810e+03   1.2706796e+02
   1.6707380e+03   8.5300000e-01   1.6710210e+03   1.2453228e+02
   1.6715810e+03   8.4300000e-01   1.6718710e+03   1.2274873e+02
   1.6724000e+03   8.1900000e-01   1.6726910e+03   1.2287177e+02
   1.6732280e+03   8.2800000e-01   1.6735110e+03   1.2282684e+02
   1.6740730e+03   8.4400000e-01   1.6743610e+03   1.2436430e+02
   1.6749080e+03   8.3500000e-01   1.6752010e+03   1.1969628e+02
   1.6757110e+03   8.0300000e-01   1.6760110e+03   1.1928115e+02
   1.6765050e+03   7.9400000e-01   1.6768010e+03   1.1951653e+02
   1.6773180e+03   8.1300000e-01   1.6776110e+03   1.1914634e+02
   1.6781510e+03   8.3400000e-01   1.6784510e+03   1.2072874e+02
   1.6789800e+03   8.2900000e-01   1.6792810e+03   1.1636458e+02
   1.6797950e+03   8.1400000e-01   1.6800910e+03   1.1444516e+02
   1.6805900e+03   7.9500000e-01   1.6808810e+03   1.1603825e+02
   1.6814090e+03   8.1900000e-01   1.6816910e+03   1.1397439e+02
   1.6822570e+03   8.4900000e-01   1.6825510e+03   1.1451256e+02
   1.6831130e+03   8.5600000e-01   1.6834110e+03   1.1306497e+02
   1.6839520e+03   8.3900000e-01   1.6842310e+03   1.1314414e+02
   1.6848100e+03   8.5800000e-01   1.6850910e+03   1.1506249e+02
   1.6856820e+03   8.7200000e-01   1.6859710e+03   1.1255997e+02
   1.6865670e+03   8.8500000e-01   1.6868610e+03   1.1082137e+02
   1.6874450e+03   8.7800000e-01   1.6877310e+03   1.1021580e+02
   1.6883270e+03   8.8200000e-01   1.6886210e+03   1.1139377e+02
   1.6892290e+03   9.0200000e-01   1.6895110e+03   1.1209991e+02
   1.6901580e+03   9.2900000e-01   1.6904610e+03   1.1091124e+02
   1.6910860e+03   9.2800000e-01   1.6913810e+03   1.1273972e+02
   1.6920180e+03   9.3200000e-01   1.6923110e+03   1.1156175e+02
   1.6929540e+03   9.3600000e-01   1.6932510e+03   1.1319978e+02
   1.6938970e+03   9.4200000e-01   1.6941910e+03   1.1389522e+02
   1.6948400e+03   9.4400000e-01   1.6951510e+03   1.1270655e+02
   1.6957760e+03   9.3600000e-01   1.6960810e+03   1.1388452e+02
   1.6967280e+03   9.5100000e-01   1.6970310e+03   1.1612813e+02
   1.6976880e+03   9.6100000e-01   1.6979810e+03   1.1520800e+02
   1.6986500e+03   9.6100000e-01   1.6989510e+03   1.1416484e+02
   1.6996290e+03   9.7900000e-01   1.6999210e+03   1.1573547e+02
   1.7006040e+03   9.7600000e-01   1.7008910e+03   1.1446762e+02
   1.7015520e+03   9.4700000e-01   1.7018410e+03   1.1675723e+02
   1.7024950e+03   9.4300000e-01   1.7027910e+03   1.1261668e+02
   1.7033990e+03   9.0400000e-01   1.7036910e+03   1.1307674e+02
   1.7042910e+03   8.9300000e-01   1.7045810e+03   1.1288630e+02
   1.7052220e+03   9.3000000e-01   1.7055110e+03   1.1700331e+02
   1.7061730e+03   9.5200000e-01   1.7064610e+03   1.1309921e+02
   1.7071100e+03   9.3700000e-01   1.7074110e+03   1.1137130e+02
   1.7080060e+03   8.9500000e-01   1.7083010e+03   1.1294193e+02
   1.7089010e+03   8.9500000e-01   1.7092010e+03   1.1658819e+02
   1.7098050e+03   9.0400000e-01   1.7101010e+03   1.1915811e+02
   1.7107380e+03   9.3300000e-01   1.7110310e+03   1.1987602e+02
   1.7116570e+03   9.1900000e-01   1.7119510e+03   1.2071804e+02
   1.7125180e+03   8.6100000e-01   1.7128210e+03   1.2338747e+02
   1.7134170e+03   8.9900000e-01   1.7137110e+03   1.2324196e+02
   1.7143900e+03   9.7300000e-01   1.7146710e+03   1.2192918e+02
   1.7153710e+03   9.8100000e-01   1.7156610e+03   1.2041419e+02
   1.7163070e+03   9.3700000e-01   1.7166010e+03   1.2001083e+02
   1.7171970e+03   8.9000000e-01   1.7174910e+03   1.1717236e+02
   1.7180770e+03   8.8000000e-01   1.7183710e+03   1.1633034e+02
   1.7189650e+03   8.8800000e-01   1.7192510e+03   1.1481534e+02
   1.7198740e+03   9.0900000e-01   1.7201710e+03   1.1628540e+02
   1.7207960e+03   9.2200000e-01   1.7210810e+03   1.1566806e+02
   1.7217170e+03   9.2100000e-01   1.7220210e+03   1.1574724e+02
   1.7226770e+03   9.5900000e-01   1.7229610e+03   1.1874299e+02
   1.7236470e+03   9.7000000e-01   1.7239310e+03   1.1787850e+02
   1.7246150e+03   9.6800000e-01   1.7249010e+03   1.1930362e+02
   1.7255550e+03   9.3900000e-01   1.7258510e+03   1.1555572e+02
   1.7265110e+03   9.5600000e-01   1.7268010e+03   1.1615059e+02
   1.7274610e+03   9.5000000e-01   1.7277510e+03   1.1437775e+02
   1.7283520e+03   8.9100000e-01   1.7286410e+03   1.1345763e+02
   1.7292250e+03   8.7300000e-01   1.7295110e+03   1.1518553e+02
   1.7301110e+03   8.8600000e-01   1.7304110e+03   1.1758748e+02
   1.7310180e+03   9.0800000e-01   1.7313210e+03   1.1667806e+02
   1.7319110e+03   8.9300000e-01   1.7322110e+03   1.1894520e+02
   1.7327640e+03   8.5200000e-01   1.7330610e+03   1.2176121e+02
   1.7336550e+03   8.9100000e-01   1.7339510e+03   1.2149159e+02
   1.7346000e+03   9.4500000e-01   1.7348810e+03   1.1947160e+02
   1.7355480e+03   9.4800000e-01   1.7358410e+03   1.1900084e+02
   1.7364560e+03   9.0800000e-01   1.7367410e+03   1.1615059e+02
   1.7373610e+03   9.0500000e-01   1.7376510e+03   1.1750831e+02
   1.7382880e+03   9.2700000e-01   1.7385810e+03   1.1497262e+02
   1.7392140e+03   9.2600000e-01   1.7395110e+03   1.1369408e+02
   1.7400750e+03   8.6200000e-01   1.7403710e+03   1.1382782e+02
   1.7409200e+03   8.4400000e-01   1.7412110e+03   1.1491699e+02
   1.7417920e+03   8.7200000e-01   1.7420910e+03   1.1438952e+02
   1.7426090e+03   8.1700000e-01   1.7429010e+03   1.1619553e+02
   1.7434530e+03   8.4400000e-01   1.7437510e+03   1.1679040e+02
   1.7443890e+03   9.3600000e-01   1.7446810e+03   1.1877615e+02
   1.7453020e+03   9.1300000e-01   1.7456010e+03   1.1815882e+02
   1.7462090e+03   9.0800000e-01   1.7464910e+03   1.2014564e+02
   1.7471060e+03   8.9700000e-01   1.7474010e+03   1.1718306e+02
   1.7479890e+03   8.8300000e-01   1.7482810e+03   1.1564560e+02
   1.7488670e+03   8.7800000e-01   1.7491610e+03   1.1620730e+02
   1.7497700e+03   9.0300000e-01   1.7500610e+03   1.1689097e+02
   1.7507360e+03   9.6600000e-01   1.7510210e+03   1.1504003e+02
   1.7516780e+03   9.4200000e-01   1.7519710e+03   1.1525294e+02
   1.7525930e+03   9.1600000e-01   1.7528910e+03   1.1339022e+02
   1.7535410e+03   9.4800000e-01   1.7538310e+03   1.1359244e+02
   1.7545000e+03   9.5900000e-01   1.7548010e+03   1.1153928e+02
   1.7554450e+03   9.4500000e-01   1.7557410e+03   1.0828568e+02
   1.7563380e+03   8.9400000e-01   1.7566310e+03   1.0868904e+02
   1.7572440e+03   9.0600000e-01   1.7575410e+03   1.0922827e+02
   1.7581640e+03   9.2000000e-01   1.7584610e+03   1.0872327e+02
   1.7590970e+03   9.3300000e-01   1.7593910e+03   1.0862163e+02
   1.7599900e+03   8.9400000e-01   1.7602810e+03   1.0891372e+02
   1.7609110e+03   9.2100000e-01   1.7612010e+03   1.0893618e+02
   1.7618330e+03   9.2100000e-01   1.7621110e+03   1.1102358e+02
   1.7627870e+03   9.5500000e-01   1.7630810e+03   1.1138200e+02
   1.7637690e+03   9.8200000e-01   1.7640610e+03   1.1072080e+02
   1.7647250e+03   9.5600000e-01   1.7650110e+03   1.1026073e+02
   1.7656810e+03   9.5600000e-01   1.7659810e+03   1.1015909e+02
   1.7666330e+03   9.5200000e-01   1.7669210e+03   1.0982314e+02
   1.7675750e+03   9.4200000e-01   1.7678610e+03   1.0908169e+02
   1.7684640e+03   8.8900000e-01   1.7687610e+03   1.0874574e+02
   1.7693360e+03   8.7200000e-01   1.7696310e+03   1.1177466e+02
   1.7702100e+03   8.7400000e-01   1.7705110e+03   1.1480465e+02
   1.7711170e+03   9.0700000e-01   1.7714210e+03   1.1591521e+02
   1.7720510e+03   9.3400000e-01   1.7723410e+03   1.1891096e+02
   1.7729320e+03   8.8100000e-01   1.7732310e+03   1.2150336e+02
   1.7737930e+03   8.6100000e-01   1.7740910e+03   1.2126691e+02
   1.7746820e+03   8.8900000e-01   1.7749810e+03   1.2181684e+02
   1.7757170e+03   1.0350000e+00   1.7760110e+03   1.2180614e+02
   1.7767220e+03   1.0050000e+00   1.7770110e+03   1.2280437e+02
   1.7777020e+03   9.8000000e-01   1.7779910e+03   1.2090849e+02
   1.7786440e+03   9.4200000e-01   1.7789410e+03   1.1948337e+02
   1.7795570e+03   9.1300000e-01   1.7798510e+03   1.1879862e+02
   1.7804630e+03   9.0600000e-01   1.7807610e+03   1.1671230e+02
   1.7813470e+03   8.8400000e-01   1.7816410e+03   1.1727293e+02
   1.7822310e+03   8.8400000e-01   1.7825210e+03   1.1631964e+02
   1.7831240e+03   8.9300000e-01   1.7834210e+03   1.1617306e+02
   1.7840330e+03   9.0900000e-01   1.7843410e+03   1.1426541e+02
   1.7849580e+03   9.2500000e-01   1.7852510e+03   1.1627470e+02
   1.7859010e+03   9.4300000e-01   1.7861910e+03   1.1682464e+02
   1.7868490e+03   9.4700000e-01   1.7871510e+03   1.1707072e+02
   1.7877910e+03   9.4200000e-01   1.7880810e+03   1.1697015e+02
   1.7887130e+03   9.2300000e-01   1.7890010e+03   1.1618483e+02
   1.7896030e+03   8.8900000e-01   1.7898910e+03   1.1620730e+02
   1.7905150e+03   9.1200000e-01   1.7908110e+03   1.1583711e+02
   1.7914410e+03   9.2600000e-01   1.7917410e+03   1.1482711e+02
   1.7923540e+03   9.1300000e-01   1.7926510e+03   1.1335706e+02
   1.7932220e+03   8.6800000e-01   1.7935210e+03   1.1261668e+02
   1.7940540e+03   8.3200000e-01   1.7943410e+03   1.1609496e+02
   1.7949110e+03   8.5700000e-01   1.7951910e+03   1.1575794e+02
   1.7958070e+03   8.9600000e-01   1.7960910e+03   1.1607249e+02
   1.7967370e+03   9.3000000e-01   1.7970310e+03   1.1665559e+02
