   2.1416000e+01   7.0900000e-01   2.1711000e+01   1.0050622e+02
   2.2113000e+01   6.9800000e-01   2.2421000e+01   1.0040506e+02
   2.2820000e+01   7.0700000e-01   2.3161000e+01   1.0121429e+02
   2.3521000e+01   7.0100000e-01   2.3831000e+01   1.0109051e+02
   2.4219000e+01   6.9800000e-01   2.4511000e+01   9.9720285e+01
   2.4919000e+01   7.0000000e-01   2.5231000e+01   1.0033785e+02
   2.5618000e+01   6.9800000e-01   2.5951000e+01   1.0089952e+02
   2.6323000e+01   7.0500000e-01   2.6631000e+01   1.0045032e+02
   2.7032000e+01   7.0900000e-01   2.7331000e+01   1.0019211e+02
   2.7736000e+01   7.0400000e-01   2.8081000e+01   1.0153971e+02
   2.8456000e+01   7.2000000e-01   2.8781000e+01   1.0187644e+02
   2.9171000e+01   7.1500000e-01   2.9491000e+01   1.0149446e+02
   2.9890000e+01   7.1900000e-01   3.0221000e+01   1.0153971e+02
   3.0607000e+01   7.1700000e-01   3.0931000e+01   1.0119166e+02
   3.1317000e+01   7.1000000e-01   3.1641000e+01   1.0061868e+02
   3.2026000e+01   7.0900000e-01   3.2311000e+01   9.9776186e+01
   3.2733000e+01   7.0700000e-01   3.3011000e+01   9.8316121e+01
   3.3430000e+01   6.9700000e-01   3.3721000e+01   9.7721181e+01
   3.4129000e+01   6.9900000e-01   3.4451000e+01   9.8866473e+01
   3.4826000e+01   6.9700000e-01   3.5161000e+01   9.8866473e+01
   3.5521000e+01   6.9500000e-01   3.5841000e+01   9.7541501e+01
   3.6210000e+01   6.8900000e-01   3.6531000e+01   9.8125128e+01
   3.6906000e+01   6.9600000e-01   3.7261000e+01   1.0027064e+02
   3.7608000e+01   7.0100000e-01   3.7961000e+01   1.0010227e+02
   3.8304000e+01   6.9600000e-01   3.8611000e+01   9.9237146e+01
   3.8988000e+01   6.8400000e-01   3.9281000e+01   9.9607819e+01
   3.9684000e+01   6.9600000e-01   4.0011000e+01   1.0111314e+02
   4.0386000e+01   7.0200000e-01   4.0701000e+01   1.0102330e+02
   4.1091000e+01   7.0500000e-01   4.1411000e+01   9.9967178e+01
   4.1796000e+01   7.0500000e-01   4.2131000e+01   1.0013555e+02
   4.2496000e+01   7.0000000e-01   4.2801000e+01   9.9169933e+01
   4.3186000e+01   6.9000000e-01   4.3481000e+01   9.9405513e+01
   4.3871000e+01   6.8400000e-01   4.4161000e+01   9.8069228e+01
   4.4541000e+01   6.7000000e-01   4.4841000e+01   9.9046153e+01
   4.5213000e+01   6.7200000e-01   4.5511000e+01   9.9832751e+01
   4.5877000e+01   6.6400000e-01   4.6221000e+01   1.0085426e+02
   4.6542000e+01   6.6500000e-01   4.6851000e+01   1.0067458e+02
   4.7205000e+01   6.6300000e-01   4.7531000e+01   1.0092214e+02
   4.7862000e+01   6.5700000e-01   4.8181000e+01   1.0186513e+02
   4.8542000e+01   6.8000000e-01   4.8891000e+01   1.0397670e+02
   4.9222000e+01   6.8000000e-01   4.9561000e+01   1.0475198e+02
   4.9913000e+01   6.9100000e-01   5.0261000e+01   1.0447115e+02
   5.0613000e+01   7.0100000e-01   5.0911000e+01   1.0349423e+02
   5.1311000e+01   6.9800000e-01   5.1601000e+01   1.0146118e+02
   5.2002000e+01   6.9100000e-01   5.2361000e+01   1.0375243e+02
   5.2712000e+01   7.0900000e-01   5.3031000e+01   1.0337045e+02
   5.3417000e+01   7.0500000e-01   5.3741000e+01   1.0206744e+02
   5.4125000e+01   7.0800000e-01   5.4461000e+01   1.0292125e+02
   5.4828000e+01   7.0300000e-01   5.5121000e+01   1.0317945e+02
   5.5527000e+01   6.9900000e-01   5.5851000e+01   1.0347160e+02
   5.6210000e+01   6.8300000e-01   5.6511000e+01   1.0326929e+02
   5.6870000e+01   6.6000000e-01   5.7161000e+01   1.0304436e+02
   5.7529000e+01   6.5900000e-01   5.7861000e+01   1.0611090e+02
   5.8183000e+01   6.5400000e-01   5.8511000e+01   1.0852593e+02
   5.8841000e+01   6.5800000e-01   5.9171000e+01   1.0922202e+02
   5.9509000e+01   6.6800000e-01   5.9831000e+01   1.0881741e+02
   6.0188000e+01   6.7800000e-01   6.0541000e+01   1.1122112e+02
   6.0880000e+01   6.9300000e-01   6.1201000e+01   1.1309711e+02
   6.1592000e+01   7.1200000e-01   6.1911000e+01   1.1353500e+02
   6.2308000e+01   7.1600000e-01   6.2631000e+01   1.1364747e+02
   6.3023000e+01   7.1500000e-01   6.3341000e+01   1.1137818e+02
   6.3700000e+01   6.7800000e-01   6.4011000e+01   1.1122112e+02
   6.4400000e+01   7.0000000e-01   6.4731000e+01   1.1260266e+02
   6.5090000e+01   6.9100000e-01   6.5421000e+01   1.1209690e+02
   6.5789000e+01   6.9900000e-01   6.6101000e+01   1.1091766e+02
   6.6493000e+01   7.0400000e-01   6.6841000e+01   1.1052503e+02
   6.7203000e+01   7.1000000e-01   6.7521000e+01   1.0982827e+02
   6.7917000e+01   7.1400000e-01   6.8231000e+01   1.0952548e+02
   6.8627000e+01   7.1000000e-01   6.8931000e+01   1.0819984e+02
   6.9329000e+01   7.0200000e-01   6.9661000e+01   1.0870561e+02
   7.0034000e+01   7.0400000e-01   7.0361000e+01   1.0779589e+02
   7.0736000e+01   7.0200000e-01   7.1051000e+01   1.0584138e+02
   7.1426000e+01   6.9100000e-01   7.1771000e+01   1.0677372e+02
   7.2125000e+01   6.9900000e-01   7.2471000e+01   1.0698667e+02
   7.2823000e+01   6.9800000e-01   7.3141000e+01   1.0625664e+02
   7.3510000e+01   6.8600000e-01   7.3831000e+01   1.0591990e+02
   7.4206000e+01   6.9600000e-01   7.4531000e+01   1.0670584e+02
   7.4900000e+01   6.9400000e-01   7.5241000e+01   1.0704323e+02
   7.5594000e+01   6.9500000e-01   7.5891000e+01   1.0543676e+02
   7.6281000e+01   6.8600000e-01   7.6631000e+01   1.0644763e+02
   7.6967000e+01   6.8600000e-01   7.7301000e+01   1.0670584e+02
   7.7652000e+01   6.8500000e-01   7.7981000e+01   1.0638042e+02
   7.8337000e+01   6.8400000e-01   7.8681000e+01   1.0671715e+02
   7.9019000e+01   6.8300000e-01   7.9341000e+01   1.0618942e+02
   7.9702000e+01   6.8300000e-01   8.0001000e+01   1.0618942e+02
   8.0379000e+01   6.7700000e-01   8.0681000e+01   1.0684093e+02
   8.1055000e+01   6.7700000e-01   8.1341000e+01   1.0662731e+02
   8.1733000e+01   6.7700000e-01   8.2051000e+01   1.0821115e+02
   8.2439000e+01   7.0600000e-01   8.2791000e+01   1.0858183e+02
   8.3157000e+01   7.1900000e-01   8.3501000e+01   1.0869429e+02
   8.3902000e+01   7.4500000e-01   8.4241000e+01   1.0822247e+02
   8.4661000e+01   7.5900000e-01   8.5011000e+01   1.0885135e+02
   8.5402000e+01   7.4100000e-01   8.5731000e+01   1.0813263e+02
   8.6146000e+01   7.4400000e-01   8.6511000e+01   1.0788573e+02
   8.6894000e+01   7.4800000e-01   8.7201000e+01   1.0554923e+02
   8.7631000e+01   7.3700000e-01   8.7961000e+01   1.0423491e+02
   8.8359000e+01   7.2800000e-01   8.8631000e+01   1.0177529e+02
   8.9078000e+01   7.1900000e-01   8.9421000e+01   1.0259516e+02
   8.9786000e+01   7.0800000e-01   9.0121000e+01   1.0230368e+02
   9.0483000e+01   6.9700000e-01   9.0801000e+01   1.0144987e+02
   9.1173000e+01   6.9100000e-01   9.1481000e+01   1.0021407e+02
   9.1853000e+01   6.8000000e-01   9.2181000e+01   1.0161824e+02
   9.2535000e+01   6.8200000e-01   9.2901000e+01   1.0404458e+02
   9.3233000e+01   6.9700000e-01   9.3601000e+01   1.0547070e+02
   9.3929000e+01   6.9600000e-01   9.4281000e+01   1.0585269e+02
   9.4627000e+01   6.9800000e-01   9.4981000e+01   1.0533561e+02
   9.5377000e+01   7.5000000e-01   9.5711000e+01   1.0524577e+02
   9.6163000e+01   7.8700000e-01   9.6501000e+01   1.0541480e+02
   9.6960000e+01   7.9700000e-01   9.7301000e+01   1.0571760e+02
   9.7776000e+01   8.1600000e-01   9.8131000e+01   1.0503282e+02
   9.8591000e+01   8.1500000e-01   9.8931000e+01   1.0306699e+02
   9.9379000e+01   7.8700000e-01   9.9681000e+01   1.0138266e+02
   1.0014200e+02   7.6300000e-01   1.0046100e+02   1.0162955e+02
   1.0090500e+02   7.6300000e-01   1.0120100e+02   1.0151708e+02
   1.0165600e+02   7.5100000e-01   1.0197100e+02   1.0211269e+02
   1.0239600e+02   7.4000000e-01   1.0274100e+02   1.0143856e+02
   1.0313500e+02   7.3900000e-01   1.0345100e+02   1.0113510e+02
   1.0385200e+02   7.1800000e-01   1.0416100e+02   1.0045032e+02
   1.0456200e+02   7.1000000e-01   1.0488100e+02   1.0241548e+02
   1.0528300e+02   7.2100000e-01   1.0563100e+02   1.0323535e+02
   1.0600900e+02   7.2600000e-01   1.0635100e+02   1.0355013e+02
   1.0674700e+02   7.3800000e-01   1.0708100e+02   1.0216859e+02
   1.0750200e+02   7.5500000e-01   1.0783100e+02   1.0242680e+02
   1.0826300e+02   7.6100000e-01   1.0860100e+02   1.0156234e+02
   1.0900600e+02   7.4300000e-01   1.0932100e+02   1.0088820e+02
   1.0974800e+02   7.4200000e-01   1.1006100e+02   1.0023670e+02
   1.1048600e+02   7.3900000e-01   1.1079100e+02   9.9102719e+01
   1.1121700e+02   7.3100000e-01   1.1151100e+02   9.8698107e+01
   1.1193600e+02   7.1900000e-01   1.1224100e+02   9.9529292e+01
   1.1267000e+02   7.3400000e-01   1.1298100e+02   9.9046153e+01
   1.1341300e+02   7.4300000e-01   1.1373100e+02   9.9315673e+01
   1.1417000e+02   7.5700000e-01   1.1449100e+02   9.8630893e+01
   1.1491800e+02   7.4800000e-01   1.1522100e+02   9.9866025e+01
   1.1566200e+02   7.4500000e-01   1.1600100e+02   9.9663719e+01
   1.1640200e+02   7.4000000e-01   1.1671100e+02   9.8417274e+01
   1.1713600e+02   7.3400000e-01   1.1745100e+02   9.6092750e+01
   1.1786300e+02   7.2700000e-01   1.1821100e+02   9.7811021e+01
   1.1860300e+02   7.4000000e-01   1.1895100e+02   9.8585641e+01
   1.1934800e+02   7.4500000e-01   1.1965100e+02   9.7934135e+01
   1.2008900e+02   7.4000000e-01   1.2040100e+02   9.6440796e+01
   1.2083700e+02   7.4900000e-01   1.2116100e+02   9.8417274e+01
   1.2159400e+02   7.5700000e-01   1.2191100e+02   9.8237594e+01
   1.2235300e+02   7.5900000e-01   1.2270100e+02   9.7732494e+01
   1.2311400e+02   7.6100000e-01   1.2343100e+02   9.6496697e+01
   1.2385500e+02   7.4100000e-01   1.2419100e+02   9.7440348e+01
   1.2460200e+02   7.4600000e-01   1.2492100e+02   9.7350508e+01
   1.2534600e+02   7.4400000e-01   1.2564100e+02   9.5632237e+01
   1.2607300e+02   7.2700000e-01   1.2637100e+02   9.5710764e+01
   1.2681200e+02   7.3900000e-01   1.2715100e+02   9.6350956e+01
   1.2754500e+02   7.3300000e-01   1.2786100e+02   9.6440796e+01
   1.2828400e+02   7.3900000e-01   1.2860100e+02   9.5845191e+01
   1.2902100e+02   7.3800000e-01   1.2937100e+02   9.6575223e+01
   1.2976600e+02   7.4400000e-01   1.3008100e+02   9.6575223e+01
   1.3051100e+02   7.4500000e-01   1.3081100e+02   9.6204551e+01
   1.3124700e+02   7.3600000e-01   1.3154100e+02   9.5811917e+01
   1.3198500e+02   7.3900000e-01   1.3230100e+02   9.5452557e+01
   1.3271400e+02   7.2800000e-01   1.3302100e+02   9.5227625e+01
   1.3344800e+02   7.3400000e-01   1.3380100e+02   9.6159963e+01
   1.3417900e+02   7.3100000e-01   1.3452100e+02   9.6474070e+01
   1.3490700e+02   7.2800000e-01   1.3525100e+02   9.6631789e+01
   1.3563400e+02   7.2700000e-01   1.3599100e+02   9.7013110e+01
   1.3636000e+02   7.2500000e-01   1.3669100e+02   9.7530188e+01
   1.3708900e+02   7.3000000e-01   1.3743100e+02   9.7170829e+01
   1.3780800e+02   7.1900000e-01   1.3812100e+02   9.6474070e+01
   1.3853600e+02   7.2800000e-01   1.3888100e+02   9.8304808e+01
   1.3927700e+02   7.4100000e-01   1.3963100e+02   9.9349612e+01
   1.4002500e+02   7.4800000e-01   1.4035100e+02   9.9495353e+01
   1.4077900e+02   7.5400000e-01   1.4111100e+02   9.7698555e+01
   1.4152500e+02   7.4600000e-01   1.4182100e+02   9.7226729e+01
   1.4225700e+02   7.3200000e-01   1.4258100e+02   9.7518875e+01
   1.4299500e+02   7.3800000e-01   1.4332100e+02   9.8316121e+01
   1.4373300e+02   7.3800000e-01   1.4405100e+02   9.7889548e+01
   1.4446500e+02   7.3200000e-01   1.4477100e+02   9.6204551e+01
   1.4517800e+02   7.1300000e-01   1.4547100e+02   9.7271982e+01
   1.4589800e+02   7.2000000e-01   1.4626100e+02   9.7664615e+01
   1.4660000e+02   7.0200000e-01   1.4689100e+02   9.7417722e+01
   1.4730300e+02   7.0300000e-01   1.4764100e+02   9.8686794e+01
   1.4801300e+02   7.1000000e-01   1.4834100e+02   1.0005702e+02
   1.4872900e+02   7.1600000e-01   1.4903100e+02   9.9383552e+01
   1.4944500e+02   7.1600000e-01   1.4978100e+02   9.9641758e+01
   1.5016100e+02   7.1500000e-01   1.5051100e+02   9.9551919e+01
   1.5087500e+02   7.1400000e-01   1.5118100e+02   9.9214520e+01
   1.5158700e+02   7.1200000e-01   1.5187100e+02   9.7271982e+01
   1.5228600e+02   6.9900000e-01   1.5257100e+02   9.6372917e+01
   1.5297500e+02   6.8900000e-01   1.5326100e+02   9.6754903e+01
   1.5366400e+02   6.9000000e-01   1.5402100e+02   9.7125576e+01
   1.5436600e+02   7.0100000e-01   1.5472100e+02   9.7721181e+01
   1.5507100e+02   7.0500000e-01   1.5538100e+02   9.7282629e+01
   1.5577900e+02   7.0800000e-01   1.5608100e+02   9.7170829e+01
   1.5650900e+02   7.3000000e-01   1.5685100e+02   9.8316121e+01
   1.5724000e+02   7.3100000e-01   1.5759100e+02   9.8394648e+01
   1.5797100e+02   7.3100000e-01   1.5827100e+02   9.6743590e+01
   1.5869700e+02   7.2600000e-01   1.5901100e+02   9.6957209e+01
   1.5943900e+02   7.4300000e-01   1.5978100e+02   9.7058362e+01
   1.6018800e+02   7.4800000e-01   1.6051100e+02   9.6766216e+01
   1.6093300e+02   7.4600000e-01   1.6125100e+02   9.6013558e+01
   1.6167700e+02   7.4400000e-01   1.6198100e+02   9.5598298e+01
   1.6241300e+02   7.3600000e-01   1.6276100e+02   9.5710764e+01
   1.6315500e+02   7.4200000e-01   1.6345100e+02   9.5676824e+01
   1.6386900e+02   7.1400000e-01   1.6417100e+02   9.5227625e+01
   1.6459500e+02   7.2600000e-01   1.6488100e+02   9.5047945e+01
   1.6531700e+02   7.2200000e-01   1.6563100e+02   9.4508906e+01
   1.6604000e+02   7.2400000e-01   1.6636100e+02   9.6013558e+01
   1.6678700e+02   7.4600000e-01   1.6710100e+02   9.4823013e+01
   1.6753200e+02   7.4500000e-01   1.6783100e+02   9.4744486e+01
   1.6828200e+02   7.5000000e-01   1.6859100e+02   9.4845639e+01
   1.6904600e+02   7.6400000e-01   1.6935100e+02   9.4587433e+01
   1.6980400e+02   7.5700000e-01   1.7011100e+02   9.3981180e+01
   1.7055200e+02   7.4800000e-01   1.7085100e+02   9.5115159e+01
   1.7130900e+02   7.5700000e-01   1.7167100e+02   9.4812365e+01
   1.7205700e+02   7.4800000e-01   1.7233100e+02   9.4182820e+01
   1.7278600e+02   7.2900000e-01   1.7308100e+02   9.3408201e+01
   1.7352000e+02   7.3400000e-01   1.7380100e+02   9.1386470e+01
   1.7423800e+02   7.1800000e-01   1.7454100e+02   9.3037528e+01
   1.7494500e+02   7.0700000e-01   1.7521100e+02   9.2195029e+01
   1.7563500e+02   6.9100000e-01   1.7592100e+02   9.2453236e+01
   1.7633100e+02   6.9500000e-01   1.7668100e+02   9.4228073e+01
   1.7701700e+02   6.8700000e-01   1.7731100e+02   9.5227625e+01
   1.7769600e+02   6.7900000e-01   1.7800100e+02   9.6137337e+01
   1.7839100e+02   6.9500000e-01   1.7874100e+02   9.7844295e+01
   1.7908100e+02   6.9000000e-01   1.7938100e+02   9.7889548e+01
   1.7977400e+02   6.9300000e-01   1.8011100e+02   9.9720285e+01
   1.8047300e+02   7.0000000e-01   1.8082100e+02   1.0027064e+02
   1.8118100e+02   7.0800000e-01   1.8150100e+02   9.9922591e+01
   1.8187800e+02   6.9700000e-01   1.8216100e+02   9.8428587e+01
   1.8259400e+02   7.1500000e-01   1.8292100e+02   9.9372239e+01
   1.8330200e+02   7.0800000e-01   1.8362100e+02   9.8967626e+01
   1.8400500e+02   7.0400000e-01   1.8430100e+02   9.8877787e+01
   1.8470600e+02   7.0100000e-01   1.8503100e+02   9.8563680e+01
   1.8540200e+02   6.9600000e-01   1.8569100e+02   9.7811021e+01
   1.8608300e+02   6.8100000e-01   1.8637100e+02   9.6777530e+01
   1.8676000e+02   6.7700000e-01   1.8707100e+02   9.7182142e+01
   1.8743400e+02   6.7400000e-01   1.8776100e+02   9.8069228e+01
   1.8810500e+02   6.7100000e-01   1.8844100e+02   9.9484040e+01
   1.8878000e+02   6.7500000e-01   1.8911100e+02   9.8843847e+01
   1.8945900e+02   6.7900000e-01   1.8976100e+02   9.9866025e+01
   1.9014200e+02   6.8300000e-01   1.9049100e+02   1.0152840e+02
   1.9083300e+02   6.9100000e-01   1.9116100e+02   1.0244942e+02
   1.9153200e+02   6.9900000e-01   1.9186100e+02   1.0237089e+02
   1.9223800e+02   7.0600000e-01   1.9255100e+02   1.0147250e+02
   1.9295200e+02   7.1400000e-01   1.9325100e+02   1.0237089e+02
   1.9366600e+02   7.1400000e-01   1.9402100e+02   1.0213465e+02
   1.9436600e+02   7.0000000e-01   1.9469100e+02   1.0142724e+02
   1.9506600e+02   7.0100000e-01   1.9533100e+02   9.9034840e+01
   1.9575000e+02   6.8400000e-01   1.9605100e+02   1.0005702e+02
   1.9642700e+02   6.7700000e-01   1.9673100e+02   1.0066394e+02
   1.9710800e+02   6.8000000e-01   1.9747100e+02   1.0110182e+02
   1.9779800e+02   6.9000000e-01   1.9814100e+02   1.0132609e+02
   1.9849500e+02   6.9700000e-01   1.9884100e+02   9.9787499e+01
   1.9918900e+02   6.9400000e-01   1.9949100e+02   9.9529292e+01
   1.9988400e+02   6.9600000e-01   2.0022100e+02   1.0095542e+02
   2.0058800e+02   7.0300000e-01   2.0090100e+02   9.9922591e+01
   2.0128400e+02   6.9700000e-01   2.0160100e+02   1.0034916e+02
   2.0199100e+02   7.0700000e-01   2.0232100e+02   9.9405513e+01
   2.0269800e+02   7.0700000e-01   2.0304100e+02   9.9450765e+01
   2.0340500e+02   7.0700000e-01   2.0370100e+02   9.8248907e+01
   2.0411400e+02   7.0900000e-01   2.0437100e+02   9.7631341e+01
   2.0480800e+02   6.9500000e-01   2.0511100e+02   9.9383552e+01
   2.0548800e+02   6.8000000e-01   2.0577100e+02   9.7170829e+01
   2.0616300e+02   6.7500000e-01   2.0648100e+02   1.0041638e+02
   2.0683600e+02   6.7300000e-01   2.0716100e+02   1.0166349e+02
   2.0750600e+02   6.6900000e-01   2.0781100e+02   1.0134872e+02
   2.0818200e+02   6.7700000e-01   2.0849100e+02   1.0140462e+02
   2.0886900e+02   6.8700000e-01   2.0916100e+02   1.0153971e+02
   2.0956400e+02   6.9500000e-01   2.0986100e+02   1.0315683e+02
   2.1027800e+02   7.1400000e-01   2.1059100e+02   1.0392080e+02
   2.1099300e+02   7.1400000e-01   2.1130100e+02   1.0386490e+02
   2.1171100e+02   7.1900000e-01   2.1201100e+02   1.0338176e+02
   2.1241800e+02   7.0700000e-01   2.1271100e+02   1.0273025e+02
   2.1313600e+02   7.1900000e-01   2.1346100e+02   1.0247205e+02
   2.1387200e+02   7.3600000e-01   2.1421100e+02   1.0405523e+02
   2.1461600e+02   7.4300000e-01   2.1494100e+02   1.0137134e+02
   2.1534900e+02   7.3400000e-01   2.1567100e+02   1.0207875e+02
   2.1610000e+02   7.5000000e-01   2.1643100e+02   1.0188776e+02
   2.1685600e+02   7.5700000e-01   2.1717100e+02   1.0080968e+02
   2.1761100e+02   7.5400000e-01   2.1790100e+02   9.9877339e+01
   2.1835500e+02   7.4400000e-01   2.1862100e+02   9.9023527e+01
   2.1909300e+02   7.3800000e-01   2.1936100e+02   9.7811021e+01
   2.1981600e+02   7.2300000e-01   2.2009100e+02   9.7765768e+01
   2.2052800e+02   7.1300000e-01   2.2083100e+02   9.7373135e+01
   2.2124900e+02   7.2100000e-01   2.2159100e+02   9.8304808e+01
   2.2197200e+02   7.2300000e-01   2.2225100e+02   9.7698555e+01
   2.2268700e+02   7.1500000e-01   2.2299100e+02   9.8113815e+01
   2.2342200e+02   7.3400000e-01   2.2373100e+02   9.9259773e+01
   2.2417100e+02   7.4900000e-01   2.2449100e+02   9.8417274e+01
   2.2490900e+02   7.3900000e-01   2.2521100e+02   9.7373135e+01
   2.2565500e+02   7.4500000e-01   2.2597100e+02   9.7282629e+01
   2.2638800e+02   7.3300000e-01   2.2668100e+02   9.6901309e+01
   2.2710900e+02   7.2100000e-01   2.2741100e+02   9.5103846e+01
   2.2783700e+02   7.2700000e-01   2.2815100e+02   9.5800604e+01
   2.2855600e+02   7.2000000e-01   2.2887100e+02   9.6261117e+01
   2.2927500e+02   7.1900000e-01   2.2959100e+02   9.6215864e+01
   2.2999800e+02   7.2300000e-01   2.3033100e+02   9.5463205e+01
   2.3071500e+02   7.1600000e-01   2.3102100e+02   9.6159963e+01
   2.3143500e+02   7.2000000e-01   2.3171100e+02   9.5092532e+01
   2.3214700e+02   7.1300000e-01   2.3247100e+02   9.6406857e+01
   2.3286400e+02   7.1600000e-01   2.3320100e+02   9.6856056e+01
   2.3357200e+02   7.0800000e-01   2.3386100e+02   9.5598298e+01
   2.3428800e+02   7.1600000e-01   2.3462100e+02   9.5890444e+01
   2.3499900e+02   7.1100000e-01   2.3534100e+02   9.7429035e+01
   2.3571300e+02   7.1400000e-01   2.3603100e+02   9.7586089e+01
   2.3640800e+02   6.9500000e-01   2.3672100e+02   9.6440796e+01
   2.3711500e+02   7.0700000e-01   2.3745100e+02   9.7687242e+01
   2.3782500e+02   7.1000000e-01   2.3813100e+02   9.8361374e+01
   2.3853100e+02   7.0600000e-01   2.3886100e+02   9.8619580e+01
   2.3924400e+02   7.1300000e-01   2.3959100e+02   9.9663719e+01
   2.3997600e+02   7.3200000e-01   2.4031100e+02   1.0018080e+02
   2.4073100e+02   7.5600000e-01   2.4106100e+02   9.8732046e+01
   2.4148200e+02   7.5100000e-01   2.4180100e+02   9.8765320e+01
   2.4223900e+02   7.5700000e-01   2.4254100e+02   9.8125128e+01
   2.4299500e+02   7.5600000e-01   2.4329100e+02   9.6979836e+01
   2.4373500e+02   7.4000000e-01   2.4404100e+02   9.6878683e+01
   2.4447900e+02   7.4300000e-01   2.4478100e+02   9.6193237e+01
   2.4522800e+02   7.5000000e-01   2.4553100e+02   9.6249803e+01
   2.4597200e+02   7.4400000e-01   2.4625100e+02   9.4564806e+01
   2.4670400e+02   7.3200000e-01   2.4700100e+02   9.4138233e+01
   2.4743700e+02   7.3300000e-01   2.4776100e+02   9.5317465e+01
   2.4817300e+02   7.3600000e-01   2.4849100e+02   9.5070572e+01
   2.4888800e+02   7.1500000e-01   2.4920100e+02   9.4508906e+01
   2.4961700e+02   7.2900000e-01   2.4990100e+02   9.4856952e+01
   2.5033000e+02   7.1300000e-01   2.5063100e+02   9.5867817e+01
   2.5106500e+02   7.3500000e-01   2.5137100e+02   9.7361822e+01
   2.5182100e+02   7.5600000e-01   2.5215100e+02   9.6362270e+01
   2.5261000e+02   7.8900000e-01   2.5293100e+02   9.5047945e+01
   2.5338200e+02   7.7200000e-01   2.5365100e+02   9.3408201e+01
   2.5412500e+02   7.4300000e-01   2.5439100e+02   9.3251147e+01
   2.5486900e+02   7.4400000e-01   2.5518100e+02   9.4025767e+01
   2.5560600e+02   7.3700000e-01   2.5592100e+02   9.2521115e+01
   2.5633400e+02   7.2800000e-01   2.5662100e+02   9.1891570e+01
   2.5704800e+02   7.1500000e-01   2.5735100e+02   9.1554837e+01
   2.5777700e+02   7.2800000e-01   2.5808100e+02   9.3048841e+01
   2.5849800e+02   7.2100000e-01   2.5880100e+02   9.2678168e+01
   2.5921500e+02   7.1700000e-01   2.5954100e+02   9.5845191e+01
   2.5994200e+02   7.2600000e-01   2.6026100e+02   9.5508458e+01
   2.6065400e+02   7.1300000e-01   2.6099100e+02   9.5699451e+01
   2.6139800e+02   7.4400000e-01   2.6172100e+02   9.6721629e+01
   2.6215300e+02   7.5500000e-01   2.6246100e+02   9.6945896e+01
   2.6292400e+02   7.7100000e-01   2.6322100e+02   9.6429483e+01
   2.6368000e+02   7.5500000e-01   2.6398100e+02   9.5890444e+01
   2.6446900e+02   7.9000000e-01   2.6478100e+02   9.5867817e+01
   2.6525600e+02   7.8700000e-01   2.6557100e+02   9.4115607e+01
   2.6601200e+02   7.5500000e-01   2.6629100e+02   9.2262243e+01
   2.6674800e+02   7.3600000e-01   2.6707100e+02   9.3632468e+01
   2.6749300e+02   7.4500000e-01   2.6781100e+02   9.4182820e+01
   2.6822600e+02   7.3300000e-01   2.6853100e+02   9.3711660e+01
   2.6895900e+02   7.3200000e-01   2.6930100e+02   9.4262013e+01
   2.6969900e+02   7.4000000e-01   2.7005100e+02   9.6968522e+01
   2.7043900e+02   7.4000000e-01   2.7077100e+02   9.6372917e+01
   2.7118300e+02   7.4300000e-01   2.7152100e+02   9.6462757e+01
   2.7192200e+02   7.4000000e-01   2.7223100e+02   9.8057914e+01
   2.7265100e+02   7.2800000e-01   2.7293100e+02   9.8260221e+01
   2.7336100e+02   7.1000000e-01   2.7366100e+02   9.9529292e+01
   2.7406900e+02   7.0800000e-01   2.7438100e+02   1.0036048e+02
   2.7477900e+02   7.1000000e-01   2.7511100e+02   1.0159561e+02
   2.7549100e+02   7.1200000e-01   2.7581100e+02   1.0160692e+02
   2.7619700e+02   7.0700000e-01   2.7648100e+02   1.0214596e+02
   2.7690100e+02   7.0400000e-01   2.7720100e+02   1.0344897e+02
   2.7760500e+02   7.0400000e-01   2.7788100e+02   1.0403327e+02
   2.7830300e+02   6.9800000e-01   2.7860100e+02   1.0371849e+02
   2.7899700e+02   6.9500000e-01   2.7931100e+02   1.0286468e+02
   2.7968800e+02   6.9000000e-01   2.8000100e+02   1.0444853e+02
   2.8039100e+02   7.0400000e-01   2.8072100e+02   1.0517856e+02
   2.8112100e+02   7.3000000e-01   2.8145100e+02   1.0540349e+02
   2.8188700e+02   7.6500000e-01   2.8223100e+02   1.0580744e+02
   2.8269500e+02   8.0800000e-01   2.8302100e+02   1.0424622e+02
   2.8352400e+02   8.2900000e-01   2.8384100e+02   1.0449378e+02
   2.8435400e+02   8.2900000e-01   2.8465100e+02   1.0331455e+02
   2.8516700e+02   8.1300000e-01   2.8547100e+02   1.0109051e+02
   2.8595600e+02   7.8800000e-01   2.8626100e+02   9.9203872e+01
   2.8671100e+02   7.5500000e-01   2.8700100e+02   9.7541501e+01
   2.8747700e+02   7.6600000e-01   2.8780100e+02   9.7473622e+01
   2.8824400e+02   7.6700000e-01   2.8858100e+02   9.9293712e+01
   2.8900000e+02   7.5600000e-01   2.8936100e+02   9.7822334e+01
   2.8976200e+02   7.6200000e-01   2.9008100e+02   9.7620028e+01
   2.9052600e+02   7.6400000e-01   2.9085100e+02   9.7192789e+01
   2.9127300e+02   7.4800000e-01   2.9154100e+02   9.6788843e+01
   2.9200500e+02   7.3200000e-01   2.9230100e+02   9.7698555e+01
   2.9275300e+02   7.4700000e-01   2.9309100e+02   9.8271534e+01
   2.9347600e+02   7.2400000e-01   2.9377100e+02   9.7417722e+01
   2.9421700e+02   7.4000000e-01   2.9455100e+02   9.8226281e+01
   2.9495800e+02   7.4200000e-01   2.9526100e+02   9.9832751e+01
   2.9569500e+02   7.3700000e-01   2.9605100e+02   1.0004571e+02
   2.9643300e+02   7.3800000e-01   2.9677100e+02   1.0086558e+02
   2.9716800e+02   7.3500000e-01   2.9750100e+02   1.0136003e+02
   2.9790100e+02   7.3300000e-01   2.9826100e+02   1.0372981e+02
   2.9863700e+02   7.3600000e-01   2.9891100e+02   1.0451574e+02
   2.9936200e+02   7.2500000e-01   2.9967100e+02   1.0556054e+02
   3.0007500e+02   7.1300000e-01   3.0038100e+02   1.0531365e+02
   3.0078300e+02   7.0800000e-01   3.0110100e+02   1.0559448e+02
   3.0148800e+02   7.0400000e-01   3.0180100e+02   1.0671715e+02
   3.0218400e+02   6.9700000e-01   3.0250100e+02   1.0651551e+02
   3.0287800e+02   6.9400000e-01   3.0320100e+02   1.0684093e+02
   3.0357100e+02   6.9300000e-01   3.0391100e+02   1.0720029e+02
   3.0426700e+02   6.9500000e-01   3.0464100e+02   1.0976106e+02
   3.0497300e+02   7.0600000e-01   3.0535100e+02   1.0977237e+02
   3.0569800e+02   7.2600000e-01   3.0601100e+02   1.0879545e+02
   3.0644500e+02   7.4600000e-01   3.0679100e+02   1.0816590e+02
   3.0719200e+02   7.4800000e-01   3.0753100e+02   1.0927792e+02
   3.0796800e+02   7.7600000e-01   3.0832100e+02   1.0971647e+02
   3.0874500e+02   7.7700000e-01   3.0906100e+02   1.0827837e+02
   3.0952600e+02   7.8100000e-01   3.0984100e+02   1.0732407e+02
   3.1032600e+02   8.0000000e-01   3.1068100e+02   1.0562776e+02
   3.1114200e+02   8.1600000e-01   3.1141100e+02   1.0633516e+02
   3.1192800e+02   7.8600000e-01   3.1222100e+02   1.0590859e+02
   3.1270200e+02   7.7400000e-01   3.1300100e+02   1.0435869e+02
   3.1348600e+02   7.8400000e-01   3.1383100e+02   1.0343766e+02
   3.1425500e+02   7.6900000e-01   3.1453100e+02   1.0198891e+02
   3.1500000e+02   7.4500000e-01   3.1529100e+02   1.0131478e+02
   3.1574500e+02   7.4600000e-01   3.1605100e+02   1.0411179e+02
   3.1647100e+02   7.2600000e-01   3.1679100e+02   1.0206744e+02
   3.1722900e+02   7.5800000e-01   3.1749100e+02   1.0362865e+02
   3.1798500e+02   7.5600000e-01   3.1829100e+02   1.0283141e+02
   3.1874000e+02   7.5500000e-01   3.1900100e+02   1.0420163e+02
   3.1947500e+02   7.3500000e-01   3.1975100e+02   1.0247205e+02
   3.2022900e+02   7.5400000e-01   3.2061100e+02   1.0431410e+02
   3.2098700e+02   7.5800000e-01   3.2132100e+02   1.0338176e+02
   3.2175200e+02   7.6500000e-01   3.2203100e+02   1.0314551e+02
   3.2251100e+02   7.6000000e-01   3.2278100e+02   1.0054016e+02
   3.2324500e+02   7.3400000e-01   3.2351100e+02   1.0123625e+02
   3.2399100e+02   7.4500000e-01   3.2425100e+02   1.0095542e+02
   3.2473000e+02   7.3900000e-01   3.2501100e+02   1.0027064e+02
   3.2547500e+02   7.4500000e-01   3.2575100e+02   1.0055147e+02
   3.2620900e+02   7.3400000e-01   3.2647100e+02   9.9192559e+01
   3.2693800e+02   7.2800000e-01   3.2723100e+02   9.9147306e+01
   3.2766800e+02   7.3000000e-01   3.2795100e+02   1.0036048e+02
   3.2840900e+02   7.4100000e-01   3.2874100e+02   9.9978492e+01
   3.2915200e+02   7.4300000e-01   3.2948100e+02   9.8214968e+01
   3.2988500e+02   7.3300000e-01   3.3016100e+02   9.7788395e+01
   3.3063800e+02   7.5400000e-01   3.3100100e+02   9.9203872e+01
   3.3139600e+02   7.5700000e-01   3.3170100e+02   9.7923487e+01
   3.3215200e+02   7.5600000e-01   3.3248100e+02   9.6822782e+01
   3.3289700e+02   7.4500000e-01   3.3320100e+02   9.7114263e+01
   3.3364300e+02   7.4600000e-01   3.3399100e+02   9.8103167e+01
   3.3439000e+02   7.4700000e-01   3.3472100e+02   9.8147754e+01
   3.3513400e+02   7.4400000e-01   3.3542100e+02   9.7631341e+01
   3.3587700e+02   7.4300000e-01   3.3615100e+02   9.7473622e+01
   3.3661300e+02   7.3600000e-01   3.3691100e+02   9.7687242e+01
   3.3736300e+02   7.5100000e-01   3.3765100e+02   9.7822334e+01
   3.3811100e+02   7.4800000e-01   3.3837100e+02   9.7215416e+01
   3.3886500e+02   7.5400000e-01   3.3915100e+02   9.8113815e+01
   3.3960800e+02   7.4300000e-01   3.3985100e+02   9.8113815e+01
   3.4032800e+02   7.2000000e-01   3.4064100e+02   9.5654198e+01
   3.4102800e+02   7.0000000e-01   3.4132100e+02   9.4767112e+01
   3.4173800e+02   7.1000000e-01   3.4208100e+02   9.7024423e+01
   3.4245700e+02   7.1800000e-01   3.4280100e+02   9.7350508e+01
   3.4318300e+02   7.2600000e-01   3.4353100e+02   9.7822334e+01
   3.4390400e+02   7.2100000e-01   3.4423100e+02   9.7822334e+01
   3.4462500e+02   7.2100000e-01   3.4497100e+02   9.9731598e+01
   3.4537300e+02   7.4800000e-01   3.4571100e+02   1.0104526e+02
   3.4614000e+02   7.6700000e-01   3.4648100e+02   1.0091083e+02
   3.4691600e+02   7.7600000e-01   3.4723100e+02   9.9484040e+01
   3.4768000e+02   7.6400000e-01   3.4798100e+02   9.9046153e+01
   3.4845300e+02   7.7300000e-01   3.4876100e+02   9.9259773e+01
   3.4922700e+02   7.7400000e-01   3.4955100e+02   9.7653302e+01
   3.4997900e+02   7.5100000e-01   3.5025100e+02   9.6653750e+01
   3.5073800e+02   7.5900000e-01   3.5108100e+02   9.7586089e+01
   3.5149500e+02   7.5700000e-01   3.5184100e+02   9.7530188e+01
   3.5225300e+02   7.5700000e-01   3.5256100e+02   9.6968522e+01
   3.5300700e+02   7.5500000e-01   3.5334100e+02   9.6530636e+01
   3.5376600e+02   7.5800000e-01   3.5407100e+02   9.6620476e+01
   3.5451200e+02   7.4600000e-01   3.5481100e+02   9.5890444e+01
   3.5525000e+02   7.3900000e-01   3.5554100e+02   9.5890444e+01
   3.5599700e+02   7.4600000e-01   3.5632100e+02   9.6204551e+01
   3.5674500e+02   7.4800000e-01   3.5706100e+02   9.6002910e+01
   3.5749500e+02   7.5000000e-01   3.5781100e+02   9.4789739e+01
   3.5823600e+02   7.4000000e-01   3.5852100e+02   9.4407753e+01
   3.5898100e+02   7.4500000e-01   3.5932100e+02   9.5081885e+01
   3.5973300e+02   7.5200000e-01   3.6005100e+02   9.5609611e+01
   3.6048500e+02   7.5200000e-01   3.6079100e+02   9.5306152e+01
   3.6123600e+02   7.5100000e-01   3.6155100e+02   9.4160859e+01
   3.6199700e+02   7.6100000e-01   3.6227100e+02   9.4879579e+01
   3.6274300e+02   7.4600000e-01   3.6301100e+02   9.3857400e+01
   3.6346700e+02   7.2300000e-01   3.6376100e+02   9.3677720e+01
   3.6420200e+02   7.3500000e-01   3.6453100e+02   9.5137785e+01
   3.6493600e+02   7.3500000e-01   3.6526100e+02   9.7080989e+01
   3.6567300e+02   7.3700000e-01   3.6599100e+02   9.4474966e+01
   3.6641200e+02   7.3900000e-01   3.6676100e+02   9.5294839e+01
   3.6718100e+02   7.6900000e-01   3.6752100e+02   9.6249803e+01
   3.6794500e+02   7.6400000e-01   3.6830100e+02   9.5980284e+01
   3.6870200e+02   7.5700000e-01   3.6901100e+02   9.3666407e+01
   3.6944700e+02   7.4500000e-01   3.6976100e+02   9.5059258e+01
   3.7019400e+02   7.4700000e-01   3.7054100e+02   9.5002693e+01
   3.7094400e+02   7.5000000e-01   3.7127100e+02   9.3722308e+01
   3.7168700e+02   7.4300000e-01   3.7203100e+02   9.5777978e+01
   3.7242800e+02   7.4100000e-01   3.7274100e+02   9.3565254e+01
   3.7314700e+02   7.1900000e-01   3.7344100e+02   9.4037080e+01
   3.7387500e+02   7.2900000e-01   3.7420100e+02   9.5092532e+01
   3.7460000e+02   7.2400000e-01   3.7493100e+02   9.3790187e+01
   3.7532500e+02   7.2500000e-01   3.7568100e+02   9.3273108e+01
   3.7605200e+02   7.2800000e-01   3.7631100e+02   9.3790187e+01
   3.7676100e+02   7.0900000e-01   3.7703100e+02   9.2296183e+01
   3.7748000e+02   7.1900000e-01   3.7781100e+02   9.2240282e+01
   3.7821100e+02   7.3100000e-01   3.7855100e+02   9.4621372e+01
   3.7894600e+02   7.3500000e-01   3.7933100e+02   9.5800604e+01
   3.7968600e+02   7.4000000e-01   3.8006100e+02   9.3947240e+01
   3.8043500e+02   7.4900000e-01   3.8079100e+02   9.4520219e+01
   3.8118200e+02   7.4700000e-01   3.8152100e+02   9.4295287e+01
   3.8191800e+02   7.3600000e-01   3.8218100e+02   9.2161755e+01
   3.8263700e+02   7.1900000e-01   3.8292100e+02   9.1791083e+01
   3.8336800e+02   7.3100000e-01   3.8369100e+02   9.2936375e+01
   3.8409600e+02   7.2800000e-01   3.8441100e+02   9.2913749e+01
   3.8482900e+02   7.3300000e-01   3.8518100e+02   9.1779770e+01
   3.8556700e+02   7.3800000e-01   3.8588100e+02   9.0824805e+01
   3.8628500e+02   7.1900000e-01   3.8656100e+02   9.1218104e+01
   3.8701900e+02   7.3400000e-01   3.8731100e+02   9.2161755e+01
   3.8774900e+02   7.3000000e-01   3.8807100e+02   9.1846983e+01
   3.8846400e+02   7.1500000e-01   3.8879100e+02   9.0937271e+01
   3.8917600e+02   7.1200000e-01   3.8955100e+02   9.2554389e+01
   3.8990300e+02   7.2700000e-01   3.9025100e+02   9.3542628e+01
   3.9063700e+02   7.3400000e-01   3.9099100e+02   9.4474966e+01
   3.9136800e+02   7.3100000e-01   3.9170100e+02   9.3362948e+01
   3.9208900e+02   7.2100000e-01   3.9239100e+02   9.2330122e+01
   3.9280300e+02   7.1400000e-01   3.9312100e+02   9.4092980e+01
   3.9352800e+02   7.2500000e-01   3.9384100e+02   9.4621372e+01
   3.9425700e+02   7.2900000e-01   3.9460100e+02   9.3790187e+01
   3.9498700e+02   7.3000000e-01   3.9531100e+02   9.2610955e+01
   3.9571400e+02   7.2800000e-01   3.9600100e+02   9.2206343e+01
   3.9641800e+02   7.0400000e-01   3.9670100e+02   9.1768456e+01
   3.9712400e+02   7.0500000e-01   3.9747100e+02   9.4677272e+01
   3.9783100e+02   7.0700000e-01   3.9814100e+02   9.5261565e+01
   3.9853700e+02   7.0600000e-01   3.9887100e+02   9.4082333e+01
   3.9923600e+02   6.9900000e-01   3.9955100e+02   9.3991827e+01
   3.9994800e+02   7.1200000e-01   4.0030100e+02   9.5059258e+01
   4.0063700e+02   6.8900000e-01   4.0094100e+02   9.6305704e+01
   4.0133900e+02   7.0200000e-01   4.0170100e+02   9.7024423e+01
   4.0204200e+02   7.0400000e-01   4.0238100e+02   9.7293943e+01
   4.0277400e+02   7.3200000e-01   4.0313100e+02   9.8035288e+01
   4.0352100e+02   7.4700000e-01   4.0387100e+02   9.9832751e+01
   4.0426500e+02   7.4300000e-01   4.0458100e+02   9.7811021e+01
   4.0500500e+02   7.4000000e-01   4.0530100e+02   9.8664167e+01
   4.0574700e+02   7.4200000e-01   4.0609100e+02   9.9540605e+01
   4.0649200e+02   7.4500000e-01   4.0680100e+02   9.9214520e+01
   4.0722400e+02   7.3100000e-01   4.0752100e+02   9.7664615e+01
   4.0793900e+02   7.1500000e-01   4.0825100e+02   9.7462975e+01
   4.0864800e+02   7.0900000e-01   4.0897100e+02   9.7608715e+01
   4.0936500e+02   7.1700000e-01   4.0971100e+02   9.9630445e+01
   4.1007400e+02   7.0900000e-01   4.1040100e+02   9.8596954e+01
   4.1078800e+02   7.1400000e-01   4.1113100e+02   9.8327434e+01
   4.1150700e+02   7.1900000e-01   4.1183100e+02   9.9428139e+01
   4.1222600e+02   7.1900000e-01   4.1255100e+02   9.9529292e+01
   4.1294000e+02   7.1400000e-01   4.1326100e+02   1.0009096e+02
   4.1364400e+02   7.0400000e-01   4.1397100e+02   1.0132609e+02
   4.1434300e+02   6.9900000e-01   4.1467100e+02   9.9214520e+01
   4.1501200e+02   6.6900000e-01   4.1531100e+02   9.9080093e+01
   4.1569000e+02   6.7800000e-01   4.1601100e+02   1.0089952e+02
   4.1636700e+02   6.7700000e-01   4.1670100e+02   1.0274157e+02
   4.1705500e+02   6.8900000e-01   4.1737100e+02   1.0180923e+02
   4.1775300e+02   6.9700000e-01   4.1809100e+02   1.0156234e+02
   4.1845000e+02   6.9700000e-01   4.1879100e+02   1.0290993e+02
   4.1914900e+02   6.9900000e-01   4.1947100e+02   1.0424622e+02
   4.1985100e+02   7.0200000e-01   4.2021100e+02   1.0647026e+02
   4.2055000e+02   7.0000000e-01   4.2088100e+02   1.0527971e+02
   4.2124200e+02   6.9200000e-01   4.2159100e+02   1.0558317e+02
   4.2194200e+02   7.0000000e-01   4.2226100e+02   1.0517856e+02
   4.2263400e+02   6.9200000e-01   4.2294100e+02   1.0604368e+02
   4.2331500e+02   6.8100000e-01   4.2362100e+02   1.0469542e+02
   4.2399000e+02   6.7500000e-01   4.2432100e+02   1.0676240e+02
   4.2467400e+02   6.8400000e-01   4.2502100e+02   1.0832362e+02
   4.2536400e+02   6.9000000e-01   4.2570100e+02   1.0905365e+02
   4.2606500e+02   7.0000000e-01   4.2640100e+02   1.0831231e+02
   4.2677300e+02   7.0900000e-01   4.2709100e+02   1.0914349e+02
   4.2749500e+02   7.2100000e-01   4.2782100e+02   1.0973843e+02
   4.2821400e+02   7.2000000e-01   4.2854100e+02   1.0983958e+02
   4.2891100e+02   6.9600000e-01   4.2922100e+02   1.0832362e+02
   4.2961600e+02   7.0500000e-01   4.2994100e+02   1.0869429e+02
   4.3032100e+02   7.0500000e-01   4.3071100e+02   1.0986221e+02
   4.3102300e+02   7.0200000e-01   4.3132100e+02   1.0880609e+02
   4.3171500e+02   6.9200000e-01   4.3204100e+02   1.0778458e+02
   4.3240000e+02   6.8500000e-01   4.3272100e+02   1.0923333e+02
   4.3308100e+02   6.8000000e-01   4.3340100e+02   1.1098554e+02
   4.3375900e+02   6.7800000e-01   4.3409100e+02   1.1296202e+02
   4.3443700e+02   6.7800000e-01   4.3475100e+02   1.1269250e+02
   4.3511900e+02   6.8200000e-01   4.3544100e+02   1.1161442e+02
   4.3579200e+02   6.7300000e-01   4.3613100e+02   1.1313039e+02
   4.3648300e+02   6.9000000e-01   4.3684100e+02   1.1424240e+02
   4.3717600e+02   6.9300000e-01   4.3749100e+02   1.1497244e+02
   4.3790100e+02   7.2500000e-01   4.3824100e+02   1.1359090e+02
   4.3866800e+02   7.6700000e-01   4.3900100e+02   1.1269250e+02
   4.3947300e+02   8.0500000e-01   4.3979100e+02   1.1150196e+02
   4.4028100e+02   8.0800000e-01   4.4060100e+02   1.0960400e+02
   4.4106000e+02   7.7900000e-01   4.4138100e+02   1.0675109e+02
   4.4184600e+02   7.8600000e-01   4.4215100e+02   1.0428016e+02
   4.4260000e+02   7.5400000e-01   4.4287100e+02   1.0332519e+02
   4.4335100e+02   7.5000000e-01   4.4367100e+02   1.0290993e+02
   4.4409600e+02   7.4500000e-01   4.4441100e+02   1.0170808e+02
   4.4483600e+02   7.4000000e-01   4.4514100e+02   1.0004571e+02
   4.4557000e+02   7.3400000e-01   4.4589100e+02   9.9450765e+01
   4.4630300e+02   7.3300000e-01   4.4662100e+02   1.0023670e+02
   4.4704000e+02   7.3600000e-01   4.4735100e+02   1.0054016e+02
   4.4776700e+02   7.2700000e-01   4.4807100e+02   9.8821886e+01
   4.4848400e+02   7.1700000e-01   4.4878100e+02   9.8541053e+01
   4.4920900e+02   7.2400000e-01   4.4954100e+02   9.9214520e+01
   4.4993200e+02   7.2400000e-01   4.5024100e+02   9.9529292e+01
   4.5065900e+02   7.2700000e-01   4.5097100e+02   9.8754007e+01
   4.5139700e+02   7.3800000e-01   4.5171100e+02   9.7968074e+01
   4.5212900e+02   7.3200000e-01   4.5240100e+02   9.7777082e+01
   4.5286200e+02   7.3300000e-01   4.5317100e+02   9.7765768e+01
   4.5360000e+02   7.3800000e-01   4.5391100e+02   9.8394648e+01
   4.5434600e+02   7.4700000e-01   4.5466100e+02   9.7148202e+01
   4.5508100e+02   7.3400000e-01   4.5536100e+02   9.6317017e+01
   4.5581700e+02   7.3600000e-01   4.5613100e+02   9.7406409e+01
   4.5657500e+02   7.5800000e-01   4.5692100e+02   9.7429035e+01
   4.5734600e+02   7.7100000e-01   4.5766100e+02   9.6957209e+01
   4.5811300e+02   7.6700000e-01   4.5843100e+02   9.6912622e+01
   4.5888000e+02   7.6700000e-01   4.5919100e+02   9.7518875e+01
   4.5963500e+02   7.5400000e-01   4.5994100e+02   9.6833430e+01
   4.6038600e+02   7.5200000e-01   4.6073100e+02   9.6844743e+01
   4.6112900e+02   7.4300000e-01   4.6143100e+02   9.7327882e+01
   4.6186800e+02   7.3900000e-01   4.6219100e+02   9.6945896e+01
   4.6258500e+02   7.1800000e-01   4.6289100e+02   9.6058810e+01
   4.6332500e+02   7.4000000e-01   4.6367100e+02   9.7687242e+01
   4.6405700e+02   7.3200000e-01   4.6436100e+02   9.7383782e+01
   4.6478300e+02   7.2600000e-01   4.6510100e+02   9.6552597e+01
   4.6551000e+02   7.2700000e-01   4.6585100e+02   9.7136889e+01
   4.6625500e+02   7.4500000e-01   4.6658100e+02   9.7125576e+01
   4.6700400e+02   7.4900000e-01   4.6733100e+02   9.6563910e+01
   4.6775200e+02   7.4800000e-01   4.6807100e+02   9.5575671e+01
   4.6850500e+02   7.5300000e-01   4.6882100e+02   9.6563910e+01
   4.6926400e+02   7.5900000e-01   4.6959100e+02   9.5867817e+01
   4.7002200e+02   7.5700000e-01   4.7034100e+02   9.5722077e+01
   4.7078100e+02   7.6000000e-01   4.7112100e+02   9.5362718e+01
   4.7154400e+02   7.6200000e-01   4.7187100e+02   9.4632020e+01
   4.7228900e+02   7.4500000e-01   4.7261100e+02   9.4216760e+01
   4.7302400e+02   7.3500000e-01   4.7330100e+02   9.3778874e+01
   4.7375300e+02   7.2900000e-01   4.7408100e+02   9.4924166e+01
   4.7448200e+02   7.2900000e-01   4.7486100e+02   9.4272660e+01
   4.7519400e+02   7.1200000e-01   4.7552100e+02   9.4789739e+01
   4.7591900e+02   7.2500000e-01   4.7628100e+02   9.5047945e+01
   4.7664900e+02   7.3100000e-01   4.7698100e+02   9.5463205e+01
   4.7737500e+02   7.2600000e-01   4.7772100e+02   9.6609163e+01
   4.7809800e+02   7.2300000e-01   4.7841100e+02   9.6474070e+01
   4.7880500e+02   7.0700000e-01   4.7917100e+02   9.5642885e+01
   4.7951000e+02   7.0400000e-01   4.7990100e+02   9.9563232e+01
   4.8020000e+02   6.9000000e-01   4.8052100e+02   1.0007964e+02
   4.8088600e+02   6.8700000e-01   4.8126100e+02   1.0119166e+02
   4.8158400e+02   6.9800000e-01   4.8193100e+02   1.0366259e+02
   4.8228400e+02   7.0000000e-01   4.8264100e+02   1.0590859e+02
   4.8300500e+02   7.2100000e-01   4.8335100e+02   1.0685224e+02
   4.8373900e+02   7.3400000e-01   4.8408100e+02   1.0731275e+02
   4.8449900e+02   7.6000000e-01   4.8485100e+02   1.0908693e+02
   4.8530500e+02   8.0500000e-01   4.8565100e+02   1.0898644e+02
   4.8613000e+02   8.2500000e-01   4.8647100e+02   1.0594253e+02
   4.8694200e+02   8.1200000e-01   4.8726100e+02   1.0512266e+02
   4.8772500e+02   7.8400000e-01   4.8805100e+02   1.0424622e+02
   4.8851400e+02   7.8900000e-01   4.8884100e+02   1.0202285e+02
   4.8930200e+02   7.8800000e-01   4.8962100e+02   1.0018080e+02
   4.9005300e+02   7.5100000e-01   4.9036100e+02   9.8529740e+01
   4.9079600e+02   7.4300000e-01   4.9112100e+02   9.8956313e+01
   4.9154500e+02   7.4900000e-01   4.9188100e+02   9.8900413e+01
   4.9229600e+02   7.5100000e-01   4.9260100e+02   9.8664167e+01
   4.9303100e+02   7.3600000e-01   4.9334100e+02   9.8799260e+01
   4.9378400e+02   7.5300000e-01   4.9415100e+02   1.0019211e+02
   4.9454100e+02   7.5700000e-01   4.9484100e+02   9.9708972e+01
   4.9529800e+02   7.5700000e-01   4.9561100e+02   9.7979388e+01
   4.9605500e+02   7.5700000e-01   4.9632100e+02   9.8091854e+01
   4.9681800e+02   7.6300000e-01   4.9708100e+02   9.6328330e+01
   4.9756600e+02   7.4900000e-01   4.9783100e+02   9.5531084e+01
   4.9830500e+02   7.3900000e-01   4.9862100e+02   9.5238938e+01
   4.9905900e+02   7.5400000e-01   4.9940100e+02   9.5384678e+01
   4.9982100e+02   7.6200000e-01   5.0014100e+02   9.4879579e+01
   5.0058000e+02   7.5900000e-01   5.0090100e+02   9.4104294e+01
   5.0133900e+02   7.6000000e-01   5.0163100e+02   9.4564806e+01
   5.0209000e+02   7.5100000e-01   5.0239100e+02   9.3340987e+01
   5.0284200e+02   7.5100000e-01   5.0318100e+02   9.5126472e+01
   5.0360400e+02   7.6200000e-01   5.0391100e+02   9.4182820e+01
   5.0436600e+02   7.6200000e-01   5.0469100e+02   9.4172173e+01
   5.0511600e+02   7.5000000e-01   5.0540100e+02   9.3026215e+01
   5.0585000e+02   7.3400000e-01   5.0620100e+02   9.4115607e+01
   5.0660400e+02   7.5300000e-01   5.0695100e+02   9.5833878e+01
   5.0735400e+02   7.5000000e-01   5.0770100e+02   9.4912853e+01
   5.0810800e+02   7.5500000e-01   5.0846100e+02   9.5137785e+01
   5.0885900e+02   7.5100000e-01   5.0918100e+02   9.5463205e+01
   5.0960400e+02   7.4500000e-01   5.0995100e+02   9.5688138e+01
   5.1034100e+02   7.3700000e-01   5.1068100e+02   9.5306152e+01
   5.1106800e+02   7.2700000e-01   5.1136100e+02   9.5586985e+01
   5.1179000e+02   7.2300000e-01   5.1209100e+02   9.5609611e+01
   5.1249500e+02   7.0500000e-01   5.1279100e+02   9.4216760e+01
   5.1320300e+02   7.0800000e-01   5.1355100e+02   9.6957209e+01
   5.1391500e+02   7.1200000e-01   5.1427100e+02   9.8069228e+01
   5.1463100e+02   7.1600000e-01   5.1494100e+02   9.7226729e+01
   5.1536100e+02   7.3000000e-01   5.1566100e+02   9.6440796e+01
   5.1606600e+02   7.0400000e-01   5.1638100e+02   9.8529740e+01
   5.1679200e+02   7.2600000e-01   5.1712100e+02   9.9911278e+01
   5.1753100e+02   7.3900000e-01   5.1787100e+02   1.0005702e+02
   5.1827900e+02   7.4800000e-01   5.1861100e+02   9.9484040e+01
   5.1903900e+02   7.6000000e-01   5.1934100e+02   9.8855160e+01
   5.1979600e+02   7.5700000e-01   5.2008100e+02   9.7811021e+01
   5.2054300e+02   7.4700000e-01   5.2084100e+02   9.7080989e+01
   5.2128200e+02   7.3900000e-01   5.2155100e+02   9.6699003e+01
   5.2201300e+02   7.3100000e-01   5.2229100e+02   9.5463205e+01
   5.2273400e+02   7.2100000e-01   5.2303100e+02   9.6384230e+01
   5.2346000e+02   7.2600000e-01   5.2383100e+02   9.6103398e+01
   5.2418600e+02   7.2600000e-01   5.2448100e+02   9.6137337e+01
   5.2492600e+02   7.4000000e-01   5.2524100e+02   9.5665511e+01
   5.2567400e+02   7.4800000e-01   5.2596100e+02   9.6013558e+01
   5.2642200e+02   7.4700000e-01   5.2673100e+02   9.5542397e+01
   5.2717300e+02   7.5200000e-01   5.2751100e+02   9.5351404e+01
   5.2792600e+02   7.5200000e-01   5.2822100e+02   9.4789739e+01
   5.2867300e+02   7.4800000e-01   5.2894100e+02   9.2880475e+01
   5.2940000e+02   7.2600000e-01   5.2972100e+02   9.3396888e+01
   5.3013900e+02   7.3900000e-01   5.3045100e+02   9.3576567e+01
   5.3087000e+02   7.3100000e-01   5.3118100e+02   9.3553941e+01
   5.3159900e+02   7.2800000e-01   5.3191100e+02   9.3442140e+01
   5.3231500e+02   7.1600000e-01   5.3261100e+02   9.4048393e+01
   5.3302900e+02   7.1400000e-01   5.3330100e+02   9.2475862e+01
   5.3374600e+02   7.1600000e-01   5.3404100e+02   9.3655094e+01
   5.3447200e+02   7.2600000e-01   5.3479100e+02   9.4665959e+01
   5.3521700e+02   7.4400000e-01   5.3553100e+02   9.4362500e+01
   5.3598200e+02   7.6500000e-01   5.3634100e+02   9.3666407e+01
   5.3675500e+02   7.7400000e-01   5.3707100e+02   9.4160859e+01
   5.3752900e+02   7.7400000e-01   5.3784100e+02   9.3700347e+01
   5.3829200e+02   7.6200000e-01   5.3859100e+02   9.3498041e+01
   5.3903900e+02   7.4800000e-01   5.3931100e+02   9.4216760e+01
   5.3977500e+02   7.3600000e-01   5.4006100e+02   9.4373813e+01
   5.4049800e+02   7.2200000e-01   5.4080100e+02   9.4497593e+01
   5.4119700e+02   7.0000000e-01   5.4149100e+02   9.4396440e+01
   5.4190600e+02   7.0900000e-01   5.4226100e+02   9.6811469e+01
   5.4261400e+02   7.0700000e-01   5.4295100e+02   9.7732494e+01
   5.4333500e+02   7.2100000e-01   5.4368100e+02   9.7788395e+01
   5.4407200e+02   7.3700000e-01   5.4438100e+02   9.7192789e+01
   5.4480500e+02   7.3300000e-01   5.4510100e+02   9.7350508e+01
   5.4553200e+02   7.2600000e-01   5.4582100e+02   9.8327434e+01
   5.4606300e+02   5.3100000e-01   5.4636100e+02   9.8091854e+01
   5.4709000e+02   1.0270000e+00   5.4744100e+02   9.8214968e+01
   5.4788200e+02   7.9200000e-01   5.4823100e+02   9.7675928e+01
   5.4867400e+02   7.9200000e-01   5.4900100e+02   9.8843847e+01
   5.4943000e+02   7.5500000e-01   5.4975100e+02   9.8563680e+01
   5.5017500e+02   7.4500000e-01   5.5051100e+02   9.8023975e+01
   5.5091800e+02   7.4300000e-01   5.5122100e+02   1.0055147e+02
   5.5165300e+02   7.3500000e-01   5.5196100e+02   9.9326986e+01
   5.5238100e+02   7.2800000e-01   5.5269100e+02   1.0048359e+02
   5.5311000e+02   7.2900000e-01   5.5340100e+02   9.9742911e+01
   5.5385900e+02   7.4900000e-01   5.5421100e+02   9.9967178e+01
   5.5462500e+02   7.6600000e-01   5.5493100e+02   9.8675480e+01
   5.5537600e+02   7.5100000e-01   5.5569100e+02   9.7855608e+01
   5.5610600e+02   7.3000000e-01   5.5640100e+02   9.6643102e+01
   5.5683700e+02   7.3100000e-01   5.5711100e+02   9.6754903e+01
   5.5759500e+02   7.5800000e-01   5.5788100e+02   9.7159515e+01
   5.5833300e+02   7.3800000e-01   5.5860100e+02   9.5699451e+01
   5.5908900e+02   7.5600000e-01   5.5936100e+02   9.5407305e+01
   5.5984600e+02   7.5700000e-01   5.6011100e+02   9.4272660e+01
   5.6060000e+02   7.5400000e-01   5.6087100e+02   9.3475414e+01
   5.6133800e+02   7.3800000e-01   5.6161100e+02   9.2543076e+01
   5.6207400e+02   7.3600000e-01   5.6234100e+02   9.3149994e+01
   5.6280800e+02   7.3500000e-01   5.6311100e+02   9.3778874e+01
   5.6354300e+02   7.3500000e-01   5.6385100e+02   9.2981628e+01
   5.6427600e+02   7.3200000e-01   5.6458100e+02   9.2779322e+01
   5.6500200e+02   7.2600000e-01   5.6529100e+02   9.2722756e+01
   5.6571700e+02   7.1500000e-01   5.6599100e+02   9.2004037e+01
   5.6642500e+02   7.0800000e-01   5.6674100e+02   9.3901987e+01
   5.6713800e+02   7.1300000e-01   5.6744100e+02   9.4890892e+01
   5.6786300e+02   7.2500000e-01   5.6821100e+02   9.5025319e+01
   5.6861100e+02   7.4800000e-01   5.6893100e+02   9.3834774e+01
   5.6936200e+02   7.5100000e-01   5.6966100e+02   9.3576567e+01
   5.7012300e+02   7.6000000e-01   5.7045100e+02   9.4969419e+01
   5.7089100e+02   7.6800000e-01   5.7123100e+02   9.4688586e+01
   5.7166000e+02   7.6900000e-01   5.7197100e+02   9.2498489e+01
   5.7240400e+02   7.4400000e-01   5.7269100e+02   9.2037976e+01
   5.7315500e+02   7.5200000e-01   5.7349100e+02   9.2857848e+01
   5.7390900e+02   7.5300000e-01   5.7424100e+02   9.2127816e+01
   5.7465500e+02   7.4700000e-01   5.7497100e+02   9.1420410e+01
   5.7539000e+02   7.3400000e-01   5.7570100e+02   9.1532211e+01
   5.7613000e+02   7.4100000e-01   5.7647100e+02   9.2453236e+01
   5.7686700e+02   7.3600000e-01   5.7715100e+02   9.2172403e+01
   5.7760100e+02   7.3500000e-01   5.7792100e+02   9.1701243e+01
   5.7833600e+02   7.3400000e-01   5.7864100e+02   9.1049737e+01
   5.7906600e+02   7.3100000e-01   5.7938100e+02   9.1655990e+01
   5.7981000e+02   7.4400000e-01   5.8014100e+02   9.1970763e+01
   5.8055000e+02   7.4000000e-01   5.8087100e+02   9.1723204e+01
   5.8130200e+02   7.5100000e-01   5.8162100e+02   9.1341218e+01
   5.8206000e+02   7.5900000e-01   5.8237100e+02   9.1330570e+01
   5.8281700e+02   7.5700000e-01   5.8320100e+02   8.9791313e+01
   5.8355700e+02   7.4000000e-01   5.8389100e+02   9.1375157e+01
   5.8428400e+02   7.2800000e-01   5.8459100e+02   9.2666855e+01
   5.8502000e+02   7.3600000e-01   5.8537100e+02   9.3565254e+01
   5.8576800e+02   7.4800000e-01   5.8612100e+02   9.2768008e+01
   5.8649100e+02   7.2300000e-01   5.8684100e+02   9.3452788e+01
   5.8725600e+02   7.6500000e-01   5.8763100e+02   9.5306152e+01
   5.8803400e+02   7.7800000e-01   5.8837100e+02   9.5283525e+01
   5.8881700e+02   7.8300000e-01   5.8914100e+02   9.4115607e+01
   5.8959700e+02   7.8000000e-01   5.8988100e+02   9.3093428e+01
   5.9034900e+02   7.5100000e-01   5.9062100e+02   9.2093876e+01
   5.9110200e+02   7.5300000e-01   5.9141100e+02   9.2610955e+01
   5.9184400e+02   7.4200000e-01   5.9213100e+02   9.1835670e+01
   5.9257200e+02   7.2800000e-01   5.9286100e+02   9.1655990e+01
   5.9330300e+02   7.3100000e-01   5.9361100e+02   9.1363844e+01
   5.9402900e+02   7.2600000e-01   5.9436100e+02   9.1880923e+01
   5.9475500e+02   7.2600000e-01   5.9505100e+02   9.2296183e+01
   5.9546200e+02   7.0700000e-01   5.9575100e+02   9.1105638e+01
   5.9619000e+02   7.2800000e-01   5.9652100e+02   9.3542628e+01
   5.9691300e+02   7.2300000e-01   5.9724100e+02   9.4059706e+01
   5.9764600e+02   7.3400000e-01   5.9797100e+02   9.2610955e+01
   5.9838500e+02   7.3900000e-01   5.9874100e+02   9.0543972e+01
   5.9908100e+02   6.9500000e-01   5.9937100e+02   9.1386470e+01
   5.9980300e+02   7.2200000e-01   6.0011100e+02   9.2251595e+01
   6.0051900e+02   7.1600000e-01   6.0079100e+02   9.1611403e+01
   6.0124400e+02   7.2500000e-01   6.0158100e+02   9.3014902e+01
   6.0197500e+02   7.3100000e-01   6.0228100e+02   9.3385574e+01
   6.0271700e+02   7.4200000e-01   6.0304100e+02   9.3711660e+01
   6.0345200e+02   7.3600000e-01   6.0377100e+02   9.3801500e+01
   6.0418300e+02   7.3100000e-01   6.0449100e+02   9.4014454e+01
   6.0490700e+02   7.2400000e-01   6.0519100e+02   9.4542180e+01
   6.0561400e+02   7.0700000e-01   6.0591100e+02   9.4228073e+01
   6.0632900e+02   7.1500000e-01   6.0664100e+02   9.4138233e+01
   6.0703200e+02   7.0200000e-01   6.0732100e+02   9.4329226e+01
   6.0773100e+02   6.9900000e-01   6.0805100e+02   9.5283525e+01
   6.0843100e+02   7.0100000e-01   6.0874100e+02   9.6092750e+01
   6.0913900e+02   7.0800000e-01   6.0944100e+02   9.5598298e+01
   6.0983400e+02   6.9500000e-01   6.1015100e+02   9.5722077e+01
   6.1055800e+02   7.2400000e-01   6.1085100e+02   9.5845191e+01
   6.1126000e+02   7.0100000e-01   6.1158100e+02   9.7799708e+01
   6.1198800e+02   7.2900000e-01   6.1231100e+02   9.8495801e+01
   6.1273500e+02   7.4600000e-01   6.1304100e+02   9.8585641e+01
   6.1348100e+02   7.4700000e-01   6.1380100e+02   9.8630893e+01
   6.1421600e+02   7.3500000e-01   6.1452100e+02   9.9012879e+01
   6.1491200e+02   6.9600000e-01   6.1521100e+02   9.8630893e+01
   6.1563800e+02   7.2600000e-01   6.1595100e+02   1.0091083e+02
   6.1633900e+02   7.0200000e-01   6.1668100e+02   1.0175333e+02
   6.1703700e+02   6.9800000e-01   6.1737100e+02   1.0124756e+02
   6.1773300e+02   6.9600000e-01   6.1806100e+02   1.0164086e+02
   6.1842200e+02   6.8900000e-01   6.1877100e+02   1.0320208e+02
   6.1910800e+02   6.8600000e-01   6.1942100e+02   1.0433606e+02
   6.1978000e+02   6.7300000e-01   6.2011100e+02   1.0420163e+02
   6.2047200e+02   6.9200000e-01   6.2086100e+02   1.0672846e+02
   6.2115400e+02   6.8200000e-01   6.2148100e+02   1.0758227e+02
   6.2184400e+02   6.8900000e-01   6.2217100e+02   1.0767211e+02
   6.2254600e+02   7.0200000e-01   6.2288100e+02   1.0828968e+02
   6.2325500e+02   7.0900000e-01   6.2358100e+02   1.0887397e+02
   6.2399300e+02   7.3800000e-01   6.2432100e+02   1.1096292e+02
   6.2475000e+02   7.5700000e-01   6.2508100e+02   1.1052503e+02
   6.2548100e+02   7.3100000e-01   6.2581100e+02   1.0910955e+02
   6.2623800e+02   7.5600000e-01   6.2657100e+02   1.0889593e+02
   6.2699800e+02   7.6000000e-01   6.2732100e+02   1.0919939e+02
   6.2776300e+02   7.6400000e-01   6.2808100e+02   1.0753702e+02
   6.2851500e+02   7.5200000e-01   6.2883100e+02   1.0548202e+02
   6.2925000e+02   7.3600000e-01   6.2956100e+02   1.0517856e+02
   6.2998100e+02   7.3100000e-01   6.3030100e+02   1.0417901e+02
   6.3069000e+02   7.0900000e-01   6.3099100e+02   1.0210138e+02
   6.3140500e+02   7.1500000e-01   6.3173100e+02   1.0386490e+02
   6.3211800e+02   7.1200000e-01   6.3243100e+02   1.0456099e+02
   6.3283200e+02   7.1500000e-01   6.3314100e+02   1.0330323e+02
   6.3355800e+02   7.2600000e-01   6.3386100e+02   1.0239352e+02
   6.3426100e+02   7.0300000e-01   6.3457100e+02   1.0398801e+02
   6.3498800e+02   7.2700000e-01   6.3530100e+02   1.0550464e+02
   6.3570600e+02   7.1700000e-01   6.3603100e+02   1.0501019e+02
   6.3643800e+02   7.3300000e-01   6.3677100e+02   1.0565038e+02
   6.3717500e+02   7.3700000e-01   6.3752100e+02   1.0508872e+02
   6.3790600e+02   7.3100000e-01   6.3823100e+02   1.0483051e+02
   6.3862400e+02   7.1800000e-01   6.3896100e+02   1.0511134e+02
   6.3935200e+02   7.2800000e-01   6.3969100e+02   1.0430279e+02
   6.4008800e+02   7.3600000e-01   6.4042100e+02   1.0344897e+02
   6.4082900e+02   7.4000000e-01   6.4113100e+02   1.0112378e+02
   6.4154700e+02   7.1800000e-01   6.4190100e+02   1.0168545e+02
   6.4228600e+02   7.3900000e-01   6.4259100e+02   1.0115772e+02
   6.4302000e+02   7.3400000e-01   6.4331100e+02   1.0048359e+02
   6.4375200e+02   7.3200000e-01   6.4402100e+02   9.9607819e+01
   6.4447400e+02   7.2200000e-01   6.4475100e+02   9.9473392e+01
   6.4521000e+02   7.3600000e-01   6.4550100e+02   1.0093346e+02
   6.4596000e+02   7.5000000e-01   6.4632100e+02   1.0049490e+02
   6.4669300e+02   7.3300000e-01   6.4700100e+02   9.9821438e+01
   6.4742800e+02   7.3600000e-01   6.4775100e+02   9.9911278e+01
   6.4816700e+02   7.3900000e-01   6.4846100e+02   9.9416826e+01
   6.4888100e+02   7.1400000e-01   6.4921100e+02   1.0143856e+02
   6.4961600e+02   7.3400000e-01   6.4996100e+02   1.0348291e+02
   6.5035100e+02   7.3600000e-01   6.5070100e+02   1.0341503e+02
   6.5109300e+02   7.4200000e-01   6.5143100e+02   1.0295452e+02
   6.5182300e+02   7.3000000e-01   6.5214100e+02   1.0159561e+02
   6.5256500e+02   7.4100000e-01   6.5289100e+02   1.0360603e+02
   6.5331300e+02   7.4800000e-01   6.5365100e+02   1.0384227e+02
   6.5406900e+02   7.5600000e-01   6.5439100e+02   1.0259516e+02
   6.5482600e+02   7.5700000e-01   6.5511100e+02   1.0121429e+02
   6.5557000e+02   7.4500000e-01   6.5592100e+02   1.0178660e+02
   6.5631800e+02   7.4800000e-01   6.5664100e+02   1.0205612e+02
   6.5706800e+02   7.5000000e-01   6.5740100e+02   1.0149446e+02
   6.5781300e+02   7.4500000e-01   6.5813100e+02   1.0065262e+02
   6.5855000e+02   7.3700000e-01   6.5887100e+02   1.0123625e+02
   6.5929500e+02   7.4500000e-01   6.5962100e+02   1.0110182e+02
   6.6002700e+02   7.3200000e-01   6.6038100e+02   1.0203416e+02
   6.6078300e+02   7.5500000e-01   6.6112100e+02   1.0118035e+02
   6.6153400e+02   7.5200000e-01   6.6186100e+02   1.0049490e+02
   6.6228900e+02   7.5500000e-01   6.6256100e+02   9.8866473e+01
   6.6302000e+02   7.3100000e-01   6.6334100e+02   1.0005702e+02
   6.6376000e+02   7.4000000e-01   6.6408100e+02   9.9899965e+01
   6.6450400e+02   7.4300000e-01   6.6484100e+02   1.0014686e+02
   6.6524500e+02   7.4100000e-01   6.6555100e+02   9.9506666e+01
   6.6598300e+02   7.3800000e-01   6.6629100e+02   9.9237146e+01
   6.6671500e+02   7.3100000e-01   6.6704100e+02   1.0009096e+02
   6.6746000e+02   7.4500000e-01   6.6781100e+02   1.0077574e+02
   6.6821200e+02   7.5200000e-01   6.6852100e+02   1.0020342e+02
   6.6894400e+02   7.3100000e-01   6.6924100e+02   9.9158619e+01
   6.6970700e+02   7.6400000e-01   6.7005100e+02   9.9810125e+01
   6.7046700e+02   7.6000000e-01   6.7079100e+02   9.9349612e+01
   6.7123400e+02   7.6700000e-01   6.7150100e+02   9.7788395e+01
   6.7197400e+02   7.4000000e-01   6.7227100e+02   9.6901309e+01
   6.7271700e+02   7.4300000e-01   6.7303100e+02   9.6968522e+01
   6.7345500e+02   7.3800000e-01   6.7376100e+02   9.6452109e+01
   6.7418400e+02   7.2900000e-01   6.7449100e+02   9.4992045e+01
   6.7490500e+02   7.2100000e-01   6.7522100e+02   9.6294391e+01
   6.7564000e+02   7.3400000e-01   6.7596100e+02   9.5699451e+01
   6.7636800e+02   7.2900000e-01   6.7669100e+02   9.6070124e+01
   6.7710600e+02   7.3800000e-01   6.7741100e+02   9.5789291e+01
   6.7784400e+02   7.3800000e-01   6.7817100e+02   9.4812365e+01
   6.7856800e+02   7.2400000e-01   6.7886100e+02   9.5103846e+01
   6.7929500e+02   7.2700000e-01   6.7962100e+02   9.6103398e+01
   6.8002300e+02   7.2800000e-01   6.8038100e+02   9.6249803e+01
   6.8075500e+02   7.3200000e-01   6.8109100e+02   9.6710316e+01
   6.8148900e+02   7.3500000e-01   6.8182100e+02   9.6002910e+01
   6.8221700e+02   7.2700000e-01   6.8255100e+02   9.7092302e+01
   6.8294000e+02   7.2300000e-01   6.8327100e+02   9.8945000e+01
   6.8367800e+02   7.3900000e-01   6.8401100e+02   1.0000112e+02
   6.8443300e+02   7.5400000e-01   6.8477100e+02   1.0004571e+02
   6.8519700e+02   7.6400000e-01   6.8553100e+02   9.9293712e+01
   6.8594600e+02   7.4900000e-01   6.8626100e+02   9.9866025e+01
   6.8670900e+02   7.6300000e-01   6.8703100e+02   1.0034916e+02
   6.8747500e+02   7.6600000e-01   6.8780100e+02   9.9753559e+01
   6.8824400e+02   7.6900000e-01   6.8854100e+02   9.8855160e+01
   6.8898800e+02   7.4500000e-01   6.8929100e+02   9.7440348e+01
   6.8973600e+02   7.4800000e-01   6.9004100e+02   9.7777082e+01
   6.9047500e+02   7.3900000e-01   6.9079100e+02   9.8035288e+01
   6.9120700e+02   7.3200000e-01   6.9156100e+02   9.7429035e+01
   6.9191900e+02   7.1200000e-01   6.9229100e+02   9.9888652e+01
   6.9264500e+02   7.2600000e-01   6.9297100e+02   1.0039375e+02
   6.9337600e+02   7.3100000e-01   6.9371100e+02   1.0098936e+02
   6.9411900e+02   7.4300000e-01   6.9446100e+02   1.0200022e+02
   6.9486800e+02   7.5000000e-01   6.9519100e+02   1.0486445e+02
   6.9560000e+02   7.3100000e-01   6.9594100e+02   1.0584138e+02
   6.9632700e+02   7.2700000e-01   6.9664100e+02   1.0493166e+02
   6.9703900e+02   7.1200000e-01   6.9735100e+02   1.0506609e+02
   6.9774400e+02   7.0500000e-01   6.9807100e+02   1.0662731e+02
   6.9843300e+02   6.8900000e-01   6.9875100e+02   1.0764949e+02
   6.9910400e+02   6.7100000e-01   6.9941100e+02   1.0702061e+02
   6.9979600e+02   6.9200000e-01   7.0011100e+02   1.0873888e+02
   7.0046900e+02   6.7300000e-01   7.0077100e+02   1.1099686e+02
   7.0115200e+02   6.8300000e-01   7.0147100e+02   1.1192853e+02
   7.0185100e+02   6.9900000e-01   7.0218100e+02   1.1250151e+02
   7.0257900e+02   7.2800000e-01   7.0290100e+02   1.1356827e+02
   7.0334800e+02   7.6900000e-01   7.0368100e+02   1.1384911e+02
   7.0414300e+02   7.9500000e-01   7.0446100e+02   1.1251282e+02
   7.0496800e+02   8.2500000e-01   7.0532100e+02   1.1300727e+02
   7.0582500e+02   8.5700000e-01   7.0617100e+02   1.1141212e+02
   7.0671700e+02   8.9100000e-01   7.0704100e+02   1.0806541e+02
   7.0756800e+02   8.5200000e-01   7.0786100e+02   1.0527971e+02
   7.0838400e+02   8.1500000e-01   7.0866100e+02   1.0348291e+02
   7.0915600e+02   7.7300000e-01   7.0945100e+02   1.0189907e+02
   7.0991700e+02   7.6100000e-01   7.1022100e+02   1.0182054e+02
   7.1066800e+02   7.5100000e-01   7.1098100e+02   1.0134872e+02
   7.1140600e+02   7.3800000e-01   7.1172100e+02   1.0084362e+02
   7.1215800e+02   7.5100000e-01   7.1250100e+02   1.0244942e+02
   7.1291000e+02   7.5300000e-01   7.1324100e+02   1.0249467e+02
   7.1367500e+02   7.6500000e-01   7.1400100e+02   1.0266304e+02
   7.1444700e+02   7.7200000e-01   7.1472100e+02   1.0133740e+02
   7.1519600e+02   7.4900000e-01   7.1548100e+02   1.0116904e+02
   7.1595800e+02   7.6200000e-01   7.1630100e+02   1.0193301e+02
   7.1672500e+02   7.6700000e-01   7.1705100e+02   1.0109051e+02
   7.1747300e+02   7.4900000e-01   7.1777100e+02   1.0013555e+02
   7.1821700e+02   7.4400000e-01   7.1854100e+02   1.0077574e+02
   7.1898300e+02   7.6600000e-01   7.1931100e+02   1.0102330e+02
   7.1974900e+02   7.6600000e-01   7.2005100e+02   1.0019211e+02
   7.2049200e+02   7.4400000e-01   7.2082100e+02   1.0083230e+02
   7.2124400e+02   7.5200000e-01   7.2156100e+02   1.0124756e+02
   7.2200100e+02   7.5700000e-01   7.2230100e+02   1.0043900e+02
   7.2274700e+02   7.4600000e-01   7.2304100e+02   9.9888652e+01
   7.2349700e+02   7.5000000e-01   7.2385100e+02   1.0054016e+02
   7.2426200e+02   7.6400000e-01   7.2459100e+02   1.0067458e+02
   7.2502300e+02   7.6100000e-01   7.2533100e+02   9.9877339e+01
   7.2578400e+02   7.6100000e-01   7.2605100e+02   9.9068780e+01
   7.2654100e+02   7.5800000e-01   7.2681100e+02   9.8046601e+01
   7.2728900e+02   7.4800000e-01   7.2758100e+02   9.8193007e+01
   7.2804700e+02   7.5700000e-01   7.2831100e+02   9.7574775e+01
   7.2878600e+02   7.3900000e-01   7.2905100e+02   9.6440796e+01
   7.2951100e+02   7.2600000e-01   7.2982100e+02   9.6519323e+01
   7.3024400e+02   7.3200000e-01   7.3058100e+02   9.8810573e+01
   7.3097600e+02   7.3300000e-01   7.3132100e+02   9.9955865e+01
   7.3171200e+02   7.3600000e-01   7.3202100e+02   9.9428139e+01
   7.3244800e+02   7.3600000e-01   7.3280100e+02   1.0212400e+02
   7.3320300e+02   7.5500000e-01   7.3355100e+02   1.0372981e+02
   7.3396500e+02   7.6200000e-01   7.3431100e+02   1.0435869e+02
   7.3473400e+02   7.6900000e-01   7.3503100e+02   1.0258451e+02
   7.3549300e+02   7.5900000e-01   7.3580100e+02   1.0298846e+02
   7.3626600e+02   7.7300000e-01   7.3658100e+02   1.0250532e+02
   7.3703900e+02   7.7300000e-01   7.3735100e+02   1.0080968e+02
   7.3779200e+02   7.5300000e-01   7.3809100e+02   9.8743360e+01
   7.3853000e+02   7.3800000e-01   7.3880100e+02   9.8889100e+01
   7.3927200e+02   7.4200000e-01   7.3958100e+02   9.8754007e+01
   7.4001700e+02   7.4500000e-01   7.4036100e+02   9.8417274e+01
   7.4075900e+02   7.4200000e-01   7.4103100e+02   9.7350508e+01
   7.4148300e+02   7.2500000e-01   7.4176100e+02   9.6833430e+01
   7.4221500e+02   7.3200000e-01   7.4255100e+02   9.8248907e+01
   7.4296000e+02   7.4500000e-01   7.4325100e+02   9.7429035e+01
   7.4369300e+02   7.3300000e-01   7.4397100e+02   9.6272430e+01
   7.4441900e+02   7.2600000e-01   7.4470100e+02   9.6204551e+01
   7.4515300e+02   7.3400000e-01   7.4549100e+02   9.6788843e+01
   7.4588600e+02   7.3400000e-01   7.4622100e+02   9.5766664e+01
   7.4660500e+02   7.1800000e-01   7.4695100e+02   9.5497145e+01
   7.4734000e+02   7.3500000e-01   7.4769100e+02   9.5822565e+01
   7.4807900e+02   7.3900000e-01   7.4836100e+02   9.5598298e+01
   7.4882600e+02   7.4700000e-01   7.4914100e+02   9.5092532e+01
   7.4956000e+02   7.3400000e-01   7.4986100e+02   9.6384230e+01
   7.5030300e+02   7.4400000e-01   7.5059100e+02   9.5688138e+01
   7.5102200e+02   7.1800000e-01   7.5131100e+02   9.5542397e+01
   7.5175000e+02   7.2900000e-01   7.5207100e+02   9.6171277e+01
   7.5247400e+02   7.2300000e-01   7.5280100e+02   9.5598298e+01
   7.5319400e+02   7.2000000e-01   7.5352100e+02   9.6103398e+01
   7.5391400e+02   7.2000000e-01   7.5428100e+02   9.7563462e+01
   7.5463300e+02   7.1900000e-01   7.5499100e+02   9.8911726e+01
   7.5534200e+02   7.0900000e-01   7.5567100e+02   1.0024801e+02
   7.5604600e+02   7.0400000e-01   7.5635100e+02   1.0093346e+02
   7.5674300e+02   6.9700000e-01   7.5705100e+02   1.0284272e+02
   7.5742900e+02   6.8600000e-01   7.5775100e+02   1.0478526e+02
   7.5811400e+02   6.8500000e-01   7.5846100e+02   1.0602106e+02
   7.5880200e+02   6.8800000e-01   7.5913100e+02   1.0777327e+02
   7.5949100e+02   6.9000000e-01   7.5984100e+02   1.0804279e+02
   7.6019100e+02   6.9900000e-01   7.6050100e+02   1.0670584e+02
   7.6091600e+02   7.2600000e-01   7.6123100e+02   1.0782917e+02
   7.6168600e+02   7.6900000e-01   7.6204100e+02   1.0772801e+02
   7.6249300e+02   8.0700000e-01   7.6283100e+02   1.0642567e+02
   7.6331000e+02   8.1700000e-01   7.6360100e+02   1.0338176e+02
   7.6409900e+02   7.8900000e-01   7.6438100e+02   1.0016948e+02
   7.6488000e+02   7.8100000e-01   7.6515100e+02   1.0023670e+02
   7.6564500e+02   7.6500000e-01   7.6591100e+02   9.8923039e+01
   7.6640900e+02   7.6400000e-01   7.6668100e+02   9.7968074e+01
   7.6714200e+02   7.3200000e-01   7.6746100e+02   9.8091854e+01
   7.6787800e+02   7.3600000e-01   7.6814100e+02   9.7182142e+01
   7.6858000e+02   7.0200000e-01   7.6886100e+02   9.7889548e+01
   7.6928700e+02   7.0700000e-01   7.6955100e+02   9.8237594e+01
   7.7000600e+02   7.1900000e-01   7.7036100e+02   1.0061868e+02
   7.7071500e+02   7.0900000e-01   7.7104100e+02   1.0039375e+02
   7.7144200e+02   7.2700000e-01   7.7176100e+02   9.9877339e+01
   7.7217800e+02   7.3600000e-01   7.7253100e+02   1.0073115e+02
   7.7295700e+02   7.7900000e-01   7.7331100e+02   1.0061868e+02
   7.7375700e+02   8.0000000e-01   7.7411100e+02   9.9888652e+01
   7.7460100e+02   8.4400000e-01   7.7492100e+02   9.7866921e+01
   7.7541400e+02   8.1300000e-01   7.7571100e+02   9.7226729e+01
   7.7621700e+02   8.0300000e-01   7.7648100e+02   9.6788843e+01
   7.7702700e+02   8.0900000e-01   7.7729100e+02   9.5238938e+01
   7.7782200e+02   7.9500000e-01   7.7808100e+02   9.3419514e+01
   7.7859800e+02   7.7600000e-01   7.7886100e+02   9.1543524e+01
   7.7934900e+02   7.5100000e-01   7.7961100e+02   9.2183716e+01
   7.8011100e+02   7.6100000e-01   7.8037100e+02   9.1959449e+01
   7.8083700e+02   7.2700000e-01   7.8110100e+02   9.0881371e+01
   7.8157300e+02   7.3600000e-01   7.8183100e+02   9.0577911e+01
   7.8230300e+02   7.3000000e-01   7.8257100e+02   9.0802178e+01
   7.8304600e+02   7.4300000e-01   7.8331100e+02   9.0499385e+01
   7.8378200e+02   7.3600000e-01   7.8405100e+02   9.0858744e+01
   7.8451500e+02   7.3300000e-01   7.8481100e+02   9.1464997e+01
   7.8524600e+02   7.3200000e-01   7.8551100e+02   9.0802178e+01
   7.8597800e+02   7.3100000e-01   7.8624100e+02   9.1150890e+01
   7.8670000e+02   7.2200000e-01   7.8696100e+02   9.0532659e+01
   7.8741400e+02   7.1300000e-01   7.8768100e+02   9.0589225e+01
   7.8808600e+02   6.7200000e-01   7.8838100e+02   9.0476758e+01
   7.8878600e+02   7.0000000e-01   7.8910100e+02   9.3419514e+01
   7.8946700e+02   6.8200000e-01   7.8977100e+02   9.4385126e+01
   7.9014800e+02   6.8100000e-01   7.9049100e+02   9.5935031e+01
   7.9083900e+02   6.9100000e-01   7.9120100e+02   1.0005702e+02
   7.9155600e+02   7.1600000e-01   7.9190100e+02   1.0344897e+02
   7.9230300e+02   7.4700000e-01   7.9264100e+02   1.0312355e+02
   7.9309500e+02   7.9200000e-01   7.9340100e+02   1.0317945e+02
   7.9391100e+02   8.1600000e-01   7.9425100e+02   1.0469542e+02
   7.9470700e+02   7.9600000e-01   7.9502100e+02   1.0469542e+02
   7.9548100e+02   7.7400000e-01   7.9578100e+02   1.0437000e+02
   7.9623500e+02   7.5400000e-01   7.9653100e+02   1.0266304e+02
   7.9696700e+02   7.3300000e-01   7.9729100e+02   1.0195497e+02
   7.9768900e+02   7.2200000e-01   7.9800100e+02   1.0265173e+02
   7.9840200e+02   7.1300000e-01   7.9871100e+02   1.0341503e+02
   7.9910200e+02   7.0000000e-01   7.9941100e+02   1.0277484e+02
   7.9980400e+02   7.0200000e-01   8.0014100e+02   1.0514528e+02
   8.0051500e+02   7.1100000e-01   8.0085100e+02   1.0718897e+02
   8.0125500e+02   7.4000000e-01   8.0159100e+02   1.0682962e+02
   8.0202700e+02   7.7100000e-01   8.0239100e+02   1.0602106e+02
   8.0277900e+02   7.5200000e-01   8.0307100e+02   1.0552660e+02
   8.0355500e+02   7.7600000e-01   8.0387100e+02   1.0468477e+02
   8.0432900e+02   7.7400000e-01   8.0463100e+02   1.0440394e+02
   8.0511600e+02   7.8800000e-01   8.0546100e+02   1.0396539e+02
   8.0591100e+02   7.9500000e-01   8.0620100e+02   1.0161824e+02
   8.0670500e+02   7.9400000e-01   8.0697100e+02   1.0056278e+02
   8.0749500e+02   7.9000000e-01   8.0776100e+02   9.9012879e+01
   8.0825600e+02   7.6100000e-01   8.0852100e+02   9.8013327e+01
   8.0901300e+02   7.5700000e-01   8.0936100e+02   9.9383552e+01
   8.0976200e+02   7.5000000e-01   8.1009100e+02   9.9776186e+01
   8.1050200e+02   7.4000000e-01   8.1082100e+02   9.8732046e+01
   8.1123200e+02   7.3100000e-01   8.1157100e+02   1.0040506e+02
   8.1195400e+02   7.2200000e-01   8.1228100e+02   1.0174202e+02
   8.1267000e+02   7.1600000e-01   8.1298100e+02   1.0216859e+02
   8.1338100e+02   7.1200000e-01   8.1370100e+02   1.0358407e+02
   8.1408900e+02   7.0800000e-01   8.1438100e+02   1.0229237e+02
   8.1477600e+02   6.8700000e-01   8.1508100e+02   1.0223580e+02
   8.1546700e+02   6.9100000e-01   8.1580100e+02   1.0471805e+02
   8.1618000e+02   7.1200000e-01   8.1650100e+02   1.0633516e+02
   8.1690800e+02   7.2800000e-01   8.1724100e+02   1.0524577e+02
   8.1764800e+02   7.4000000e-01   8.1799100e+02   1.0514528e+02
   8.1841700e+02   7.6900000e-01   8.1873100e+02   1.0561644e+02
   8.1919800e+02   7.8100000e-01   8.1952100e+02   1.0514528e+02
   8.1997900e+02   7.8100000e-01   8.2028100e+02   1.0477461e+02
   8.2075500e+02   7.7500000e-01   8.2105100e+02   1.0419032e+02
   8.2151800e+02   7.6300000e-01   8.2185100e+02   1.0357275e+02
   8.2226700e+02   7.5000000e-01   8.2258100e+02   1.0261779e+02
   8.2300800e+02   7.4100000e-01   8.2330100e+02   1.0229237e+02
   8.2373900e+02   7.3100000e-01   8.2401100e+02   1.0183186e+02
   8.2443800e+02   6.9900000e-01   8.2474100e+02   1.0167414e+02
   8.2514100e+02   7.0200000e-01   8.2546100e+02   1.0344897e+02
   8.2584600e+02   7.0500000e-01   8.2618100e+02   1.0477461e+02
   8.2655800e+02   7.1200000e-01   8.2688100e+02   1.0547070e+02
   8.2728000e+02   7.2100000e-01   8.2759100e+02   1.0452705e+02
   8.2801000e+02   7.3000000e-01   8.2833100e+02   1.0483051e+02
   8.2874600e+02   7.3600000e-01   8.2908100e+02   1.0532496e+02
   8.2949700e+02   7.5100000e-01   8.2982100e+02   1.0447115e+02
   8.3024600e+02   7.5000000e-01   8.3054100e+02   1.0360603e+02
   8.3098300e+02   7.3700000e-01   8.3126100e+02   1.0257320e+02
   8.3171500e+02   7.3200000e-01   8.3198100e+02   1.0168545e+02
   8.3245200e+02   7.3700000e-01   8.3272100e+02   9.9708972e+01
   8.3318200e+02   7.3000000e-01   8.3344100e+02   9.9630445e+01
   8.3392100e+02   7.3900000e-01   8.3419100e+02   9.9922591e+01
   8.3467200e+02   7.5100000e-01   8.3496100e+02   9.9248459e+01
   8.3545200e+02   7.8000000e-01   8.3573100e+02   9.8013327e+01
   8.3624600e+02   7.9400000e-01   8.3652100e+02   9.7698555e+01
   8.3701800e+02   7.7200000e-01   8.3728100e+02   9.7541501e+01
   8.3777600e+02   7.5800000e-01   8.3804100e+02   9.6171277e+01
   8.3850500e+02   7.2900000e-01   8.3878100e+02   9.6901309e+01
   8.3924600e+02   7.4100000e-01   8.3958100e+02   9.6856056e+01
   8.3998400e+02   7.3800000e-01   8.4027100e+02   9.7249355e+01
   8.4071700e+02   7.3300000e-01   8.4100100e+02   9.7114263e+01
   8.4144300e+02   7.2600000e-01   8.4171100e+02   9.6901309e+01
   8.4216200e+02   7.1900000e-01   8.4246100e+02   9.8316121e+01
   8.4290400e+02   7.4100000e-01   8.4323100e+02   9.9877339e+01
   8.4366400e+02   7.6100000e-01   8.4400100e+02   9.9888652e+01
   8.4443800e+02   7.7400000e-01   8.4474100e+02   9.8866473e+01
   8.4520200e+02   7.6400000e-01   8.4553100e+02   1.0014686e+02
   8.4597600e+02   7.7400000e-01   8.4633100e+02   9.9753559e+01
   8.4675800e+02   7.8100000e-01   8.4707100e+02   9.9686346e+01
   8.4756200e+02   8.0400000e-01   8.4792100e+02   9.8574327e+01
   8.4836100e+02   7.9900000e-01   8.4870100e+02   9.7721181e+01
   8.4914300e+02   7.8300000e-01   8.4944100e+02   9.6878683e+01
   8.4990400e+02   7.6100000e-01   8.5017100e+02   9.6283077e+01
   8.5064400e+02   7.4000000e-01   8.5091100e+02   9.5519771e+01
   8.5137200e+02   7.2700000e-01   8.5170100e+02   9.5632237e+01
   8.5210100e+02   7.3000000e-01   8.5243100e+02   9.6372917e+01
   8.5279900e+02   6.9700000e-01   8.5318100e+02   9.6754903e+01
   8.5349200e+02   6.9300000e-01   8.5388100e+02   9.8911726e+01
   8.5419200e+02   7.0000000e-01   8.5452100e+02   9.9933904e+01
   8.5490900e+02   7.1700000e-01   8.5527100e+02   1.0204481e+02
   8.5563300e+02   7.2300000e-01   8.5599100e+02   1.0403327e+02
   8.5636500e+02   7.3200000e-01   8.5671100e+02   1.0541480e+02
   8.5710800e+02   7.4300000e-01   8.5745100e+02   1.0548202e+02
   8.5784200e+02   7.3500000e-01   8.5818100e+02   1.0561644e+02
   8.5856800e+02   7.2500000e-01   8.5886100e+02   1.0397670e+02
   8.5925600e+02   6.8900000e-01   8.5959100e+02   1.0465083e+02
   8.5996000e+02   7.0300000e-01   8.6028100e+02   1.0664994e+02
   8.6065900e+02   7.0000000e-01   8.6098100e+02   1.0630189e+02
   8.6135800e+02   6.9900000e-01   8.6169100e+02   1.0563907e+02
   8.6206100e+02   7.0200000e-01   8.6239100e+02   1.0709914e+02
   8.6276100e+02   7.0100000e-01   8.6312100e+02   1.0868298e+02
   8.6346400e+02   7.0300000e-01   8.6377100e+02   1.0949154e+02
   8.6416900e+02   7.0500000e-01   8.6447100e+02   1.0982827e+02
   8.6487700e+02   7.0800000e-01   8.6520100e+02   1.1014304e+02
   8.6559700e+02   7.2000000e-01   8.6593100e+02   1.1173754e+02
   8.6631900e+02   7.2200000e-01   8.6665100e+02   1.1074930e+02
   8.6705300e+02   7.3400000e-01   8.6737100e+02   1.1135622e+02
   8.6778900e+02   7.3600000e-01   8.6815100e+02   1.1127702e+02
   8.6851600e+02   7.2700000e-01   8.6883100e+02   1.1145670e+02
   8.6924000e+02   7.2400000e-01   8.6955100e+02   1.1173754e+02
   8.6996200e+02   7.2200000e-01   8.7029100e+02   1.1209690e+02
   8.7068200e+02   7.2000000e-01   8.7100100e+02   1.1189525e+02
   8.7140800e+02   7.2600000e-01   8.7173100e+02   1.1249019e+02
   8.7214600e+02   7.3900000e-01   8.7248100e+02   1.1192853e+02
   8.7287500e+02   7.2900000e-01   8.7321100e+02   1.1087308e+02
   8.7361900e+02   7.4400000e-01   8.7396100e+02   1.1154654e+02
   8.7435400e+02   7.3500000e-01   8.7469100e+02   1.1252413e+02
   8.7514800e+02   7.9400000e-01   8.7548100e+02   1.1126638e+02
   8.7596000e+02   8.1200000e-01   8.7629100e+02   1.0912087e+02
   8.7675400e+02   7.9400000e-01   8.7706100e+02   1.0699798e+02
   8.7753100e+02   7.7800000e-01   8.7786100e+02   1.0731275e+02
   8.7831100e+02   7.8000000e-01   8.7865100e+02   1.0678503e+02
   8.7907800e+02   7.6700000e-01   8.7943100e+02   1.0538086e+02
   8.7983900e+02   7.6000000e-01   8.8017100e+02   1.0392080e+02
   8.8059500e+02   7.5600000e-01   8.8086100e+02   1.0376375e+02
   8.8133200e+02   7.3600000e-01   8.8160100e+02   1.0323535e+02
   8.8205600e+02   7.2500000e-01   8.8237100e+02   1.0355013e+02
   8.8277800e+02   7.2100000e-01   8.8313100e+02   1.0390949e+02
   8.8350600e+02   7.2800000e-01   8.8384100e+02   1.0338176e+02
   8.8423200e+02   7.2600000e-01   8.8455100e+02   1.0319077e+02
   8.8498300e+02   7.5000000e-01   8.8535100e+02   1.0472936e+02
   8.8572800e+02   7.4500000e-01   8.8606100e+02   1.0510003e+02
   8.8649800e+02   7.7000000e-01   8.8685100e+02   1.0450509e+02
   8.8727200e+02   7.7400000e-01   8.8757100e+02   1.0344897e+02
   8.8803700e+02   7.6500000e-01   8.8831100e+02   1.0273025e+02
   8.8878900e+02   7.5200000e-01   8.8906100e+02   1.0151708e+02
   8.8952300e+02   7.3400000e-01   8.8980100e+02   1.0103394e+02
   8.9026700e+02   7.4400000e-01   8.9059100e+02   1.0128150e+02
   8.9101000e+02   7.4300000e-01   8.9133100e+02   1.0073115e+02
   8.9176100e+02   7.5000000e-01   8.9206100e+02   9.9989805e+01
   8.9247900e+02   7.1800000e-01   8.9276100e+02   9.9764872e+01
   8.9319600e+02   7.1700000e-01   8.9355100e+02   1.0106788e+02
   8.9393100e+02   7.3500000e-01   8.9430100e+02   1.0252795e+02
   8.9467600e+02   7.4500000e-01   8.9496100e+02   1.0102330e+02
   8.9545700e+02   7.8100000e-01   8.9578100e+02   1.0147250e+02
   8.9623900e+02   7.8200000e-01   8.9654100e+02   1.0079836e+02
   8.9701700e+02   7.7800000e-01   8.9728100e+02   9.9686346e+01
   8.9777900e+02   7.6300000e-01   8.9806100e+02   9.8563680e+01
   8.9851700e+02   7.3700000e-01   8.9879100e+02   9.7990701e+01
   8.9926100e+02   7.4400000e-01   8.9954100e+02   9.8462527e+01
   9.0000200e+02   7.4100000e-01   9.0027100e+02   9.7574775e+01
