   1.0910000e+00   6.8700000e-01   1.3910000e+00   9.1845096e+01
   1.7770000e+00   6.8600000e-01   2.0710000e+00   9.2035717e+01
   2.4330000e+00   6.5600000e-01   2.7310000e+00   9.2058112e+01
   3.0710000e+00   6.3800000e-01   3.3710000e+00   9.0633140e+01
   3.7000000e+00   6.2900000e-01   3.9910000e+00   9.1934677e+01
   4.3210000e+00   6.2100000e-01   4.6210000e+00   9.2327378e+01
   4.9640000e+00   6.4400000e-01   5.2510000e+00   9.3067988e+01
   5.7300000e+00   7.6600000e-01   6.0210000e+00   9.4066407e+01
   6.4950000e+00   7.6500000e-01   6.7910000e+00   9.3157570e+01
   7.2990000e+00   8.0400000e-01   7.5910000e+00   9.3696101e+01
   8.0780000e+00   7.7900000e-01   8.3710000e+00   9.2989344e+01
   8.8150000e+00   7.3700000e-01   9.1110000e+00   9.2248734e+01
   9.6840000e+00   8.6900000e-01   9.9810000e+00   9.1822700e+01
   1.0498000e+01   8.1400000e-01   1.0801000e+01   9.0677931e+01
   1.1239000e+01   7.4100000e-01   1.1541000e+01   9.0475851e+01
   1.1980000e+01   7.4200000e-01   1.2281000e+01   9.0790428e+01
   1.2815000e+01   8.3500000e-01   1.3111000e+01   9.0745117e+01
   1.3612000e+01   7.9700000e-01   1.3911000e+01   9.0027422e+01
   1.4339000e+01   7.2700000e-01   1.4641000e+01   8.9926383e+01
   1.5066000e+01   7.2600000e-01   1.5361000e+01   9.0341479e+01
   1.5874000e+01   8.0900000e-01   1.6171000e+01   8.9488891e+01
   1.6701000e+01   8.2700000e-01   1.7001000e+01   8.9174314e+01
   1.7476000e+01   7.7400000e-01   1.7771000e+01   9.0509705e+01
   1.8304000e+01   8.2800000e-01   1.8601000e+01   9.0532100e+01
   1.9081000e+01   7.7700000e-01   1.9381000e+01   9.0420123e+01
   1.9865000e+01   7.8400000e-01   2.0161000e+01   9.0947196e+01
   2.0718000e+01   8.5300000e-01   2.1021000e+01   9.0565954e+01
   2.1508000e+01   7.9000000e-01   2.1811000e+01   8.9264416e+01
   2.2278000e+01   7.7000000e-01   2.2581000e+01   9.0610744e+01
   2.3105000e+01   8.2700000e-01   2.3401000e+01   9.0319083e+01
   2.3902000e+01   7.9700000e-01   2.4201000e+01   8.8759218e+01
   2.4657000e+01   7.5500000e-01   2.4961000e+01   9.0128462e+01
   2.5479000e+01   8.2100000e-01   2.5771000e+01   9.0285230e+01
   2.6337000e+01   8.5800000e-01   2.6631000e+01   8.9847738e+01
   2.7144000e+01   8.0700000e-01   2.7451000e+01   8.8377975e+01
   2.7895000e+01   7.5100000e-01   2.8191000e+01   8.8860257e+01
   2.8645000e+01   7.5000000e-01   2.8941000e+01   8.9410247e+01
   2.9401000e+01   7.5600000e-01   2.9701000e+01   8.8736822e+01
   3.0106000e+01   7.0600000e-01   3.0411000e+01   9.0184190e+01
   3.0865000e+01   7.5800000e-01   3.1161000e+01   9.1396146e+01
   3.1888000e+01   1.0240000e+00   3.2181000e+01   9.2764869e+01
   3.2810000e+01   9.2100000e-01   3.3111000e+01   9.2136757e+01
   3.3679000e+01   8.7000000e-01   3.3981000e+01   9.3348191e+01
   3.4597000e+01   9.1800000e-01   3.4891000e+01   9.2203943e+01
   3.5438000e+01   8.4100000e-01   3.5741000e+01   9.1653953e+01
   3.6231000e+01   7.9300000e-01   3.6531000e+01   9.1968531e+01
   3.7070000e+01   8.3900000e-01   3.7371000e+01   9.0913864e+01
   3.7856000e+01   7.8600000e-01   3.8161000e+01   9.1508123e+01
   3.8609000e+01   7.5300000e-01   3.8911000e+01   9.1306564e+01
   3.9501000e+01   8.9200000e-01   3.9791000e+01   9.1631558e+01
   4.0458000e+01   9.5700000e-01   4.0761000e+01   9.1037299e+01
   4.1374000e+01   9.1600000e-01   4.1671000e+01   9.0958654e+01
   4.2272000e+01   8.9800000e-01   4.2571000e+01   9.0128462e+01
   4.3075000e+01   8.0300000e-01   4.3381000e+01   9.1137818e+01
   4.3901000e+01   8.2500000e-01   4.4201000e+01   9.0902405e+01
   4.4677000e+01   7.7600000e-01   4.4981000e+01   9.0722721e+01
   4.5487000e+01   8.1000000e-01   4.5781000e+01   9.0880010e+01
   4.6322000e+01   8.3500000e-01   4.6621000e+01   9.0375332e+01
   4.7103000e+01   7.8100000e-01   4.7401000e+01   9.0633140e+01
   4.7994000e+01   8.9100000e-01   4.8291000e+01   9.0958654e+01
   4.8900000e+01   9.0600000e-01   4.9201000e+01   8.9690450e+01
   4.9711000e+01   8.1100000e-01   5.0011000e+01   9.0228981e+01
   5.0595000e+01   8.8400000e-01   5.0901000e+01   9.1407604e+01
   5.1417000e+01   8.2200000e-01   5.1721000e+01   9.1284169e+01
   5.2251000e+01   8.3400000e-01   5.2551000e+01   9.1710202e+01
   5.3096000e+01   8.4500000e-01   5.3401000e+01   9.1238857e+01
   5.3867000e+01   7.7100000e-01   5.4171000e+01   9.1463332e+01
   5.4708000e+01   8.4100000e-01   5.5001000e+01   9.1328960e+01
   5.5499000e+01   7.9200000e-01   5.5801000e+01   9.0128462e+01
   5.6304000e+01   8.0400000e-01   5.6601000e+01   9.1261253e+01
   5.7145000e+01   8.4100000e-01   5.7441000e+01   9.0778970e+01
   5.7948000e+01   8.0300000e-01   5.8251000e+01   9.1003445e+01
   5.8804000e+01   8.5500000e-01   5.9101000e+01   9.0790428e+01
   5.9559000e+01   7.5500000e-01   5.9861000e+01   9.1171671e+01
   6.0355000e+01   7.9700000e-01   6.0651000e+01   9.1519581e+01
   6.1130000e+01   7.7500000e-01   6.1431000e+01   9.1126880e+01
   6.1861000e+01   7.3000000e-01   6.2161000e+01   9.1452395e+01
   6.2650000e+01   7.8900000e-01   6.2941000e+01   9.1710202e+01
   6.3455000e+01   8.0500000e-01   6.3751000e+01   9.1284169e+01
   6.4207000e+01   7.5200000e-01   6.4501000e+01   9.0464914e+01
   6.5008000e+01   8.0200000e-01   6.5301000e+01   9.1878428e+01
   6.5822000e+01   8.1400000e-01   6.6121000e+01   9.0756575e+01
   6.6612000e+01   7.9000000e-01   6.6911000e+01   9.1137818e+01
   6.7496000e+01   8.8500000e-01   6.7791000e+01   9.1575830e+01
   6.8308000e+01   8.1200000e-01   6.8611000e+01   9.0453456e+01
   6.9166000e+01   8.5800000e-01   6.9461000e+01   9.0262834e+01
   6.9961000e+01   7.9500000e-01   7.0261000e+01   8.9567015e+01
   7.0710000e+01   7.4900000e-01   7.1011000e+01   8.9993569e+01
   7.1496000e+01   7.8600000e-01   7.1791000e+01   9.0633140e+01
   7.2232000e+01   7.3600000e-01   7.2531000e+01   8.9847738e+01
   7.3025000e+01   7.9300000e-01   7.3321000e+01   9.0049818e+01
   7.3829000e+01   8.0400000e-01   7.4131000e+01   8.9455038e+01
   7.4585000e+01   7.5600000e-01   7.4881000e+01   8.9600868e+01
   7.5415000e+01   8.3100000e-01   7.5711000e+01   9.0375332e+01
   7.6216000e+01   8.0000000e-01   7.6521000e+01   8.9533682e+01
   7.6966000e+01   7.5000000e-01   7.7271000e+01   8.9735761e+01
   7.7770000e+01   8.0400000e-01   7.8061000e+01   8.9197230e+01
   7.8618000e+01   8.4800000e-01   7.8921000e+01   8.7805590e+01
   7.9374000e+01   7.5600000e-01   7.9671000e+01   8.8119647e+01
   8.0177000e+01   8.0300000e-01   8.0471000e+01   8.9006088e+01
   8.0953000e+01   7.7500000e-01   8.1251000e+01   8.8333184e+01
   8.1685000e+01   7.3200000e-01   8.1981000e+01   8.8759218e+01
   8.2475000e+01   7.9100000e-01   8.2771000e+01   8.9006088e+01
   8.3278000e+01   8.0300000e-01   8.3581000e+01   8.7671218e+01
   8.4036000e+01   7.5800000e-01   8.4341000e+01   8.8927444e+01
   8.4832000e+01   7.9600000e-01   8.5131000e+01   8.9836280e+01
   8.5662000e+01   8.3000000e-01   8.5961000e+01   9.0060755e+01
   8.6438000e+01   7.7500000e-01   8.6741000e+01   9.0363874e+01
   8.7227000e+01   7.9000000e-01   8.7521000e+01   9.1194066e+01
   8.8070000e+01   8.4300000e-01   8.8371000e+01   9.1384688e+01
   8.8874000e+01   8.0400000e-01   8.9171000e+01   9.0947196e+01
   8.9626000e+01   7.5200000e-01   8.9931000e+01   9.0991987e+01
   9.0348000e+01   7.2200000e-01   9.0651000e+01   9.1946135e+01
   9.1156000e+01   8.0800000e-01   9.1451000e+01   9.2742474e+01
   9.1991000e+01   8.3500000e-01   9.2291000e+01   9.3651311e+01
   9.2748000e+01   7.5700000e-01   9.3051000e+01   9.3696101e+01
   9.3498000e+01   7.5000000e-01   9.3791000e+01   9.5244509e+01
   9.4314000e+01   8.1600000e-01   9.4611000e+01   9.5345549e+01
   9.5139000e+01   8.2600000e-01   9.5431000e+01   9.4717436e+01
   9.5918000e+01   7.7900000e-01   9.6221000e+01   9.4470565e+01
   9.6742000e+01   8.2400000e-01   9.7041000e+01   9.4638791e+01
   9.7638000e+01   8.9500000e-01   9.7931000e+01   9.4178904e+01
   9.8442000e+01   8.0400000e-01   9.8741000e+01   9.2495604e+01
   9.9168000e+01   7.2700000e-01   9.9471000e+01   9.2798723e+01
   9.9963000e+01   7.9400000e-01   1.0025100e+02   9.3011740e+01
   1.0078700e+02   8.2400000e-01   1.0108100e+02   9.2462271e+01
   1.0154900e+02   7.6200000e-01   1.0185100e+02   9.3023198e+01
   1.0242900e+02   8.8000000e-01   1.0272100e+02   9.3146633e+01
   1.0328700e+02   8.5800000e-01   1.0359100e+02   9.1754993e+01
   1.0411400e+02   8.2600000e-01   1.0441100e+02   9.3090384e+01
   1.0497600e+02   8.6200000e-01   1.0527100e+02   9.2540395e+01
   1.0574600e+02   7.7000000e-01   1.0604100e+02   9.1900824e+01
   1.0659900e+02   8.5300000e-01   1.0690100e+02   9.1979468e+01
   1.0740300e+02   8.0500000e-01   1.0770100e+02   9.1889886e+01
   1.0824100e+02   8.3700000e-01   1.0854100e+02   9.2203943e+01
   1.0909200e+02   8.5200000e-01   1.0939100e+02   9.2372169e+01
   1.0989500e+02   8.0300000e-01   1.1019100e+02   9.1620621e+01
   1.1079200e+02   8.9700000e-01   1.1109100e+02   9.1440937e+01
   1.1159500e+02   8.0200000e-01   1.1189100e+02   9.0936259e+01
   1.1235200e+02   7.5700000e-01   1.1265100e+02   9.1407604e+01
   1.1316200e+02   8.1100000e-01   1.1346100e+02   9.1328960e+01
   1.1391300e+02   7.5100000e-01   1.1421100e+02   9.2136757e+01
   1.1470900e+02   7.9600000e-01   1.1500100e+02   9.1687807e+01
   1.1560700e+02   8.9800000e-01   1.1590100e+02   9.1452395e+01
   1.1639200e+02   7.8500000e-01   1.1669100e+02   9.1553434e+01
   1.1718000e+02   7.8800000e-01   1.1747100e+02   9.2080508e+01
   1.1801500e+02   8.3500000e-01   1.1831100e+02   9.1912282e+01
   1.1876900e+02   7.5400000e-01   1.1907100e+02   9.2069570e+01
   1.1958200e+02   8.1300000e-01   1.1988100e+02   9.3292463e+01
   1.2038800e+02   8.0600000e-01   1.2068100e+02   9.1833637e+01
   1.2114300e+02   7.5500000e-01   1.2144100e+02   9.2181547e+01
   1.2195400e+02   8.1100000e-01   1.2225100e+02   9.2058112e+01
   1.2269900e+02   7.4500000e-01   1.2300100e+02   9.1598225e+01
   1.2343200e+02   7.3300000e-01   1.2372100e+02   9.2114361e+01
   1.2422300e+02   7.9100000e-01   1.2452100e+02   9.2248734e+01
   1.2497400e+02   7.5100000e-01   1.2527100e+02   9.2271129e+01
   1.2573900e+02   7.6400000e-01   1.2603100e+02   9.3146633e+01
   1.2654900e+02   8.1000000e-01   1.2684100e+02   9.3101842e+01
   1.2730600e+02   7.5700000e-01   1.2760100e+02   9.3572666e+01
   1.2815000e+02   8.4400000e-01   1.2844100e+02   9.4807017e+01
   1.2892100e+02   7.7000000e-01   1.2922100e+02   9.4492961e+01
   1.2968900e+02   7.6800000e-01   1.2998100e+02   9.4918994e+01
   1.3055300e+02   8.6400000e-01   1.3084100e+02   9.5592419e+01
   1.3131500e+02   7.6200000e-01   1.3161100e+02   9.4369526e+01
   1.3206000e+02   7.4500000e-01   1.3235100e+02   9.5783040e+01
   1.3293500e+02   8.7600000e-01   1.3323100e+02   9.4750768e+01
   1.3372800e+02   7.9300000e-01   1.3403100e+02   9.4010158e+01
   1.3446800e+02   7.4000000e-01   1.3476100e+02   9.4246091e+01
   1.3528000e+02   8.1300000e-01   1.3557100e+02   9.3954430e+01
   1.3603400e+02   7.5300000e-01   1.3633100e+02   9.3539334e+01
   1.3682600e+02   7.9200000e-01   1.3712100e+02   9.3763808e+01
   1.3767900e+02   8.5300000e-01   1.3797100e+02   9.2978407e+01
   1.3845600e+02   7.7700000e-01   1.3875100e+02   9.2764869e+01
   1.3930800e+02   8.5200000e-01   1.3960100e+02   9.2877367e+01
   1.4019700e+02   8.8900000e-01   1.4049100e+02   9.1878428e+01
   1.4098900e+02   7.9200000e-01   1.4129100e+02   9.0655535e+01
   1.4176000e+02   7.7100000e-01   1.4206100e+02   9.1082089e+01
   1.4261600e+02   8.5600000e-01   1.4291100e+02   9.1238857e+01
   1.4344700e+02   8.3200000e-01   1.4375100e+02   9.0823761e+01
   1.4418700e+02   7.4000000e-01   1.4449100e+02   9.1205525e+01
   1.4499100e+02   8.0400000e-01   1.4528100e+02   9.1777388e+01
   1.4586200e+02   8.7000000e-01   1.4616100e+02   9.1452395e+01
   1.4663100e+02   7.7000000e-01   1.4693100e+02   9.1598225e+01
   1.4741700e+02   7.8600000e-01   1.4771100e+02   9.3045593e+01
   1.4826300e+02   8.4600000e-01   1.4856100e+02   9.1856033e+01
   1.4903500e+02   7.7200000e-01   1.4933100e+02   9.2024259e+01
   1.4990600e+02   8.7200000e-01   1.5020100e+02   9.3483085e+01
   1.5081400e+02   9.0700000e-01   1.5111100e+02   9.2966949e+01
   1.5160700e+02   7.9300000e-01   1.5191100e+02   9.2989344e+01
   1.5241200e+02   8.0500000e-01   1.5271100e+02   9.3359649e+01
   1.5319300e+02   7.8000000e-01   1.5349100e+02   9.2989344e+01
   1.5391200e+02   7.2000000e-01   1.5421100e+02   9.2170089e+01
   1.5469900e+02   7.8700000e-01   1.5499100e+02   9.3729955e+01
   1.5559500e+02   8.9600000e-01   1.5589100e+02   9.2641434e+01
   1.5641800e+02   8.2300000e-01   1.5672100e+02   9.3281005e+01
   1.5720100e+02   7.8200000e-01   1.5750100e+02   9.3774746e+01
   1.5803500e+02   8.3400000e-01   1.5833100e+02   9.3797141e+01
   1.5881500e+02   7.8000000e-01   1.5911100e+02   9.3359649e+01
   1.5955600e+02   7.4200000e-01   1.5985100e+02   9.3729955e+01
   1.6036100e+02   8.0500000e-01   1.6065100e+02   9.2619039e+01
   1.6111600e+02   7.5500000e-01   1.6141100e+02   9.2406022e+01
   1.6187600e+02   7.6100000e-01   1.6217100e+02   9.2652892e+01
   1.6267400e+02   7.9800000e-01   1.6297100e+02   9.3348191e+01
   1.6342300e+02   7.4900000e-01   1.6372100e+02   9.3090384e+01
   1.6419600e+02   7.7300000e-01   1.6449100e+02   9.3471626e+01
   1.6508500e+02   8.8900000e-01   1.6538100e+02   9.3303401e+01
   1.6589900e+02   8.1400000e-01   1.6620100e+02   9.2383627e+01
   1.6664100e+02   7.4200000e-01   1.6694100e+02   9.2641434e+01
   1.6741300e+02   7.7200000e-01   1.6771100e+02   9.2304982e+01
   1.6824500e+02   8.3200000e-01   1.6854100e+02   9.2596643e+01
   1.6905000e+02   8.0500000e-01   1.6935100e+02   9.2787265e+01
   1.6992100e+02   8.7100000e-01   1.7022100e+02   9.4526294e+01
   1.7089600e+02   9.7500000e-01   1.7119100e+02   9.4302340e+01
   1.7175900e+02   8.6300000e-01   1.7206100e+02   9.4111197e+01
   1.7264500e+02   8.8600000e-01   1.7294100e+02   9.4234633e+01
   1.7353300e+02   8.8800000e-01   1.7383100e+02   9.3572666e+01
   1.7432800e+02   7.9600000e-01   1.7463100e+02   9.3841932e+01
   1.7519500e+02   8.6700000e-01   1.7549100e+02   9.3752350e+01
   1.7601000e+02   8.1500000e-01   1.7631100e+02   9.2282587e+01
   1.7678000e+02   7.7000000e-01   1.7708100e+02   9.2708620e+01
   1.7765300e+02   8.7300000e-01   1.7795100e+02   9.3539334e+01
   1.7846800e+02   8.1500000e-01   1.7877100e+02   9.2181547e+01
   1.7927500e+02   8.0800000e-01   1.7957100e+02   9.3449231e+01
   1.8011600e+02   8.4100000e-01   1.8041100e+02   9.1968531e+01
   1.8088400e+02   7.6800000e-01   1.8118100e+02   9.2888304e+01
   1.8166200e+02   7.7900000e-01   1.8196100e+02   9.3281005e+01
   1.8248300e+02   8.2100000e-01   1.8278100e+02   9.3135175e+01
   1.8324500e+02   7.6200000e-01   1.8354100e+02   9.3337254e+01
   1.8404100e+02   7.9600000e-01   1.8433100e+02   9.3976825e+01
   1.8489700e+02   8.5600000e-01   1.8519100e+02   9.3999220e+01
   1.8569300e+02   7.9600000e-01   1.8599100e+02   9.4403379e+01
   1.8656100e+02   8.6800000e-01   1.8685100e+02   9.3662769e+01
   1.8743500e+02   8.7400000e-01   1.8773100e+02   9.3011740e+01
   1.8821400e+02   7.7900000e-01   1.8851100e+02   9.3078926e+01
   1.8907000e+02   8.5600000e-01   1.8936100e+02   9.4414317e+01
   1.8998900e+02   9.2000000e-01   1.9029100e+02   9.2966949e+01
   1.9078300e+02   7.9300000e-01   1.9108100e+02   9.2989344e+01
   1.9155300e+02   7.7000000e-01   1.9185100e+02   9.3628915e+01
   1.9239700e+02   8.4400000e-01   1.9269100e+02   9.4515356e+01
   1.9320200e+02   8.0500000e-01   1.9350100e+02   9.4358068e+01
   1.9401300e+02   8.1200000e-01   1.9431100e+02   9.4750768e+01
   1.9500200e+02   9.8900000e-01   1.9530100e+02   9.3325796e+01
   1.9588500e+02   8.8300000e-01   1.9619100e+02   9.2888304e+01
   1.9672900e+02   8.4400000e-01   1.9703100e+02   9.3371108e+01
   1.9753400e+02   8.0500000e-01   1.9783100e+02   9.4246091e+01
   1.9829300e+02   7.6000000e-01   1.9859100e+02   9.4908057e+01
   1.9916600e+02   8.7300000e-01   1.9946100e+02   9.5357007e+01
   2.0001800e+02   8.5200000e-01   2.0032100e+02   9.3909639e+01
   2.0080200e+02   7.8400000e-01   2.0110100e+02   9.5199718e+01
   2.0171400e+02   9.1300000e-01   2.0201100e+02   9.5020034e+01
   2.0256500e+02   8.5100000e-01   2.0286100e+02   9.4683582e+01
   2.0338400e+02   8.1900000e-01   2.0368100e+02   9.5805435e+01
   2.0427300e+02   8.8900000e-01   2.0457100e+02   9.4324735e+01
   2.0509100e+02   8.1800000e-01   2.0539100e+02   9.4470565e+01
   2.0595100e+02   8.5900000e-01   2.0625100e+02   9.4145051e+01
   2.0673200e+02   7.8100000e-01   2.0703100e+02   9.4201300e+01
   2.0756600e+02   8.3500000e-01   2.0786100e+02   9.3617457e+01
   2.0838900e+02   8.2300000e-01   2.0869100e+02   9.3707559e+01
   2.0925300e+02   8.6400000e-01   2.0955100e+02   9.4066407e+01
   2.1017900e+02   9.2700000e-01   2.1048100e+02   9.4683582e+01
   2.1102800e+02   8.4800000e-01   2.1133100e+02   9.5861684e+01
   2.1193100e+02   9.0400000e-01   2.1223100e+02   9.5772103e+01
   2.1274700e+02   8.1500000e-01   2.1305100e+02   9.4515356e+01
   2.1352700e+02   7.8000000e-01   2.1382100e+02   9.4975243e+01
   2.1439800e+02   8.7100000e-01   2.1469100e+02   9.4896599e+01
   2.1519300e+02   7.9500000e-01   2.1549100e+02   9.4773164e+01
   2.1605800e+02   8.6500000e-01   2.1635100e+02   9.5760645e+01
   2.1690500e+02   8.4800000e-01   2.1720100e+02   9.5121074e+01
   2.1765900e+02   7.5400000e-01   2.1796100e+02   9.5334611e+01
   2.1846900e+02   8.1000000e-01   2.1876100e+02   9.5704917e+01
   2.1930800e+02   8.3900000e-01   2.1960100e+02   9.4324735e+01
   2.2005700e+02   7.4900000e-01   2.2035100e+02   9.4369526e+01
   2.2085500e+02   7.9800000e-01   2.2115100e+02   9.5614814e+01
   2.2172900e+02   8.7400000e-01   2.2202100e+02   9.4223695e+01
   2.2251400e+02   7.8600000e-01   2.2281100e+02   9.4997639e+01
   2.2331900e+02   8.0400000e-01   2.2361100e+02   9.5300758e+01
   2.2416600e+02   8.4700000e-01   2.2446100e+02   9.4033074e+01
   2.2494300e+02   7.7700000e-01   2.2524100e+02   9.3763808e+01
   2.2570000e+02   7.5700000e-01   2.2599100e+02   9.4178904e+01
   2.2655400e+02   8.5500000e-01   2.2684100e+02   9.4257028e+01
   2.2738200e+02   8.2800000e-01   2.2768100e+02   9.3954430e+01
   2.2818900e+02   8.0600000e-01   2.2848100e+02   9.4302340e+01
   2.2908400e+02   8.9500000e-01   2.2938100e+02   9.4033074e+01
   2.2991600e+02   8.3200000e-01   2.3021100e+02   9.3841932e+01
   2.3075000e+02   8.3400000e-01   2.3104100e+02   9.3999220e+01
   2.3157000e+02   8.2000000e-01   2.3187100e+02   9.3438294e+01
   2.3231100e+02   7.4100000e-01   2.3261100e+02   9.3550271e+01
   2.3309300e+02   7.8100000e-01   2.3339100e+02   9.3718497e+01
   2.3392100e+02   8.2800000e-01   2.3422100e+02   9.3281005e+01
   2.3470700e+02   7.8600000e-01   2.3500100e+02   9.3505480e+01
   2.3556500e+02   8.5800000e-01   2.3586100e+02   9.3527875e+01
   2.3640300e+02   8.3800000e-01   2.3670100e+02   9.3236214e+01
   2.3719600e+02   7.9300000e-01   2.3749100e+02   9.3740892e+01
   2.3804000e+02   8.4400000e-01   2.3834100e+02   9.3505480e+01
   2.3879800e+02   7.5800000e-01   2.3910100e+02   9.3673706e+01
   2.3962800e+02   8.2900000e-01   2.3992100e+02   9.3942972e+01
   2.4044700e+02   8.2000000e-01   2.4074100e+02   9.3426836e+01
   2.4120900e+02   7.6200000e-01   2.4151100e+02   9.3786204e+01
   2.4205400e+02   8.4500000e-01   2.4235100e+02   9.3819536e+01
   2.4285000e+02   7.9500000e-01   2.4315100e+02   9.3438294e+01
   2.4360200e+02   7.5200000e-01   2.4390100e+02   9.3864327e+01
   2.4442900e+02   8.2700000e-01   2.4472100e+02   9.3954430e+01
   2.4518500e+02   7.5600000e-01   2.4548100e+02   9.3786204e+01
   2.4592900e+02   7.4300000e-01   2.4622100e+02   9.4358068e+01
   2.4673700e+02   8.0800000e-01   2.4703100e+02   9.4807017e+01
   2.4749600e+02   7.5900000e-01   2.4779100e+02   9.4391921e+01
   2.4830700e+02   8.1100000e-01   2.4860100e+02   9.4851808e+01
   2.4912200e+02   8.1500000e-01   2.4942100e+02   9.4492961e+01
   2.4988100e+02   7.6000000e-01   2.5018100e+02   9.5009097e+01
   2.5071500e+02   8.3400000e-01   2.5101100e+02   9.6198136e+01
   2.5151700e+02   8.0200000e-01   2.5182100e+02   9.4818475e+01
   2.5227400e+02   7.5700000e-01   2.5257100e+02   9.5211176e+01
   2.5310300e+02   8.2900000e-01   2.5339100e+02   9.4975243e+01
   2.5386900e+02   7.6600000e-01   2.5417100e+02   9.4705978e+01
   2.5467300e+02   8.0400000e-01   2.5496100e+02   9.5794498e+01
   2.5549700e+02   8.2500000e-01   2.5579100e+02   9.5255967e+01
   2.5626000e+02   7.6200000e-01   2.5656100e+02   9.4268486e+01
   2.5705700e+02   7.9700000e-01   2.5735100e+02   9.4773164e+01
   2.5794200e+02   8.8500000e-01   2.5823100e+02   9.4571605e+01
   2.5872900e+02   7.8700000e-01   2.5903100e+02   9.4223695e+01
   2.5948000e+02   7.5100000e-01   2.5977100e+02   9.4616396e+01
   2.6035000e+02   8.7000000e-01   2.6064100e+02   9.4638791e+01
   2.6116700e+02   8.1700000e-01   2.6147100e+02   9.4055469e+01
   2.6192200e+02   7.5500000e-01   2.6222100e+02   9.4571605e+01
   2.6276000e+02   8.3700000e-01   2.6305100e+02   9.4840871e+01
   2.6357000e+02   8.1100000e-01   2.6387100e+02   9.4313277e+01
   2.6432200e+02   7.5200000e-01   2.6462100e+02   9.5547628e+01
   2.6516200e+02   8.3900000e-01   2.6545100e+02   9.5727312e+01
   2.6600000e+02   8.3900000e-01   2.6630100e+02   9.4997639e+01
   2.6677100e+02   7.7100000e-01   2.6707100e+02   9.5065346e+01
   2.6765600e+02   8.8500000e-01   2.6795100e+02   9.4088802e+01
   2.6848100e+02   8.2500000e-01   2.6878100e+02   9.3303401e+01
   2.6922900e+02   7.4800000e-01   2.6953100e+02   9.3595062e+01
   2.7003900e+02   8.1000000e-01   2.7033100e+02   9.3999220e+01
   2.7082700e+02   7.8800000e-01   2.7113100e+02   9.2764869e+01
   2.7158700e+02   7.6000000e-01   2.7188100e+02   9.4268486e+01
   2.7249400e+02   9.0700000e-01   2.7279100e+02   9.4380463e+01
   2.7338100e+02   8.8700000e-01   2.7368100e+02   9.3651311e+01
   2.7419700e+02   8.1600000e-01   2.7450100e+02   9.3830995e+01
   2.7504500e+02   8.4800000e-01   2.7534100e+02   9.3729955e+01
   2.7582300e+02   7.7800000e-01   2.7613100e+02   9.3314859e+01
   2.7658500e+02   7.6200000e-01   2.7688100e+02   9.3853390e+01
   2.7742300e+02   8.3800000e-01   2.7772100e+02   9.4335672e+01
   2.7831800e+02   8.9500000e-01   2.7861100e+02   9.3808599e+01
   2.7910600e+02   7.8800000e-01   2.7941100e+02   9.3729955e+01
   2.7995200e+02   8.4500000e-01   2.8025100e+02   9.4100260e+01
   2.8081700e+02   8.6500000e-01   2.8112100e+02   9.3449231e+01
   2.8162300e+02   8.0500000e-01   2.8192100e+02   9.3718497e+01
   2.8247300e+02   8.5000000e-01   2.8277100e+02   9.3707559e+01
   2.8326500e+02   7.9300000e-01   2.8357100e+02   9.3146633e+01
   2.8401700e+02   7.5200000e-01   2.8431100e+02   9.3673706e+01
   2.8480900e+02   7.9200000e-01   2.8510100e+02   9.3819536e+01
   2.8553600e+02   7.2600000e-01   2.8583100e+02   9.3516938e+01
   2.8625600e+02   7.2000000e-01   2.8655100e+02   9.4324735e+01
   2.8706200e+02   8.0600000e-01   2.8735100e+02   9.4717436e+01
   2.8785100e+02   7.9000000e-01   2.8815100e+02   9.5110136e+01
   2.8867400e+02   8.2200000e-01   2.8897100e+02   9.6501255e+01
   2.8949100e+02   8.1700000e-01   2.8979100e+02   9.6209594e+01
   2.9025100e+02   7.6000000e-01   2.9055100e+02   9.6647086e+01
   2.9109900e+02   8.4800000e-01   2.9139100e+02   9.6871561e+01
   2.9190300e+02   8.0500000e-01   2.9220100e+02   9.6310634e+01
   2.9265200e+02   7.4900000e-01   2.9295100e+02   9.6647086e+01
   2.9348300e+02   8.3100000e-01   2.9378100e+02   9.6837707e+01
   2.9427400e+02   7.9100000e-01   2.9457100e+02   9.6164803e+01
   2.9503600e+02   7.6200000e-01   2.9533100e+02   9.6445006e+01
   2.9589400e+02   8.5800000e-01   2.9619100e+02   9.6220532e+01
   2.9667000e+02   7.7500000e-01   2.9697100e+02   9.5783040e+01
   2.9744900e+02   7.7900000e-01   2.9774100e+02   9.6108555e+01
   2.9824700e+02   7.9800000e-01   2.9854100e+02   9.4851808e+01
   2.9899500e+02   7.4800000e-01   2.9929100e+02   9.4492961e+01
   2.9973800e+02   7.4400000e-01   3.0003100e+02   9.5884080e+01
   3.0055300e+02   8.1500000e-01   3.0084100e+02   9.4896599e+01
   3.0132400e+02   7.7100000e-01   3.0162100e+02   9.4403379e+01
   3.0205800e+02   7.3300000e-01   3.0235100e+02   9.4829413e+01
   3.0287300e+02   8.1500000e-01   3.0316100e+02   9.5996578e+01
   3.0369300e+02   8.2000000e-01   3.0399100e+02   9.4616396e+01
   3.0443200e+02   7.3900000e-01   3.0473100e+02   9.5154927e+01
   3.0518400e+02   7.5200000e-01   3.0548100e+02   9.5547628e+01
   3.0602700e+02   8.4300000e-01   3.0632100e+02   9.4189842e+01
   3.0677600e+02   7.4900000e-01   3.0707100e+02   9.3830995e+01
   3.0756300e+02   7.8700000e-01   3.0786100e+02   9.4156509e+01
   3.0837300e+02   8.1000000e-01   3.0867100e+02   9.3561729e+01
   3.0912600e+02   7.5200000e-01   3.0942100e+02   9.4066407e+01
   3.0997800e+02   8.5200000e-01   3.1027100e+02   9.4290881e+01
   3.1080300e+02   8.2500000e-01   3.1110100e+02   9.3797141e+01
   3.1163100e+02   8.2800000e-01   3.1193100e+02   9.4212237e+01
   3.1246800e+02   8.3700000e-01   3.1277100e+02   9.3740892e+01
   3.1320000e+02   7.3200000e-01   3.1350100e+02   9.3808599e+01
   3.1395900e+02   7.5900000e-01   3.1425100e+02   9.4582542e+01
   3.1476500e+02   8.0600000e-01   3.1506100e+02   9.4717436e+01
   3.1555200e+02   7.8700000e-01   3.1585100e+02   9.5435130e+01
   3.1643000e+02   8.7800000e-01   3.1672100e+02   9.6018973e+01
   3.1736800e+02   9.3800000e-01   3.1767100e+02   9.5648668e+01
   3.1819700e+02   8.2900000e-01   3.1850100e+02   9.6613232e+01
   3.1906200e+02   8.6500000e-01   3.1936100e+02   9.7084577e+01
   3.1995900e+02   8.9700000e-01   3.2026100e+02   9.6602295e+01
   3.2075200e+02   7.9300000e-01   3.2105100e+02   9.5715854e+01
   3.2157100e+02   8.1900000e-01   3.2187100e+02   9.7342906e+01
   3.2246100e+02   8.8900000e-01   3.2275100e+02   9.7152284e+01
   3.2325300e+02   7.9300000e-01   3.2355100e+02   9.6961142e+01
   3.2404000e+02   7.8700000e-01   3.2433100e+02   9.7589776e+01
   3.2494100e+02   9.0100000e-01   3.2523100e+02   9.7365301e+01
   3.2573500e+02   7.9400000e-01   3.2603100e+02   9.7084577e+01
   3.2653600e+02   8.0000000e-01   3.2683100e+02   9.7499673e+01
   3.2743000e+02   8.9400000e-01   3.2772100e+02   9.6849165e+01
   3.2821500e+02   7.8500000e-01   3.2851100e+02   9.5816894e+01
   3.2899300e+02   7.7900000e-01   3.2929100e+02   9.6961142e+01
   3.2982700e+02   8.3300000e-01   3.3012100e+02   9.5715854e+01
   3.3056600e+02   7.3900000e-01   3.3086100e+02   9.5502837e+01
   3.3131900e+02   7.5300000e-01   3.3161100e+02   9.7062182e+01
   3.3218700e+02   8.6800000e-01   3.3248100e+02   9.6781979e+01
   3.3294200e+02   7.5500000e-01   3.3324100e+02   9.5727312e+01
   3.3368800e+02   7.4500000e-01   3.3398100e+02   9.7118431e+01
   3.3451000e+02   8.2200000e-01   3.3480100e+02   9.6849165e+01
   3.3525000e+02   7.4000000e-01   3.3554100e+02   9.5794498e+01
   3.3602200e+02   7.7200000e-01   3.3631100e+02   9.7252803e+01
   3.3684900e+02   8.2700000e-01   3.3714100e+02   9.6972600e+01
   3.3761300e+02   7.6400000e-01   3.3791100e+02   9.6893956e+01
   3.3842100e+02   8.0800000e-01   3.3871100e+02   9.8173098e+01
   3.3925200e+02   8.3200000e-01   3.3955100e+02   9.6647086e+01
   3.4000900e+02   7.5700000e-01   3.4030100e+02   9.6400216e+01
   3.4080600e+02   7.9700000e-01   3.4110100e+02   9.6647086e+01
   3.4162100e+02   8.1500000e-01   3.4192100e+02   9.5962724e+01
   3.4239000e+02   7.6900000e-01   3.4268100e+02   9.6007515e+01
   3.4323800e+02   8.4900000e-01   3.4353100e+02   9.5917933e+01
   3.4401600e+02   7.7800000e-01   3.4431100e+02   9.5367944e+01
   3.4481100e+02   7.9500000e-01   3.4510100e+02   9.5637210e+01
   3.4561600e+02   8.0500000e-01   3.4591100e+02   9.5053887e+01
   3.4634400e+02   7.2800000e-01   3.4664100e+02   9.4178904e+01
   3.4711500e+02   7.7100000e-01   3.4741100e+02   9.5435130e+01
   3.4787500e+02   7.6000000e-01   3.4817100e+02   9.4234633e+01
   3.4860400e+02   7.2900000e-01   3.4890100e+02   9.4661187e+01
   3.4943300e+02   8.2900000e-01   3.4972100e+02   9.6220532e+01
   3.5026900e+02   8.3600000e-01   3.5056100e+02   9.5816894e+01
   3.5103900e+02   7.6900000e-01   3.5133100e+02   9.7230408e+01
   3.5189000e+02   8.5100000e-01   3.5218100e+02   9.7387696e+01
   3.5271800e+02   8.2800000e-01   3.5302100e+02   9.6804374e+01
   3.5349600e+02   7.7800000e-01   3.5379100e+02   9.6355425e+01
   3.5433700e+02   8.4100000e-01   3.5463100e+02   9.6063764e+01
   3.5509500e+02   7.5900000e-01   3.5539100e+02   9.4952848e+01
   3.5585400e+02   7.5900000e-01   3.5615100e+02   9.6355425e+01
   3.5666000e+02   8.0600000e-01   3.5695100e+02   9.6097617e+01
   3.5740700e+02   7.4700000e-01   3.5770100e+02   9.6288239e+01
   3.5819300e+02   7.8600000e-01   3.5848100e+02   9.7768939e+01
   3.5904400e+02   8.5100000e-01   3.5934100e+02   9.6579900e+01
   3.5981400e+02   7.7000000e-01   3.6011100e+02   9.6950205e+01
   3.6063900e+02   8.2500000e-01   3.6093100e+02   9.8061121e+01
   3.6140200e+02   7.6300000e-01   3.6170100e+02   9.7488736e+01
   3.6212400e+02   7.2200000e-01   3.6242100e+02   9.7881437e+01
   3.6280600e+02   6.8200000e-01   3.6310100e+02   9.8061121e+01
   3.6346400e+02   6.5900000e-01   3.6375100e+02   9.7376238e+01
   3.6414000e+02   6.7500000e-01   3.6443100e+02   9.7342906e+01
   3.6480900e+02   6.6900000e-01   3.6510100e+02   9.7914770e+01
   3.6547800e+02   6.6900000e-01   3.6578100e+02   9.8408510e+01
   3.6615200e+02   6.7400000e-01   3.6644100e+02   9.9844941e+01
   3.6716900e+02   1.0170000e+00   3.6746100e+02   9.9855878e+01
   3.6808800e+02   9.1900000e-01   3.6838100e+02   9.8330387e+01
   3.6893500e+02   8.4700000e-01   3.6923100e+02   9.9037144e+01
   3.6964700e+02   7.1200000e-01   3.6995100e+02   9.6893956e+01
   3.7030800e+02   6.6100000e-01   3.7060100e+02   9.6725730e+01
   3.7095300e+02   6.4500000e-01   3.7125100e+02   9.6321571e+01
   3.7159500e+02   6.4200000e-01   3.7189100e+02   9.6759584e+01
   3.7226500e+02   6.7000000e-01   3.7255100e+02   9.7982477e+01
   3.7306800e+02   8.0300000e-01   3.7335100e+02   9.7768939e+01
   3.7386800e+02   8.0000000e-01   3.7416100e+02   9.6478860e+01
   3.7460400e+02   7.3600000e-01   3.7490100e+02   9.6007515e+01
   3.7535800e+02   7.5500000e-01   3.7565100e+02   9.5917933e+01
   3.7615800e+02   7.9900000e-01   3.7645100e+02   9.4448170e+01
   3.7690200e+02   7.4400000e-01   3.7720100e+02   9.3572666e+01
   3.7761100e+02   7.0900000e-01   3.7791100e+02   9.3325796e+01
   3.7831000e+02   6.9900000e-01   3.7860100e+02   9.3763808e+01
   3.7906200e+02   7.5200000e-01   3.7935100e+02   9.4055469e+01
   3.7990600e+02   8.4400000e-01   3.8019100e+02   9.3179965e+01
   3.8072800e+02   8.2200000e-01   3.8102100e+02   9.2652892e+01
   3.8148600e+02   7.5800000e-01   3.8178100e+02   9.3763808e+01
   3.8226000e+02   7.7300000e-01   3.8255100e+02   9.4257028e+01
   3.8310300e+02   8.4300000e-01   3.8339100e+02   9.4268486e+01
   3.8394300e+02   8.4100000e-01   3.8424100e+02   9.3898181e+01
   3.8476200e+02   8.1900000e-01   3.8505100e+02   9.4178904e+01
   3.8560100e+02   8.3900000e-01   3.8589100e+02   9.4021616e+01
   3.8639100e+02   7.9100000e-01   3.8668100e+02   9.3685164e+01
   3.8717100e+02   7.8000000e-01   3.8746100e+02   9.3270068e+01
   3.8800700e+02   8.3600000e-01   3.8830100e+02   9.3359649e+01
   3.8877900e+02   7.7200000e-01   3.8907100e+02   9.3281005e+01
   3.8956500e+02   7.8600000e-01   3.8986100e+02   9.3830995e+01
   3.9033500e+02   7.6900000e-01   3.9063100e+02   9.3819536e+01
   3.9107200e+02   7.3700000e-01   3.9136100e+02   9.4077865e+01
   3.9183800e+02   7.6700000e-01   3.9213100e+02   9.4896599e+01
   3.9264900e+02   8.1000000e-01   3.9294100e+02   9.5053887e+01
   3.9340900e+02   7.6000000e-01   3.9370100e+02   9.6288239e+01
   3.9425600e+02   8.4700000e-01   3.9455100e+02   9.7084577e+01
   3.9523800e+02   9.8300000e-01   3.9553100e+02   9.7869979e+01
   3.9609200e+02   8.5300000e-01   3.9639100e+02   9.7163222e+01
   3.9689200e+02   8.0000000e-01   3.9719100e+02   9.7634567e+01
   3.9768600e+02   7.9300000e-01   3.9798100e+02   9.7780397e+01
   3.9841400e+02   7.2800000e-01   3.9871100e+02   9.6916351e+01
   3.9919700e+02   7.8300000e-01   3.9949100e+02   9.8386115e+01
   3.9999400e+02   7.9800000e-01   4.0029100e+02   9.8116849e+01
   4.0074900e+02   7.5500000e-01   4.0104100e+02   9.8386115e+01
   4.0157700e+02   8.2800000e-01   4.0187100e+02   9.9553279e+01
   4.0236700e+02   7.9000000e-01   4.0266100e+02   9.8128307e+01
   4.0310600e+02   7.3800000e-01   4.0340100e+02   9.9216307e+01
   4.0390200e+02   7.9600000e-01   4.0419100e+02   9.9452240e+01
   4.0467500e+02   7.7300000e-01   4.0497100e+02   9.7859041e+01
   4.0540500e+02   7.3000000e-01   4.0570100e+02   9.8745483e+01
   4.0616400e+02   7.5900000e-01   4.0645100e+02   9.8251742e+01
   4.0695500e+02   7.9100000e-01   4.0724100e+02   9.7791855e+01
   4.0770000e+02   7.4500000e-01   4.0799100e+02   9.7488736e+01
   4.0849100e+02   7.9100000e-01   4.0878100e+02   9.7522069e+01
   4.0930600e+02   8.1500000e-01   4.0960100e+02   9.6972600e+01
   4.1004600e+02   7.4000000e-01   4.1034100e+02   9.7106973e+01
   4.1083400e+02   7.8900000e-01   4.1112100e+02   9.7353843e+01
   4.1158200e+02   7.4800000e-01   4.1188100e+02   9.6893956e+01
   4.1230000e+02   7.1800000e-01   4.1259100e+02   9.7399155e+01
   4.1308400e+02   7.8400000e-01   4.1337100e+02   9.7612171e+01
   4.1385100e+02   7.6800000e-01   4.1414100e+02   9.7017391e+01
   4.1465500e+02   8.0300000e-01   4.1494100e+02   9.7241866e+01
   4.1553900e+02   8.8400000e-01   4.1583100e+02   9.6815312e+01
   4.1631700e+02   7.7900000e-01   4.1662100e+02   9.6220532e+01
   4.1703400e+02   7.1700000e-01   4.1733100e+02   9.6703335e+01
   4.1777900e+02   7.4500000e-01   4.1807100e+02   9.7230408e+01
   4.1856300e+02   7.8300000e-01   4.1885100e+02   9.6130950e+01
   4.1930800e+02   7.4500000e-01   4.1960100e+02   9.7466341e+01
   4.2014600e+02   8.3900000e-01   4.2044100e+02   9.7802793e+01
   4.2094000e+02   7.9300000e-01   4.2124100e+02   9.8453822e+01
   4.2168600e+02   7.4600000e-01   4.2198100e+02   9.8868918e+01
   4.2249100e+02   8.0500000e-01   4.2278100e+02   9.8857460e+01
   4.2322600e+02   7.3500000e-01   4.2352100e+02   9.7948623e+01
   4.2400200e+02   7.7600000e-01   4.2429100e+02   9.9395991e+01
   4.2483400e+02   8.3200000e-01   4.2512100e+02   9.9205370e+01
   4.2561600e+02   7.8100000e-01   4.2591100e+02   9.8756420e+01
   4.2636800e+02   7.5300000e-01   4.2666100e+02   9.8577257e+01
   4.2713500e+02   7.6600000e-01   4.2742100e+02   9.8980895e+01
   4.2797800e+02   8.4300000e-01   4.2827100e+02   9.8767878e+01
   4.2879500e+02   8.1700000e-01   4.2909100e+02   9.7197075e+01
   4.2957700e+02   7.8200000e-01   4.2987100e+02   9.7477278e+01
   4.3041600e+02   8.3900000e-01   4.3071100e+02   9.7005933e+01
   4.3118200e+02   7.6600000e-01   4.3148100e+02   9.6938747e+01
   4.3200500e+02   8.2300000e-01   4.3230100e+02   9.6680939e+01
   4.3276200e+02   7.5700000e-01   4.3306100e+02   9.6288239e+01
   4.3353600e+02   7.7400000e-01   4.3383100e+02   9.6310634e+01
   4.3429900e+02   7.6300000e-01   4.3459100e+02   9.5895538e+01
   4.3502400e+02   7.2500000e-01   4.3532100e+02   9.5435130e+01
   4.3585100e+02   8.2700000e-01   4.3614100e+02   9.6535109e+01
   4.3662000e+02   7.6900000e-01   4.3691100e+02   9.5738249e+01
   4.3747400e+02   8.5300000e-01   4.3776100e+02   9.6972600e+01
   4.3833900e+02   8.6500000e-01   4.3863100e+02   9.6310634e+01
   4.3913900e+02   8.0000000e-01   4.3943100e+02   9.6714272e+01
   4.3998800e+02   8.4900000e-01   4.4028100e+02   9.6276780e+01
   4.4074500e+02   7.5700000e-01   4.4104100e+02   9.6187199e+01
   4.4152600e+02   7.8100000e-01   4.4182100e+02   9.5502837e+01
   4.4230800e+02   7.8200000e-01   4.4260100e+02   9.6142408e+01
   4.4305800e+02   7.5000000e-01   4.4335100e+02   9.5637210e+01
   4.4387800e+02   8.2000000e-01   4.4417100e+02   9.7062182e+01
   4.4470000e+02   8.2200000e-01   4.4500100e+02   9.6691877e+01
   4.4545400e+02   7.5300000e-01   4.4575100e+02   9.6961142e+01
   4.4625900e+02   8.0500000e-01   4.4655100e+02   9.7342906e+01
   4.4707800e+02   8.1900000e-01   4.4737100e+02   9.6792916e+01
   4.4782900e+02   7.5100000e-01   4.4813100e+02   9.6927810e+01
   4.4863600e+02   8.0800000e-01   4.4893100e+02   9.7185617e+01
   4.4947100e+02   8.3500000e-01   4.4977100e+02   9.6669481e+01
   4.5023000e+02   7.5900000e-01   4.5053100e+02   9.6669481e+01
   4.5100500e+02   7.7500000e-01   4.5130100e+02   9.7219471e+01
   4.5182400e+02   8.1900000e-01   4.5212100e+02   9.7017391e+01
   4.5256400e+02   7.4000000e-01   4.5286100e+02   9.6893956e+01
   4.5331300e+02   7.4900000e-01   4.5361100e+02   9.7353843e+01
   4.5413100e+02   8.1800000e-01   4.5442100e+02   9.7320510e+01
   4.5486700e+02   7.3600000e-01   4.5516100e+02   9.7230408e+01
   4.5559800e+02   7.3100000e-01   4.5589100e+02   9.7926228e+01
   4.5642900e+02   8.3100000e-01   4.5672100e+02   9.8150702e+01
   4.5720200e+02   7.7300000e-01   4.5750100e+02   9.8868918e+01
   4.5793800e+02   7.3600000e-01   4.5823100e+02   9.9395991e+01
   4.5876200e+02   8.2500000e-01   4.5905100e+02   9.9328805e+01
   4.5956000e+02   7.9800000e-01   4.5985100e+02   9.8812669e+01
   4.6035800e+02   7.9700000e-01   4.6065100e+02   9.8879855e+01
   4.6121500e+02   8.5700000e-01   4.6151100e+02   9.9171516e+01
   4.6197600e+02   7.6100000e-01   4.6227100e+02   9.7735606e+01
   4.6277700e+02   8.0100000e-01   4.6307100e+02   9.7746544e+01
   4.6359800e+02   8.2000000e-01   4.6389100e+02   9.6153345e+01
   4.6433700e+02   7.3900000e-01   4.6463100e+02   9.6333029e+01
   4.6517800e+02   8.4100000e-01   4.6547100e+02   9.6276780e+01
   4.6600500e+02   8.2700000e-01   4.6630100e+02   9.5682000e+01
   4.6677900e+02   7.7400000e-01   4.6707100e+02   9.5760645e+01
   4.6761300e+02   8.3300000e-01   4.6791100e+02   9.5211176e+01
   4.6838600e+02   7.7400000e-01   4.6868100e+02   9.5009097e+01
   4.6918800e+02   8.0200000e-01   4.6948100e+02   9.5076283e+01
   4.6999300e+02   8.0400000e-01   4.7029100e+02   9.4616396e+01
   4.7073100e+02   7.3800000e-01   4.7103100e+02   9.3774746e+01
   4.7155000e+02   8.2000000e-01   4.7184100e+02   9.4627333e+01
   4.7230800e+02   7.5700000e-01   4.7260100e+02   9.3023198e+01
   4.7305100e+02   7.4300000e-01   4.7334100e+02   9.4257028e+01
   4.7386100e+02   8.1000000e-01   4.7415100e+02   9.4021616e+01
   4.7462700e+02   7.6600000e-01   4.7492100e+02   9.2495604e+01
   4.7538700e+02   7.6000000e-01   4.7568100e+02   9.3864327e+01
   4.7618400e+02   7.9700000e-01   4.7648100e+02   9.2821118e+01
   4.7692200e+02   7.3800000e-01   4.7722100e+02   9.2641434e+01
   4.7765400e+02   7.3200000e-01   4.7795100e+02   9.3090384e+01
   4.7840700e+02   7.5200000e-01   4.7870100e+02   9.2933095e+01
   4.7911100e+02   7.0400000e-01   4.7940100e+02   9.3090384e+01
   4.7984900e+02   7.3700000e-01   4.8014100e+02   9.3561729e+01
   4.8058800e+02   7.4000000e-01   4.8088100e+02   9.3281005e+01
   4.8128800e+02   7.0000000e-01   4.8158100e+02   9.3797141e+01
   4.8206800e+02   7.8000000e-01   4.8236100e+02   9.4100260e+01
   4.8280800e+02   7.4000000e-01   4.8310100e+02   9.3774746e+01
   4.8351900e+02   7.1100000e-01   4.8381100e+02   9.4313277e+01
   4.8429100e+02   7.7200000e-01   4.8458100e+02   9.5278362e+01
   4.8502200e+02   7.3100000e-01   4.8532100e+02   9.4088802e+01
   4.8575600e+02   7.3400000e-01   4.8605100e+02   9.4616396e+01
   4.8651300e+02   7.5700000e-01   4.8681100e+02   9.4201300e+01
   4.8722200e+02   7.0900000e-01   4.8752100e+02   9.4369526e+01
   4.8796200e+02   7.4000000e-01   4.8825100e+02   9.4638791e+01
   4.8868000e+02   7.1900000e-01   4.8898100e+02   9.4268486e+01
   4.8938000e+02   6.9900000e-01   4.8967100e+02   9.4750768e+01
   4.9016800e+02   7.8900000e-01   4.9046100e+02   9.5121074e+01
   4.9094300e+02   7.7400000e-01   4.9124100e+02   9.4526294e+01
   4.9167600e+02   7.3300000e-01   4.9197100e+02   9.4604938e+01
   4.9244000e+02   7.6400000e-01   4.9273100e+02   9.4750768e+01
   4.9320000e+02   7.6100000e-01   4.9350100e+02   9.4111197e+01
   4.9392900e+02   7.2800000e-01   4.9423100e+02   9.4033074e+01
   4.9470000e+02   7.7200000e-01   4.9499100e+02   9.4201300e+01
   4.9548500e+02   7.8500000e-01   4.9578100e+02   9.2686225e+01
   4.9621900e+02   7.3400000e-01   4.9652100e+02   9.2764869e+01
   4.9700500e+02   7.8600000e-01   4.9730100e+02   9.2944553e+01
   4.9777100e+02   7.6600000e-01   4.9807100e+02   9.2361231e+01
   4.9849500e+02   7.2400000e-01   4.9879100e+02   9.2652892e+01
   4.9925900e+02   7.6400000e-01   4.9955100e+02   9.2854972e+01
   5.0001000e+02   7.5100000e-01   5.0031100e+02   9.2372169e+01
   5.0072800e+02   7.1700000e-01   5.0102100e+02   9.2675288e+01
   5.0149700e+02   7.6900000e-01   5.0179100e+02   9.3023198e+01
   5.0227600e+02   7.7900000e-01   5.0257100e+02   9.2562790e+01
   5.0301900e+02   7.4400000e-01   5.0332100e+02   9.2899763e+01
   5.0382500e+02   8.0500000e-01   5.0412100e+02   9.3371108e+01
   5.0464500e+02   8.2000000e-01   5.0494100e+02   9.2776327e+01
   5.0538900e+02   7.4400000e-01   5.0569100e+02   9.3426836e+01
   5.0619600e+02   8.0700000e-01   5.0649100e+02   9.3640373e+01
   5.0700500e+02   8.0900000e-01   5.0731100e+02   9.3179965e+01
   5.0776500e+02   7.6000000e-01   5.0806100e+02   9.3662769e+01
   5.0858300e+02   8.1800000e-01   5.0888100e+02   9.4302340e+01
   5.0933500e+02   7.5200000e-01   5.0963100e+02   9.3516938e+01
   5.1013400e+02   7.9900000e-01   5.1043100e+02   9.4021616e+01
   5.1091700e+02   7.8300000e-01   5.1122100e+02   9.3740892e+01
   5.1165700e+02   7.4000000e-01   5.1195100e+02   9.4526294e+01
   5.1252400e+02   8.6700000e-01   5.1282100e+02   9.5379402e+01
   5.1331200e+02   7.8800000e-01   5.1361100e+02   9.5065346e+01
   5.1413500e+02   8.2200000e-01   5.1443100e+02   9.5592419e+01
   5.1500800e+02   8.7400000e-01   5.1531100e+02   9.4537752e+01
   5.1583800e+02   8.3000000e-01   5.1614100e+02   9.4683582e+01
   5.1669300e+02   8.5500000e-01   5.1699100e+02   9.4358068e+01
   5.1747200e+02   7.7900000e-01   5.1778100e+02   9.3965367e+01
   5.1822300e+02   7.5100000e-01   5.1852100e+02   9.3875785e+01
   5.1903300e+02   8.0900000e-01   5.1933100e+02   9.4234633e+01
   5.1980500e+02   7.7200000e-01   5.2011100e+02   9.4279944e+01
   5.2053400e+02   7.2900000e-01   5.2083100e+02   9.6086159e+01
   5.2134700e+02   8.1300000e-01   5.2164100e+02   9.7073640e+01
   5.2219800e+02   8.5100000e-01   5.2250100e+02   9.6837707e+01
   5.2301000e+02   8.1200000e-01   5.2331100e+02   9.8318928e+01
   5.2391600e+02   9.0600000e-01   5.2421100e+02   9.8958499e+01
   5.2471500e+02   7.9900000e-01   5.2502100e+02   9.8756420e+01
   5.2553900e+02   8.2400000e-01   5.2583100e+02   9.8913709e+01
   5.2637000e+02   8.3100000e-01   5.2667100e+02   9.7331448e+01
   5.2712100e+02   7.5100000e-01   5.2742100e+02   9.7488736e+01
   5.2798900e+02   8.6800000e-01   5.2828100e+02   9.7432487e+01
   5.2879500e+02   8.0600000e-01   5.2910100e+02   9.6669481e+01
   5.2959500e+02   7.9900000e-01   5.2989100e+02   9.6871561e+01
   5.3051000e+02   9.1500000e-01   5.3081100e+02   9.5996578e+01
   5.3132200e+02   8.1200000e-01   5.3162100e+02   9.5031492e+01
   5.3216300e+02   8.4100000e-01   5.3246100e+02   9.4851808e+01
   5.3295200e+02   7.8800000e-01   5.3325100e+02   9.4515356e+01
   5.3376300e+02   8.1100000e-01   5.3405100e+02   9.3864327e+01
   5.3456400e+02   8.0100000e-01   5.3486100e+02   9.4290881e+01
   5.3529300e+02   7.2900000e-01   5.3559100e+02   9.3718497e+01
   5.3606400e+02   7.7200000e-01   5.3636100e+02   9.4739831e+01
   5.3681100e+02   7.4700000e-01   5.3711100e+02   9.4201300e+01
   5.3752800e+02   7.1600000e-01   5.3782100e+02   9.4717436e+01
   5.3827400e+02   7.4700000e-01   5.3856100e+02   9.5525233e+01
   5.3914400e+02   8.7000000e-01   5.3943100e+02   9.5659605e+01
   5.3993700e+02   7.9300000e-01   5.4023100e+02   9.5132532e+01
   5.4068700e+02   7.5000000e-01   5.4098100e+02   9.5614814e+01
   5.4150300e+02   8.1600000e-01   5.4180100e+02   9.5412735e+01
   5.4225900e+02   7.5600000e-01   5.4256100e+02   9.5165864e+01
   5.4306100e+02   8.0200000e-01   5.4335100e+02   9.5468984e+01
   5.4389700e+02   8.3600000e-01   5.4419100e+02   9.4638791e+01
   5.4466200e+02   7.6400000e-01   5.4496100e+02   9.4851808e+01
   5.4550100e+02   8.3900000e-01   5.4580100e+02   9.4840871e+01
   5.4630900e+02   8.0800000e-01   5.4661100e+02   9.3270068e+01
   5.4706600e+02   7.5700000e-01   5.4736100e+02   9.3572666e+01
   5.4788100e+02   8.1500000e-01   5.4818100e+02   9.3337254e+01
   5.4863400e+02   7.5300000e-01   5.4893100e+02   9.2955491e+01
   5.4941500e+02   7.8100000e-01   5.4971100e+02   9.3337254e+01
   5.5022700e+02   8.1300000e-01   5.5053100e+02   9.2776327e+01
   5.5098200e+02   7.5500000e-01   5.5128100e+02   9.2821118e+01
   5.5178900e+02   8.0800000e-01   5.5208100e+02   9.3124237e+01
   5.5259800e+02   8.0800000e-01   5.5290100e+02   9.2361231e+01
   5.5334700e+02   7.5000000e-01   5.5364100e+02   9.1721660e+01
   5.5412900e+02   7.8200000e-01   5.5442100e+02   9.2978407e+01
   5.5489500e+02   7.6600000e-01   5.5519100e+02   9.1676870e+01
   5.5563400e+02   7.3900000e-01   5.5593100e+02   9.2406022e+01
   5.5644600e+02   8.1200000e-01   5.5674100e+02   9.3628915e+01
   5.5722400e+02   7.7800000e-01   5.5752100e+02   9.3270068e+01
   5.5798100e+02   7.5700000e-01   5.5828100e+02   9.3942972e+01
   5.5881100e+02   8.2900000e-01   5.5910100e+02   9.3887243e+01
   5.5957100e+02   7.6000000e-01   5.5987100e+02   9.3875785e+01
   5.6038000e+02   8.0900000e-01   5.6067100e+02   9.4156509e+01
   5.6115900e+02   7.7900000e-01   5.6146100e+02   9.3662769e+01
   5.6190500e+02   7.4600000e-01   5.6220100e+02   9.4077865e+01
   5.6272100e+02   8.1700000e-01   5.6301100e+02   9.4178904e+01
   5.6348900e+02   7.6700000e-01   5.6379100e+02   9.3740892e+01
   5.6422500e+02   7.3600000e-01   5.6452100e+02   9.4503898e+01
   5.6502900e+02   8.0400000e-01   5.6532100e+02   9.5211176e+01
   5.6580800e+02   7.7900000e-01   5.6610100e+02   9.5345549e+01
   5.6654200e+02   7.3400000e-01   5.6684100e+02   9.6164803e+01
   5.6737500e+02   8.3300000e-01   5.6766100e+02   9.7544985e+01
   5.6818800e+02   8.1400000e-01   5.6849100e+02   9.7163222e+01
   5.6895400e+02   7.6500000e-01   5.6925100e+02   9.8677776e+01
   5.6981400e+02   8.6000000e-01   5.7011100e+02   9.8857460e+01
   5.7062400e+02   8.1000000e-01   5.7092100e+02   9.8408510e+01
   5.7138800e+02   7.6400000e-01   5.7168100e+02   9.8902250e+01
   5.7222200e+02   8.3400000e-01   5.7252100e+02   9.8599652e+01
   5.7299600e+02   7.7400000e-01   5.7329100e+02   9.7443945e+01
   5.7381600e+02   8.2000000e-01   5.7411100e+02   9.8307470e+01
   5.7463800e+02   8.2200000e-01   5.7493100e+02   9.7421550e+01
   5.7540500e+02   7.6700000e-01   5.7570100e+02   9.6647086e+01
   5.7622600e+02   8.2100000e-01   5.7652100e+02   9.6175741e+01
   5.7697700e+02   7.5100000e-01   5.7728100e+02   9.5794498e+01
   5.7778700e+02   8.1000000e-01   5.7808100e+02   9.6052306e+01
   5.7859300e+02   8.0600000e-01   5.7889100e+02   9.5379402e+01
   5.7940200e+02   8.0900000e-01   5.7969100e+02   9.5558565e+01
   5.8027900e+02   8.7800000e-01   5.8058100e+02   9.4896599e+01
   5.8106900e+02   7.9000000e-01   5.8137100e+02   9.3830995e+01
   5.8186900e+02   7.9900000e-01   5.8216100e+02   9.3920576e+01
   5.8263600e+02   7.6700000e-01   5.8293100e+02   9.3460689e+01
   5.8338500e+02   7.5000000e-01   5.8368100e+02   9.4066407e+01
   5.8422100e+02   8.3600000e-01   5.8452100e+02   9.3752350e+01
   5.8500500e+02   7.8400000e-01   5.8530100e+02   9.3740892e+01
   5.8596400e+02   9.5900000e-01   5.8626100e+02   9.4246091e+01
   5.8686500e+02   9.0100000e-01   5.8717100e+02   9.2989344e+01
   5.8768400e+02   8.1900000e-01   5.8798100e+02   9.2551853e+01
   5.8856400e+02   8.8000000e-01   5.8886100e+02   9.1744056e+01
   5.8939100e+02   8.2700000e-01   5.8969100e+02   9.0857615e+01
   5.9023300e+02   8.4200000e-01   5.9053100e+02   9.1721660e+01
   5.9117200e+02   9.3900000e-01   5.9147100e+02   9.2315920e+01
   5.9205100e+02   8.7900000e-01   5.9236100e+02   9.3337254e+01
   5.9296500e+02   9.1400000e-01   5.9327100e+02   9.3348191e+01
   5.9381600e+02   8.5100000e-01   5.9412100e+02   9.2675288e+01
   5.9459000e+02   7.7400000e-01   5.9489100e+02   9.2484666e+01
   5.9543900e+02   8.4900000e-01   5.9574100e+02   9.3011740e+01
   5.9625200e+02   8.1300000e-01   5.9655100e+02   9.2776327e+01
   5.9703300e+02   7.8100000e-01   5.9733100e+02   9.3539334e+01
   5.9795400e+02   9.2100000e-01   5.9825100e+02   9.4683582e+01
   5.9883000e+02   8.7600000e-01   5.9913100e+02   9.3909639e+01
   5.9961700e+02   7.8700000e-01   5.9992100e+02   9.5098678e+01
   6.0048200e+02   8.6500000e-01   6.0078100e+02   9.4380463e+01
   6.0131100e+02   8.2900000e-01   6.0161100e+02   9.3797141e+01
   6.0208300e+02   7.7300000e-01   6.0238100e+02   9.4246091e+01
   6.0293900e+02   8.5600000e-01   6.0323100e+02   9.4133593e+01
   6.0374200e+02   8.0300000e-01   6.0404100e+02   9.3942972e+01
   6.0455300e+02   8.1000000e-01   6.0485100e+02   9.4324735e+01
   6.0537800e+02   8.2600000e-01   6.0567100e+02   9.3707559e+01
   6.0613800e+02   7.6000000e-01   6.0643100e+02   9.3965367e+01
   6.0697900e+02   8.4100000e-01   6.0727100e+02   9.3976825e+01
   6.0776900e+02   7.8900000e-01   6.0807100e+02   9.4122656e+01
   6.0854800e+02   7.7900000e-01   6.0884100e+02   9.4122656e+01
   6.0947900e+02   9.3100000e-01   6.0977100e+02   9.3887243e+01
