   8.3398500e+02   9.7100000e-01   8.3432100e+02   1.0161767e+02
   8.3502300e+02   1.0380000e+00   8.3535100e+02   1.0077635e+02
   8.3608200e+02   1.0590000e+00   8.3642100e+02   1.0019287e+02
   8.3706400e+02   9.8200000e-01   8.3740100e+02   1.0103419e+02
   8.3804200e+02   9.7800000e-01   8.3837100e+02   1.0185308e+02
   8.3910300e+02   1.0610000e+00   8.3943100e+02   1.0088855e+02
   8.4019700e+02   1.0940000e+00   8.4053100e+02   1.0030508e+02
   8.4126500e+02   1.0680000e+00   8.4160100e+02   9.9351085e+01
   8.4224100e+02   9.7600000e-01   8.4258100e+02   9.9923571e+01
   8.4325500e+02   1.0130000e+00   8.4359100e+02   1.0010310e+02
   8.4431000e+02   1.0560000e+00   8.4464100e+02   9.9710148e+01
   8.4534700e+02   1.0370000e+00   8.4568100e+02   9.9463292e+01
   8.4635300e+02   1.0060000e+00   8.4669100e+02   9.9272769e+01
   8.4734800e+02   9.9500000e-01   8.4768100e+02   9.9474742e+01
   8.4832100e+02   9.7200000e-01   8.4865100e+02   1.0017043e+02
   8.4930700e+02   9.8600000e-01   8.4964100e+02   1.0027118e+02
   8.5026100e+02   9.5400000e-01   8.5060100e+02   1.0051804e+02
   8.5119000e+02   9.2900000e-01   8.5152100e+02   1.0169599e+02
   8.5215300e+02   9.6200000e-01   8.5248100e+02   1.0271730e+02
   8.5316500e+02   1.0130000e+00   8.5350100e+02   1.0215627e+02
   8.5408700e+02   9.2100000e-01   8.5443100e+02   1.0242556e+02
   8.5495000e+02   8.6300000e-01   8.5528100e+02   1.0468070e+02
   8.5593800e+02   9.8800000e-01   8.5627100e+02   1.0480436e+02
   8.5703700e+02   1.0990000e+00   8.5737100e+02   1.0460239e+02
   8.5811600e+02   1.0800000e+00   8.5845100e+02   1.0454605e+02
   8.5909800e+02   9.8200000e-01   8.5943100e+02   1.0489412e+02
   8.6012300e+02   1.0240000e+00   8.6045100e+02   1.0443385e+02
   8.6119600e+02   1.0730000e+00   8.6152100e+02   1.0378304e+02
   8.6225200e+02   1.0560000e+00   8.6258100e+02   1.0251533e+02
   8.6320500e+02   9.5300000e-01   8.6354100e+02   1.0275074e+02
   8.6419000e+02   9.8500000e-01   8.6452100e+02   1.0218970e+02
   8.6527000e+02   1.0800000e+00   8.6560100e+02   1.0156134e+02
   8.6630700e+02   1.0370000e+00   8.6664100e+02   1.0049560e+02
   8.6725200e+02   9.4600000e-01   8.6758100e+02   1.0118029e+02
   8.6823800e+02   9.8600000e-01   8.6856100e+02   1.0121373e+02
   8.6916100e+02   9.2300000e-01   8.6949100e+02   1.0040583e+02
   8.7005600e+02   8.9400000e-01   8.7038100e+02   1.0030508e+02
   8.7103000e+02   9.7400000e-01   8.7136100e+02   1.0027118e+02
   8.7195200e+02   9.2200000e-01   8.7228100e+02   1.0088855e+02
   8.7290400e+02   9.5200000e-01   8.7323100e+02   1.0120273e+02
   8.7393100e+02   1.0270000e+00   8.7426100e+02   1.0014799e+02
   8.7495600e+02   1.0250000e+00   8.7529100e+02   9.9407417e+01
   8.7589700e+02   9.4100000e-01   8.7623100e+02   1.0086611e+02
   8.7692800e+02   1.0310000e+00   8.7725100e+02   1.0083222e+02
   8.7801000e+02   1.0820000e+00   8.7834100e+02   9.9362534e+01
   8.7900300e+02   9.9300000e-01   8.7934100e+02   9.9519625e+01
   8.7998100e+02   9.7800000e-01   8.8031100e+02   1.0041728e+02
   8.8103100e+02   1.0500000e+00   8.8136100e+02   1.0031607e+02
   8.8210000e+02   1.0690000e+00   8.8243100e+02   9.9283760e+01
   8.8308100e+02   9.8100000e-01   8.8341100e+02   1.0014799e+02
   8.8409200e+02   1.0110000e+00   8.8442100e+02   9.9755031e+01
   8.8515400e+02   1.0620000e+00   8.8548100e+02   9.9238877e+01
   8.8620200e+02   1.0480000e+00   8.8654100e+02   9.8375110e+01
   8.8716700e+02   9.6400000e-01   8.8750100e+02   9.8722724e+01
   8.8814900e+02   9.8300000e-01   8.8848100e+02   9.9227886e+01
   8.8918800e+02   1.0380000e+00   8.8952100e+02   9.8924697e+01
   8.9021900e+02   1.0310000e+00   8.9055100e+02   9.8251453e+01
   8.9115800e+02   9.3900000e-01   8.9149100e+02   9.9384976e+01
   8.9213600e+02   9.7800000e-01   8.9246100e+02   9.9586949e+01
   8.9315300e+02   1.0170000e+00   8.9348100e+02   9.9126670e+01
   8.9412600e+02   9.7300000e-01   8.9446100e+02   9.8632958e+01
   8.9502000e+02   8.9400000e-01   8.9535100e+02   9.9597941e+01
   8.9596600e+02   9.4500000e-01   8.9629100e+02   1.0011409e+02
   8.9695900e+02   9.9300000e-01   8.9729100e+02   9.9968454e+01
   8.9790700e+02   9.4800000e-01   8.9824100e+02   1.0077635e+02
   8.9888500e+02   9.7700000e-01   8.9922100e+02   1.0239167e+02
   8.9995600e+02   1.0710000e+00   9.0029100e+02   1.0234679e+02
   9.0104200e+02   1.0860000e+00   9.0138100e+02   1.0178575e+02
   9.0203000e+02   9.8800000e-01   9.0237100e+02   1.0118029e+02
   9.0295800e+02   9.2800000e-01   9.0329100e+02   1.0198773e+02
   9.0393300e+02   9.7500000e-01   9.0426100e+02   1.0202162e+02
   9.0494600e+02   1.0130000e+00   9.0528100e+02   1.0065269e+02
   9.0587900e+02   9.3300000e-01   9.0621100e+02   1.0231336e+02
   9.0685100e+02   9.7200000e-01   9.0718100e+02   1.0276219e+02
   9.0788300e+02   1.0320000e+00   9.0821100e+02   1.0227947e+02
   9.0887700e+02   9.9400000e-01   9.0921100e+02   1.0156134e+02
   9.0982000e+02   9.4300000e-01   9.1015100e+02   1.0222359e+02
   9.1083500e+02   1.0150000e+00   9.1116100e+02   1.0201017e+02
   9.1188500e+02   1.0500000e+00   9.1222100e+02   1.0122518e+02
   9.1289300e+02   1.0080000e+00   9.1323100e+02   1.0089955e+02
   9.1388400e+02   9.9100000e-01   9.1421100e+02   1.0155035e+02
   9.1489000e+02   1.0060000e+00   9.1522100e+02   1.0067513e+02
   9.1589400e+02   1.0040000e+00   9.1622100e+02   1.0059681e+02
   9.1688100e+02   9.8700000e-01   9.1721100e+02   1.0041728e+02
   9.1779700e+02   9.1600000e-01   9.1813100e+02   1.0188697e+02
   9.1873800e+02   9.4100000e-01   9.1906100e+02   1.0256021e+02
   9.1974200e+02   1.0040000e+00   9.2007100e+02   1.0240312e+02
   9.2077400e+02   1.0320000e+00   9.2111100e+02   1.0157279e+02
   9.2170100e+02   9.2800000e-01   9.2203100e+02   1.0232435e+02
   9.2267800e+02   9.7600000e-01   9.2300100e+02   1.0260510e+02
   9.2369500e+02   1.0180000e+00   9.2402100e+02   1.0211138e+02
   9.2469200e+02   9.9600000e-01   9.2502100e+02   1.0114640e+02
   9.2561300e+02   9.2100000e-01   9.2594100e+02   1.0220115e+02
   9.2662100e+02   1.0090000e+00   9.2695100e+02   1.0234679e+02
   9.2768800e+02   1.0670000e+00   9.2802100e+02   1.0082123e+02
   9.2867200e+02   9.8400000e-01   9.2900100e+02   1.0149401e+02
   9.2966400e+02   9.9200000e-01   9.2999100e+02   1.0185308e+02
   9.3069700e+02   1.0320000e+00   9.3102100e+02   1.0140471e+02
   9.3172600e+02   1.0300000e+00   9.3206100e+02   1.0020386e+02
   9.3273100e+02   1.0040000e+00   9.3306100e+02   9.9306202e+01
   9.3365000e+02   9.1900000e-01   9.3398100e+02   1.0027118e+02
   9.3460600e+02   9.5600000e-01   9.3493100e+02   1.0058536e+02
   9.3557900e+02   9.7300000e-01   9.3591100e+02   1.0048461e+02
   9.3646700e+02   8.8800000e-01   9.3680100e+02   1.0065269e+02
   9.3739700e+02   9.3100000e-01   9.3773100e+02   1.0028263e+02
   9.3829600e+02   8.9900000e-01   9.3863100e+02   1.0151691e+02
   9.3923800e+02   9.4200000e-01   9.3956100e+02   1.0195429e+02
   9.4026500e+02   1.0270000e+00   9.4059100e+02   1.0123617e+02
   9.4128800e+02   1.0240000e+00   9.4162100e+02   9.9889680e+01
   9.4222800e+02   9.4000000e-01   9.4256100e+02   1.0074246e+02
   9.4323700e+02   1.0090000e+00   9.4357100e+02   1.0000189e+02
   9.4425900e+02   1.0210000e+00   9.4459100e+02   9.8924697e+01
   9.4519800e+02   9.4000000e-01   9.4553100e+02   9.9272769e+01
   9.4615600e+02   9.5700000e-01   9.4648100e+02   9.9822355e+01
   9.4715600e+02   1.0000000e+00   9.4749100e+02   9.9575499e+01
   9.4815200e+02   9.9600000e-01   9.4848100e+02   9.9328643e+01
   9.4912900e+02   9.7700000e-01   9.4947100e+02   9.8790048e+01
   9.5002700e+02   8.9800000e-01   9.5036100e+02   1.0001334e+02
   9.5098200e+02   9.5500000e-01   9.5131100e+02   1.0098931e+02
   9.5201000e+02   1.0290000e+00   9.5234100e+02   1.0096687e+02
   9.5302100e+02   1.0100000e+00   9.5335100e+02   1.0095588e+02
   9.5402200e+02   1.0010000e+00   9.5435100e+02   1.0147203e+02
   9.5499400e+02   9.7100000e-01   9.5533100e+02   1.0106809e+02
   9.5590900e+02   9.1500000e-01   9.5624100e+02   1.0098931e+02
   9.5687800e+02   9.7000000e-01   9.5721100e+02   1.0124762e+02
   9.5794100e+02   1.0630000e+00   9.5827100e+02   1.0069757e+02
   9.5899900e+02   1.0580000e+00   9.5933100e+02   1.0028263e+02
   9.6002700e+02   1.0280000e+00   9.6036100e+02   1.0069757e+02
   9.6101200e+02   9.8600000e-01   9.6135100e+02   9.9586949e+01
   9.6192400e+02   9.1200000e-01   9.6226100e+02   1.0056292e+02
   9.6287700e+02   9.5300000e-01   9.6321100e+02   1.0115785e+02
   9.6387000e+02   9.9300000e-01   9.6420100e+02   1.0109053e+02
   9.6485400e+02   9.8500000e-01   9.6518100e+02   1.0084367e+02
   9.6581700e+02   9.6200000e-01   9.6615100e+02   1.0133738e+02
   9.6676100e+02   9.4400000e-01   9.6710100e+02   1.0079879e+02
   9.6763600e+02   8.7500000e-01   9.6797100e+02   1.0174087e+02
   9.6855000e+02   9.1400000e-01   9.6888100e+02   1.0254876e+02
   9.6953500e+02   9.8600000e-01   9.6986100e+02   1.0261609e+02
   9.7052900e+02   9.9400000e-01   9.7087100e+02   1.0207749e+02
   9.7143300e+02   9.0400000e-01   9.7177100e+02   1.0310980e+02
   9.7240600e+02   9.7300000e-01   9.7274100e+02   1.0322201e+02
   9.7344400e+02   1.0380000e+00   9.7377100e+02   1.0243656e+02
   9.7438200e+02   9.3800000e-01   9.7472100e+02   1.0335666e+02
   9.7532200e+02   9.4000000e-01   9.7565100e+02   1.0402990e+02
   9.7635200e+02   1.0300000e+00   9.7668100e+02   1.0279562e+02
   9.7737400e+02   1.0210000e+00   9.7770100e+02   1.0222359e+02
   9.7834100e+02   9.6700000e-01   9.7868100e+02   1.0152791e+02
   9.7922900e+02   8.8800000e-01   9.7956100e+02   1.0273974e+02
   9.8016600e+02   9.3800000e-01   9.8049100e+02   1.0324445e+02
   9.8118500e+02   1.0190000e+00   9.8151100e+02   1.0280707e+02
   9.8217300e+02   9.8800000e-01   9.8251100e+02   1.0178575e+02
   9.8307100e+02   8.9800000e-01   9.8340100e+02   1.0319957e+02
   9.8400800e+02   9.3700000e-01   9.8433100e+02   1.0306492e+02
   9.8504200e+02   1.0340000e+00   9.8537100e+02   1.0250388e+02
   9.8602000e+02   9.7800000e-01   9.8635100e+02   1.0180820e+02
   9.8694200e+02   9.2200000e-01   9.8727100e+02   1.0240312e+02
   9.8794600e+02   1.0040000e+00   9.8827100e+02   1.0262754e+02
   9.8898100e+02   1.0350000e+00   9.8931100e+02   1.0158378e+02
   9.8992700e+02   9.4600000e-01   9.9026100e+02   1.0204406e+02
   9.9088500e+02   9.5700000e-01   9.9121100e+02   1.0263853e+02
   9.9188100e+02   9.9700000e-01   9.9221100e+02   1.0261609e+02
   9.9284000e+02   9.5900000e-01   9.9317100e+02   1.0250388e+02
   9.9370300e+02   8.6300000e-01   9.9404100e+02   1.0218970e+02
   9.9454100e+02   8.3800000e-01   9.9487100e+02   1.0304248e+02
   9.9541900e+02   8.7800000e-01   9.9574100e+02   1.0392914e+02
   9.9640300e+02   9.8400000e-01   9.9673100e+02   1.0352520e+02
   9.9741500e+02   1.0120000e+00   9.9775100e+02   1.0293027e+02
   9.9833800e+02   9.2300000e-01   9.9867100e+02   1.0321102e+02
   9.9930300e+02   9.6600000e-01   9.9963100e+02   1.0364839e+02
   1.0003570e+03   1.0530000e+00   1.0006910e+03   1.0189796e+02
   1.0013520e+03   9.9600000e-01   1.0016910e+03   1.0118029e+02
   1.0023070e+03   9.5400000e-01   1.0026410e+03   1.0176331e+02
   1.0033010e+03   9.9500000e-01   1.0036310e+03   1.0170744e+02
   1.0043200e+03   1.0190000e+00   1.0046510e+03   1.0040583e+02
   1.0053250e+03   1.0050000e+00   1.0056610e+03   1.0056292e+02
   1.0063050e+03   9.7900000e-01   1.0066410e+03   1.0104564e+02
   1.0071990e+03   8.9500000e-01   1.0075310e+03   1.0198773e+02
   1.0081120e+03   9.1300000e-01   1.0084410e+03   1.0217871e+02
   1.0090990e+03   9.8700000e-01   1.0094310e+03   1.0192040e+02
   1.0100850e+03   9.8600000e-01   1.0104210e+03   1.0220115e+02
   1.0110290e+03   9.4400000e-01   1.0113610e+03   1.0318857e+02
   1.0120420e+03   1.0130000e+00   1.0123710e+03   1.0308736e+02
   1.0130570e+03   1.0150000e+00   1.0133910e+03   1.0208894e+02
   1.0139920e+03   9.3500000e-01   1.0143310e+03   1.0243656e+02
   1.0149760e+03   9.8400000e-01   1.0153010e+03   1.0272830e+02
   1.0160170e+03   1.0410000e+00   1.0163510e+03   1.0204406e+02
   1.0170000e+03   9.8300000e-01   1.0173310e+03   1.0159523e+02
   1.0179480e+03   9.4900000e-01   1.0182810e+03   1.0269486e+02
   1.0189590e+03   1.0110000e+00   1.0192910e+03   1.0239167e+02
   1.0200020e+03   1.0430000e+00   1.0203310e+03   1.0055193e+02
   1.0209570e+03   9.5500000e-01   1.0212910e+03   1.0147203e+02
   1.0219190e+03   9.6200000e-01   1.0222510e+03   1.0206650e+02
   1.0229660e+03   1.0480000e+00   1.0233010e+03   1.0078734e+02
   1.0240120e+03   1.0460000e+00   1.0243510e+03   9.9867238e+01
   1.0249640e+03   9.5200000e-01   1.0253010e+03   1.0038339e+02
   1.0259330e+03   9.6900000e-01   1.0262610e+03   1.0123617e+02
   1.0269340e+03   1.0010000e+00   1.0272610e+03   1.0088855e+02
   1.0278910e+03   9.5700000e-01   1.0282310e+03   1.0041728e+02
   1.0287750e+03   8.8400000e-01   1.0291110e+03   1.0244801e+02
   1.0297130e+03   9.3800000e-01   1.0300410e+03   1.0312125e+02
   1.0306920e+03   9.7900000e-01   1.0310310e+03   1.0252632e+02
   1.0316150e+03   9.2300000e-01   1.0319510e+03   1.0276219e+02
   1.0325480e+03   9.3300000e-01   1.0328710e+03   1.0357008e+02
   1.0335430e+03   9.9500000e-01   1.0338710e+03   1.0361496e+02
   1.0346000e+03   1.0570000e+00   1.0349310e+03   1.0290783e+02
   1.0355720e+03   9.7200000e-01   1.0359110e+03   1.0350275e+02
   1.0365100e+03   9.3800000e-01   1.0368410e+03   1.0437797e+02
   1.0375160e+03   1.0060000e+00   1.0378410e+03   1.0341299e+02
   1.0385510e+03   1.0350000e+00   1.0388910e+03   1.0232435e+02
   1.0395080e+03   9.5700000e-01   1.0398410e+03   1.0300904e+02
   1.0405070e+03   9.9900000e-01   1.0408310e+03   1.0321102e+02
   1.0415470e+03   1.0400000e+00   1.0418810e+03   1.0242556e+02
   1.0425540e+03   1.0070000e+00   1.0428910e+03   1.0169599e+02
   1.0434850e+03   9.3000000e-01   1.0438110e+03   1.0238068e+02
   1.0444610e+03   9.7600000e-01   1.0447910e+03   1.0248144e+02
   1.0454880e+03   1.0260000e+00   1.0458210e+03   1.0157279e+02
   1.0464650e+03   9.7700000e-01   1.0468010e+03   1.0205505e+02
   1.0473780e+03   9.1300000e-01   1.0477110e+03   1.0336811e+02
   1.0483360e+03   9.5800000e-01   1.0486610e+03   1.0371572e+02
   1.0493510e+03   1.0150000e+00   1.0496810e+03   1.0300904e+02
   1.0503130e+03   9.6200000e-01   1.0506510e+03   1.0310980e+02
   1.0512700e+03   9.5700000e-01   1.0516010e+03   1.0451262e+02
   1.0522940e+03   1.0240000e+00   1.0526210e+03   1.0339055e+02
   1.0533110e+03   1.0170000e+00   1.0536410e+03   1.0222359e+02
   1.0542400e+03   9.2800000e-01   1.0545710e+03   1.0298660e+02
   1.0552180e+03   9.7900000e-01   1.0555510e+03   1.0321102e+02
   1.0562550e+03   1.0370000e+00   1.0565910e+03   1.0245900e+02
   1.0572430e+03   9.8700000e-01   1.0575810e+03   1.0221214e+02
   1.0582230e+03   9.8000000e-01   1.0585510e+03   1.0308736e+02
   1.0592770e+03   1.0540000e+00   1.0596010e+03   1.0272830e+02
   1.0603390e+03   1.0620000e+00   1.0606710e+03   1.0181965e+02
   1.0613050e+03   9.6600000e-01   1.0616410e+03   1.0206650e+02
   1.0622760e+03   9.7100000e-01   1.0626010e+03   1.0245900e+02
   1.0632720e+03   9.9600000e-01   1.0636010e+03   1.0203261e+02
   1.0642650e+03   9.9300000e-01   1.0646010e+03   1.0293027e+02
   1.0652280e+03   9.6300000e-01   1.0655610e+03   1.0310980e+02
   1.0661120e+03   8.8400000e-01   1.0664410e+03   1.0339055e+02
   1.0669750e+03   8.6300000e-01   1.0673110e+03   1.0312125e+02
   1.0678360e+03   8.6100000e-01   1.0681710e+03   1.0323346e+02
   1.0686730e+03   8.3700000e-01   1.0690010e+03   1.0514098e+02
   1.0696160e+03   9.4300000e-01   1.0699410e+03   1.0536540e+02
   1.0706320e+03   1.0160000e+00   1.0709610e+03   1.0470314e+02
   1.0716580e+03   1.0250000e+00   1.0719910e+03   1.0365984e+02
   1.0725930e+03   9.3600000e-01   1.0729310e+03   1.0382793e+02
   1.0735040e+03   9.1000000e-01   1.0738310e+03   1.0447873e+02
   1.0744810e+03   9.7700000e-01   1.0748110e+03   1.0368229e+02
   1.0754990e+03   1.0180000e+00   1.0758310e+03   1.0303148e+02
   1.0764440e+03   9.4500000e-01   1.0767810e+03   1.0310980e+02
   1.0773770e+03   9.3300000e-01   1.0777010e+03   1.0478192e+02
   1.0783690e+03   9.9300000e-01   1.0786910e+03   1.0396258e+02
   1.0794150e+03   1.0450000e+00   1.0797410e+03   1.0365984e+02
   1.0804240e+03   1.0090000e+00   1.0807610e+03   1.0324445e+02
   1.0813430e+03   9.1900000e-01   1.0816810e+03   1.0392914e+02
   1.0823010e+03   9.5700000e-01   1.0826310e+03   1.0362595e+02
   1.0833140e+03   1.0130000e+00   1.0836410e+03   1.0326689e+02
   1.0843000e+03   9.8600000e-01   1.0846310e+03   1.0250388e+02
   1.0852160e+03   9.1600000e-01   1.0855410e+03   1.0355863e+02
   1.0861940e+03   9.7800000e-01   1.0865210e+03   1.0371572e+02
   1.0872180e+03   1.0250000e+00   1.0875510e+03   1.0293027e+02
   1.0881980e+03   9.8000000e-01   1.0885310e+03   1.0220115e+02
   1.0891220e+03   9.2400000e-01   1.0894510e+03   1.0397403e+02
   1.0901240e+03   1.0010000e+00   1.0904510e+03   1.0340154e+02
   1.0911320e+03   1.0080000e+00   1.0914610e+03   1.0319957e+02
   1.0921160e+03   9.8500000e-01   1.0924510e+03   1.0299759e+02
   1.0930980e+03   9.8200000e-01   1.0934310e+03   1.0245900e+02
   1.0939970e+03   8.9900000e-01   1.0943310e+03   1.0287439e+02
   1.0948970e+03   9.0000000e-01   1.0952210e+03   1.0398502e+02
   1.0958630e+03   9.6600000e-01   1.0961910e+03   1.0407478e+02
   1.0968790e+03   1.0150000e+00   1.0972110e+03   1.0378304e+02
   1.0978810e+03   1.0020000e+00   1.0982110e+03   1.0368229e+02
   1.0988030e+03   9.2200000e-01   1.0991410e+03   1.0423187e+02
   1.0997360e+03   9.3400000e-01   1.1000610e+03   1.0506221e+02
   1.1007320e+03   9.9500000e-01   1.1010610e+03   1.0390670e+02
   1.1017280e+03   9.9600000e-01   1.1020610e+03   1.0318857e+02
   1.1026460e+03   9.1800000e-01   1.1029810e+03   1.0480436e+02
   1.1036240e+03   9.7800000e-01   1.1039510e+03   1.0505122e+02
   1.1046370e+03   1.0130000e+00   1.1049710e+03   1.0308736e+02
   1.1055800e+03   9.4300000e-01   1.1059110e+03   1.0358107e+02
   1.1065830e+03   1.0030000e+00   1.1069110e+03   1.0426576e+02
   1.1076110e+03   1.0290000e+00   1.1079410e+03   1.0280707e+02
   1.1086150e+03   1.0040000e+00   1.1089510e+03   1.0232435e+02
   1.1095320e+03   9.1700000e-01   1.1098610e+03   1.0205505e+02
   1.1104760e+03   9.4500000e-01   1.1108010e+03   1.0281806e+02
   1.1114940e+03   1.0170000e+00   1.1118210e+03   1.0281806e+02
   1.1125160e+03   1.0220000e+00   1.1128510e+03   1.0215627e+02
   1.1134530e+03   9.3700000e-01   1.1137810e+03   1.0304248e+02
   1.1144340e+03   9.8100000e-01   1.1147610e+03   1.0336811e+02
   1.1154610e+03   1.0270000e+00   1.1157910e+03   1.0266097e+02
   1.1164460e+03   9.8500000e-01   1.1167810e+03   1.0180820e+02
   1.1173580e+03   9.1200000e-01   1.1176910e+03   1.0273974e+02
   1.1183290e+03   9.7100000e-01   1.1186510e+03   1.0268341e+02
   1.1193320e+03   1.0040000e+00   1.1196610e+03   1.0195429e+02
   1.1202570e+03   9.2500000e-01   1.1205910e+03   1.0288539e+02
   1.1212370e+03   9.7900000e-01   1.1215610e+03   1.0357008e+02
   1.1223000e+03   1.0630000e+00   1.1226310e+03   1.0325590e+02
   1.1233570e+03   1.0570000e+00   1.1236910e+03   1.0225702e+02
   1.1243090e+03   9.5200000e-01   1.1246410e+03   1.0276219e+02
   1.1252670e+03   9.5800000e-01   1.1255910e+03   1.0305393e+02
   1.1262600e+03   9.9400000e-01   1.1265910e+03   1.0278463e+02
   1.1272620e+03   1.0020000e+00   1.1275910e+03   1.0278463e+02
   1.1282690e+03   1.0070000e+00   1.1286010e+03   1.0262754e+02
   1.1292190e+03   9.5000000e-01   1.1295510e+03   1.0238068e+02
   1.1301240e+03   9.0500000e-01   1.1304510e+03   1.0339055e+02
   1.1311040e+03   9.8000000e-01   1.1314310e+03   1.0357008e+02
   1.1321570e+03   1.0520000e+00   1.1324810e+03   1.0284050e+02
   1.1331530e+03   9.9600000e-01   1.1334910e+03   1.0194284e+02
   1.1340550e+03   9.0200000e-01   1.1343910e+03   1.0280707e+02
   1.1350020e+03   9.4700000e-01   1.1353310e+03   1.0309881e+02
   1.1360300e+03   1.0280000e+00   1.1363610e+03   1.0249289e+02
   1.1370520e+03   1.0220000e+00   1.1373810e+03   1.0156134e+02
   1.1380110e+03   9.5900000e-01   1.1383410e+03   1.0222359e+02
   1.1390120e+03   1.0010000e+00   1.1393410e+03   1.0224603e+02
   1.1400240e+03   1.0120000e+00   1.1403610e+03   1.0209993e+02
   1.1410280e+03   1.0050000e+00   1.1413610e+03   1.0202162e+02
   1.1419770e+03   9.4900000e-01   1.1423110e+03   1.0218970e+02
   1.1428790e+03   9.0200000e-01   1.1432110e+03   1.0388426e+02
   1.1438410e+03   9.6200000e-01   1.1441710e+03   1.0390670e+02
   1.1448620e+03   1.0220000e+00   1.1451910e+03   1.0360351e+02
   1.1458780e+03   1.0150000e+00   1.1462110e+03   1.0307637e+02
   1.1468440e+03   9.6600000e-01   1.1471810e+03   1.0317712e+02
   1.1477600e+03   9.1600000e-01   1.1480910e+03   1.0363740e+02
   1.1487720e+03   1.0120000e+00   1.1491010e+03   1.0350275e+02
   1.1498480e+03   1.0760000e+00   1.1501810e+03   1.0277318e+02
   1.1508820e+03   1.0340000e+00   1.1512210e+03   1.0169599e+02
   1.1518200e+03   9.3800000e-01   1.1521510e+03   1.0251533e+02
   1.1527700e+03   9.5000000e-01   1.1531010e+03   1.0306492e+02
   1.1537650e+03   9.9500000e-01   1.1540910e+03   1.0211138e+02
   1.1547620e+03   9.9600000e-01   1.1551010e+03   1.0212238e+02
   1.1556820e+03   9.2000000e-01   1.1560110e+03   1.0327834e+02
   1.1566510e+03   9.6900000e-01   1.1569810e+03   1.0377205e+02
   1.1576680e+03   1.0160000e+00   1.1580010e+03   1.0280707e+02
   1.1586120e+03   9.4500000e-01   1.1589510e+03   1.0293027e+02
   1.1595690e+03   9.5700000e-01   1.1599010e+03   1.0355863e+02
   1.1606390e+03   1.0700000e+00   1.1609710e+03   1.0267242e+02
   1.1616490e+03   1.0100000e+00   1.1619910e+03   1.0175232e+02
   1.1626030e+03   9.5500000e-01   1.1629310e+03   1.0271730e+02
   1.1636120e+03   1.0090000e+00   1.1639410e+03   1.0253777e+02
   1.1646280e+03   1.0160000e+00   1.1649610e+03   1.0144959e+02
   1.1655690e+03   9.4000000e-01   1.1659010e+03   1.0178575e+02
   1.1665310e+03   9.6200000e-01   1.1668610e+03   1.0235824e+02
   1.1675730e+03   1.0430000e+00   1.1679010e+03   1.0194284e+02
   1.1686370e+03   1.0640000e+00   1.1689710e+03   1.0060781e+02
   1.1696700e+03   1.0340000e+00   1.1700110e+03   1.0018142e+02
   1.1706250e+03   9.5500000e-01   1.1709610e+03   1.0078734e+02
   1.1715970e+03   9.7200000e-01   1.1719310e+03   1.0059681e+02
   1.1726150e+03   1.0190000e+00   1.1729510e+03   1.0070902e+02
   1.1736200e+03   1.0040000e+00   1.1739610e+03   1.0082123e+02
   1.1745430e+03   9.2300000e-01   1.1748810e+03   1.0293027e+02
   1.1755260e+03   9.8400000e-01   1.1758510e+03   1.0362595e+02
   1.1766020e+03   1.0760000e+00   1.1769410e+03   1.0362595e+02
   1.1776490e+03   1.0470000e+00   1.1779910e+03   1.0260510e+02
   1.1786240e+03   9.7500000e-01   1.1789610e+03   1.0404135e+02
   1.1796290e+03   1.0050000e+00   1.1799610e+03   1.0326689e+02
   1.1806330e+03   1.0040000e+00   1.1809610e+03   1.0333421e+02
   1.1816070e+03   9.7400000e-01   1.1819410e+03   1.0303148e+02
   1.1825050e+03   8.9900000e-01   1.1828410e+03   1.0425431e+02
   1.1834380e+03   9.3300000e-01   1.1837610e+03   1.0492756e+02
   1.1844630e+03   1.0250000e+00   1.1847910e+03   1.0482680e+02
   1.1855040e+03   1.0410000e+00   1.1858410e+03   1.0457994e+02
   1.1864800e+03   9.7600000e-01   1.1868110e+03   1.0491657e+02
   1.1875240e+03   1.0440000e+00   1.1878510e+03   1.0465826e+02
   1.1885720e+03   1.0480000e+00   1.1889010e+03   1.0260510e+02
   1.1895380e+03   9.6600000e-01   1.1898710e+03   1.0290783e+02
   1.1905590e+03   1.0210000e+00   1.1908810e+03   1.0322201e+02
   1.1916200e+03   1.0610000e+00   1.1919510e+03   1.0240312e+02
   1.1926260e+03   1.0060000e+00   1.1929610e+03   1.0158378e+02
   1.1935720e+03   9.4600000e-01   1.1939010e+03   1.0240312e+02
   1.1945070e+03   9.3400000e-01   1.1948310e+03   1.0235824e+02
   1.1953750e+03   8.6900000e-01   1.1957010e+03   1.0181965e+02
   1.1962800e+03   9.0500000e-01   1.1966110e+03   1.0187552e+02
   1.1971890e+03   9.0900000e-01   1.1975210e+03   1.0263853e+02
   1.1980840e+03   8.9600000e-01   1.1984110e+03   1.0369328e+02
   1.1990640e+03   9.8000000e-01   1.1993910e+03   1.0370473e+02
   1.2000840e+03   1.0200000e+00   1.2004110e+03   1.0285195e+02
   1.2010080e+03   9.2400000e-01   1.2013410e+03   1.0314369e+02
   1.2019380e+03   9.2900000e-01   1.2022610e+03   1.0397403e+02
   1.2029490e+03   1.0120000e+00   1.2032710e+03   1.0374961e+02
   1.2039970e+03   1.0480000e+00   1.2043310e+03   1.0275074e+02
   1.2049770e+03   9.8000000e-01   1.2053110e+03   1.0358107e+02
   1.2059430e+03   9.6600000e-01   1.2062710e+03   1.0424332e+02
   1.2069780e+03   1.0340000e+00   1.2073110e+03   1.0287439e+02
   1.2079860e+03   1.0080000e+00   1.2083210e+03   1.0221214e+02
   1.2089590e+03   9.7400000e-01   1.2092910e+03   1.0305393e+02
   1.2099720e+03   1.0130000e+00   1.2103010e+03   1.0286294e+02
   1.2109970e+03   1.0260000e+00   1.2113310e+03   1.0243656e+02
   1.2120140e+03   1.0170000e+00   1.2123510e+03   1.0217871e+02
   1.2129780e+03   9.6400000e-01   1.2133110e+03   1.0194284e+02
   1.2138890e+03   9.1000000e-01   1.2142210e+03   1.0303148e+02
   1.2148700e+03   9.8100000e-01   1.2152010e+03   1.0270585e+02
   1.2159260e+03   1.0560000e+00   1.2162510e+03   1.0309881e+02
   1.2169360e+03   1.0110000e+00   1.2172710e+03   1.0239167e+02
   1.2178820e+03   9.4600000e-01   1.2182110e+03   1.0328933e+02
   1.2188790e+03   9.9600000e-01   1.2192110e+03   1.0323346e+02
   1.2199180e+03   1.0390000e+00   1.2202510e+03   1.0233580e+02
   1.2208890e+03   9.7200000e-01   1.2212210e+03   1.0224603e+02
   1.2218530e+03   9.6400000e-01   1.2221810e+03   1.0304248e+02
   1.2228770e+03   1.0240000e+00   1.2232110e+03   1.0270585e+02
   1.2238980e+03   1.0210000e+00   1.2242310e+03   1.0165111e+02
   1.2248390e+03   9.4100000e-01   1.2251710e+03   1.0209993e+02
   1.2258090e+03   9.7000000e-01   1.2261410e+03   1.0260510e+02
   1.2268230e+03   1.0140000e+00   1.2271510e+03   1.0171843e+02
   1.2278350e+03   1.0120000e+00   1.2281710e+03   1.0135982e+02
   1.2288150e+03   9.8000000e-01   1.2291510e+03   1.0134837e+02
   1.2297180e+03   9.0300000e-01   1.2300510e+03   1.0256021e+02
   1.2306780e+03   9.6000000e-01   1.2310010e+03   1.0314369e+02
   1.2317190e+03   1.0410000e+00   1.2320510e+03   1.0180820e+02
   1.2327400e+03   1.0210000e+00   1.2330710e+03   1.0091099e+02
   1.2336700e+03   9.2900000e-01   1.2340010e+03   1.0240312e+02
   1.2346480e+03   9.7900000e-01   1.2349810e+03   1.0280707e+02
   1.2356890e+03   1.0410000e+00   1.2360210e+03   1.0284050e+02
   1.2367230e+03   1.0340000e+00   1.2370610e+03   1.0269486e+02
   1.2376800e+03   9.5700000e-01   1.2380210e+03   1.0344642e+02
   1.2386540e+03   9.7400000e-01   1.2389810e+03   1.0441140e+02
   1.2397130e+03   1.0590000e+00   1.2400410e+03   1.0422088e+02
   1.2407700e+03   1.0570000e+00   1.2411010e+03   1.0325590e+02
   1.2417320e+03   9.6200000e-01   1.2420710e+03   1.0398502e+02
   1.2426860e+03   9.5400000e-01   1.2430110e+03   1.0475948e+02
   1.2437070e+03   1.0220000e+00   1.2440310e+03   1.0367084e+02
   1.2447390e+03   1.0320000e+00   1.2450710e+03   1.0279562e+02
   1.2456790e+03   9.3900000e-01   1.2460110e+03   1.0351375e+02
   1.2466640e+03   9.8500000e-01   1.2469910e+03   1.0401891e+02
   1.2476980e+03   1.0340000e+00   1.2480310e+03   1.0353619e+02
   1.2487200e+03   1.0230000e+00   1.2490510e+03   1.0333421e+02
   1.2498050e+03   1.0840000e+00   1.2501310e+03   1.0463582e+02
   1.2508900e+03   1.0850000e+00   1.2512210e+03   1.0342398e+02
   1.2519210e+03   1.0320000e+00   1.2522610e+03   1.0279562e+02
   1.2529050e+03   9.8400000e-01   1.2532310e+03   1.0340154e+02
   1.2539550e+03   1.0500000e+00   1.2542810e+03   1.0344642e+02
   1.2550130e+03   1.0580000e+00   1.2553410e+03   1.0286294e+02
   1.2560360e+03   1.0240000e+00   1.2563710e+03   1.0223458e+02
   1.2569720e+03   9.3600000e-01   1.2573010e+03   1.0328933e+02
   1.2579690e+03   9.9700000e-01   1.2582910e+03   1.0363740e+02
   1.2589970e+03   1.0270000e+00   1.2593310e+03   1.0293027e+02
   1.2599370e+03   9.4000000e-01   1.2602710e+03   1.0351375e+02
   1.2609210e+03   9.8500000e-01   1.2612510e+03   1.0400746e+02
   1.2619840e+03   1.0630000e+00   1.2623110e+03   1.0322201e+02
   1.2629930e+03   1.0090000e+00   1.2633310e+03   1.0267242e+02
   1.2639730e+03   9.8000000e-01   1.2643010e+03   1.0341299e+02
   1.2650270e+03   1.0540000e+00   1.2653510e+03   1.0309881e+02
   1.2661030e+03   1.0750000e+00   1.2664310e+03   1.0202162e+02
   1.2670770e+03   9.7400000e-01   1.2674110e+03   1.0185308e+02
   1.2680310e+03   9.5400000e-01   1.2683610e+03   1.0273974e+02
   1.2690470e+03   1.0160000e+00   1.2693710e+03   1.0289684e+02
   1.2700610e+03   1.0140000e+00   1.2703910e+03   1.0295271e+02
   1.2710540e+03   9.9400000e-01   1.2713910e+03   1.0239167e+02
   1.2719680e+03   9.1400000e-01   1.2723010e+03   1.0317712e+02
   1.2729070e+03   9.3900000e-01   1.2732310e+03   1.0400746e+02
   1.2739160e+03   1.0090000e+00   1.2742410e+03   1.0353619e+02
   1.2749070e+03   9.9100000e-01   1.2752410e+03   1.0267242e+02
   1.2758240e+03   9.1800000e-01   1.2761510e+03   1.0434408e+02
   1.2767890e+03   9.6500000e-01   1.2771210e+03   1.0445629e+02
   1.2777940e+03   1.0050000e+00   1.2781310e+03   1.0299759e+02
   1.2787250e+03   9.3000000e-01   1.2790610e+03   1.0359252e+02
   1.2796680e+03   9.4400000e-01   1.2799910e+03   1.0525319e+02
   1.2806550e+03   9.8700000e-01   1.2809810e+03   1.0429920e+02
   1.2816460e+03   9.9100000e-01   1.2819710e+03   1.0475948e+02
   1.2826140e+03   9.6800000e-01   1.2829410e+03   1.0464727e+02
   1.2834820e+03   8.6800000e-01   1.2838110e+03   1.0480436e+02
   1.2843530e+03   8.7100000e-01   1.2846810e+03   1.0480436e+02
   1.2852310e+03   8.7800000e-01   1.2855610e+03   1.0371572e+02
   1.2860830e+03   8.5100000e-01   1.2864110e+03   1.0571301e+02
   1.2870260e+03   9.4400000e-01   1.2873510e+03   1.0610551e+02
   1.2880520e+03   1.0250000e+00   1.2883810e+03   1.0505122e+02
   1.2889870e+03   9.3600000e-01   1.2893210e+03   1.0542127e+02
   1.2899770e+03   9.9000000e-01   1.2903010e+03   1.0556737e+02
   1.2910040e+03   1.0270000e+00   1.2913310e+03   1.0450117e+02
   1.2919360e+03   9.3200000e-01   1.2922710e+03   1.0472558e+02
   1.2929130e+03   9.7700000e-01   1.2932410e+03   1.0508465e+02
   1.2939230e+03   1.0100000e+00   1.2942510e+03   1.0422088e+02
   1.2948420e+03   9.1900000e-01   1.2951710e+03   1.0340154e+02
   1.2957530e+03   9.1000000e-01   1.2960810e+03   1.0512953e+02
   1.2967280e+03   9.7500000e-01   1.2970510e+03   1.0431065e+02
   1.2977330e+03   1.0050000e+00   1.2980610e+03   1.0391769e+02
   1.2987430e+03   1.0100000e+00   1.2990710e+03   1.0420943e+02
   1.2996990e+03   9.5600000e-01   1.3000310e+03   1.0365984e+02
   1.3005780e+03   8.8000000e-01   1.3009010e+03   1.0475948e+02
   1.3015160e+03   9.3800000e-01   1.3018410e+03   1.0435553e+02
   1.3025260e+03   1.0110000e+00   1.3028510e+03   1.0404135e+02
   1.3035550e+03   1.0290000e+00   1.3038810e+03   1.0299759e+02
   1.3044990e+03   9.4400000e-01   1.3048310e+03   1.0431065e+02
   1.3054940e+03   9.9500000e-01   1.3058210e+03   1.0465826e+02
   1.3065260e+03   1.0330000e+00   1.3068510e+03   1.0321102e+02
   1.3075180e+03   9.9200000e-01   1.3078510e+03   1.0245900e+02
   1.3084470e+03   9.2900000e-01   1.3087710e+03   1.0341299e+02
   1.3094460e+03   9.9800000e-01   1.3097710e+03   1.0351375e+02
   1.3104990e+03   1.0530000e+00   1.3108310e+03   1.0272830e+02
   1.3114910e+03   9.9200000e-01   1.3118210e+03   1.0230191e+02
   1.3124490e+03   9.5700000e-01   1.3127710e+03   1.0305393e+02
   1.3134500e+03   1.0020000e+00   1.3137810e+03   1.0286294e+02
   1.3144870e+03   1.0370000e+00   1.3148210e+03   1.0258265e+02
   1.3154650e+03   9.7800000e-01   1.3158010e+03   1.0220115e+02
   1.3163810e+03   9.1600000e-01   1.3167110e+03   1.0341299e+02
   1.3173900e+03   1.0090000e+00   1.3177210e+03   1.0353619e+02
   1.3184470e+03   1.0570000e+00   1.3187810e+03   1.0302003e+02
   1.3194880e+03   1.0410000e+00   1.3198210e+03   1.0267242e+02
   1.3204870e+03   9.9900000e-01   1.3208210e+03   1.0314369e+02
   1.3214540e+03   9.6700000e-01   1.3217810e+03   1.0243656e+02
   1.3224120e+03   9.5800000e-01   1.3227410e+03   1.0271730e+02
   1.3233660e+03   9.5400000e-01   1.3237010e+03   1.0260510e+02
   1.3242860e+03   9.2000000e-01   1.3246210e+03   1.0296416e+02
   1.3251680e+03   8.8200000e-01   1.3255010e+03   1.0409722e+02
   1.3261370e+03   9.6800000e-01   1.3264610e+03   1.0446774e+02
   1.3271880e+03   1.0510000e+00   1.3275210e+03   1.0413112e+02
   1.3281980e+03   1.0110000e+00   1.3285310e+03   1.0408623e+02
   1.3291330e+03   9.3500000e-01   1.3294710e+03   1.0456849e+02
   1.3300850e+03   9.5200000e-01   1.3304110e+03   1.0509610e+02
   1.3310950e+03   1.0100000e+00   1.3314210e+03   1.0454605e+02
   1.3320810e+03   9.8600000e-01   1.3324110e+03   1.0372717e+02
   1.3329830e+03   9.0100000e-01   1.3333110e+03   1.0482680e+02
   1.3339280e+03   9.4500000e-01   1.3342510e+03   1.0533150e+02
   1.3349290e+03   1.0010000e+00   1.3352510e+03   1.0413112e+02
   1.3359260e+03   9.9700000e-01   1.3362610e+03   1.0317712e+02
   1.3368440e+03   9.1800000e-01   1.3371710e+03   1.0415356e+02
   1.3377470e+03   9.0300000e-01   1.3380710e+03   1.0498389e+02
   1.3387250e+03   9.7700000e-01   1.3390510e+03   1.0402990e+02
   1.3397570e+03   1.0320000e+00   1.3400810e+03   1.0352520e+02
   1.3407390e+03   9.8300000e-01   1.3410710e+03   1.0345787e+02
   1.3416350e+03   8.9600000e-01   1.3419710e+03   1.0433309e+02
   1.3425610e+03   9.2600000e-01   1.3428810e+03   1.0484924e+02
   1.3435090e+03   9.4800000e-01   1.3438310e+03   1.0382793e+02
   1.3443880e+03   8.7900000e-01   1.3447210e+03   1.0388426e+02
   1.3452780e+03   8.9000000e-01   1.3456010e+03   1.0471459e+02
   1.3461790e+03   9.0100000e-01   1.3465010e+03   1.0463582e+02
   1.3470960e+03   9.1700000e-01   1.3474210e+03   1.0459094e+02
   1.3480150e+03   9.1900000e-01   1.3483410e+03   1.0449018e+02
   1.3489500e+03   9.3500000e-01   1.3492810e+03   1.0390670e+02
   1.3498380e+03   8.8900000e-01   1.3501710e+03   1.0345787e+02
   1.3507100e+03   8.7200000e-01   1.3510410e+03   1.0420943e+02
   1.3516880e+03   9.7700000e-01   1.3520110e+03   1.0444530e+02
   1.3527040e+03   1.0160000e+00   1.3530310e+03   1.0392914e+02
   1.3536950e+03   9.9200000e-01   1.3540310e+03   1.0388426e+02
   1.3545990e+03   9.0300000e-01   1.3549310e+03   1.0453506e+02
   1.3554990e+03   9.0100000e-01   1.3558310e+03   1.0510709e+02
   1.3564670e+03   9.6700000e-01   1.3567910e+03   1.0433309e+02
   1.3574730e+03   1.0060000e+00   1.3578010e+03   1.0408623e+02
   1.3584720e+03   9.9900000e-01   1.3588010e+03   1.0461338e+02
   1.3594480e+03   9.7500000e-01   1.3597810e+03   1.0443385e+02
   1.3604110e+03   9.6400000e-01   1.3607410e+03   1.0426576e+02
   1.3613560e+03   9.4500000e-01   1.3616810e+03   1.0406379e+02
   1.3622590e+03   9.0300000e-01   1.3625910e+03   1.0299759e+02
   1.3630980e+03   8.3900000e-01   1.3634310e+03   1.0411967e+02
   1.3639640e+03   8.6600000e-01   1.3642910e+03   1.0512953e+02
   1.3649610e+03   9.9700000e-01   1.3652810e+03   1.0508465e+02
   1.3659680e+03   1.0070000e+00   1.3663010e+03   1.0482680e+02
   1.3668970e+03   9.2800000e-01   1.3672310e+03   1.0576934e+02
   1.3678460e+03   9.4900000e-01   1.3681710e+03   1.0638625e+02
   1.3688760e+03   1.0300000e+00   1.3692010e+03   1.0518586e+02
   1.3699240e+03   1.0480000e+00   1.3702510e+03   1.0452361e+02
   1.3709490e+03   1.0250000e+00   1.3712810e+03   1.0369328e+02
   1.3719350e+03   9.8600000e-01   1.3722710e+03   1.0275074e+02
   1.3728270e+03   8.9200000e-01   1.3731610e+03   1.0294172e+02
   1.3737670e+03   9.4000000e-01   1.3740910e+03   1.0349130e+02
   1.3748250e+03   1.0580000e+00   1.3751510e+03   1.0325590e+02
   1.3759010e+03   1.0760000e+00   1.3762310e+03   1.0217871e+02
   1.3768680e+03   9.6700000e-01   1.3772010e+03   1.0240312e+02
   1.3777820e+03   9.1400000e-01   1.3781110e+03   1.0261609e+02
   1.3787270e+03   9.4500000e-01   1.3790510e+03   1.0287439e+02
   1.3797010e+03   9.7500000e-01   1.3800310e+03   1.0159523e+02
   1.3806260e+03   9.2500000e-01   1.3809610e+03   1.0257120e+02
   1.3815040e+03   8.7800000e-01   1.3818310e+03   1.0436652e+02
   1.3824720e+03   9.6800000e-01   1.3828010e+03   1.0483779e+02
   1.3835550e+03   1.0830000e+00   1.3838810e+03   1.0370473e+02
   1.3846330e+03   1.0770000e+00   1.3849610e+03   1.0387281e+02
   1.3856850e+03   1.0520000e+00   1.3860210e+03   1.0272830e+02
   1.3866430e+03   9.5800000e-01   1.3869810e+03   1.0250388e+02
   1.3875810e+03   9.3800000e-01   1.3879110e+03   1.0260510e+02
   1.3886070e+03   1.0260000e+00   1.3889310e+03   1.0273974e+02
   1.3896990e+03   1.0910000e+00   1.3900310e+03   1.0223458e+02
   1.3907220e+03   1.0240000e+00   1.3910610e+03   1.0195429e+02
   1.3916990e+03   9.7600000e-01   1.3920310e+03   1.0273974e+02
   1.3927160e+03   1.0170000e+00   1.3930410e+03   1.0296416e+02
   1.3937550e+03   1.0390000e+00   1.3940810e+03   1.0280707e+02
   1.3947920e+03   1.0370000e+00   1.3951310e+03   1.0227947e+02
   1.3957510e+03   9.5900000e-01   1.3960810e+03   1.0252632e+02
   1.3966950e+03   9.4400000e-01   1.3970210e+03   1.0361496e+02
   1.3977200e+03   1.0250000e+00   1.3980410e+03   1.0352520e+02
   1.3987380e+03   1.0180000e+00   1.3990710e+03   1.0276219e+02
   1.3996600e+03   9.2200000e-01   1.3999910e+03   1.0418699e+02
   1.4006280e+03   9.6800000e-01   1.4009510e+03   1.0462483e+02
   1.4016710e+03   1.0430000e+00   1.4020010e+03   1.0305393e+02
   1.4026640e+03   9.9300000e-01   1.4030010e+03   1.0226847e+02
   1.4036150e+03   9.5000000e-01   1.4039410e+03   1.0406379e+02
   1.4046260e+03   1.0110000e+00   1.4049510e+03   1.0307637e+02
   1.4056500e+03   1.0240000e+00   1.4059810e+03   1.0202162e+02
   1.4065770e+03   9.2700000e-01   1.4069110e+03   1.0293027e+02
   1.4075240e+03   9.4700000e-01   1.4078510e+03   1.0407478e+02
   1.4085340e+03   1.0100000e+00   1.4088610e+03   1.0363740e+02
   1.4094900e+03   9.5700000e-01   1.4098210e+03   1.0391769e+02
   1.4104690e+03   9.7900000e-01   1.4107910e+03   1.0543272e+02
   1.4115330e+03   1.0630000e+00   1.4118610e+03   1.0465826e+02
   1.4125240e+03   9.9100000e-01   1.4128610e+03   1.0401891e+02
   1.4135010e+03   9.7700000e-01   1.4138310e+03   1.0456849e+02
   1.4145420e+03   1.0410000e+00   1.4148710e+03   1.0359252e+02
   1.4155860e+03   1.0440000e+00   1.4159110e+03   1.0317712e+02
   1.4166200e+03   1.0340000e+00   1.4169510e+03   1.0310980e+02
   1.4176400e+03   1.0200000e+00   1.4179710e+03   1.0251533e+02
   1.4185710e+03   9.3100000e-01   1.4189010e+03   1.0315468e+02
   1.4195240e+03   9.5300000e-01   1.4198510e+03   1.0376060e+02
   1.4205620e+03   1.0380000e+00   1.4208910e+03   1.0358107e+02
   1.4216150e+03   1.0530000e+00   1.4219510e+03   1.0270585e+02
   1.4225700e+03   9.5500000e-01   1.4229010e+03   1.0307637e+02
   1.4235250e+03   9.5400000e-01   1.4238510e+03   1.0388426e+02
   1.4245420e+03   1.0170000e+00   1.4248710e+03   1.0381693e+02
   1.4255780e+03   1.0360000e+00   1.4259110e+03   1.0296416e+02
   1.4265440e+03   9.6600000e-01   1.4268710e+03   1.0321102e+02
   1.4275140e+03   9.7100000e-01   1.4278410e+03   1.0481535e+02
   1.4285640e+03   1.0490000e+00   1.4288910e+03   1.0386182e+02
   1.4296420e+03   1.0790000e+00   1.4299710e+03   1.0270585e+02
   1.4306310e+03   9.8800000e-01   1.4309610e+03   1.0284050e+02
   1.4316420e+03   1.0110000e+00   1.4319710e+03   1.0319957e+02
   1.4326780e+03   1.0360000e+00   1.4330010e+03   1.0330078e+02
   1.4337130e+03   1.0350000e+00   1.4340410e+03   1.0357008e+02
   1.4347220e+03   1.0090000e+00   1.4350510e+03   1.0383938e+02
   1.4357350e+03   1.0130000e+00   1.4360610e+03   1.0378304e+02
   1.4367140e+03   9.7900000e-01   1.4370510e+03   1.0330078e+02
   1.4376210e+03   9.0800000e-01   1.4379510e+03   1.0489412e+02
   1.4385600e+03   9.3900000e-01   1.4388810e+03   1.0569057e+02
   1.4396200e+03   1.0600000e+00   1.4399410e+03   1.0541028e+02
   1.4406810e+03   1.0620000e+00   1.4410110e+03   1.0438896e+02
   1.4416370e+03   9.5600000e-01   1.4419710e+03   1.0442285e+02
   1.4425670e+03   9.3000000e-01   1.4428910e+03   1.0530906e+02
   1.4435740e+03   1.0070000e+00   1.4439010e+03   1.0433309e+02
   1.4446180e+03   1.0440000e+00   1.4449510e+03   1.0333421e+02
   1.4455780e+03   9.6000000e-01   1.4459110e+03   1.0431065e+02
   1.4465480e+03   9.7000000e-01   1.4468710e+03   1.0491657e+02
   1.4475810e+03   1.0330000e+00   1.4479110e+03   1.0373816e+02
   1.4486240e+03   1.0440000e+00   1.4489510e+03   1.0331177e+02
   1.4496380e+03   1.0140000e+00   1.4499710e+03   1.0277318e+02
   1.4505900e+03   9.5200000e-01   1.4509210e+03   1.0250388e+02
   1.4515040e+03   9.1400000e-01   1.4518310e+03   1.0374961e+02
   1.4524780e+03   9.7400000e-01   1.4528010e+03   1.0374961e+02
   1.4534760e+03   9.9900000e-01   1.4538110e+03   1.0281806e+02
   1.4543920e+03   9.1600000e-01   1.4547210e+03   1.0377205e+02
   1.4553670e+03   9.7500000e-01   1.4556910e+03   1.0491657e+02
   1.4563910e+03   1.0230000e+00   1.4567210e+03   1.0354764e+02
   1.4573760e+03   9.8500000e-01   1.4577110e+03   1.0268341e+02
   1.4582690e+03   8.9300000e-01   1.4586010e+03   1.0387281e+02
   1.4592220e+03   9.5300000e-01   1.4595410e+03   1.0438896e+02
   1.4601840e+03   9.6200000e-01   1.4605110e+03   1.0360351e+02
   1.4610740e+03   8.8900000e-01   1.4614010e+03   1.0449018e+02
   1.4620490e+03   9.7600000e-01   1.4623710e+03   1.0553348e+02
   1.4630500e+03   1.0010000e+00   1.4633810e+03   1.0429920e+02
   1.4639700e+03   9.2100000e-01   1.4643010e+03   1.0489412e+02
   1.4649270e+03   9.5700000e-01   1.4652510e+03   1.0542127e+02
   1.4659500e+03   1.0230000e+00   1.4662710e+03   1.0487168e+02
   1.4669890e+03   1.0390000e+00   1.4673210e+03   1.0353619e+02
   1.4679820e+03   9.9300000e-01   1.4683110e+03   1.0341299e+02
   1.4689120e+03   9.3000000e-01   1.4692410e+03   1.0466971e+02
   1.4699290e+03   1.0160000e+00   1.4702510e+03   1.0410867e+02
   1.4709990e+03   1.0710000e+00   1.4713210e+03   1.0377205e+02
   1.4720330e+03   1.0330000e+00   1.4723610e+03   1.0332322e+02
   1.4730680e+03   1.0350000e+00   1.4734010e+03   1.0258265e+02
   1.4740160e+03   9.4800000e-01   1.4743510e+03   1.0261609e+02
   1.4749630e+03   9.4700000e-01   1.4752910e+03   1.0364839e+02
   1.4759940e+03   1.0320000e+00   1.4763210e+03   1.0337910e+02
   1.4770710e+03   1.0760000e+00   1.4774010e+03   1.0276219e+02
   1.4781130e+03   1.0420000e+00   1.4784410e+03   1.0258265e+02
   1.4791530e+03   1.0400000e+00   1.4794810e+03   1.0222359e+02
   1.4801590e+03   1.0050000e+00   1.4804910e+03   1.0183064e+02
   1.4810660e+03   9.0800000e-01   1.4813910e+03   1.0319957e+02
   1.4819450e+03   8.7800000e-01   1.4822710e+03   1.0382793e+02
   1.4828020e+03   8.5700000e-01   1.4831210e+03   1.0324445e+02
   1.4837090e+03   9.0700000e-01   1.4840310e+03   1.0336811e+02
   1.4845820e+03   8.7300000e-01   1.4849110e+03   1.0466971e+02
   1.4855140e+03   9.3200000e-01   1.4858310e+03   1.0524174e+02
   1.4865300e+03   1.0160000e+00   1.4868610e+03   1.0434408e+02
   1.4874700e+03   9.4000000e-01   1.4878010e+03   1.0369328e+02
   1.4884260e+03   9.5600000e-01   1.4887510e+03   1.0483779e+02
   1.4894760e+03   1.0510000e+00   1.4898010e+03   1.0374961e+02
   1.4905370e+03   1.0610000e+00   1.4908710e+03   1.0333421e+02
   1.4914850e+03   9.4800000e-01   1.4918210e+03   1.0281806e+02
   1.4924210e+03   9.3600000e-01   1.4927410e+03   1.0381693e+02
   1.4934380e+03   1.0170000e+00   1.4937610e+03   1.0334566e+02
   1.4944510e+03   1.0130000e+00   1.4947810e+03   1.0242556e+02
   1.4953820e+03   9.3000000e-01   1.4957110e+03   1.0353619e+02
   1.4964030e+03   1.0210000e+00   1.4967310e+03   1.0353619e+02
   1.4974300e+03   1.0280000e+00   1.4977610e+03   1.0225702e+02
   1.4983830e+03   9.5200000e-01   1.4987110e+03   1.0302003e+02
   1.4993850e+03   1.0020000e+00   1.4997110e+03   1.0327834e+02
   1.5004190e+03   1.0340000e+00   1.5007510e+03   1.0204406e+02
   1.5013600e+03   9.4100000e-01   1.5016910e+03   1.0280707e+02
   1.5023500e+03   9.9000000e-01   1.5026710e+03   1.0345787e+02
   1.5034180e+03   1.0690000e+00   1.5037410e+03   1.0291928e+02
   1.5044400e+03   1.0220000e+00   1.5047710e+03   1.0223458e+02
   1.5054120e+03   9.7200000e-01   1.5057410e+03   1.0310980e+02
   1.5064460e+03   1.0340000e+00   1.5067710e+03   1.0313224e+02
   1.5074930e+03   1.0470000e+00   1.5078210e+03   1.0201017e+02
   1.5084670e+03   9.7400000e-01   1.5088010e+03   1.0231336e+02
   1.5094410e+03   9.7400000e-01   1.5097710e+03   1.0300904e+02
   1.5104750e+03   1.0340000e+00   1.5108010e+03   1.0315468e+02
   1.5115450e+03   1.0700000e+00   1.5118710e+03   1.0175232e+02
   1.5125470e+03   1.0020000e+00   1.5128810e+03   1.0212238e+02
   1.5135030e+03   9.5600000e-01   1.5138310e+03   1.0300904e+02
   1.5145300e+03   1.0270000e+00   1.5148510e+03   1.0324445e+02
   1.5155900e+03   1.0600000e+00   1.5159210e+03   1.0254876e+02
   1.5165770e+03   9.8800000e-01   1.5169110e+03   1.0216726e+02
   1.5175320e+03   9.5400000e-01   1.5178610e+03   1.0335666e+02
   1.5185560e+03   1.0240000e+00   1.5188810e+03   1.0326689e+02
   1.5196100e+03   1.0540000e+00   1.5199410e+03   1.0238068e+02
   1.5205790e+03   9.6800000e-01   1.5209110e+03   1.0288539e+02
   1.5215920e+03   1.0140000e+00   1.5219210e+03   1.0334566e+02
   1.5226690e+03   1.0770000e+00   1.5229910e+03   1.0302003e+02
   1.5237300e+03   1.0610000e+00   1.5240610e+03   1.0248144e+02
   1.5247040e+03   9.7400000e-01   1.5250410e+03   1.0198773e+02
   1.5256040e+03   9.0000000e-01   1.5259310e+03   1.0327834e+02
   1.5265220e+03   9.1800000e-01   1.5268410e+03   1.0387281e+02
   1.5275050e+03   9.8300000e-01   1.5278310e+03   1.0321102e+02
   1.5285280e+03   1.0230000e+00   1.5288510e+03   1.0350275e+02
   1.5295010e+03   9.7300000e-01   1.5298310e+03   1.0389525e+02
   1.5304560e+03   9.5500000e-01   1.5307810e+03   1.0453506e+02
   1.5314630e+03   1.0060000e+00   1.5317910e+03   1.0459094e+02
   1.5324860e+03   1.0230000e+00   1.5328210e+03   1.0392914e+02
   1.5334250e+03   9.3900000e-01   1.5337510e+03   1.0446774e+02
   1.5344030e+03   9.7700000e-01   1.5347210e+03   1.0492756e+02
   1.5354320e+03   1.0300000e+00   1.5357610e+03   1.0368229e+02
   1.5364080e+03   9.7600000e-01   1.5367310e+03   1.0339055e+02
   1.5373560e+03   9.4800000e-01   1.5376810e+03   1.0501732e+02
   1.5383700e+03   1.0130000e+00   1.5386910e+03   1.0480436e+02
   1.5393720e+03   1.0030000e+00   1.5397010e+03   1.0414211e+02
   1.5403310e+03   9.5900000e-01   1.5406510e+03   1.0486023e+02
   1.5412720e+03   9.4100000e-01   1.5415910e+03   1.0487168e+02
   1.5421800e+03   9.0900000e-01   1.5425010e+03   1.0418699e+02
   1.5431580e+03   9.7700000e-01   1.5434810e+03   1.0422088e+02
   1.5440700e+03   9.1200000e-01   1.5443910e+03   1.0452361e+02
   1.5450260e+03   9.5700000e-01   1.5453510e+03   1.0503977e+02
   1.5460640e+03   1.0380000e+00   1.5463810e+03   1.0495000e+02
   1.5471080e+03   1.0440000e+00   1.5474410e+03   1.0378304e+02
   1.5480650e+03   9.5700000e-01   1.5483910e+03   1.0429920e+02
   1.5490950e+03   1.0300000e+00   1.5494210e+03   1.0462483e+02
   1.5501750e+03   1.0800000e+00   1.5505010e+03   1.0341299e+02
   1.5512400e+03   1.0650000e+00   1.5515710e+03   1.0215627e+02
   1.5522070e+03   9.6700000e-01   1.5525310e+03   1.0268341e+02
   1.5532240e+03   1.0170000e+00   1.5535510e+03   1.0289684e+02
   1.5542810e+03   1.0560000e+00   1.5546110e+03   1.0212238e+02
   1.5552600e+03   9.8000000e-01   1.5555910e+03   1.0231336e+02
   1.5562210e+03   9.6100000e-01   1.5565410e+03   1.0328933e+02
   1.5572430e+03   1.0220000e+00   1.5575710e+03   1.0310980e+02
   1.5582500e+03   1.0070000e+00   1.5585810e+03   1.0224603e+02
   1.5591690e+03   9.1900000e-01   1.5595010e+03   1.0316613e+02
   1.5601590e+03   9.9000000e-01   1.5604810e+03   1.0429920e+02
   1.5612190e+03   1.0610000e+00   1.5615510e+03   1.0245900e+02
   1.5621800e+03   9.6100000e-01   1.5625110e+03   1.0374961e+02
   1.5631960e+03   1.0150000e+00   1.5635210e+03   1.0404135e+02
   1.5642340e+03   1.0380000e+00   1.5645710e+03   1.0209993e+02
   1.5651990e+03   9.6500000e-01   1.5655310e+03   1.0278463e+02
   1.5662200e+03   1.0220000e+00   1.5665410e+03   1.0315468e+02
   1.5673010e+03   1.0810000e+00   1.5676310e+03   1.0258265e+02
   1.5683300e+03   1.0290000e+00   1.5686610e+03   1.0177476e+02
   1.5692830e+03   9.5300000e-01   1.5696110e+03   1.0267242e+02
   1.5703070e+03   1.0240000e+00   1.5706310e+03   1.0303148e+02
   1.5713540e+03   1.0470000e+00   1.5716810e+03   1.0217871e+02
   1.5723340e+03   9.8000000e-01   1.5726710e+03   1.0201017e+02
   1.5732950e+03   9.6100000e-01   1.5736210e+03   1.0291928e+02
   1.5743220e+03   1.0280000e+00   1.5746510e+03   1.0268341e+02
   1.5753870e+03   1.0640000e+00   1.5757210e+03   1.0204406e+02
   1.5763700e+03   9.8300000e-01   1.5767010e+03   1.0238068e+02
   1.5773340e+03   9.6500000e-01   1.5776610e+03   1.0343543e+02
   1.5783510e+03   1.0160000e+00   1.5786810e+03   1.0305393e+02
   1.5793450e+03   9.9500000e-01   1.5796810e+03   1.0241411e+02
   1.5802770e+03   9.3200000e-01   1.5806010e+03   1.0351375e+02
   1.5812810e+03   1.0040000e+00   1.5816110e+03   1.0402990e+02
   1.5823070e+03   1.0260000e+00   1.5826410e+03   1.0354764e+02
   1.5832310e+03   9.2300000e-01   1.5835610e+03   1.0357008e+02
   1.5841370e+03   9.0600000e-01   1.5844610e+03   1.0416455e+02
   1.5850340e+03   8.9700000e-01   1.5853610e+03   1.0419844e+02
   1.5859210e+03   8.8800000e-01   1.5862410e+03   1.0516342e+02
   1.5868900e+03   9.6800000e-01   1.5872110e+03   1.0547760e+02
   1.5879200e+03   1.0310000e+00   1.5882410e+03   1.0435553e+02
   1.5889560e+03   1.0360000e+00   1.5892810e+03   1.0447873e+02
   1.5899300e+03   9.7400000e-01   1.5902610e+03   1.0419844e+02
   1.5908790e+03   9.4800000e-01   1.5912110e+03   1.0505122e+02
   1.5918920e+03   1.0130000e+00   1.5922210e+03   1.0415356e+02
   1.5929550e+03   1.0630000e+00   1.5932810e+03   1.0354764e+02
   1.5939840e+03   1.0290000e+00   1.5943210e+03   1.0248144e+02
   1.5949430e+03   9.5900000e-01   1.5952710e+03   1.0410867e+02
   1.5959840e+03   1.0410000e+00   1.5963110e+03   1.0340154e+02
   1.5970480e+03   1.0650000e+00   1.5973810e+03   1.0270585e+02
   1.5980610e+03   1.0130000e+00   1.5983910e+03   1.0222359e+02
   1.5990190e+03   9.5700000e-01   1.5993410e+03   1.0309881e+02
   1.6000220e+03   1.0030000e+00   1.6003510e+03   1.0336811e+02
   1.6010700e+03   1.0480000e+00   1.6013910e+03   1.0328933e+02
   1.6021180e+03   1.0480000e+00   1.6024510e+03   1.0263853e+02
   1.6030680e+03   9.5000000e-01   1.6034010e+03   1.0315468e+02
   1.6040180e+03   9.5000000e-01   1.6043410e+03   1.0397403e+02
   1.6050500e+03   1.0320000e+00   1.6053710e+03   1.0400746e+02
   1.6060920e+03   1.0410000e+00   1.6064210e+03   1.0305393e+02
   1.6070410e+03   9.4900000e-01   1.6073710e+03   1.0400746e+02
   1.6079780e+03   9.3700000e-01   1.6083010e+03   1.0510709e+02
   1.6089930e+03   1.0150000e+00   1.6093210e+03   1.0442285e+02
   1.6100450e+03   1.0530000e+00   1.6103710e+03   1.0351375e+02
   1.6110080e+03   9.6300000e-01   1.6113410e+03   1.0473703e+02
   1.6119990e+03   9.9100000e-01   1.6123210e+03   1.0532051e+02
   1.6129810e+03   9.8200000e-01   1.6133110e+03   1.0415356e+02
   1.6138810e+03   9.0000000e-01   1.6142110e+03   1.0428821e+02
   1.6148330e+03   9.5300000e-01   1.6151610e+03   1.0462483e+02
   1.6157540e+03   9.2000000e-01   1.6160810e+03   1.0493901e+02
   1.6167280e+03   9.7500000e-01   1.6170510e+03   1.0536540e+02
   1.6177910e+03   1.0630000e+00   1.6181110e+03   1.0487168e+02
   1.6188290e+03   1.0390000e+00   1.6191610e+03   1.0397403e+02
   1.6197810e+03   9.5100000e-01   1.6201110e+03   1.0474803e+02
   1.6207900e+03   1.0090000e+00   1.6211110e+03   1.0416455e+02
   1.6218510e+03   1.0610000e+00   1.6221810e+03   1.0340154e+02
   1.6228450e+03   9.9400000e-01   1.6231810e+03   1.0282951e+02
   1.6237720e+03   9.2700000e-01   1.6241010e+03   1.0380549e+02
   1.6247980e+03   1.0260000e+00   1.6251210e+03   1.0405234e+02
   1.6258680e+03   1.0700000e+00   1.6262010e+03   1.0319957e+02
   1.6268310e+03   9.6300000e-01   1.6271610e+03   1.0374961e+02
   1.6278130e+03   9.8200000e-01   1.6281410e+03   1.0520831e+02
   1.6288650e+03   1.0530000e+00   1.6291910e+03   1.0369328e+02
   1.6298610e+03   9.9500000e-01   1.6301910e+03   1.0436652e+02
   1.6308570e+03   9.9600000e-01   1.6311810e+03   1.0505122e+02
   1.6319380e+03   1.0810000e+00   1.6322610e+03   1.0475948e+02
   1.6330140e+03   1.0760000e+00   1.6333410e+03   1.0270585e+02
   1.6339860e+03   9.7200000e-01   1.6343210e+03   1.0306492e+02
   1.6349610e+03   9.7600000e-01   1.6352910e+03   1.0383938e+02
   1.6360100e+03   1.0490000e+00   1.6363310e+03   1.0363740e+02
   1.6370610e+03   1.0510000e+00   1.6373910e+03   1.0302003e+02
   1.6380370e+03   9.7600000e-01   1.6383710e+03   1.0371572e+02
   1.6390520e+03   1.0150000e+00   1.6393810e+03   1.0395158e+02
   1.6400960e+03   1.0440000e+00   1.6404210e+03   1.0381693e+02
   1.6411200e+03   1.0240000e+00   1.6414510e+03   1.0306492e+02
   1.6420640e+03   9.4500000e-01   1.6423910e+03   1.0481535e+02
   1.6430770e+03   1.0130000e+00   1.6434010e+03   1.0429920e+02
   1.6441330e+03   1.0560000e+00   1.6444610e+03   1.0327834e+02
   1.6450920e+03   9.5900000e-01   1.6454210e+03   1.0327834e+02
   1.6460460e+03   9.5500000e-01   1.6463710e+03   1.0400746e+02
   1.6470670e+03   1.0210000e+00   1.6473910e+03   1.0398502e+02
   1.6481270e+03   1.0600000e+00   1.6484610e+03   1.0302003e+02
   1.6491020e+03   9.7500000e-01   1.6494310e+03   1.0314369e+02
   1.6500650e+03   9.6300000e-01   1.6503910e+03   1.0396258e+02
   1.6510990e+03   1.0340000e+00   1.6514210e+03   1.0380549e+02
   1.6521550e+03   1.0560000e+00   1.6524810e+03   1.0287439e+02
   1.6531390e+03   9.8400000e-01   1.6534710e+03   1.0315468e+02
   1.6541460e+03   1.0070000e+00   1.6544710e+03   1.0349130e+02
   1.6551880e+03   1.0420000e+00   1.6555110e+03   1.0308736e+02
   1.6562250e+03   1.0360000e+00   1.6565510e+03   1.0287439e+02
   1.6572400e+03   1.0160000e+00   1.6575710e+03   1.0296416e+02
   1.6582370e+03   9.9600000e-01   1.6585710e+03   1.0243656e+02
   1.6591600e+03   9.2300000e-01   1.6594910e+03   1.0322201e+02
   1.6600950e+03   9.3500000e-01   1.6604210e+03   1.0415356e+02
   1.6611170e+03   1.0230000e+00   1.6614410e+03   1.0416455e+02
   1.6621550e+03   1.0380000e+00   1.6624810e+03   1.0319957e+02
   1.6630830e+03   9.2800000e-01   1.6634110e+03   1.0461338e+02
   1.6640240e+03   9.4000000e-01   1.6643510e+03   1.0436652e+02
   1.6650250e+03   1.0010000e+00   1.6653510e+03   1.0431065e+02
   1.6660430e+03   1.0190000e+00   1.6663710e+03   1.0326689e+02
   1.6669670e+03   9.2300000e-01   1.6673010e+03   1.0443385e+02
   1.6679220e+03   9.5600000e-01   1.6682410e+03   1.0495000e+02
   1.6689480e+03   1.0260000e+00   1.6692710e+03   1.0364839e+02
   1.6699310e+03   9.8300000e-01   1.6702610e+03   1.0290783e+02
   1.6708740e+03   9.4300000e-01   1.6712010e+03   1.0395158e+02
   1.6718750e+03   1.0010000e+00   1.6722010e+03   1.0398502e+02
   1.6729010e+03   1.0260000e+00   1.6732310e+03   1.0316613e+02
   1.6738360e+03   9.3500000e-01   1.6741610e+03   1.0357008e+02
   1.6748070e+03   9.7100000e-01   1.6751310e+03   1.0497244e+02
   1.6758270e+03   1.0200000e+00   1.6761510e+03   1.0361496e+02
   1.6768040e+03   9.7700000e-01   1.6771310e+03   1.0286294e+02
   1.6777070e+03   9.0200000e-01   1.6780310e+03   1.0385037e+02
   1.6786680e+03   9.6200000e-01   1.6789910e+03   1.0487168e+02
   1.6796680e+03   1.0000000e+00   1.6799910e+03   1.0376060e+02
   1.6806580e+03   9.8900000e-01   1.6809810e+03   1.0348031e+02
   1.6815440e+03   8.8600000e-01   1.6818710e+03   1.0444530e+02
   1.6824330e+03   8.8900000e-01   1.6827610e+03   1.0424332e+02
   1.6833160e+03   8.8300000e-01   1.6836410e+03   1.0441140e+02
   1.6842080e+03   8.9200000e-01   1.6845310e+03   1.0516342e+02
   1.6852070e+03   9.9900000e-01   1.6855310e+03   1.0500633e+02
   1.6862590e+03   1.0520000e+00   1.6865810e+03   1.0377205e+02
   1.6872910e+03   1.0320000e+00   1.6876210e+03   1.0354764e+02
   1.6882460e+03   9.5500000e-01   1.6885710e+03   1.0380549e+02
   1.6892380e+03   9.9200000e-01   1.6895610e+03   1.0349130e+02
   1.6902580e+03   1.0200000e+00   1.6905810e+03   1.0322201e+02
   1.6912960e+03   1.0380000e+00   1.6916210e+03   1.0286294e+02
   1.6923190e+03   1.0230000e+00   1.6926510e+03   1.0213383e+02
   1.6932580e+03   9.3900000e-01   1.6935910e+03   1.0248144e+02
   1.6941980e+03   9.3900000e-01   1.6945210e+03   1.0351375e+02
   1.6951910e+03   9.9400000e-01   1.6955110e+03   1.0352520e+02
   1.6962160e+03   1.0250000e+00   1.6965410e+03   1.0309881e+02
   1.6971930e+03   9.7700000e-01   1.6975210e+03   1.0251533e+02
   1.6981110e+03   9.1700000e-01   1.6984410e+03   1.0367084e+02
   1.6990840e+03   9.7400000e-01   1.6994110e+03   1.0385037e+02
   1.7001020e+03   1.0170000e+00   1.7004310e+03   1.0308736e+02
   1.7010520e+03   9.5100000e-01   1.7013810e+03   1.0332322e+02
   1.7020440e+03   9.9100000e-01   1.7023710e+03   1.0447873e+02
   1.7031060e+03   1.0630000e+00   1.7034310e+03   1.0332322e+02
   1.7041470e+03   1.0410000e+00   1.7044810e+03   1.0238068e+02
   1.7051100e+03   9.6300000e-01   1.7054410e+03   1.0309881e+02
   1.7061170e+03   1.0060000e+00   1.7064410e+03   1.0317712e+02
   1.7071470e+03   1.0300000e+00   1.7074710e+03   1.0293027e+02
   1.7081850e+03   1.0380000e+00   1.7085110e+03   1.0271730e+02
   1.7092170e+03   1.0320000e+00   1.7095510e+03   1.0260510e+02
   1.7102400e+03   1.0230000e+00   1.7105710e+03   1.0198773e+02
   1.7111880e+03   9.4800000e-01   1.7115210e+03   1.0236923e+02
   1.7121290e+03   9.4100000e-01   1.7124510e+03   1.0340154e+02
   1.7131440e+03   1.0150000e+00   1.7134710e+03   1.0343543e+02
   1.7141790e+03   1.0340000e+00   1.7145110e+03   1.0257120e+02
   1.7151320e+03   9.5300000e-01   1.7154610e+03   1.0303148e+02
   1.7160920e+03   9.6000000e-01   1.7164110e+03   1.0373816e+02
   1.7170960e+03   1.0050000e+00   1.7174210e+03   1.0306492e+02
   1.7180480e+03   9.5200000e-01   1.7183810e+03   1.0298660e+02
   1.7189810e+03   9.3300000e-01   1.7193110e+03   1.0382793e+02
   1.7200020e+03   1.0210000e+00   1.7203310e+03   1.0359252e+02
   1.7210260e+03   1.0240000e+00   1.7213610e+03   1.0264998e+02
   1.7219610e+03   9.3500000e-01   1.7222910e+03   1.0407478e+02
   1.7229750e+03   1.0140000e+00   1.7233010e+03   1.0423187e+02
   1.7240340e+03   1.0590000e+00   1.7243710e+03   1.0221214e+02
   1.7250080e+03   9.7400000e-01   1.7253410e+03   1.0281806e+02
   1.7260160e+03   1.0070000e+00   1.7263410e+03   1.0346886e+02
   1.7271080e+03   1.0920000e+00   1.7274310e+03   1.0300904e+02
   1.7281530e+03   1.0450000e+00   1.7284910e+03   1.0198773e+02
   1.7290980e+03   9.4500000e-01   1.7294310e+03   1.0286294e+02
   1.7300960e+03   9.9800000e-01   1.7304210e+03   1.0325590e+02
   1.7311500e+03   1.0530000e+00   1.7314810e+03   1.0253777e+02
