   8.9933700e+02   9.1600000e-01   8.9967100e+02   1.3199356e+02
   9.0020900e+02   8.7200000e-01   9.0054100e+02   1.3266664e+02
   9.0113500e+02   9.2600000e-01   9.0146100e+02   1.3355374e+02
   9.0204800e+02   9.1300000e-01   9.0238100e+02   1.3217334e+02
   9.0296100e+02   9.1200000e-01   9.0329100e+02   1.3056928e+02
   9.0383200e+02   8.7100000e-01   9.0416100e+02   1.3102942e+02
   9.0472700e+02   8.9500000e-01   9.0505100e+02   1.3318349e+02
   9.0563000e+02   9.0400000e-01   9.0596100e+02   1.3307113e+02
   9.0652900e+02   8.9900000e-01   9.0686100e+02   1.3291383e+02
   9.0738800e+02   8.5900000e-01   9.0772100e+02   1.3160084e+02
   9.0822600e+02   8.3800000e-01   9.0856100e+02   1.3399141e+02
   9.0913000e+02   9.0400000e-01   9.0946100e+02   1.3478755e+02
   9.1003200e+02   9.0100000e-01   9.1036100e+02   1.3531510e+02
   9.1088900e+02   8.5700000e-01   9.1122100e+02   1.3515779e+02
   9.1176300e+02   8.7400000e-01   9.1209100e+02   1.3809731e+02
   9.1266400e+02   9.0100000e-01   9.1299100e+02   1.3801919e+02
   9.1355600e+02   8.9300000e-01   9.1389100e+02   1.3538251e+02
   9.1440100e+02   8.4500000e-01   9.1473100e+02   1.3514709e+02
   9.1529700e+02   8.9600000e-01   9.1562100e+02   1.3744670e+02
   9.1618000e+02   8.8300000e-01   9.1651100e+02   1.3684103e+02
   9.1703400e+02   8.5400000e-01   9.1736100e+02   1.3421505e+02
   9.1785500e+02   8.2100000e-01   9.1818100e+02   1.3447401e+02
   9.1872900e+02   8.7500000e-01   9.1905100e+02   1.3679609e+02
   9.1962600e+02   8.9700000e-01   9.1995100e+02   1.3711069e+02
   9.2049600e+02   8.7000000e-01   9.2083100e+02   1.3577523e+02
   9.2133700e+02   8.4100000e-01   9.2167100e+02   1.3594324e+02
   9.2225800e+02   9.2100000e-01   9.2258100e+02   1.3972491e+02
   9.2316800e+02   9.1000000e-01   9.2349100e+02   1.3739106e+02
   9.2407200e+02   9.0400000e-01   9.2440100e+02   1.3506791e+02
   9.2491000e+02   8.3800000e-01   9.2524100e+02   1.3329585e+02
   9.2576700e+02   8.5700000e-01   9.2609100e+02   1.3562970e+02
   9.2662500e+02   8.5800000e-01   9.2695100e+02   1.3483249e+02
   9.2747700e+02   8.5200000e-01   9.2781100e+02   1.3363186e+02
   9.2828800e+02   8.1100000e-01   9.2862100e+02   1.3303796e+02
   9.2914700e+02   8.5900000e-01   9.2947100e+02   1.3817650e+02
   9.3001200e+02   8.6500000e-01   9.3034100e+02   1.3827708e+02
   9.3087000e+02   8.5800000e-01   9.3120100e+02   1.3674045e+02
   9.3169400e+02   8.2400000e-01   9.3202100e+02   1.3713317e+02
   9.3258900e+02   8.9500000e-01   9.3291100e+02   1.4001597e+02
   9.3350500e+02   9.1500000e-01   9.3383100e+02   1.3911924e+02
   9.3439200e+02   8.8700000e-01   9.3473100e+02   1.3643761e+02
   9.3522300e+02   8.3100000e-01   9.3556100e+02   1.3624607e+02
   9.3612300e+02   9.0000000e-01   9.3645100e+02   1.3777201e+02
   9.3702500e+02   9.0200000e-01   9.3735100e+02   1.3684103e+02
   9.3790500e+02   8.8000000e-01   9.3824100e+02   1.3392399e+02
   9.3872900e+02   8.2400000e-01   9.3906100e+02   1.3373352e+02
   9.3958700e+02   8.5700000e-01   9.3991100e+02   1.3580840e+02
   9.4051000e+02   9.2400000e-01   9.4083100e+02   1.3635843e+02
   9.4142700e+02   9.1600000e-01   9.4176100e+02   1.3707645e+02
   9.4229400e+02   8.6800000e-01   9.4263100e+02   1.3530440e+02
   9.4315700e+02   8.6300000e-01   9.4348100e+02   1.3662809e+02
   9.4407400e+02   9.1700000e-01   9.4440100e+02   1.3715564e+02
   9.4497600e+02   9.0200000e-01   9.4530100e+02   1.3629101e+02
   9.4583900e+02   8.6300000e-01   9.4617100e+02   1.3430494e+02
   9.4667200e+02   8.3300000e-01   9.4700100e+02   1.3521451e+02
   9.4756300e+02   8.9100000e-01   9.4789100e+02   1.3728940e+02
   9.4844600e+02   8.8300000e-01   9.4877100e+02   1.3484426e+02
   9.4931400e+02   8.6800000e-01   9.4964100e+02   1.3391222e+02
   9.5015600e+02   8.4200000e-01   9.5048100e+02   1.3437235e+02
   9.5108700e+02   9.3100000e-01   9.5141100e+02   1.3577523e+02
   9.5200000e+02   9.1300000e-01   9.5232100e+02   1.3442907e+02
   9.5289000e+02   8.9000000e-01   9.5322100e+02   1.3330655e+02
   9.5374900e+02   8.5800000e-01   9.5407100e+02   1.3390152e+02
   9.5465500e+02   9.0700000e-01   9.5498100e+02   1.3631348e+02
   9.5558700e+02   9.3200000e-01   9.5591100e+02   1.3652643e+02
   9.5649700e+02   9.1000000e-01   9.5683100e+02   1.3519204e+02
   9.5733000e+02   8.3200000e-01   9.5766100e+02   1.3569712e+02
   9.5814400e+02   8.1400000e-01   9.5847100e+02   1.3648256e+02
   9.5896400e+02   8.2000000e-01   9.5929100e+02   1.3805344e+02
   9.5985000e+02   8.8500000e-01   9.6017100e+02   1.3870405e+02
   9.6072800e+02   8.7900000e-01   9.6106100e+02   1.3742423e+02
   9.6152300e+02   7.9400000e-01   9.6185100e+02   1.3778378e+02
   9.6238200e+02   8.5900000e-01   9.6270100e+02   1.4074576e+02
   9.6323600e+02   8.5400000e-01   9.6356100e+02   1.3935466e+02
   9.6412400e+02   8.8800000e-01   9.6445100e+02   1.3842369e+02
   9.6495700e+02   8.3400000e-01   9.6529100e+02   1.3691915e+02
   9.6579100e+02   8.3400000e-01   9.6612100e+02   1.4036481e+02
   9.6671900e+02   9.2800000e-01   9.6704100e+02   1.4148626e+02
   9.6760300e+02   8.8400000e-01   9.6793100e+02   1.4075753e+02
   9.6853600e+02   9.3300000e-01   9.6886100e+02   1.3745847e+02
   9.6938300e+02   8.4700000e-01   9.6971100e+02   1.3657137e+02
   9.7026600e+02   8.8300000e-01   9.7059100e+02   1.3925300e+02
   9.7117800e+02   9.1200000e-01   9.7150100e+02   1.3932041e+02
   9.7209500e+02   9.1800000e-01   9.7242100e+02   1.3811978e+02
   9.7297600e+02   8.8100000e-01   9.7330100e+02   1.3733434e+02
   9.7382900e+02   8.5300000e-01   9.7415100e+02   1.4006091e+02
   9.7472800e+02   8.9900000e-01   9.7505100e+02   1.4051035e+02
   9.7561700e+02   8.8900000e-01   9.7594100e+02   1.3837874e+02
   9.7645900e+02   8.4200000e-01   9.7679100e+02   1.3731187e+02
   9.7729400e+02   8.3500000e-01   9.7762100e+02   1.3972491e+02
   9.7817300e+02   8.7900000e-01   9.7849100e+02   1.4099295e+02
   9.7909600e+02   9.2300000e-01   9.7942100e+02   1.4064518e+02
   9.7996800e+02   8.7200000e-01   9.8030100e+02   1.3730117e+02
   9.8079700e+02   8.2900000e-01   9.8113100e+02   1.3768212e+02
   9.8168600e+02   8.8900000e-01   9.8200100e+02   1.4022998e+02
   9.8257500e+02   8.8900000e-01   9.8290100e+02   1.3942207e+02
   9.8351000e+02   9.3400000e-01   9.8383100e+02   1.3762647e+02
   9.8437500e+02   8.6500000e-01   9.8470100e+02   1.3607807e+02
   9.8523900e+02   8.6400000e-01   9.8556100e+02   1.3851250e+02
   9.8609000e+02   8.5100000e-01   9.8641100e+02   1.3801919e+02
   9.8695700e+02   8.6700000e-01   9.8728100e+02   1.3644831e+02
   9.8776300e+02   8.0600000e-01   9.8809100e+02   1.3714387e+02
   9.8863500e+02   8.7200000e-01   9.8896100e+02   1.4037552e+02
   9.8950700e+02   8.7200000e-01   9.8983100e+02   1.3990468e+02
   9.9042100e+02   9.1400000e-01   9.9075100e+02   1.3908500e+02
   9.9128600e+02   8.6500000e-01   9.9162100e+02   1.3919735e+02
   9.9219300e+02   9.0700000e-01   9.9251100e+02   1.4219358e+02
   9.9312500e+02   9.3300000e-01   9.9345100e+02   1.4160932e+02
   9.9404200e+02   9.1600000e-01   9.9437100e+02   1.3804167e+02
   9.9490800e+02   8.6600000e-01   9.9524100e+02   1.3822144e+02
   9.9580400e+02   8.9600000e-01   9.9613100e+02   1.4016257e+02
   9.9670400e+02   9.0000000e-01   9.9703100e+02   1.3936536e+02
   9.9756300e+02   8.5900000e-01   9.9789100e+02   1.3686351e+02
   9.9838500e+02   8.2200000e-01   9.9871100e+02   1.3648256e+02
   9.9923800e+02   8.5300000e-01   9.9955100e+02   1.3953443e+02
   1.0000890e+03   8.5100000e-01   1.0004110e+03   1.3862486e+02
   1.0009520e+03   8.6300000e-01   1.0012810e+03   1.3678539e+02
   1.0017750e+03   8.2200000e-01   1.0021010e+03   1.3727870e+02
   1.0026610e+03   8.8600000e-01   1.0029810e+03   1.3985974e+02
   1.0035610e+03   9.0000000e-01   1.0038810e+03   1.3957937e+02
   1.0044550e+03   8.9400000e-01   1.0047810e+03   1.3689775e+02
   1.0052990e+03   8.4300000e-01   1.0056210e+03   1.3699834e+02
   1.0061710e+03   8.7300000e-01   1.0064910e+03   1.3956760e+02
   1.0070590e+03   8.8800000e-01   1.0073810e+03   1.4062270e+02
   1.0079450e+03   8.8600000e-01   1.0082710e+03   1.3785119e+02
   1.0087930e+03   8.4700000e-01   1.0091210e+03   1.3749164e+02
   1.0096550e+03   8.6200000e-01   1.0099710e+03   1.4066765e+02
   1.0105380e+03   8.8400000e-01   1.0108610e+03   1.4045363e+02
   1.0114360e+03   8.9800000e-01   1.0117610e+03   1.3796355e+02
   1.0123050e+03   8.6900000e-01   1.0126310e+03   1.3735681e+02
   1.0131950e+03   8.9000000e-01   1.0135210e+03   1.3942207e+02
   1.0141090e+03   9.1400000e-01   1.0144310e+03   1.3929794e+02
   1.0150310e+03   9.2100000e-01   1.0153510e+03   1.3702081e+02
   1.0159090e+03   8.7800000e-01   1.0162410e+03   1.3560723e+02
   1.0167700e+03   8.6100000e-01   1.0170910e+03   1.3860239e+02
   1.0176750e+03   9.0500000e-01   1.0180010e+03   1.3842369e+02
   1.0185750e+03   9.0000000e-01   1.0189010e+03   1.3734611e+02
   1.0194900e+03   9.1500000e-01   1.0198210e+03   1.3595501e+02
   1.0203640e+03   8.7400000e-01   1.0206910e+03   1.3553981e+02
   1.0212680e+03   9.0400000e-01   1.0215910e+03   1.3822144e+02
   1.0221940e+03   9.2600000e-01   1.0225210e+03   1.3755906e+02
   1.0231050e+03   9.1100000e-01   1.0234310e+03   1.3530440e+02
   1.0239600e+03   8.5500000e-01   1.0242810e+03   1.3641514e+02
   1.0248630e+03   9.0300000e-01   1.0251810e+03   1.3658314e+02
   1.0257540e+03   8.9000000e-01   1.0260810e+03   1.3667303e+02
   1.0266440e+03   8.9000000e-01   1.0269710e+03   1.3475437e+02
   1.0274920e+03   8.4800000e-01   1.0278210e+03   1.3487743e+02
   1.0283780e+03   8.8600000e-01   1.0287010e+03   1.3746917e+02
   1.0292640e+03   8.8600000e-01   1.0295910e+03   1.3699834e+02
   1.0301500e+03   8.8600000e-01   1.0304810e+03   1.3579770e+02
   1.0309870e+03   8.3800000e-01   1.0313210e+03   1.3566287e+02
   1.0318580e+03   8.7000000e-01   1.0321810e+03   1.3822144e+02
   1.0327670e+03   9.0900000e-01   1.0330910e+03   1.3855745e+02
   1.0337020e+03   9.3600000e-01   1.0340310e+03   1.3847933e+02
   1.0345990e+03   8.9700000e-01   1.0349310e+03   1.3558476e+02
   1.0354610e+03   8.6200000e-01   1.0357910e+03   1.3783942e+02
   1.0363980e+03   9.3600000e-01   1.0367210e+03   1.3993785e+02
   1.0373350e+03   9.3800000e-01   1.0376610e+03   1.3921983e+02
   1.0382480e+03   9.1300000e-01   1.0385810e+03   1.3622360e+02
   1.0390940e+03   8.4600000e-01   1.0394210e+03   1.3674045e+02
   1.0399920e+03   8.9800000e-01   1.0403110e+03   1.3976985e+02
   1.0408820e+03   8.8900000e-01   1.0412110e+03   1.3865910e+02
   1.0417890e+03   9.0800000e-01   1.0421210e+03   1.3728940e+02
   1.0426380e+03   8.4900000e-01   1.0429710e+03   1.3782872e+02
   1.0435200e+03   8.8200000e-01   1.0438410e+03   1.4043116e+02
   1.0444520e+03   9.3200000e-01   1.0447710e+03   1.3972491e+02
   1.0453610e+03   9.0900000e-01   1.0456910e+03   1.3715564e+02
   1.0462160e+03   8.5500000e-01   1.0465510e+03   1.3737929e+02
   1.0471360e+03   9.2000000e-01   1.0474610e+03   1.4012833e+02
   1.0480680e+03   9.3200000e-01   1.0483910e+03   1.3919735e+02
   1.0489770e+03   9.0800000e-01   1.0493010e+03   1.3690845e+02
   1.0498150e+03   8.3900000e-01   1.0501510e+03   1.3694162e+02
   1.0507070e+03   8.9100000e-01   1.0510310e+03   1.3910747e+02
   1.0515970e+03   8.9100000e-01   1.0519210e+03   1.3815402e+02
   1.0524710e+03   8.7400000e-01   1.0528010e+03   1.3615618e+02
   1.0533070e+03   8.3600000e-01   1.0536310e+03   1.3790684e+02
   1.0542180e+03   9.1100000e-01   1.0545410e+03   1.4009515e+02
   1.0551330e+03   9.1500000e-01   1.0554610e+03   1.3846756e+02
   1.0560240e+03   8.9100000e-01   1.0563510e+03   1.3640337e+02
   1.0568900e+03   8.6600000e-01   1.0572210e+03   1.3890522e+02
   1.0578440e+03   9.5500000e-01   1.0581610e+03   1.3998280e+02
   1.0587840e+03   9.3900000e-01   1.0591110e+03   1.3889452e+02
   1.0597090e+03   9.2500000e-01   1.0600410e+03   1.3735681e+02
   1.0605950e+03   8.8600000e-01   1.0609310e+03   1.3652643e+02
   1.0615050e+03   9.1000000e-01   1.0618310e+03   1.3927547e+02
   1.0624400e+03   9.3500000e-01   1.0627610e+03   1.3827708e+02
   1.0633650e+03   9.2600000e-01   1.0636910e+03   1.3834450e+02
   1.0642540e+03   8.8900000e-01   1.0645910e+03   1.3619042e+02
   1.0651550e+03   9.0200000e-01   1.0654810e+03   1.3888275e+02
   1.0661060e+03   9.5100000e-01   1.0664310e+03   1.3823214e+02
   1.0670830e+03   9.7600000e-01   1.0674010e+03   1.3703151e+02
   1.0680340e+03   9.5100000e-01   1.0683610e+03   1.3497802e+02
   1.0689310e+03   8.9800000e-01   1.0692610e+03   1.3564040e+02
   1.0699100e+03   9.7800000e-01   1.0702310e+03   1.3715564e+02
   1.0708630e+03   9.5300000e-01   1.0711910e+03   1.3520274e+02
   1.0717820e+03   9.1900000e-01   1.0721110e+03   1.3348633e+02
   1.0726540e+03   8.7200000e-01   1.0729810e+03   1.3494485e+02
   1.0735830e+03   9.2900000e-01   1.0739110e+03   1.3713317e+02
   1.0745360e+03   9.5300000e-01   1.0748610e+03   1.3717811e+02
   1.0754580e+03   9.2100000e-01   1.0757910e+03   1.3504544e+02
   1.0763240e+03   8.6700000e-01   1.0766610e+03   1.3648256e+02
   1.0772570e+03   9.3300000e-01   1.0775810e+03   1.3865910e+02
   1.0781820e+03   9.2500000e-01   1.0785110e+03   1.3849003e+02
   1.0790930e+03   9.1100000e-01   1.0794210e+03   1.3997209e+02
   1.0799540e+03   8.6100000e-01   1.0802810e+03   1.3815402e+02
   1.0808820e+03   9.2800000e-01   1.0812110e+03   1.4048787e+02
   1.0818370e+03   9.5500000e-01   1.0821610e+03   1.3981479e+02
   1.0827740e+03   9.3600000e-01   1.0831010e+03   1.3634773e+02
   1.0836590e+03   8.8500000e-01   1.0839910e+03   1.3791861e+02
   1.0846130e+03   9.5400000e-01   1.0849310e+03   1.3923053e+02
   1.0855550e+03   9.4200000e-01   1.0858810e+03   1.3836697e+02
   1.0864750e+03   9.2000000e-01   1.0868010e+03   1.3586512e+02
   1.0873560e+03   8.8100000e-01   1.0876810e+03   1.3686351e+02
   1.0882940e+03   9.3800000e-01   1.0886210e+03   1.3874899e+02
   1.0892320e+03   9.3800000e-01   1.0895610e+03   1.3919735e+02
   1.0901380e+03   9.0600000e-01   1.0904710e+03   1.3596571e+02
   1.0910280e+03   8.9000000e-01   1.0913510e+03   1.3799672e+02
   1.0919680e+03   9.4000000e-01   1.0922910e+03   1.3947772e+02
   1.0929450e+03   9.7600000e-01   1.0932710e+03   1.3843439e+02
   1.0938980e+03   9.5300000e-01   1.0942310e+03   1.3570782e+02
   1.0947830e+03   8.8500000e-01   1.0951110e+03   1.3699834e+02
   1.0957240e+03   9.4100000e-01   1.0960510e+03   1.3823214e+02
   1.0966700e+03   9.4700000e-01   1.0970010e+03   1.3776130e+02
   1.0975880e+03   9.1800000e-01   1.0979210e+03   1.3591006e+02
   1.0984420e+03   8.5400000e-01   1.0987710e+03   1.3610054e+02
   1.0993140e+03   8.7200000e-01   1.0996410e+03   1.3965749e+02
   1.1002370e+03   9.2300000e-01   1.1005610e+03   1.4049857e+02
   1.1011640e+03   9.2800000e-01   1.1015010e+03   1.3795178e+02
   1.1020470e+03   8.8300000e-01   1.1023810e+03   1.3892769e+02
   1.1029940e+03   9.4600000e-01   1.1033110e+03   1.4131826e+02
   1.1039920e+03   9.9800000e-01   1.1043110e+03   1.4061093e+02
   1.1049290e+03   9.3700000e-01   1.1052610e+03   1.3785119e+02
   1.1057980e+03   8.7000000e-01   1.1061310e+03   1.3888275e+02
   1.1067370e+03   9.3900000e-01   1.1070610e+03   1.4091377e+02
   1.1076580e+03   9.2100000e-01   1.1079810e+03   1.4094801e+02
   1.1085640e+03   9.0600000e-01   1.1089010e+03   1.3683033e+02
   1.1094320e+03   8.6900000e-01   1.1097610e+03   1.3749164e+02
   1.1103350e+03   9.0300000e-01   1.1106610e+03   1.4034234e+02
   1.1112580e+03   9.2300000e-01   1.1115810e+03   1.3974738e+02
   1.1121760e+03   9.1800000e-01   1.1125010e+03   1.3695339e+02
   1.1130350e+03   8.5900000e-01   1.1133710e+03   1.3686351e+02
   1.1139530e+03   9.1800000e-01   1.1142710e+03   1.3849003e+02
   1.1148740e+03   9.2100000e-01   1.1152010e+03   1.3826638e+02
   1.1158110e+03   9.3700000e-01   1.1161410e+03   1.3584265e+02
   1.1166950e+03   8.8400000e-01   1.1170310e+03   1.3498979e+02
   1.1176240e+03   9.2900000e-01   1.1179510e+03   1.3819897e+02
   1.1185740e+03   9.5000000e-01   1.1189010e+03   1.3771636e+02
   1.1194970e+03   9.2200000e-01   1.1198310e+03   1.3591006e+02
   1.1203710e+03   8.7400000e-01   1.1207010e+03   1.3516957e+02
   1.1212670e+03   8.9700000e-01   1.1215910e+03   1.3774953e+02
   1.1222090e+03   9.4200000e-01   1.1225310e+03   1.3879393e+02
   1.1231390e+03   9.2900000e-01   1.1234710e+03   1.3598818e+02
   1.1240050e+03   8.6600000e-01   1.1243410e+03   1.3544993e+02
   1.1249210e+03   9.1600000e-01   1.1252410e+03   1.3857992e+02
   1.1258530e+03   9.3200000e-01   1.1261810e+03   1.3767142e+02
   1.1268000e+03   9.4700000e-01   1.1271210e+03   1.3647079e+02
   1.1277240e+03   9.2400000e-01   1.1280510e+03   1.3474260e+02
   1.1285940e+03   8.7000000e-01   1.1289210e+03   1.3555051e+02
   1.1295330e+03   9.3800000e-01   1.1298610e+03   1.3750341e+02
   1.1304630e+03   9.3000000e-01   1.1307910e+03   1.3661632e+02
   1.1313470e+03   8.8400000e-01   1.1316810e+03   1.3458637e+02
   1.1321860e+03   8.3900000e-01   1.1325210e+03   1.3690845e+02
   1.1331330e+03   9.4700000e-01   1.1334610e+03   1.3932041e+02
   1.1340800e+03   9.4700000e-01   1.1344110e+03   1.3860239e+02
   1.1349840e+03   9.0400000e-01   1.1353210e+03   1.3725623e+02
   1.1358290e+03   8.4500000e-01   1.1361610e+03   1.3745847e+02
   1.1367170e+03   8.8800000e-01   1.1370410e+03   1.4060023e+02
   1.1376310e+03   9.1400000e-01   1.1379610e+03   1.4011763e+02
   1.1385210e+03   8.9000000e-01   1.1388510e+03   1.3844509e+02
   1.1394010e+03   8.8000000e-01   1.1397310e+03   1.4016257e+02
   1.1403370e+03   9.3700000e-01   1.1406610e+03   1.4228347e+02
   1.1412590e+03   9.2200000e-01   1.1415910e+03   1.3911924e+02
   1.1421200e+03   8.6100000e-01   1.1424510e+03   1.3695339e+02
   1.1429640e+03   8.4400000e-01   1.1432910e+03   1.3982549e+02
   1.1438540e+03   8.9000000e-01   1.1441810e+03   1.4053282e+02
   1.1447530e+03   8.9900000e-01   1.1450710e+03   1.4040869e+02
   1.1456580e+03   9.0500000e-01   1.1459910e+03   1.3779448e+02
   1.1464990e+03   8.4100000e-01   1.1468310e+03   1.4003844e+02
   1.1473940e+03   8.9500000e-01   1.1477210e+03   1.4117166e+02
   1.1482990e+03   9.0500000e-01   1.1486310e+03   1.4028563e+02
   1.1491480e+03   8.4900000e-01   1.1494710e+03   1.3916418e+02
   1.1499280e+03   7.8000000e-01   1.1502610e+03   1.3810908e+02
   1.1507370e+03   8.0900000e-01   1.1510610e+03   1.4171098e+02
   1.1516260e+03   8.9000000e-01   1.1519510e+03   1.4266442e+02
   1.1525350e+03   9.0900000e-01   1.1528610e+03   1.4174415e+02
   1.1533970e+03   8.6200000e-01   1.1537310e+03   1.3730117e+02
   1.1542310e+03   8.3400000e-01   1.1545610e+03   1.3896194e+02
   1.1551510e+03   9.2000000e-01   1.1554710e+03   1.4065588e+02
   1.1560860e+03   9.3500000e-01   1.1564110e+03   1.3890522e+02
   1.1570190e+03   9.3300000e-01   1.1573410e+03   1.3653820e+02
   1.1578880e+03   8.6900000e-01   1.1582210e+03   1.3509038e+02
   1.1587460e+03   8.5800000e-01   1.1590710e+03   1.3834450e+02
   1.1596710e+03   9.2500000e-01   1.1599910e+03   1.3906252e+02
   1.1606200e+03   9.4900000e-01   1.1609410e+03   1.3763825e+02
   1.1615080e+03   8.8900000e-01   1.1618410e+03   1.3532687e+02
   1.1623720e+03   8.6400000e-01   1.1627010e+03   1.3736858e+02
   1.1632740e+03   9.0100000e-01   1.1636010e+03   1.3809731e+02
   1.1641770e+03   9.0300000e-01   1.1645010e+03   1.3748094e+02
   1.1650580e+03   8.8100000e-01   1.1653910e+03   1.3584265e+02
   1.1659300e+03   8.7100000e-01   1.1662610e+03   1.3733434e+02
   1.1668930e+03   9.6400000e-01   1.1672210e+03   1.3979232e+02
   1.1678410e+03   9.4700000e-01   1.1681710e+03   1.3777201e+02
   1.1687420e+03   9.0200000e-01   1.1690810e+03   1.3483249e+02
   1.1696130e+03   8.7000000e-01   1.1699410e+03   1.3811978e+02
   1.1705630e+03   9.5000000e-01   1.1708810e+03   1.3916418e+02
   1.1715260e+03   9.6300000e-01   1.1718510e+03   1.3767142e+02
   1.1724340e+03   9.0900000e-01   1.1727710e+03   1.3401388e+02
   1.1733230e+03   8.8900000e-01   1.1736510e+03   1.3693092e+02
   1.1742820e+03   9.5900000e-01   1.1746010e+03   1.3854674e+02
   1.1752570e+03   9.7500000e-01   1.1755810e+03   1.3780625e+02
   1.1762080e+03   9.5000000e-01   1.1765410e+03   1.3455213e+02
   1.1771050e+03   8.9800000e-01   1.1774410e+03   1.3506791e+02
   1.1780640e+03   9.5800000e-01   1.1783810e+03   1.3841191e+02
   1.1790050e+03   9.4100000e-01   1.1793310e+03   1.3704328e+02
   1.1799300e+03   9.2500000e-01   1.1802610e+03   1.3430494e+02
   1.1808020e+03   8.7200000e-01   1.1811310e+03   1.3428247e+02
   1.1817090e+03   9.0700000e-01   1.1820410e+03   1.3816473e+02
   1.1826350e+03   9.2600000e-01   1.1829610e+03   1.3879393e+02
   1.1835650e+03   9.2900000e-01   1.1838910e+03   1.3746917e+02
   1.1844400e+03   8.7600000e-01   1.1847810e+03   1.3578593e+02
   1.1853380e+03   8.9800000e-01   1.1856610e+03   1.3889452e+02
   1.1862710e+03   9.3300000e-01   1.1866010e+03   1.3901758e+02
   1.1872000e+03   9.2800000e-01   1.1875310e+03   1.3643761e+02
   1.1880840e+03   8.8400000e-01   1.1884110e+03   1.3585335e+02
   1.1890010e+03   9.1800000e-01   1.1893210e+03   1.3896194e+02
   1.1899410e+03   9.4000000e-01   1.1902710e+03   1.3790684e+02
   1.1908800e+03   9.3800000e-01   1.1912110e+03   1.3607807e+02
   1.1917610e+03   8.8100000e-01   1.1920910e+03   1.3541568e+02
   1.1927350e+03   9.7400000e-01   1.1930610e+03   1.3786189e+02
   1.1936700e+03   9.3500000e-01   1.1940010e+03   1.3579770e+02
   1.1945690e+03   8.9900000e-01   1.1949010e+03   1.3252111e+02
   1.1954070e+03   8.3800000e-01   1.1957410e+03   1.3364363e+02
   1.1963150e+03   9.0800000e-01   1.1966410e+03   1.3679609e+02
   1.1972210e+03   9.0600000e-01   1.1975510e+03   1.3668373e+02
   1.1981150e+03   8.9400000e-01   1.1984510e+03   1.3356444e+02
   1.1989730e+03   8.5800000e-01   1.1993010e+03   1.3625784e+02
   1.1998830e+03   9.1000000e-01   1.2002110e+03   1.3890522e+02
   1.2008250e+03   9.4200000e-01   1.2011510e+03   1.3937713e+02
   1.2017250e+03   8.9900000e-01   1.2020610e+03   1.3677362e+02
   1.2025870e+03   8.6200000e-01   1.2029210e+03   1.3826638e+02
   1.2035180e+03   9.3100000e-01   1.2038410e+03   1.4067835e+02
   1.2044420e+03   9.2400000e-01   1.2047610e+03   1.3939960e+02
   1.2053150e+03   8.7300000e-01   1.2056510e+03   1.3640337e+02
   1.2061520e+03   8.3700000e-01   1.2064810e+03   1.3855745e+02
   1.2070580e+03   9.0600000e-01   1.2073810e+03   1.4120590e+02
   1.2079840e+03   9.2600000e-01   1.2083110e+03   1.4103790e+02
   1.2089040e+03   9.2000000e-01   1.2092310e+03   1.3809731e+02
   1.2097660e+03   8.6200000e-01   1.2101010e+03   1.3882711e+02
   1.2106890e+03   9.2200000e-01   1.2110110e+03   1.4203628e+02
   1.2116220e+03   9.3300000e-01   1.2119510e+03   1.4039799e+02
   1.2125420e+03   9.2000000e-01   1.2128710e+03   1.3780625e+02
   1.2134050e+03   8.6300000e-01   1.2137410e+03   1.3733434e+02
   1.2143250e+03   9.1900000e-01   1.2146510e+03   1.4114918e+02
   1.2152740e+03   9.4900000e-01   1.2155910e+03   1.4057776e+02
   1.2162440e+03   9.7000000e-01   1.2165710e+03   1.3847933e+02
   1.2171210e+03   8.7800000e-01   1.2174510e+03   1.3486673e+02
   1.2179980e+03   8.7700000e-01   1.2183210e+03   1.3981479e+02
   1.2189220e+03   9.2400000e-01   1.2192510e+03   1.4015080e+02
   1.2198370e+03   9.1500000e-01   1.2201610e+03   1.3838944e+02
   1.2206980e+03   8.6100000e-01   1.2210310e+03   1.3780625e+02
   1.2215900e+03   8.9200000e-01   1.2219110e+03   1.4171098e+02
   1.2225320e+03   9.4200000e-01   1.2228510e+03   1.4167674e+02
   1.2234770e+03   9.4500000e-01   1.2238110e+03   1.3938783e+02
   1.2243570e+03   8.8000000e-01   1.2246910e+03   1.3871475e+02
   1.2252970e+03   9.4000000e-01   1.2256210e+03   1.4119413e+02
   1.2262590e+03   9.6200000e-01   1.2265810e+03   1.4056599e+02
   1.2271740e+03   9.1500000e-01   1.2275010e+03   1.3641514e+02
   1.2280370e+03   8.6300000e-01   1.2283710e+03   1.3688598e+02
   1.2289500e+03   9.1200000e-01   1.2292710e+03   1.4085812e+02
   1.2298870e+03   9.3700000e-01   1.2302110e+03   1.3932041e+02
   1.2308170e+03   9.3000000e-01   1.2311510e+03   1.3746917e+02
   1.2316680e+03   8.5100000e-01   1.2320010e+03   1.3805344e+02
   1.2325600e+03   8.9200000e-01   1.2328810e+03   1.4185651e+02
   1.2334800e+03   9.2000000e-01   1.2338010e+03   1.4153120e+02
   1.2344040e+03   9.2400000e-01   1.2347310e+03   1.4014010e+02
   1.2352880e+03   8.8400000e-01   1.2356110e+03   1.4027493e+02
   1.2362130e+03   9.2500000e-01   1.2365410e+03   1.4240653e+02
   1.2372120e+03   9.9900000e-01   1.2375310e+03   1.4209193e+02
   1.2381660e+03   9.5400000e-01   1.2385010e+03   1.3851250e+02
   1.2390480e+03   8.8200000e-01   1.2393810e+03   1.3956760e+02
   1.2400150e+03   9.6700000e-01   1.2403410e+03   1.4197957e+02
   1.2409920e+03   9.7700000e-01   1.2413210e+03   1.3987044e+02
   1.2419390e+03   9.4700000e-01   1.2422710e+03   1.3758153e+02
   1.2428440e+03   9.0600000e-01   1.2431710e+03   1.3888275e+02
   1.2438180e+03   9.7400000e-01   1.2441410e+03   1.4029740e+02
   1.2448120e+03   9.9400000e-01   1.2451410e+03   1.3881641e+02
   1.2457470e+03   9.3500000e-01   1.2460810e+03   1.3496732e+02
   1.2466290e+03   8.8200000e-01   1.2469610e+03   1.3670620e+02
   1.2476030e+03   9.7400000e-01   1.2479210e+03   1.3904005e+02
   1.2485590e+03   9.5600000e-01   1.2488810e+03   1.3539321e+02
   1.2494780e+03   9.2000000e-01   1.2498110e+03   1.3345208e+02
   1.2503500e+03   8.7100000e-01   1.2506810e+03   1.3502296e+02
   1.2512870e+03   9.3800000e-01   1.2516110e+03   1.3631348e+02
   1.2522200e+03   9.3300000e-01   1.2525410e+03   1.3512462e+02
   1.2531140e+03   8.9400000e-01   1.2534510e+03   1.3270089e+02
   1.2539880e+03   8.7400000e-01   1.2543210e+03   1.3433918e+02
   1.2549460e+03   9.5700000e-01   1.2552710e+03   1.3741353e+02
   1.2559070e+03   9.6100000e-01   1.2562310e+03   1.3586512e+02
   1.2568290e+03   9.2200000e-01   1.2571610e+03   1.3383410e+02
   1.2577240e+03   8.9400000e-01   1.2580510e+03   1.3534934e+02
   1.2586590e+03   9.3500000e-01   1.2589810e+03   1.3805344e+02
   1.2596170e+03   9.5800000e-01   1.2599410e+03   1.3733434e+02
   1.2605470e+03   9.3100000e-01   1.2608810e+03   1.3397963e+02
   1.2614220e+03   8.7500000e-01   1.2617510e+03   1.3496732e+02
   1.2623420e+03   9.1900000e-01   1.2626710e+03   1.3735681e+02
   1.2632830e+03   9.4100000e-01   1.2636110e+03   1.3795178e+02
   1.2642250e+03   9.4200000e-01   1.2645510e+03   1.3640337e+02
   1.2651030e+03   8.7800000e-01   1.2654410e+03   1.3542746e+02
   1.2659800e+03   8.7700000e-01   1.2663010e+03   1.3758153e+02
   1.2669630e+03   9.8200000e-01   1.2672810e+03   1.3938783e+02
   1.2679210e+03   9.5800000e-01   1.2682510e+03   1.3737929e+02
   1.2688580e+03   9.3800000e-01   1.2691910e+03   1.3405882e+02
   1.2697280e+03   8.7000000e-01   1.2700610e+03   1.3565217e+02
   1.2706590e+03   9.3100000e-01   1.2709810e+03   1.3801919e+02
   1.2716120e+03   9.5300000e-01   1.2719310e+03   1.3663879e+02
   1.2725250e+03   9.1400000e-01   1.2728610e+03   1.3502296e+02
   1.2734420e+03   9.1700000e-01   1.2737710e+03   1.3897264e+02
   1.2744360e+03   9.9300000e-01   1.2747610e+03   1.3785119e+02
   1.2754290e+03   9.9300000e-01   1.2757510e+03   1.3669550e+02
   1.2763830e+03   9.5500000e-01   1.2767210e+03   1.3329585e+02
   1.2772680e+03   8.8500000e-01   1.2775910e+03   1.3487743e+02
   1.2782330e+03   9.6500000e-01   1.2785510e+03   1.3706575e+02
   1.2791990e+03   9.6500000e-01   1.2795310e+03   1.3622360e+02
   1.2801070e+03   9.0900000e-01   1.2804310e+03   1.3393469e+02
   1.2809960e+03   8.8900000e-01   1.2813210e+03   1.3741353e+02
   1.2819900e+03   9.9500000e-01   1.2823110e+03   1.3966819e+02
   1.2829890e+03   9.9900000e-01   1.2833110e+03   1.3739106e+02
   1.2838870e+03   8.9800000e-01   1.2842210e+03   1.3596571e+02
   1.2848050e+03   9.1800000e-01   1.2851310e+03   1.3948949e+02
   1.2857530e+03   9.4800000e-01   1.2860810e+03   1.3961255e+02
   1.2866730e+03   9.2000000e-01   1.2870110e+03   1.3661632e+02
   1.2875290e+03   8.5600000e-01   1.2878610e+03   1.3952266e+02
   1.2884540e+03   9.2500000e-01   1.2887810e+03   1.4193463e+02
   1.2894060e+03   9.5200000e-01   1.2897310e+03   1.4065588e+02
   1.2903120e+03   9.0600000e-01   1.2906410e+03   1.3868158e+02
   1.2912090e+03   8.9700000e-01   1.2915310e+03   1.4107107e+02
   1.2921760e+03   9.6700000e-01   1.2925010e+03   1.4155368e+02
   1.2930960e+03   9.2000000e-01   1.2934310e+03   1.3764895e+02
   1.2939680e+03   8.7100000e-01   1.2942910e+03   1.3906252e+02
   1.2949020e+03   9.3500000e-01   1.2952210e+03   1.4049857e+02
   1.2958320e+03   9.3000000e-01   1.2961610e+03   1.3805344e+02
   1.2966880e+03   8.5600000e-01   1.2970210e+03   1.3558476e+02
   1.2975500e+03   8.6200000e-01   1.2978710e+03   1.3909677e+02
   1.2984670e+03   9.1700000e-01   1.2987910e+03   1.3998280e+02
   1.2993830e+03   9.1700000e-01   1.2997010e+03   1.3792931e+02
   1.3002640e+03   8.8000000e-01   1.3005910e+03   1.3503474e+02
   1.3011260e+03   8.6200000e-01   1.3014510e+03   1.3884958e+02
   1.3020650e+03   9.3900000e-01   1.3023810e+03   1.4018504e+02
   1.3030220e+03   9.5700000e-01   1.3033410e+03   1.3952266e+02
   1.3039450e+03   9.2300000e-01   1.3042710e+03   1.3619042e+02
   1.3048320e+03   8.8700000e-01   1.3051610e+03   1.3626854e+02
   1.3057430e+03   9.1100000e-01   1.3060610e+03   1.3991538e+02
   1.3066640e+03   9.2100000e-01   1.3069910e+03   1.3865910e+02
   1.3075930e+03   9.2900000e-01   1.3079210e+03   1.3678539e+02
   1.3084760e+03   8.8200000e-01   1.3088010e+03   1.3547240e+02
   1.3093730e+03   8.9800000e-01   1.3096910e+03   1.3815402e+02
   1.3103380e+03   9.6500000e-01   1.3106610e+03   1.3843439e+02
   1.3112800e+03   9.4200000e-01   1.3116110e+03   1.3594324e+02
   1.3121650e+03   8.8500000e-01   1.3124910e+03   1.3383410e+02
   1.3130300e+03   8.6500000e-01   1.3133510e+03   1.3757083e+02
   1.3139520e+03   9.2200000e-01   1.3142710e+03   1.3670620e+02
   1.3148630e+03   9.1100000e-01   1.3151910e+03   1.3381163e+02
   1.3157420e+03   8.8000000e-01   1.3160710e+03   1.3652643e+02
   1.3166730e+03   9.3100000e-01   1.3169910e+03   1.3758153e+02
   1.3175820e+03   9.0800000e-01   1.3179010e+03   1.3661632e+02
   1.3184570e+03   8.7500000e-01   1.3187810e+03   1.3421505e+02
   1.3193120e+03   8.5500000e-01   1.3196410e+03   1.3679609e+02
   1.3202180e+03   9.0600000e-01   1.3205410e+03   1.3897264e+02
   1.3211510e+03   9.3400000e-01   1.3214710e+03   1.3709892e+02
   1.3220390e+03   8.8800000e-01   1.3223710e+03   1.3570782e+02
   1.3229100e+03   8.7000000e-01   1.3232310e+03   1.3785119e+02
   1.3238430e+03   9.3300000e-01   1.3241610e+03   1.4011763e+02
   1.3247760e+03   9.3300000e-01   1.3251010e+03   1.3921983e+02
   1.3256680e+03   8.9200000e-01   1.3260010e+03   1.3736858e+02
   1.3265230e+03   8.5500000e-01   1.3268510e+03   1.3855745e+02
   1.3274650e+03   9.4200000e-01   1.3277810e+03   1.4146379e+02
   1.3283920e+03   9.2700000e-01   1.3287210e+03   1.4007268e+02
   1.3293020e+03   9.1000000e-01   1.3296310e+03   1.3731187e+02
   1.3301440e+03   8.4200000e-01   1.3304710e+03   1.3912994e+02
   1.3310590e+03   9.1500000e-01   1.3313810e+03   1.4114918e+02
   1.3319640e+03   9.0500000e-01   1.3322810e+03   1.4132896e+02
   1.3328620e+03   8.9800000e-01   1.3331910e+03   1.3769389e+02
   1.3337020e+03   8.4000000e-01   1.3340310e+03   1.3833380e+02
   1.3345920e+03   8.9000000e-01   1.3349110e+03   1.4228347e+02
   1.3355170e+03   9.2500000e-01   1.3358310e+03   1.4191322e+02
   1.3364400e+03   9.2300000e-01   1.3367610e+03   1.3974738e+02
   1.3372940e+03   8.5400000e-01   1.3376210e+03   1.3944454e+02
   1.3381850e+03   8.9100000e-01   1.3385110e+03   1.4321444e+02
   1.3391250e+03   9.4000000e-01   1.3394510e+03   1.4074576e+02
   1.3400840e+03   9.5900000e-01   1.3404110e+03   1.3852427e+02
   1.3409780e+03   8.9400000e-01   1.3413110e+03   1.3727870e+02
   1.3419010e+03   9.2200000e-01   1.3422210e+03   1.4027493e+02
   1.3428580e+03   9.5700000e-01   1.3431810e+03   1.4001597e+02
   1.3438200e+03   9.6200000e-01   1.3441410e+03   1.3772706e+02
   1.3447400e+03   9.2000000e-01   1.3450710e+03   1.3680786e+02
   1.3456420e+03   9.0100000e-01   1.3459710e+03   1.3901758e+02
   1.3466400e+03   9.9800000e-01   1.3469610e+03   1.4014010e+02
   1.3476440e+03   1.0050000e+00   1.3479710e+03   1.3890522e+02
   1.3486100e+03   9.6600000e-01   1.3489410e+03   1.3549487e+02
   1.3495130e+03   9.0300000e-01   1.3498410e+03   1.3847933e+02
   1.3504910e+03   9.7800000e-01   1.3508110e+03   1.3938783e+02
   1.3514710e+03   9.8000000e-01   1.3518010e+03   1.3846756e+02
   1.3523720e+03   9.0000000e-01   1.3527010e+03   1.3463024e+02
   1.3532340e+03   8.6200000e-01   1.3535610e+03   1.3705398e+02
   1.3541690e+03   9.3500000e-01   1.3544910e+03   1.3987044e+02
   1.3550880e+03   9.2000000e-01   1.3554110e+03   1.3889452e+02
   1.3559640e+03   8.7600000e-01   1.3562910e+03   1.3624607e+02
   1.3568140e+03   8.5000000e-01   1.3571410e+03   1.3881641e+02
   1.3577880e+03   9.7500000e-01   1.3581110e+03   1.4038622e+02
   1.3587270e+03   9.3900000e-01   1.3590510e+03   1.3886028e+02
   1.3596140e+03   8.8700000e-01   1.3599410e+03   1.3792931e+02
   1.3605260e+03   9.1200000e-01   1.3608410e+03   1.4075753e+02
   1.3614490e+03   9.2200000e-01   1.3617710e+03   1.4109354e+02
   1.3623650e+03   9.1700000e-01   1.3626910e+03   1.3927547e+02
   1.3632310e+03   8.6600000e-01   1.3635610e+03   1.3935466e+02
   1.3641610e+03   9.2900000e-01   1.3644810e+03   1.4285490e+02
   1.3651230e+03   9.6300000e-01   1.3654410e+03   1.4123907e+02
   1.3660500e+03   9.2700000e-01   1.3663810e+03   1.3952266e+02
   1.3669360e+03   8.8600000e-01   1.3672610e+03   1.3974738e+02
   1.3679250e+03   9.8900000e-01   1.3682410e+03   1.4247395e+02
   1.3689130e+03   9.8900000e-01   1.3692310e+03   1.3939960e+02
   1.3698530e+03   9.4000000e-01   1.3701810e+03   1.3641514e+02
   1.3707370e+03   8.8300000e-01   1.3710610e+03   1.4022998e+02
   1.3716980e+03   9.6100000e-01   1.3720110e+03   1.3983726e+02
   1.3726410e+03   9.4400000e-01   1.3729610e+03   1.3733434e+02
   1.3735550e+03   9.1300000e-01   1.3738810e+03   1.3657137e+02
   1.3744760e+03   9.2100000e-01   1.3748010e+03   1.3934289e+02
   1.3754410e+03   9.6600000e-01   1.3757610e+03   1.3992715e+02
   1.3764120e+03   9.7100000e-01   1.3767410e+03   1.3542746e+02
   1.3773120e+03   8.9900000e-01   1.3776410e+03   1.3836697e+02
   1.3782590e+03   9.4700000e-01   1.3785810e+03   1.4006091e+02
   1.3792350e+03   9.7600000e-01   1.3795610e+03   1.3934289e+02
   1.3801530e+03   9.1800000e-01   1.3804810e+03   1.3650503e+02
   1.3810150e+03   8.6100000e-01   1.3813410e+03   1.3840121e+02
   1.3819510e+03   9.3700000e-01   1.3822710e+03   1.4054352e+02
   1.3828730e+03   9.2200000e-01   1.3832010e+03   1.3806414e+02
   1.3837470e+03   8.7300000e-01   1.3840810e+03   1.3647079e+02
   1.3845900e+03   8.4300000e-01   1.3849210e+03   1.3927547e+02
   1.3855360e+03   9.4700000e-01   1.3858610e+03   1.4086882e+02
   1.3864680e+03   9.3100000e-01   1.3867910e+03   1.3846756e+02
   1.3873290e+03   8.6200000e-01   1.3876610e+03   1.3679609e+02
   1.3882460e+03   9.1600000e-01   1.3885610e+03   1.4001597e+02
   1.3891860e+03   9.4000000e-01   1.3895110e+03   1.4011763e+02
   1.3900960e+03   9.1000000e-01   1.3904210e+03   1.3608984e+02
   1.3909470e+03   8.5100000e-01   1.3912710e+03   1.3652643e+02
   1.3918470e+03   9.0000000e-01   1.3921710e+03   1.3933219e+02
   1.3927660e+03   9.1900000e-01   1.3930910e+03   1.3847933e+02
   1.3936510e+03   8.8500000e-01   1.3939810e+03   1.3596571e+02
   1.3945040e+03   8.5200000e-01   1.3948310e+03   1.3755906e+02
   1.3954390e+03   9.3500000e-01   1.3957510e+03   1.3961255e+02
   1.3963760e+03   9.3700000e-01   1.3966910e+03   1.3785119e+02
   1.3972630e+03   8.8700000e-01   1.3975910e+03   1.3613478e+02
   1.3981200e+03   8.5700000e-01   1.3984510e+03   1.3748094e+02
   1.3990620e+03   9.4200000e-01   1.3993810e+03   1.3947772e+02
   1.3999990e+03   9.3700000e-01   1.4003210e+03   1.3797425e+02
   1.4008800e+03   8.8100000e-01   1.4012110e+03   1.3505721e+02
   1.4017390e+03   8.5900000e-01   1.4020610e+03   1.3846756e+02
   1.4026700e+03   9.3100000e-01   1.4029910e+03   1.3967996e+02
   1.4035790e+03   9.0900000e-01   1.4039010e+03   1.3679609e+02
   1.4044400e+03   8.6100000e-01   1.4047710e+03   1.3401388e+02
   1.4052900e+03   8.5000000e-01   1.4056110e+03   1.3703151e+02
   1.4062290e+03   9.3900000e-01   1.4065410e+03   1.3875969e+02
   1.4071490e+03   9.2000000e-01   1.4074710e+03   1.3652643e+02
   1.4080080e+03   8.6000000e-01   1.4083310e+03   1.3396893e+02
   1.4089080e+03   8.9900000e-01   1.4092310e+03   1.3862486e+02
   1.4098300e+03   9.2200000e-01   1.4101510e+03   1.3670620e+02
   1.4107240e+03   8.9400000e-01   1.4110510e+03   1.3422682e+02
   1.4115630e+03   8.3800000e-01   1.4118910e+03   1.3513532e+02
   1.4124610e+03   8.9800000e-01   1.4127810e+03   1.3763825e+02
   1.4133600e+03   8.9900000e-01   1.4136810e+03   1.3777201e+02
   1.4142800e+03   9.2100000e-01   1.4146110e+03   1.3633596e+02
   1.4151230e+03   8.4300000e-01   1.4154510e+03   1.3649326e+02
   1.4160280e+03   9.0500000e-01   1.4163510e+03   1.3822144e+02
   1.4169610e+03   9.3400000e-01   1.4172810e+03   1.3895017e+02
   1.4178880e+03   9.2700000e-01   1.4182110e+03   1.3718881e+02
   1.4187750e+03   8.8700000e-01   1.4191010e+03   1.3556229e+02
   1.4197020e+03   9.2800000e-01   1.4200210e+03   1.3980302e+02
   1.4206680e+03   9.6600000e-01   1.4209910e+03   1.3815402e+02
   1.4216060e+03   9.3800000e-01   1.4219310e+03   1.3688598e+02
   1.4225490e+03   9.4300000e-01   1.4228710e+03   1.3561793e+02
   1.4234240e+03   8.7500000e-01   1.4237510e+03   1.3593253e+02
   1.4243830e+03   9.5900000e-01   1.4247110e+03   1.3843439e+02
   1.4253430e+03   9.6000000e-01   1.4256710e+03   1.3767142e+02
   1.4262720e+03   9.2900000e-01   1.4266010e+03   1.3488920e+02
   1.4271530e+03   8.8100000e-01   1.4274810e+03   1.3617865e+02
   1.4280840e+03   9.3100000e-01   1.4284110e+03   1.3974738e+02
   1.4290170e+03   9.3300000e-01   1.4293410e+03   1.3921983e+02
   1.4299490e+03   9.3300000e-01   1.4302710e+03   1.3623537e+02
   1.4308140e+03   8.6400000e-01   1.4311410e+03   1.3587582e+02
   1.4317170e+03   9.0300000e-01   1.4320410e+03   1.3960078e+02
   1.4326480e+03   9.3000000e-01   1.4329710e+03   1.3914171e+02
   1.4335700e+03   9.2200000e-01   1.4338910e+03   1.3731187e+02
   1.4344350e+03   8.6500000e-01   1.4347710e+03   1.3700904e+02
   1.4353110e+03   8.7600000e-01   1.4356310e+03   1.3990468e+02
   1.4362420e+03   9.3100000e-01   1.4365610e+03   1.4012833e+02
   1.4372070e+03   9.6500000e-01   1.4375310e+03   1.3964572e+02
   1.4381600e+03   9.5300000e-01   1.4384910e+03   1.3779448e+02
   1.4390700e+03   9.1000000e-01   1.4394010e+03   1.3693092e+02
   1.4399890e+03   9.1900000e-01   1.4403110e+03   1.3965749e+02
   1.4409650e+03   9.7500000e-01   1.4412910e+03   1.3937713e+02
   1.4419250e+03   9.6000000e-01   1.4422510e+03   1.3675115e+02
   1.4428410e+03   9.1600000e-01   1.4431710e+03   1.3594324e+02
   1.4437240e+03   8.8300000e-01   1.4440510e+03   1.3797425e+02
   1.4446820e+03   9.5800000e-01   1.4450110e+03   1.3833380e+02
   1.4456610e+03   9.7900000e-01   1.4459910e+03   1.3748094e+02
   1.4465520e+03   8.9000000e-01   1.4468910e+03   1.3506791e+02
   1.4474210e+03   8.7000000e-01   1.4477510e+03   1.3808661e+02
   1.4483820e+03   9.6100000e-01   1.4487010e+03   1.3921983e+02
   1.4493360e+03   9.5400000e-01   1.4496610e+03   1.3809731e+02
   1.4502470e+03   9.1000000e-01   1.4505810e+03   1.3536004e+02
   1.4511170e+03   8.7000000e-01   1.4514510e+03   1.3693092e+02
   1.4520360e+03   9.1900000e-01   1.4523610e+03   1.3908500e+02
   1.4529540e+03   9.1700000e-01   1.4532810e+03   1.3745847e+02
   1.4538240e+03   8.7000000e-01   1.4541510e+03   1.3726800e+02
   1.4546610e+03   8.3700000e-01   1.4549910e+03   1.3717811e+02
   1.4554860e+03   8.2400000e-01   1.4558110e+03   1.3896194e+02
   1.4563890e+03   9.0300000e-01   1.4567110e+03   1.4000527e+02
   1.4573050e+03   9.1600000e-01   1.4576310e+03   1.3797425e+02
   1.4581560e+03   8.5100000e-01   1.4584910e+03   1.3799672e+02
   1.4590920e+03   9.3600000e-01   1.4594110e+03   1.4010585e+02
   1.4600150e+03   9.2300000e-01   1.4603410e+03   1.3910747e+02
   1.4609080e+03   8.9300000e-01   1.4612410e+03   1.3483249e+02
   1.4617440e+03   8.3600000e-01   1.4620710e+03   1.3614548e+02
   1.4626480e+03   9.0400000e-01   1.4629710e+03   1.3869228e+02
   1.4635700e+03   9.2200000e-01   1.4638910e+03   1.3720058e+02
   1.4644360e+03   8.6600000e-01   1.4647710e+03   1.3486673e+02
   1.4652650e+03   8.2900000e-01   1.4655910e+03   1.3629101e+02
   1.4661690e+03   9.0400000e-01   1.4664910e+03   1.3762647e+02
   1.4670770e+03   9.0900000e-01   1.4674010e+03   1.3724553e+02
   1.4679250e+03   8.4700000e-01   1.4682610e+03   1.3434988e+02
   1.4687620e+03   8.3700000e-01   1.4690810e+03   1.3788436e+02
   1.4696800e+03   9.1800000e-01   1.4700010e+03   1.3881641e+02
   1.4706400e+03   9.6000000e-01   1.4709610e+03   1.3814225e+02
   1.4715590e+03   9.1900000e-01   1.4718910e+03   1.3805344e+02
   1.4724250e+03   8.6600000e-01   1.4727610e+03   1.3753659e+02
   1.4733840e+03   9.5900000e-01   1.4737010e+03   1.3915241e+02
   1.4743390e+03   9.5500000e-01   1.4746610e+03   1.3671797e+02
   1.4752170e+03   8.7800000e-01   1.4755510e+03   1.3304866e+02
   1.4760590e+03   8.4100000e-01   1.4763910e+03   1.3603312e+02
   1.4769610e+03   9.0200000e-01   1.4772910e+03   1.3791861e+02
   1.4779140e+03   9.5300000e-01   1.4782310e+03   1.3799672e+02
   1.4788510e+03   9.3700000e-01   1.4791810e+03   1.3582018e+02
   1.4797350e+03   8.8400000e-01   1.4800610e+03   1.3857992e+02
   1.4807330e+03   9.9800000e-01   1.4810510e+03   1.3982549e+02
   1.4816990e+03   9.6600000e-01   1.4820310e+03   1.3869228e+02
   1.4826200e+03   9.2000000e-01   1.4829510e+03   1.3616795e+02
   1.4834880e+03   8.6900000e-01   1.4838210e+03   1.3665056e+02
   1.4844160e+03   9.2800000e-01   1.4847410e+03   1.3938783e+02
   1.4853530e+03   9.3700000e-01   1.4856810e+03   1.3772706e+02
   1.4862480e+03   8.9500000e-01   1.4865810e+03   1.3493415e+02
   1.4871080e+03   8.6000000e-01   1.4874410e+03   1.3737929e+02
   1.4880460e+03   9.3800000e-01   1.4883710e+03   1.3962325e+02
   1.4889860e+03   9.3900000e-01   1.4893110e+03   1.3845686e+02
   1.4899050e+03   9.1900000e-01   1.4902310e+03   1.3630278e+02
   1.4907670e+03   8.6100000e-01   1.4911010e+03   1.3642584e+02
   1.4917150e+03   9.4800000e-01   1.4920410e+03   1.3905182e+02
   1.4926700e+03   9.5500000e-01   1.4929910e+03   1.3946702e+02
   1.4936190e+03   9.4800000e-01   1.4939410e+03   1.3587582e+02
   1.4945200e+03   9.0100000e-01   1.4948510e+03   1.3573029e+02
   1.4954860e+03   9.6600000e-01   1.4958110e+03   1.3857992e+02
   1.4964700e+03   9.8500000e-01   1.4967910e+03   1.3742423e+02
   1.4974610e+03   9.9100000e-01   1.4977910e+03   1.3657137e+02
   1.4984280e+03   9.6600000e-01   1.4987510e+03   1.3397963e+02
   1.4993360e+03   9.0800000e-01   1.4996710e+03   1.3450718e+02
   1.5002600e+03   9.2500000e-01   1.5005910e+03   1.3573029e+02
   1.5012000e+03   9.3900000e-01   1.5015210e+03   1.3553981e+02
   1.5021350e+03   9.3600000e-01   1.5024610e+03   1.3478755e+02
   1.5030480e+03   9.1300000e-01   1.5033810e+03   1.3312678e+02
   1.5039360e+03   8.8700000e-01   1.5042610e+03   1.3529263e+02
   1.5049140e+03   9.7800000e-01   1.5052410e+03   1.3783942e+02
   1.5059090e+03   9.9500000e-01   1.5062310e+03   1.3477685e+02
   1.5068710e+03   9.6200000e-01   1.5072010e+03   1.3354197e+02
   1.5077730e+03   9.0100000e-01   1.5081010e+03   1.3551734e+02
   1.5087470e+03   9.7400000e-01   1.5090710e+03   1.3582018e+02
   1.5097070e+03   9.6000000e-01   1.5100310e+03   1.3391222e+02
   1.5106030e+03   8.9700000e-01   1.5109310e+03   1.3226322e+02
   1.5115120e+03   9.0900000e-01   1.5118310e+03   1.3684103e+02
   1.5124290e+03   9.1700000e-01   1.5127510e+03   1.3651573e+02
   1.5133110e+03   8.8100000e-01   1.5136410e+03   1.3330655e+02
   1.5141500e+03   8.4000000e-01   1.5144810e+03   1.3478755e+02
   1.5150740e+03   9.2300000e-01   1.5153910e+03   1.3777201e+02
   1.5160170e+03   9.4300000e-01   1.5163410e+03   1.3722305e+02
   1.5169070e+03   8.9000000e-01   1.5172410e+03   1.3634773e+02
   1.5177460e+03   8.3900000e-01   1.5180710e+03   1.3778378e+02
   1.5186440e+03   8.9900000e-01   1.5189610e+03   1.3921983e+02
   1.5195630e+03   9.1800000e-01   1.5198910e+03   1.3945524e+02
   1.5204880e+03   9.2500000e-01   1.5208210e+03   1.3855745e+02
   1.5213760e+03   8.8800000e-01   1.5217010e+03   1.3993785e+02
   1.5223490e+03   9.7300000e-01   1.5226710e+03   1.4243970e+02
   1.5233230e+03   9.7400000e-01   1.5236510e+03   1.4077894e+02
   1.5242820e+03   9.5900000e-01   1.5246110e+03   1.3689775e+02
   1.5251840e+03   9.0100000e-01   1.5255110e+03   1.3819897e+02
   1.5261170e+03   9.3300000e-01   1.5264310e+03   1.3991538e+02
   1.5270530e+03   9.3600000e-01   1.5273710e+03   1.3824391e+02
   1.5279760e+03   9.2300000e-01   1.5283010e+03   1.3594324e+02
   1.5288490e+03   8.7400000e-01   1.5291710e+03   1.3658314e+02
   1.5297770e+03   9.2800000e-01   1.5301010e+03   1.3844509e+02
   1.5307090e+03   9.3200000e-01   1.5310310e+03   1.3811978e+02
   1.5325140e+03   1.8040000e+00   1.5328110e+03   1.4214864e+02
   1.5333500e+03   8.3600000e-01   1.5336710e+03   1.3405882e+02
   1.5341930e+03   8.4300000e-01   1.5345110e+03   1.3344138e+02
   1.5350320e+03   8.3900000e-01   1.5353610e+03   1.3079293e+02
   1.5358630e+03   8.3100000e-01   1.5361910e+03   1.3498979e+02
   1.5367820e+03   9.2000000e-01   1.5371010e+03   1.3744670e+02
   1.5377430e+03   9.6100000e-01   1.5380610e+03   1.4064518e+02
   1.5387420e+03   9.9900000e-01   1.5390710e+03   1.3795178e+02
   1.5396680e+03   9.2600000e-01   1.5400010e+03   1.3731187e+02
   1.5406240e+03   9.5600000e-01   1.5409410e+03   1.3988221e+02
   1.5415890e+03   9.6500000e-01   1.5419110e+03   1.4009515e+02
   1.5425600e+03   9.7100000e-01   1.5428910e+03   1.3718881e+02
   1.5434630e+03   9.0300000e-01   1.5437910e+03   1.3823214e+02
   1.5444530e+03   9.9000000e-01   1.5447710e+03   1.4073506e+02
   1.5454210e+03   9.6800000e-01   1.5457510e+03   1.3827708e+02
   1.5463180e+03   8.9600000e-01   1.5466510e+03   1.3805344e+02
   1.5472650e+03   9.4700000e-01   1.5475910e+03   1.4181157e+02
   1.5482350e+03   9.7000000e-01   1.5485510e+03   1.4001597e+02
   1.5491600e+03   9.2500000e-01   1.5494910e+03   1.3777201e+02
   1.5500390e+03   8.8000000e-01   1.5503610e+03   1.4219358e+02
   1.5509990e+03   9.5900000e-01   1.5513210e+03   1.4101542e+02
   1.5519600e+03   9.6100000e-01   1.5522810e+03   1.4001597e+02
   1.5528740e+03   9.1400000e-01   1.5532010e+03   1.3861416e+02
   1.5537750e+03   9.0000000e-01   1.5541010e+03   1.4008338e+02
   1.5547220e+03   9.4700000e-01   1.5550410e+03   1.4074576e+02
   1.5556550e+03   9.3300000e-01   1.5559810e+03   1.3766072e+02
   1.5565340e+03   8.7900000e-01   1.5568610e+03   1.3674045e+02
   1.5574320e+03   8.9800000e-01   1.5577510e+03   1.4143062e+02
   1.5583880e+03   9.5600000e-01   1.5587010e+03   1.4010585e+02
   1.5592940e+03   9.0600000e-01   1.5596210e+03   1.3808661e+02
   1.5601780e+03   8.8400000e-01   1.5605010e+03   1.4098118e+02
   1.5611260e+03   9.4800000e-01   1.5614410e+03   1.4184581e+02
   1.5620890e+03   9.6300000e-01   1.5624110e+03   1.3961255e+02
   1.5630250e+03   9.3600000e-01   1.5633410e+03   1.3750341e+02
   1.5639070e+03   8.8300000e-01   1.5642310e+03   1.3828886e+02
   1.5648580e+03   9.5100000e-01   1.5651810e+03   1.3988221e+02
   1.5657970e+03   9.3900000e-01   1.5661210e+03   1.3948949e+02
   1.5666990e+03   9.0100000e-01   1.5670210e+03   1.3670620e+02
   1.5675680e+03   8.7000000e-01   1.5679010e+03   1.3905182e+02
   1.5684970e+03   9.2900000e-01   1.5688110e+03   1.4144132e+02
   1.5694240e+03   9.2700000e-01   1.5697410e+03   1.3883781e+02
   1.5703390e+03   9.1500000e-01   1.5706610e+03   1.3644831e+02
   1.5712040e+03   8.6500000e-01   1.5715310e+03   1.3909677e+02
   1.5721510e+03   9.4800000e-01   1.5724710e+03   1.4146379e+02
   1.5730880e+03   9.3600000e-01   1.5734110e+03   1.4008338e+02
   1.5739890e+03   9.0200000e-01   1.5743110e+03   1.3760400e+02
   1.5748340e+03   8.4400000e-01   1.5751610e+03   1.3893947e+02
   1.5757250e+03   8.9100000e-01   1.5760410e+03   1.4034234e+02
   1.5766190e+03   8.9400000e-01   1.5769410e+03   1.3989291e+02
   1.5775150e+03   8.9600000e-01   1.5778410e+03   1.3923053e+02
   1.5783780e+03   8.6300000e-01   1.5787010e+03   1.4043116e+02
   1.5793290e+03   9.5100000e-01   1.5796410e+03   1.4222676e+02
   1.5802720e+03   9.4300000e-01   1.5805910e+03   1.4015080e+02
   1.5811890e+03   9.1700000e-01   1.5815110e+03   1.3896194e+02
   1.5820540e+03   8.6500000e-01   1.5823810e+03   1.3901758e+02
   1.5829760e+03   9.2300000e-01   1.5833010e+03   1.3971313e+02
   1.5838460e+03   8.7000000e-01   1.5841710e+03   1.3799672e+02
   1.5846820e+03   8.3600000e-01   1.5850110e+03   1.3890522e+02
   1.5855460e+03   8.6400000e-01   1.5858610e+03   1.4056599e+02
   1.5864290e+03   8.8300000e-01   1.5867510e+03   1.4024069e+02
   1.5873060e+03   8.7700000e-01   1.5876310e+03   1.3919735e+02
   1.5881400e+03   8.3400000e-01   1.5884710e+03   1.3743600e+02
   1.5890070e+03   8.6700000e-01   1.5893310e+03   1.4149803e+02
   1.5898680e+03   8.6100000e-01   1.5901910e+03   1.4083565e+02
   1.5907620e+03   8.9400000e-01   1.5910810e+03   1.3832203e+02
   1.5916170e+03   8.5500000e-01   1.5919410e+03   1.3849003e+02
   1.5925250e+03   9.0700000e-01   1.5928410e+03   1.4033057e+02
   1.5934400e+03   9.1600000e-01   1.5937610e+03   1.3905182e+02
   1.5943330e+03   8.9300000e-01   1.5946510e+03   1.3715564e+02
   1.5951730e+03   8.4000000e-01   1.5954910e+03   1.3794108e+02
   1.5960680e+03   8.9400000e-01   1.5963910e+03   1.3901758e+02
   1.5969670e+03   8.9900000e-01   1.5972910e+03   1.3754836e+02
   1.5978340e+03   8.6700000e-01   1.5981610e+03   1.3519204e+02
   1.5986610e+03   8.2700000e-01   1.5989910e+03   1.3691915e+02
   1.5995730e+03   9.1200000e-01   1.5998910e+03   1.3882711e+02
   1.6004970e+03   9.2400000e-01   1.6008210e+03   1.3794108e+02
   1.6013620e+03   8.6600000e-01   1.6016910e+03   1.3641514e+02
   1.6022150e+03   8.5300000e-01   1.6025310e+03   1.3875969e+02
   1.6031200e+03   9.0500000e-01   1.6034410e+03   1.3847933e+02
   1.6040080e+03   8.8900000e-01   1.6043310e+03   1.3615618e+02
   1.6048420e+03   8.3400000e-01   1.6051710e+03   1.3580840e+02
   1.6057240e+03   8.8100000e-01   1.6060410e+03   1.3928724e+02
   1.6066120e+03   8.8900000e-01   1.6069310e+03   1.3853497e+02
   1.6074900e+03   8.7800000e-01   1.6078110e+03   1.3879393e+02
   1.6083280e+03   8.3800000e-01   1.6086510e+03   1.3666126e+02
   1.6091990e+03   8.7100000e-01   1.6095210e+03   1.3771636e+02
   1.6100970e+03   8.9800000e-01   1.6104110e+03   1.3882711e+02
   1.6109690e+03   8.7200000e-01   1.6113010e+03   1.3642584e+02
   1.6118030e+03   8.3400000e-01   1.6121310e+03   1.3663879e+02
   1.6126630e+03   8.6000000e-01   1.6129810e+03   1.3909677e+02
   1.6135280e+03   8.6500000e-01   1.6138510e+03   1.3832203e+02
   1.6143780e+03   8.5100000e-01   1.6147110e+03   1.3671797e+02
   1.6151800e+03   8.0200000e-01   1.6155110e+03   1.3652643e+02
   1.6160190e+03   8.4000000e-01   1.6163410e+03   1.3874899e+02
   1.6168290e+03   8.1000000e-01   1.6171510e+03   1.3680786e+02
   1.6176290e+03   8.0000000e-01   1.6179510e+03   1.3638090e+02
   1.6184510e+03   8.2200000e-01   1.6187710e+03   1.3897264e+02
   1.6192890e+03   8.3800000e-01   1.6196110e+03   1.3811978e+02
   1.6201340e+03   8.4500000e-01   1.6204510e+03   1.3842369e+02
   1.6209830e+03   8.4900000e-01   1.6213110e+03   1.3828886e+02
   1.6218940e+03   9.1100000e-01   1.6222110e+03   1.3975808e+02
   1.6228050e+03   9.1000000e-01   1.6231210e+03   1.3652643e+02
   1.6237120e+03   9.0800000e-01   1.6240410e+03   1.3518027e+02
   1.6245680e+03   8.5600000e-01   1.6248910e+03   1.3475437e+02
   1.6254180e+03   8.5100000e-01   1.6257410e+03   1.3669550e+02
   1.6262670e+03   8.4900000e-01   1.6265910e+03   1.3591006e+02
   1.6271310e+03   8.6400000e-01   1.6274610e+03   1.3571959e+02
   1.6279720e+03   8.4100000e-01   1.6283010e+03   1.3643761e+02
   1.6288470e+03   8.7500000e-01   1.6291710e+03   1.3683033e+02
   1.6297650e+03   9.1800000e-01   1.6300910e+03   1.3678539e+02
   1.6307180e+03   9.5300000e-01   1.6310410e+03   1.3680786e+02
   1.6316060e+03   8.8800000e-01   1.6319310e+03   1.3616795e+02
   1.6325430e+03   9.3700000e-01   1.6328610e+03   1.3771636e+02
   1.6334870e+03   9.4300000e-01   1.6338110e+03   1.3635843e+02
   1.6343800e+03   8.9400000e-01   1.6347110e+03   1.3422682e+02
   1.6352590e+03   8.7900000e-01   1.6355810e+03   1.3702081e+02
   1.6361680e+03   9.0900000e-01   1.6364910e+03   1.3788436e+02
   1.6370940e+03   9.2600000e-01   1.6374110e+03   1.3612301e+02
   1.6379740e+03   8.7900000e-01   1.6383010e+03   1.3507968e+02
   1.6388670e+03   8.9300000e-01   1.6391910e+03   1.3760400e+02
   1.6398150e+03   9.4800000e-01   1.6401310e+03   1.3898441e+02
   1.6407650e+03   9.5000000e-01   1.6410910e+03   1.3602242e+02
   1.6416710e+03   9.0600000e-01   1.6420010e+03   1.3721128e+02
   1.6426370e+03   9.6600000e-01   1.6429610e+03   1.3770459e+02
   1.6436370e+03   1.0000000e+00   1.6439610e+03   1.3741353e+02
   1.6446510e+03   1.0130000e+00   1.6449810e+03   1.3688598e+02
   1.6456190e+03   9.6800000e-01   1.6459510e+03   1.3620112e+02
   1.6465660e+03   9.4700000e-01   1.6468810e+03   1.3717811e+02
   1.6475150e+03   9.4900000e-01   1.6478410e+03   1.3709892e+02
   1.6484610e+03   9.4700000e-01   1.6487910e+03   1.3569712e+02
   1.6493630e+03   9.0200000e-01   1.6496910e+03   1.3687528e+02
   1.6502980e+03   9.3500000e-01   1.6506210e+03   1.3800849e+02
   1.6512220e+03   9.2400000e-01   1.6515510e+03   1.3653820e+02
   1.6521190e+03   8.9600000e-01   1.6524410e+03   1.3806414e+02
   1.6530410e+03   9.2200000e-01   1.6533610e+03   1.3831133e+02
   1.6539540e+03   9.1300000e-01   1.6542810e+03   1.3663879e+02
   1.6548450e+03   8.9100000e-01   1.6551710e+03   1.3797425e+02
   1.6557780e+03   9.3400000e-01   1.6560910e+03   1.3881641e+02
   1.6567240e+03   9.4600000e-01   1.6570510e+03   1.3778378e+02
   1.6576110e+03   8.8700000e-01   1.6579410e+03   1.3638090e+02
   1.6585100e+03   8.9900000e-01   1.6588310e+03   1.3810908e+02
   1.6594410e+03   9.3100000e-01   1.6597610e+03   1.3832203e+02
   1.6603760e+03   9.3500000e-01   1.6607010e+03   1.3773883e+02
   1.6612600e+03   8.8300000e-01   1.6615910e+03   1.3769389e+02
   1.6621820e+03   9.2300000e-01   1.6625110e+03   1.3917488e+02
   1.6631020e+03   9.1900000e-01   1.6634310e+03   1.3888275e+02
   1.6640010e+03   8.9900000e-01   1.6643310e+03   1.3695339e+02
   1.6648690e+03   8.6800000e-01   1.6651910e+03   1.3939960e+02
   1.6657770e+03   9.0800000e-01   1.6661010e+03   1.3870405e+02
   1.6666930e+03   9.1600000e-01   1.6670110e+03   1.3816473e+02
   1.6675830e+03   8.9000000e-01   1.6679210e+03   1.3730117e+02
   1.6684860e+03   9.0300000e-01   1.6688110e+03   1.3947772e+02
   1.6694230e+03   9.3700000e-01   1.6697410e+03   1.3950019e+02
   1.6703470e+03   9.2400000e-01   1.6706710e+03   1.3813155e+02
   1.6712270e+03   8.7900000e-01   1.6715610e+03   1.3721128e+02
   1.6721290e+03   9.0200000e-01   1.6724510e+03   1.3946702e+02
   1.6730510e+03   9.2200000e-01   1.6733810e+03   1.3961255e+02
   1.6739780e+03   9.2800000e-01   1.6743110e+03   1.3732364e+02
   1.6748710e+03   8.9200000e-01   1.6752010e+03   1.3732364e+02
   1.6758040e+03   9.3300000e-01   1.6761310e+03   1.3803097e+02
   1.6767170e+03   9.1300000e-01   1.6770410e+03   1.3769389e+02
   1.6776630e+03   9.4700000e-01   1.6779810e+03   1.3824391e+02
   1.6785800e+03   9.1700000e-01   1.6789110e+03   1.3633596e+02
   1.6794660e+03   8.8600000e-01   1.6797910e+03   1.3799672e+02
   1.6804100e+03   9.4400000e-01   1.6807310e+03   1.3753659e+02
   1.6813470e+03   9.3700000e-01   1.6816710e+03   1.3614548e+02
   1.6822570e+03   9.1000000e-01   1.6825810e+03   1.3520274e+02
   1.6831540e+03   8.9700000e-01   1.6834810e+03   1.3724553e+02
   1.6840900e+03   9.3600000e-01   1.6844110e+03   1.3653820e+02
   1.6850170e+03   9.2800000e-01   1.6853410e+03   1.3538251e+02
   1.6859070e+03   8.8900000e-01   1.6862410e+03   1.3732364e+02
   1.6868180e+03   9.1100000e-01   1.6871410e+03   1.3751412e+02
   1.6877420e+03   9.2500000e-01   1.6880710e+03   1.3639267e+02
   1.6886410e+03   8.9900000e-01   1.6889810e+03   1.3678539e+02
   1.6895940e+03   9.5300000e-01   1.6899210e+03   1.3901758e+02
   1.6905540e+03   9.5900000e-01   1.6908810e+03   1.3828886e+02
   1.6914770e+03   9.2300000e-01   1.6918110e+03   1.3707645e+02
   1.6923720e+03   8.9500000e-01   1.6927010e+03   1.3680786e+02
   1.6933080e+03   9.3700000e-01   1.6936310e+03   1.3895017e+02
   1.6942330e+03   9.2500000e-01   1.6945610e+03   1.3637020e+02
   1.6951320e+03   8.9900000e-01   1.6954610e+03   1.3616795e+02
   1.6960370e+03   9.0400000e-01   1.6963610e+03   1.3813155e+02
   1.6970080e+03   9.7100000e-01   1.6973310e+03   1.3844509e+02
   1.6979300e+03   9.2300000e-01   1.6982610e+03   1.3588759e+02
   1.6988290e+03   8.9900000e-01   1.6991710e+03   1.3551734e+02
   1.6997510e+03   9.2100000e-01   1.7000810e+03   1.3757083e+02
   1.7006690e+03   9.1800000e-01   1.7010010e+03   1.3713317e+02
   1.7015870e+03   9.1800000e-01   1.7019210e+03   1.3475437e+02
   1.7024590e+03   8.7200000e-01   1.7027910e+03   1.3533757e+02
   1.7033620e+03   9.0200000e-01   1.7036910e+03   1.3714387e+02
   1.7042890e+03   9.2700000e-01   1.7046110e+03   1.3712140e+02
   1.7051640e+03   8.7500000e-01   1.7055010e+03   1.3603312e+02
   1.7060770e+03   9.1300000e-01   1.7064010e+03   1.3661632e+02
   1.7069900e+03   9.1300000e-01   1.7073110e+03   1.3687528e+02
   1.7079020e+03   9.1200000e-01   1.7082310e+03   1.3566287e+02
   1.7087850e+03   8.8200000e-01   1.7091210e+03   1.3476507e+02
   1.7096770e+03   8.9200000e-01   1.7100010e+03   1.3668373e+02
   1.7106060e+03   9.2900000e-01   1.7109210e+03   1.3623537e+02
   1.7114880e+03   8.8200000e-01   1.7118110e+03   1.3458637e+02
   1.7123860e+03   8.9800000e-01   1.7127110e+03   1.3681856e+02
   1.7133290e+03   9.4300000e-01   1.7136510e+03   1.3670620e+02
   1.7142440e+03   9.1600000e-01   1.7145710e+03   1.3487743e+02
   1.7151470e+03   9.0300000e-01   1.7154810e+03   1.3380093e+02
   1.7160250e+03   8.7800000e-01   1.7163510e+03   1.3501226e+02
   1.7169610e+03   9.3600000e-01   1.7172810e+03   1.3543816e+02
   1.7179180e+03   9.5700000e-01   1.7182410e+03   1.3633596e+02
   1.7188340e+03   9.1600000e-01   1.7191710e+03   1.3540498e+02
   1.7197080e+03   8.7400000e-01   1.7200410e+03   1.3431671e+02
   1.7206170e+03   9.0900000e-01   1.7209410e+03   1.3634773e+02
   1.7215410e+03   9.2400000e-01   1.7218710e+03   1.3613478e+02
   1.7224450e+03   9.0400000e-01   1.7227810e+03   1.3455213e+02
   1.7233160e+03   8.7000000e-01   1.7236410e+03   1.3387905e+02
   1.7241640e+03   8.4900000e-01   1.7244910e+03   1.3588759e+02
   1.7250620e+03   8.9800000e-01   1.7253910e+03   1.3696409e+02
   1.7259790e+03   9.1700000e-01   1.7263110e+03   1.3722305e+02
   1.7268690e+03   8.9000000e-01   1.7272010e+03   1.3556229e+02
   1.7277360e+03   8.6700000e-01   1.7280610e+03   1.3626854e+02
   1.7286420e+03   9.0600000e-01   1.7289710e+03   1.3804167e+02
   1.7295570e+03   9.1600000e-01   1.7298810e+03   1.3764895e+02
   1.7304510e+03   8.9400000e-01   1.7307810e+03   1.3496732e+02
   1.7312960e+03   8.4500000e-01   1.7316310e+03   1.3686351e+02
   1.7321920e+03   8.9600000e-01   1.7325210e+03   1.3792931e+02
   1.7330740e+03   8.8200000e-01   1.7334010e+03   1.3708822e+02
   1.7339490e+03   8.7500000e-01   1.7342810e+03   1.3641514e+02
   1.7347820e+03   8.3200000e-01   1.7351110e+03   1.3642584e+02
   1.7356840e+03   9.0200000e-01   1.7360010e+03   1.3917488e+02
   1.7365920e+03   9.0900000e-01   1.7369210e+03   1.3900688e+02
   1.7374830e+03   8.9100000e-01   1.7378210e+03   1.3750341e+02
   1.7383630e+03   8.8000000e-01   1.7386910e+03   1.3828886e+02
   1.7392980e+03   9.3600000e-01   1.7396210e+03   1.3967996e+02
   1.7402070e+03   9.0900000e-01   1.7405410e+03   1.3680786e+02
   1.7410790e+03   8.7200000e-01   1.7414110e+03   1.3657137e+02
   1.7419810e+03   9.0200000e-01   1.7423110e+03   1.3834450e+02
   1.7428910e+03   9.1000000e-01   1.7432210e+03   1.3773883e+02
   1.7437650e+03   8.7400000e-01   1.7441010e+03   1.3492238e+02
   1.7446220e+03   8.5800000e-01   1.7449510e+03   1.3687528e+02
   1.7455520e+03   9.2900000e-01   1.7458710e+03   1.3794108e+02
   1.7464560e+03   9.0400000e-01   1.7467810e+03   1.3686351e+02
   1.7473350e+03   8.7900000e-01   1.7476610e+03   1.3555051e+02
   1.7481990e+03   8.6400000e-01   1.7485310e+03   1.3598818e+02
   1.7491130e+03   9.1400000e-01   1.7494410e+03   1.3808661e+02
   1.7500320e+03   9.1900000e-01   1.7503510e+03   1.3806414e+02
   1.7509310e+03   8.9900000e-01   1.7512610e+03   1.3512462e+02
   1.7517910e+03   8.6000000e-01   1.7521210e+03   1.3515779e+02
   1.7526910e+03   9.0000000e-01   1.7530210e+03   1.3632525e+02
   1.7536140e+03   9.2300000e-01   1.7539410e+03   1.3582018e+02
   1.7545560e+03   9.4200000e-01   1.7548810e+03   1.3404705e+02
   1.7554410e+03   8.8400000e-01   1.7557710e+03   1.3365433e+02
   1.7563460e+03   9.0500000e-01   1.7566710e+03   1.3614548e+02
   1.7572640e+03   9.1800000e-01   1.7575910e+03   1.3434988e+02
   1.7581790e+03   9.1500000e-01   1.7585110e+03   1.3271159e+02
   1.7590270e+03   8.4900000e-01   1.7593610e+03   1.3463024e+02
   1.7599110e+03   8.8400000e-01   1.7602410e+03   1.3557299e+02
   1.7607820e+03   8.7100000e-01   1.7611110e+03   1.3496732e+02
   1.7616070e+03   8.2500000e-01   1.7619410e+03   1.3479932e+02
   1.7624590e+03   8.5100000e-01   1.7627910e+03   1.3656067e+02
   1.7633440e+03   8.8600000e-01   1.7636710e+03   1.3727870e+02
   1.7642150e+03   8.7100000e-01   1.7645510e+03   1.3561793e+02
   1.7650620e+03   8.4700000e-01   1.7654010e+03   1.3657137e+02
   1.7659740e+03   9.1200000e-01   1.7662910e+03   1.3816473e+02
   1.7668820e+03   9.0900000e-01   1.7672110e+03   1.3670620e+02
   1.7677960e+03   9.1400000e-01   1.7681310e+03   1.3513532e+02
   1.7687080e+03   9.1200000e-01   1.7690310e+03   1.3537074e+02
   1.7696130e+03   9.0500000e-01   1.7699310e+03   1.3564040e+02
   1.7705070e+03   8.9500000e-01   1.7708410e+03   1.3452966e+02
   1.7713560e+03   8.4900000e-01   1.7716910e+03   1.3295878e+02
   1.7721910e+03   8.3500000e-01   1.7725210e+03   1.3497802e+02
   1.7730530e+03   8.6200000e-01   1.7733810e+03   1.3423752e+02
   1.7739450e+03   8.9200000e-01   1.7742710e+03   1.3494485e+02
   1.7748290e+03   8.8500000e-01   1.7751610e+03   1.3386728e+02
   1.7756970e+03   8.6700000e-01   1.7760310e+03   1.3521451e+02
   1.7765970e+03   9.0100000e-01   1.7769210e+03   1.3653820e+02
   1.7774840e+03   8.8700000e-01   1.7778110e+03   1.3515779e+02
   1.7792490e+03   1.7650000e+00   1.7795510e+03   1.3759330e+02
   1.7800180e+03   7.6900000e-01   1.7803410e+03   1.3355374e+02
   1.7807860e+03   7.6700000e-01   1.7811110e+03   1.3439483e+02
   1.7815940e+03   8.0900000e-01   1.7819210e+03   1.3130978e+02
   1.7824180e+03   8.2300000e-01   1.7827510e+03   1.3610054e+02
   1.7832850e+03   8.6700000e-01   1.7836210e+03   1.3661632e+02
   1.7841480e+03   8.6300000e-01   1.7844710e+03   1.4102613e+02
   1.7851350e+03   9.8800000e-01   1.7854610e+03   1.3945524e+02
   1.7861150e+03   9.8000000e-01   1.7864410e+03   1.3613478e+02
   1.7870730e+03   9.5700000e-01   1.7874010e+03   1.3573029e+02
   1.7880170e+03   9.4500000e-01   1.7883510e+03   1.3556229e+02
   1.7889580e+03   9.4000000e-01   1.7892910e+03   1.3595501e+02
   1.7898800e+03   9.2300000e-01   1.7902210e+03   1.3387905e+02
   1.7907860e+03   9.0600000e-01   1.7911110e+03   1.3540498e+02
   1.7917160e+03   9.2900000e-01   1.7920410e+03   1.3604489e+02
   1.7926730e+03   9.5700000e-01   1.7930010e+03   1.3573029e+02
   1.7935700e+03   8.9700000e-01   1.7939110e+03   1.3427177e+02
   1.7944300e+03   8.6100000e-01   1.7947610e+03   1.3585335e+02
   1.7953340e+03   9.0300000e-01   1.7956610e+03   1.3680786e+02
   1.7962640e+03   9.3000000e-01   1.7965910e+03   1.3671797e+02
