   1.1100000e+00   6.8200000e-01   1.4040000e+00   1.5206749e+02
   1.8200000e+00   7.1000000e-01   2.1220000e+00   1.5164014e+02
   2.5230000e+00   7.0300000e-01   2.8560000e+00   1.4904672e+02
   3.2600000e+00   7.3600000e-01   3.5760000e+00   1.5179288e+02
   3.9580000e+00   6.9900000e-01   4.2750000e+00   1.5209835e+02
   4.6320000e+00   6.7300000e-01   4.9410000e+00   1.5454057e+02
   5.2760000e+00   6.4400000e-01   5.5750000e+00   1.5469177e+02
   5.9540000e+00   6.7800000e-01   6.2560000e+00   1.5218937e+02
   6.6800000e+00   7.2600000e-01   6.9950000e+00   1.5301322e+02
   7.4360000e+00   7.5600000e-01   7.7410000e+00   1.5206749e+02
   8.1650000e+00   7.2900000e-01   8.5150000e+00   1.5054168e+02
   8.8570000e+00   6.9300000e-01   9.1950000e+00   1.5469177e+02
   9.5310000e+00   6.7300000e-01   9.8550000e+00   1.5304407e+02
   1.0204000e+01   6.7400000e-01   1.0500000e+01   1.5179288e+02
   1.0878000e+01   6.7300000e-01   1.1194000e+01   1.5133621e+02
   1.1552000e+01   6.7500000e-01   1.1874000e+01   1.4865023e+02
   1.2241000e+01   6.8900000e-01   1.2533000e+01   1.5347142e+02
   1.2932000e+01   6.9100000e-01   1.3233000e+01   1.5423510e+02
   1.3660000e+01   7.2800000e-01   1.3973000e+01   1.5060339e+02
   1.4381000e+01   7.2000000e-01   1.4719000e+01   1.4462202e+02
   1.5102000e+01   7.2200000e-01   1.5413000e+01   1.4980886e+02
   1.5791000e+01   6.8800000e-01   1.6133000e+01   1.4465288e+02
   1.6463000e+01   6.7300000e-01   1.6812000e+01   1.5264758e+02
   1.7126000e+01   6.6300000e-01   1.7432000e+01   1.5380775e+02
   1.7784000e+01   6.5700000e-01   1.8098000e+01   1.5246399e+02
   1.8461000e+01   6.7700000e-01   1.8760000e+01   1.5246399e+02
   1.9157000e+01   6.9600000e-01   1.9452000e+01   1.5133621e+02
   1.9828000e+01   6.7200000e-01   2.0131000e+01   1.5176202e+02
   2.0467000e+01   6.3800000e-01   2.0772000e+01   1.5136552e+02
   2.1090000e+01   6.2400000e-01   2.1391000e+01   1.5173271e+02
   2.1706000e+01   6.1600000e-01   2.2011000e+01   1.5136552e+02
   2.2332000e+01   6.2600000e-01   2.2617000e+01   1.5286202e+02
   2.2965000e+01   6.3300000e-01   2.3251000e+01   1.5389877e+02
   2.3611000e+01   6.4700000e-01   2.3918000e+01   1.5084715e+02
   2.4293000e+01   6.8100000e-01   2.4610000e+01   1.5173271e+02
   2.4954000e+01   6.6200000e-01   2.5251000e+01   1.4947407e+02
   2.5636000e+01   6.8100000e-01   2.5930000e+01   1.5170185e+02
   2.6280000e+01   6.4400000e-01   2.6590000e+01   1.5270929e+02
   2.6923000e+01   6.4300000e-01   2.7216000e+01   1.5496638e+02
   2.7580000e+01   6.5700000e-01   2.7890000e+01   1.5170185e+02
   2.8244000e+01   6.6500000e-01   2.8550000e+01   1.5014518e+02
   2.8915000e+01   6.7100000e-01   2.9210000e+01   1.5185459e+02
   2.9605000e+01   6.9100000e-01   2.9897000e+01   1.5157997e+02
   3.0285000e+01   6.8000000e-01   3.0617000e+01   1.4459116e+02
   3.0954000e+01   6.6900000e-01   3.1257000e+01   1.5243467e+02
   3.1620000e+01   6.6600000e-01   3.1914000e+01   1.5496638e+02
   3.2288000e+01   6.6800000e-01   3.2576000e+01   1.5420425e+02
   3.2959000e+01   6.7100000e-01   3.3236000e+01   1.5292219e+02
   3.3641000e+01   6.8100000e-01   3.3929000e+01   1.5344057e+02
   3.4321000e+01   6.8000000e-01   3.4634000e+01   1.5045065e+02
   3.5006000e+01   6.8500000e-01   3.5288000e+01   1.5631014e+02
   3.5694000e+01   6.8800000e-01   3.5988000e+01   1.4831390e+02
   3.6418000e+01   7.2400000e-01   3.6715000e+01   1.5154912e+02
   3.7168000e+01   7.5000000e-01   3.7468000e+01   1.5212920e+02
   3.7934000e+01   7.6600000e-01   3.8233000e+01   1.4999245e+02
   3.8670000e+01   7.3700000e-01   3.8987000e+01   1.5304407e+02
   3.9400000e+01   7.3000000e-01   3.9695000e+01   1.5579177e+02
   4.0102000e+01   7.0300000e-01   4.0415000e+01   1.5017604e+02
   4.0803000e+01   7.0000000e-01   4.1095000e+01   1.5191476e+02
   4.1484000e+01   6.8100000e-01   4.1787000e+01   1.5103074e+02
   4.2169000e+01   6.8500000e-01   4.2473000e+01   1.5170185e+02
   4.2842000e+01   6.7300000e-01   4.3134000e+01   1.5298390e+02
   4.3529000e+01   6.8700000e-01   4.3867000e+01   1.5218937e+02
   4.4260000e+01   7.3100000e-01   4.4555000e+01   1.5154912e+02
   4.5021000e+01   7.6100000e-01   4.5313000e+01   1.5124365e+02
   4.5812000e+01   7.9100000e-01   4.6113000e+01   1.5121279e+02
   4.6548000e+01   7.3600000e-01   4.6893000e+01   1.4831390e+02
   4.7253000e+01   7.0500000e-01   4.7552000e+01   1.5331869e+02
   4.7937000e+01   6.8400000e-01   4.8253000e+01   1.5087801e+02
   4.8634000e+01   6.9700000e-01   4.8947000e+01   1.5179288e+02
   4.9355000e+01   7.2100000e-01   4.9655000e+01   1.5414253e+02
   5.0117000e+01   7.6100000e-01   5.0427000e+01   1.5185459e+02
   5.0886000e+01   7.7000000e-01   5.1194000e+01   1.5508980e+02
   5.1608000e+01   7.2200000e-01   5.1907000e+01   1.5499724e+02
   5.2333000e+01   7.2400000e-01   5.2647000e+01   1.5347142e+02
   5.3092000e+01   7.5900000e-01   5.3407000e+01   1.5463160e+02
   5.3904000e+01   8.1300000e-01   5.4213000e+01   1.5447886e+02
   5.4702000e+01   7.9700000e-01   5.5013000e+01   1.5371518e+02
   5.5486000e+01   7.8400000e-01   5.5834000e+01   1.5411322e+02
   5.6250000e+01   7.6400000e-01   5.6547000e+01   1.5463160e+02
   5.7032000e+01   7.8200000e-01   5.7346000e+01   1.5341126e+02
   5.7895000e+01   8.6300000e-01   5.8187000e+01   1.5469177e+02
   5.8721000e+01   8.2600000e-01   5.9026000e+01   1.5472262e+02
   5.9524000e+01   8.0300000e-01   5.9854000e+01   1.5447886e+02
   6.0312000e+01   7.8800000e-01   6.0612000e+01   1.5490621e+02
   6.1090000e+01   7.7900000e-01   6.1425000e+01   1.5197647e+02
   6.1890000e+01   8.0000000e-01   6.2205000e+01   1.5243467e+02
   6.2734000e+01   8.4400000e-01   6.3046000e+01   1.5539373e+02
   6.3548000e+01   8.1400000e-01   6.3871000e+01   1.5456989e+02
   6.4311000e+01   7.6300000e-01   6.4645000e+01   1.5701211e+02
   6.5055000e+01   7.4400000e-01   6.5405000e+01   1.5450972e+02
   6.5841000e+01   7.8600000e-01   6.6151000e+01   1.5536442e+02
   6.6658000e+01   8.1700000e-01   6.6951000e+01   1.5725587e+02
   6.7481000e+01   8.2300000e-01   6.7824000e+01   1.5634100e+02
   6.8278000e+01   7.9700000e-01   6.8584000e+01   1.5698126e+02
   6.9046000e+01   7.6900000e-01   6.9350000e+01   1.5936177e+02
   6.9843000e+01   7.9700000e-01   7.0151000e+01   1.5609570e+02
   7.0618000e+01   7.7500000e-01   7.0924000e+01   1.5737775e+02
   7.1370000e+01   7.5200000e-01   7.1669000e+01   1.5927074e+02
   7.2106000e+01   7.3600000e-01   7.2423000e+01   1.6033835e+02
   7.2885000e+01   7.7900000e-01   7.3210000e+01   1.5615741e+02
   7.3680000e+01   7.9400000e-01   7.4010000e+01   1.5798869e+02
   7.4519000e+01   8.3900000e-01   7.4827000e+01   1.5765237e+02
   7.5377000e+01   8.5800000e-01   7.5722000e+01   1.4983971e+02
   7.6233000e+01   8.5600000e-01   7.6547000e+01   1.5731758e+02
   7.7038000e+01   8.0500000e-01   7.7361000e+01   1.5893442e+02
   7.7782000e+01   7.4500000e-01   7.8106000e+01   1.6009459e+02
   7.8498000e+01   7.1600000e-01   7.8848000e+01   1.5890356e+02
   7.9242000e+01   7.4400000e-01   7.9540000e+01   1.5850707e+02
   7.9998000e+01   7.5500000e-01   8.0306000e+01   1.5725587e+02
   8.0795000e+01   7.9700000e-01   8.1100000e+01   1.5743946e+02
   8.1601000e+01   8.0600000e-01   8.1905000e+01   1.5853792e+02
   8.2353000e+01   7.5200000e-01   8.2659000e+01   1.5948365e+02
   8.3082000e+01   7.2900000e-01   8.3405000e+01   1.5728673e+02
   8.3828000e+01   7.4600000e-01   8.4139000e+01   1.5469177e+02
   8.4583000e+01   7.5500000e-01   8.4899000e+01   1.5673750e+02
   8.5337000e+01   7.5400000e-01   8.5638000e+01   1.5777425e+02
   8.6088000e+01   7.5100000e-01   8.6404000e+01   1.5801955e+02
   8.6844000e+01   7.5600000e-01   8.7144000e+01   1.5734689e+02
   8.7629000e+01   7.8500000e-01   8.7938000e+01   1.5508980e+02
   8.8392000e+01   7.6300000e-01   8.8706000e+01   1.5621758e+02
   8.9147000e+01   7.5500000e-01   8.9445000e+01   1.5649219e+02
   8.9874000e+01   7.2700000e-01   9.0178000e+01   1.4831390e+02
   9.0564000e+01   6.8900000e-01   9.0898000e+01   1.5820160e+02
   9.1261000e+01   6.9700000e-01   9.1559000e+01   1.6158955e+02
   9.1953000e+01   6.9200000e-01   9.2259000e+01   1.5856878e+02
   9.2747000e+01   7.9400000e-01   9.3064000e+01   1.5771408e+02
   9.3564000e+01   8.1700000e-01   9.3907000e+01   1.5286202e+02
   9.4413000e+01   8.4900000e-01   9.4719000e+01   1.5496638e+02
   9.5243000e+01   8.3100000e-01   9.5545000e+01   1.5542459e+02
   9.6040000e+01   7.9700000e-01   9.6346000e+01   1.5615741e+02
   9.6827000e+01   7.8700000e-01   9.7147000e+01   1.5295305e+02
   9.7611000e+01   7.8400000e-01   9.7921000e+01   1.5582108e+02
   9.8407000e+01   7.9700000e-01   9.8706000e+01   1.5850707e+02
   9.9183000e+01   7.7600000e-01   9.9521000e+01   1.4947407e+02
   9.9930000e+01   7.4700000e-01   1.0023600e+02   1.5951450e+02
   1.0070100e+02   7.7000000e-01   1.0099700e+02   1.5914732e+02
   1.0146700e+02   7.6600000e-01   1.0176300e+02   1.5658476e+02
   1.0223600e+02   7.6900000e-01   1.0255700e+02   1.5551561e+02
   1.0298400e+02   7.4800000e-01   1.0332400e+02   1.5133621e+02
   1.0372900e+02   7.4500000e-01   1.0403100e+02   1.5966724e+02
   1.0450400e+02   7.7500000e-01   1.0484600e+02   1.5820160e+02
   1.0530800e+02   8.0300000e-01   1.0561200e+02   1.5734689e+02
   1.0611300e+02   8.0500000e-01   1.0642700e+02   1.5667578e+02
   1.0689100e+02   7.7900000e-01   1.0720700e+02   1.5814143e+02
   1.0763800e+02   7.4700000e-01   1.0796500e+02   1.5502809e+02
   1.0836900e+02   7.3100000e-01   1.0867400e+02   1.5856878e+02
   1.0912400e+02   7.5500000e-01   1.0943000e+02   1.5856878e+02
   1.0986800e+02   7.4400000e-01   1.1017100e+02   1.5817074e+02
   1.1063800e+02   7.7000000e-01   1.1095100e+02   1.5978912e+02
   1.1140000e+02   7.6300000e-01   1.1171100e+02   1.5902544e+02
   1.1219500e+02   7.9400000e-01   1.1250500e+02   1.5673750e+02
   1.1304000e+02   8.4600000e-01   1.1334500e+02   1.5670664e+02
   1.1387000e+02   8.3000000e-01   1.1421400e+02   1.5374604e+02
   1.1469800e+02   8.2800000e-01   1.1500100e+02   1.5731758e+02
   1.1551400e+02   8.1600000e-01   1.1584100e+02   1.5853792e+02
   1.1636500e+02   8.5100000e-01   1.1667500e+02   1.5881254e+02
   1.1716500e+02   8.0000000e-01   1.1751100e+02   1.5310578e+02
   1.1794600e+02   7.8000000e-01   1.1825100e+02   1.5911801e+02
   1.1870100e+02   7.5500000e-01   1.1901900e+02   1.5582108e+02
   1.1948300e+02   7.8200000e-01   1.1977900e+02   1.5862895e+02
   1.2029900e+02   8.1600000e-01   1.2060800e+02   1.5322766e+02
   1.2114200e+02   8.4300000e-01   1.2144100e+02   1.5594296e+02
   1.2194600e+02   8.0300000e-01   1.2224200e+02   1.5588279e+02
   1.2274200e+02   7.9600000e-01   1.2306300e+02   1.5420425e+02
   1.2354600e+02   8.0400000e-01   1.2386900e+02   1.5456989e+02
   1.2432400e+02   7.7800000e-01   1.2464400e+02   1.5441715e+02
   1.2510300e+02   7.7900000e-01   1.2541100e+02   1.5942194e+02
   1.2586500e+02   7.6200000e-01   1.2617200e+02   1.6335912e+02
   1.2657500e+02   7.1000000e-01   1.2691300e+02   1.5939262e+02
   1.2732100e+02   7.4500000e-01   1.2762800e+02   1.5701211e+02
   1.2809700e+02   7.7700000e-01   1.2839600e+02   1.5765237e+02
   1.2887400e+02   7.7700000e-01   1.2918900e+02   1.5746877e+02
   1.2963000e+02   7.5600000e-01   1.2995000e+02   1.5423510e+02
   1.3037500e+02   7.4500000e-01   1.3069100e+02   1.6033835e+02
   1.3110800e+02   7.3300000e-01   1.3143100e+02   1.5386792e+02
   1.3185200e+02   7.4400000e-01   1.3216000e+02   1.5927074e+02
   1.3261700e+02   7.6500000e-01   1.3295200e+02   1.5927074e+02
   1.3340100e+02   7.8400000e-01   1.3371200e+02   1.6049109e+02
   1.3412900e+02   7.2700000e-01   1.3446000e+02   1.5521168e+02
   1.3485700e+02   7.2800000e-01   1.3516800e+02   1.6079656e+02
   1.3560100e+02   7.4500000e-01   1.3590900e+02   1.5914732e+02
   1.3634600e+02   7.4500000e-01   1.3665600e+02   1.5539373e+02
   1.3708900e+02   7.4300000e-01   1.3740400e+02   1.5756134e+02
   1.3779100e+02   7.0200000e-01   1.3809700e+02   1.5627929e+02
   1.3846100e+02   6.7000000e-01   1.3875700e+02   1.5627929e+02
   1.3915400e+02   6.9200000e-01   1.3946000e+02   1.5490621e+02
   1.3988100e+02   7.2800000e-01   1.4020600e+02   1.4733732e+02
   1.4064600e+02   7.6400000e-01   1.4093900e+02   1.5777425e+02
   1.4144900e+02   8.0400000e-01   1.4174000e+02   1.5664493e+02
   1.4225300e+02   8.0300000e-01   1.4256000e+02   1.5618826e+02
   1.4302600e+02   7.7400000e-01   1.4334700e+02   1.5859809e+02
   1.4377000e+02   7.4400000e-01   1.4406800e+02   1.5939262e+02
   1.4453300e+02   7.6200000e-01   1.4484800e+02   1.5533356e+02
   1.4529800e+02   7.6600000e-01   1.4559700e+02   1.5749963e+02
   1.4606200e+02   7.6300000e-01   1.4636400e+02   1.5704297e+02
   1.4681200e+02   7.5000000e-01   1.4713000e+02   1.5621758e+02
   1.4754700e+02   7.3500000e-01   1.4788500e+02   1.5060339e+02
   1.4830800e+02   7.6100000e-01   1.4861300e+02   1.5313664e+02
   1.4910900e+02   8.0100000e-01   1.4942600e+02   1.5103074e+02
   1.4994600e+02   8.3700000e-01   1.5025300e+02   1.4932134e+02
   1.5078100e+02   8.3500000e-01   1.5111400e+02   1.5298390e+02
   1.5160100e+02   8.1900000e-01   1.5191400e+02   1.5417339e+02
   1.5238600e+02   7.8500000e-01   1.5268900e+02   1.5554647e+02
   1.5316400e+02   7.7800000e-01   1.5348300e+02   1.5518083e+02
   1.5393800e+02   7.7400000e-01   1.5424400e+02   1.5557732e+02
   1.5468500e+02   7.4700000e-01   1.5500500e+02   1.5432613e+02
   1.5543700e+02   7.5200000e-01   1.5575700e+02   1.4974869e+02
   1.5617900e+02   7.4300000e-01   1.5649200e+02   1.3854808e+02
   1.5692900e+02   7.5000000e-01   1.5725300e+02   1.4575134e+02
   1.5768800e+02   7.5900000e-01   1.5799300e+02   1.5661562e+02
   1.5843500e+02   7.4700000e-01   1.5873400e+02   1.5627929e+02
   1.5919600e+02   7.6100000e-01   1.5951400e+02   1.5093817e+02
   1.5996700e+02   7.7100000e-01   1.6026100e+02   1.5463160e+02
   1.6077300e+02   8.0600000e-01   1.6107600e+02   1.5664493e+02
   1.6154200e+02   7.6900000e-01   1.6187600e+02   1.5222023e+02
   1.6230700e+02   7.6400000e-01   1.6262300e+02   1.5890356e+02
   1.6307100e+02   7.6500000e-01   1.6337100e+02   1.5875083e+02
   1.6384400e+02   7.7300000e-01   1.6416500e+02   1.5194561e+02
   1.6461300e+02   7.6900000e-01   1.6491800e+02   1.5096903e+02
   1.6536800e+02   7.5400000e-01   1.6570200e+02   1.5328783e+02
   1.6610400e+02   7.3700000e-01   1.6641400e+02   1.5954536e+02
   1.6683600e+02   7.3100000e-01   1.6714800e+02   1.5887271e+02
   1.6759300e+02   7.5700000e-01   1.6789500e+02   1.5780510e+02
   1.6838700e+02   7.9400000e-01   1.6870200e+02   1.5661562e+02
   1.6919300e+02   8.0600000e-01   1.6949000e+02   1.5682852e+02
   1.6996800e+02   7.7400000e-01   1.7030300e+02   1.4956510e+02
   1.7072800e+02   7.6100000e-01   1.7104300e+02   1.5255655e+02
   1.7149300e+02   7.6500000e-01   1.7184400e+02   1.3827347e+02
   1.7232000e+02   8.2700000e-01   1.7262400e+02   1.5978912e+02
   1.7317300e+02   8.5300000e-01   1.7348500e+02   1.5820160e+02
   1.7399600e+02   8.2300000e-01   1.7430400e+02   1.5832348e+02
   1.7477500e+02   7.7900000e-01   1.7508600e+02   1.5902544e+02
   1.7552800e+02   7.5300000e-01   1.7585300e+02   1.5771408e+02
   1.7627300e+02   7.4500000e-01   1.7658700e+02   1.5420425e+02
   1.7704900e+02   7.7700000e-01   1.7736100e+02   1.6085673e+02
   1.7784300e+02   7.9300000e-01   1.7814100e+02   1.5954536e+02
   1.7863800e+02   7.9600000e-01   1.7895400e+02   1.5499724e+02
   1.7941400e+02   7.7500000e-01   1.7972900e+02   1.5341126e+02
   1.8017200e+02   7.5800000e-01   1.8049700e+02   1.6012390e+02
   1.8094700e+02   7.7500000e-01   1.8125000e+02   1.6076570e+02
   1.8173600e+02   7.8800000e-01   1.8205100e+02   1.5341126e+02
   1.8252100e+02   7.8500000e-01   1.8285100e+02   1.5344057e+02
   1.8333000e+02   8.0900000e-01   1.8363200e+02   1.6033835e+02
   1.8410000e+02   7.7000000e-01   1.8442000e+02   1.5490621e+02
   1.8481600e+02   7.1600000e-01   1.8513200e+02   1.5530271e+02
   1.8553300e+02   7.1700000e-01   1.8585200e+02   1.6076570e+02
   1.8626600e+02   7.3300000e-01   1.8660700e+02   1.5634100e+02
   1.8703500e+02   7.6900000e-01   1.8734200e+02   1.6012390e+02
   1.8783800e+02   8.0300000e-01   1.8813500e+02   1.5820160e+02
   1.8865100e+02   8.1300000e-01   1.8896000e+02   1.5801955e+02
   1.8945700e+02   8.0500000e-01   1.8975600e+02   1.5936177e+02
   1.9023500e+02   7.7800000e-01   1.9053600e+02   1.5826331e+02
   1.9100700e+02   7.7300000e-01   1.9130400e+02   1.5841604e+02
   1.9178100e+02   7.7400000e-01   1.9207700e+02   1.5905630e+02
   1.9256200e+02   7.8000000e-01   1.9289800e+02   1.5859809e+02
   1.9331900e+02   7.5700000e-01   1.9362600e+02   1.6213878e+02
   1.9406800e+02   7.5000000e-01   1.9439900e+02   1.6027664e+02
   1.9483200e+02   7.6300000e-01   1.9514600e+02   1.6006374e+02
   1.9558700e+02   7.5500000e-01   1.9590700e+02   1.6195519e+02
   1.9636800e+02   7.8100000e-01   1.9666500e+02   1.6372630e+02
   1.9714900e+02   7.8100000e-01   1.9746100e+02   1.6338998e+02
   1.9789200e+02   7.4300000e-01   1.9820600e+02   1.5972741e+02
   1.9863200e+02   7.4000000e-01   1.9894300e+02   1.5972741e+02
   1.9941700e+02   7.8500000e-01   1.9971600e+02   1.6033835e+02
   2.0022600e+02   8.0900000e-01   2.0053700e+02   1.5920903e+02
   2.0105100e+02   8.2500000e-01   2.0136400e+02   1.5743946e+02
   2.0185600e+02   8.0500000e-01   2.0216800e+02   1.5719416e+02
   2.0266600e+02   8.1000000e-01   2.0297200e+02   1.6284074e+02
   2.0348900e+02   8.2400000e-01   2.0383200e+02   1.6174228e+02
   2.0431800e+02   8.2900000e-01   2.0463300e+02   1.5652305e+02
   2.0513200e+02   8.1400000e-01   2.0544700e+02   1.5893442e+02
   2.0591900e+02   7.8700000e-01   2.0624700e+02   1.6302434e+02
   2.0669500e+02   7.7500000e-01   2.0701300e+02   1.6580135e+02
   2.0748300e+02   7.8800000e-01   2.0778800e+02   1.6546502e+02
   2.0830700e+02   8.2400000e-01   2.0861400e+02   1.6296262e+02
   2.0914400e+02   8.3800000e-01   2.0945000e+02   1.6146767e+02
   2.0997500e+02   8.3000000e-01   2.1028300e+02   1.6039852e+02
   2.1077200e+02   7.9700000e-01   2.1107100e+02   1.6064382e+02
   2.1155200e+02   7.8000000e-01   2.1189100e+02   1.5582108e+02
   2.1234800e+02   7.9700000e-01   2.1265200e+02   1.5710313e+02
   2.1315800e+02   8.1000000e-01   2.1350000e+02   1.5487536e+02
   2.1394700e+02   7.8900000e-01   2.1426600e+02   1.6036921e+02
   2.1471100e+02   7.6400000e-01   2.1501900e+02   1.6174228e+02
   2.1546800e+02   7.5700000e-01   2.1577400e+02   1.6189502e+02
   2.1625700e+02   7.9000000e-01   2.1657500e+02   1.5621758e+02
   2.1706100e+02   8.0400000e-01   2.1737600e+02   1.5585194e+02
   2.1787600e+02   8.1500000e-01   2.1819600e+02   1.5096903e+02
   2.1867600e+02   8.0000000e-01   2.1898200e+02   1.6024733e+02
   2.1943200e+02   7.5600000e-01   2.1974300e+02   1.6107117e+02
   2.2016200e+02   7.3100000e-01   2.2050400e+02   1.5624843e+02
   2.2090300e+02   7.4000000e-01   2.2119200e+02   1.6192433e+02
   2.2166600e+02   7.6300000e-01   2.2197300e+02   1.6076570e+02
   2.2245800e+02   7.9200000e-01   2.2276800e+02   1.6058211e+02
   2.2327400e+02   8.1600000e-01   2.2360100e+02   1.6027664e+02
   2.2405100e+02   7.7600000e-01   2.2436200e+02   1.5777425e+02
   2.2481700e+02   7.6700000e-01   2.2512300e+02   1.6021647e+02
   2.2558900e+02   7.7200000e-01   2.2590300e+02   1.6107117e+02
   2.2634500e+02   7.5700000e-01   2.2666400e+02   1.5698126e+02
   2.2709500e+02   7.4900000e-01   2.2739000e+02   1.6216963e+02
   2.2782800e+02   7.3400000e-01   2.2812600e+02   1.6342083e+02
   2.2856400e+02   7.3500000e-01   2.2890300e+02   1.5905630e+02
   2.2932300e+02   7.6000000e-01   2.2961300e+02   1.6290091e+02
   2.3007200e+02   7.4900000e-01   2.3040100e+02   1.5783596e+02
   2.3082700e+02   7.5500000e-01   2.3113300e+02   1.6222980e+02
   2.3155000e+02   7.2300000e-01   2.3187000e+02   1.5966724e+02
   2.3226000e+02   7.1000000e-01   2.3258900e+02   1.5896527e+02
   2.3295500e+02   6.9500000e-01   2.3327000e+02   1.6424468e+02
   2.3368300e+02   7.2800000e-01   2.3401800e+02   1.6583066e+02
   2.3445700e+02   7.7400000e-01   2.3475800e+02   1.6274972e+02
   2.3523900e+02   7.8200000e-01   2.3555900e+02   1.6009459e+02
   2.3601700e+02   7.7800000e-01   2.3631800e+02   1.6451929e+02
   2.3677200e+02   7.5500000e-01   2.3709900e+02   1.6265715e+02
   2.3755400e+02   7.8200000e-01   2.3787400e+02   1.5823245e+02
   2.3835600e+02   8.0200000e-01   2.3867100e+02   1.5865980e+02
   2.3913400e+02   7.7800000e-01   2.3943500e+02   1.6146767e+02
   2.3988200e+02   7.4900000e-01   2.4020900e+02   1.6314622e+02
   2.4061300e+02   7.3100000e-01   2.4091000e+02   1.6467203e+02
   2.4134800e+02   7.3500000e-01   2.4165600e+02   1.5859809e+02
   2.4209200e+02   7.4500000e-01   2.4240400e+02   1.6354271e+02
   2.4283100e+02   7.3900000e-01   2.4313800e+02   1.6226066e+02
   2.4357000e+02   7.3900000e-01   2.4390700e+02   1.5862895e+02
   2.4429600e+02   7.2600000e-01   2.4460600e+02   1.6375562e+02
   2.4502100e+02   7.2500000e-01   2.4533900e+02   1.6378647e+02
   2.4576700e+02   7.4600000e-01   2.4608000e+02   1.6262630e+02
   2.4654300e+02   7.7600000e-01   2.4686100e+02   1.5743946e+02
   2.4734000e+02   7.9700000e-01   2.4764000e+02   1.6052194e+02
   2.4811100e+02   7.7000000e-01   2.4841600e+02   1.5588279e+02
   2.4886100e+02   7.5000000e-01   2.4919600e+02   1.5780510e+02
   2.4960800e+02   7.4800000e-01   2.4991700e+02   1.6204775e+02
   2.5036700e+02   7.5800000e-01   2.5069700e+02   1.5908715e+02
   2.5112600e+02   7.6000000e-01   2.5143200e+02   1.6128408e+02
   2.5188300e+02   7.5700000e-01   2.5220400e+02   1.3699296e+02
   2.5262800e+02   7.4400000e-01   2.5293800e+02   1.5871997e+02
   2.5338800e+02   7.6100000e-01   2.5370600e+02   1.6186416e+02
   2.5419700e+02   8.0900000e-01   2.5450600e+02   1.6149852e+02
   2.5505500e+02   8.5800000e-01   2.5536700e+02   1.6180245e+02
   2.5587300e+02   8.1700000e-01   2.5617500e+02   1.6143681e+02
   2.5665800e+02   7.8500000e-01   2.5700800e+02   1.5707228e+02
   2.5743300e+02   7.7500000e-01   2.5773500e+02   1.6372630e+02
   2.5821500e+02   7.8200000e-01   2.5852800e+02   1.6415211e+02
   2.5899600e+02   7.8100000e-01   2.5931700e+02   1.5695040e+02
   2.5980500e+02   8.1000000e-01   2.6010400e+02   1.6192433e+02
   2.6058200e+02   7.7700000e-01   2.6090300e+02   1.6024733e+02
   2.6138600e+02   8.0400000e-01   2.6170400e+02   1.6271886e+02
   2.6222300e+02   8.3700000e-01   2.6253100e+02   1.6110049e+02
   2.6308900e+02   8.6600000e-01   2.6339200e+02   1.6180245e+02
   2.6393200e+02   8.4400000e-01   2.6426600e+02   1.5713399e+02
   2.6472600e+02   7.9400000e-01   2.6505200e+02   1.5972741e+02
   2.6547400e+02   7.4800000e-01   2.6581200e+02   1.6308450e+02
   2.6619500e+02   7.2000000e-01   2.6651300e+02   1.6381733e+02
   2.6692500e+02   7.3100000e-01   2.6724000e+02   1.6046023e+02
   2.6765900e+02   7.3400000e-01   2.6796100e+02   1.6455015e+02
   2.6846700e+02   8.0800000e-01   2.6881400e+02   1.6595408e+02
   2.6928100e+02   8.1500000e-01   2.6962100e+02   1.4776467e+02
   2.7010100e+02   8.2000000e-01   2.7040200e+02   1.6244425e+02
   2.7095200e+02   8.5100000e-01   2.7127500e+02   1.5978912e+02
   2.7179300e+02   8.4100000e-01   2.7212100e+02   1.5691954e+02
   2.7259900e+02   8.0600000e-01   2.7291500e+02   1.6131493e+02
   2.7338400e+02   7.8600000e-01   2.7369500e+02   1.6351186e+02
   2.7415200e+02   7.6800000e-01   2.7448300e+02   1.5655390e+02
   2.7490500e+02   7.5300000e-01   2.7521200e+02   1.6238254e+02
   2.7563900e+02   7.3400000e-01   2.7595100e+02   1.6186416e+02
   2.7637800e+02   7.4000000e-01   2.7667800e+02   1.6299348e+02
   2.7710600e+02   7.2800000e-01   2.7740400e+02   1.6375562e+02
   2.7784200e+02   7.3600000e-01   2.7815300e+02   1.5667578e+02
   2.7860100e+02   7.5900000e-01   2.7890000e+02   1.6131493e+02
   2.7938200e+02   7.8100000e-01   2.7968000e+02   1.6113134e+02
   2.8018000e+02   7.9800000e-01   2.8050000e+02   1.4791740e+02
   2.8096100e+02   7.8100000e-01   2.8128200e+02   1.5991100e+02
   2.8170700e+02   7.4700000e-01   2.8202900e+02   1.6091844e+02
   2.8245200e+02   7.4500000e-01   2.8274900e+02   1.6174228e+02
   2.8320700e+02   7.5500000e-01   2.8351000e+02   1.6253527e+02
   2.8396300e+02   7.5600000e-01   2.8427100e+02   1.6137510e+02
   2.8471900e+02   7.5500000e-01   2.8502300e+02   1.6338998e+02
   2.8545200e+02   7.3300000e-01   2.8576400e+02   1.6222980e+02
   2.8616600e+02   7.1400000e-01   2.8647000e+02   1.6580135e+02
   2.8687800e+02   7.1200000e-01   2.8718600e+02   1.6375562e+02
   2.8763200e+02   7.5400000e-01   2.8793800e+02   1.5905630e+02
   2.8838500e+02   7.5300000e-01   2.8870600e+02   1.5624843e+02
   2.8914700e+02   7.6200000e-01   2.8946100e+02   1.6232237e+02
   2.8987800e+02   7.3100000e-01   2.9020700e+02   1.4504937e+02
   2.9059600e+02   7.1800000e-01   2.9088700e+02   1.6421382e+02
   2.9132700e+02   7.3100000e-01   2.9162800e+02   1.6342083e+02
   2.9208100e+02   7.5500000e-01   2.9240800e+02   1.6311536e+02
   2.9285400e+02   7.7200000e-01   2.9314900e+02   1.6308450e+02
   2.9364000e+02   7.8700000e-01   2.9394900e+02   1.6467203e+02
   2.9440700e+02   7.6700000e-01   2.9471700e+02   1.5920903e+02
   2.9516700e+02   7.6000000e-01   2.9549000e+02   1.6625801e+02
   2.9592800e+02   7.6100000e-01   2.9623700e+02   1.6369545e+02
   2.9673100e+02   8.0300000e-01   2.9703600e+02   1.5887271e+02
   2.9750800e+02   7.7700000e-01   2.9783000e+02   1.6131493e+02
   2.9825500e+02   7.4700000e-01   2.9855700e+02   1.6058211e+02
   2.9894500e+02   6.9000000e-01   2.9926600e+02   1.4712441e+02
   2.9959500e+02   6.5100000e-01   2.9989800e+02   1.6064382e+02
   3.0023900e+02   6.4400000e-01   3.0055300e+02   1.6451929e+02
   3.0089700e+02   6.5800000e-01   3.0122600e+02   1.6723459e+02
   3.0160700e+02   7.1100000e-01   3.0191800e+02   1.5930006e+02
   3.0244500e+02   8.3800000e-01   3.0273400e+02   1.6375562e+02
   3.0328600e+02   8.4100000e-01   3.0359500e+02   1.5136552e+02
   3.0411300e+02   8.2700000e-01   3.0442900e+02   1.5637031e+02
   3.0488700e+02   7.7400000e-01   3.0521500e+02   1.4990142e+02
   3.0564900e+02   7.6200000e-01   3.0596200e+02   1.6287160e+02
   3.0640300e+02   7.5400000e-01   3.0671500e+02   1.6345169e+02
   3.0717800e+02   7.7500000e-01   3.0748200e+02   1.6406109e+02
   3.0801200e+02   8.3400000e-01   3.0831600e+02   1.6305365e+02
   3.0891400e+02   9.0100000e-01   3.0922300e+02   1.6384818e+02
   3.0978600e+02   8.7200000e-01   3.1008400e+02   1.6284074e+02
   3.1064700e+02   8.6200000e-01   3.1097700e+02   1.5466245e+02
   3.1147400e+02   8.2700000e-01   3.1179700e+02   1.6192433e+02
   3.1232000e+02   8.4600000e-01   3.1261700e+02   1.6143681e+02
   3.1317600e+02   8.5600000e-01   3.1347700e+02   1.6064382e+02
   3.1403900e+02   8.6200000e-01   3.1434300e+02   1.5972741e+02
   3.1487500e+02   8.3700000e-01   3.1521700e+02   1.3796800e+02
   3.1569500e+02   8.1900000e-01   3.1600300e+02   1.6009459e+02
   3.1651200e+02   8.1800000e-01   3.1683300e+02   1.5066356e+02
   3.1736000e+02   8.4700000e-01   3.1766400e+02   1.5930006e+02
   3.1820100e+02   8.4100000e-01   3.1850400e+02   1.5811057e+02
   3.1905000e+02   8.4900000e-01   3.1935900e+02   1.4947407e+02
   3.1991300e+02   8.6300000e-01   3.2023200e+02   1.4395091e+02
   3.2072900e+02   8.1500000e-01   3.2104000e+02   1.4825373e+02
   3.2154100e+02   8.1300000e-01   3.2186600e+02   1.5249484e+02
   3.2244700e+02   9.0600000e-01   3.2276000e+02   1.6070399e+02
   3.2332800e+02   8.8100000e-01   3.2363400e+02   1.5231125e+02
   3.2417800e+02   8.5000000e-01   3.2452000e+02   1.4709356e+02
   3.2498500e+02   8.0700000e-01   3.2530800e+02   1.5927074e+02
   3.2577000e+02   7.8500000e-01   3.2608800e+02   1.6131493e+02
   3.2656300e+02   7.9300000e-01   3.2686200e+02   1.6222980e+02
   3.2738500e+02   8.2200000e-01   3.2770100e+02   1.6180245e+02
   3.2822800e+02   8.4400000e-01   3.2852900e+02   1.6085673e+02
   3.2905300e+02   8.2500000e-01   3.2936100e+02   1.6073485e+02
   3.2987300e+02   8.2000000e-01   3.3020100e+02   1.4617869e+02
   3.3068300e+02   8.1000000e-01   3.3100200e+02   1.5096903e+02
   3.3147900e+02   7.9600000e-01   3.3182100e+02   1.6183331e+02
   3.3226500e+02   7.8600000e-01   3.3258200e+02   1.6189502e+02
   3.3301400e+02   7.4900000e-01   3.3334200e+02   1.6110049e+02
   3.3374000e+02   7.2600000e-01   3.3406200e+02   1.5661562e+02
   3.3448300e+02   7.4400000e-01   3.3482200e+02   1.4349270e+02
   3.3530600e+02   8.2200000e-01   3.3560200e+02   1.6259699e+02
   3.3617300e+02   8.6700000e-01   3.3646900e+02   1.6180245e+02
   3.3703400e+02   8.6100000e-01   3.3734900e+02   1.6213878e+02
   3.3784900e+02   8.1500000e-01   3.3816900e+02   1.6134579e+02
   3.3862800e+02   7.7900000e-01   3.3894400e+02   1.5627929e+02
   3.3942500e+02   7.9700000e-01   3.3975200e+02   1.5728673e+02
   3.4020900e+02   7.8400000e-01   3.4051000e+02   1.6451929e+02
   3.4101900e+02   8.1000000e-01   3.4132400e+02   1.5859809e+02
   3.4183400e+02   8.1500000e-01   3.4213900e+02   1.6345169e+02
   3.4263000e+02   7.9600000e-01   3.4293900e+02   1.6351186e+02
   3.4344500e+02   8.1500000e-01   3.4376600e+02   1.5807972e+02
   3.4425500e+02   8.0900000e-01   3.4454700e+02   1.6366459e+02
   3.4507500e+02   8.2000000e-01   3.4538000e+02   1.6277903e+02
   3.4587500e+02   8.0000000e-01   3.4618700e+02   1.6122391e+02
   3.4665400e+02   7.7900000e-01   3.4696800e+02   1.6229151e+02
   3.4743700e+02   7.8300000e-01   3.4773400e+02   1.6247511e+02
   3.4824300e+02   8.0500000e-01   3.4854900e+02   1.6152784e+02
   3.4908000e+02   8.3700000e-01   3.4938900e+02   1.6110049e+02
   3.4990200e+02   8.2300000e-01   3.5022900e+02   1.5136552e+02
   3.5072600e+02   8.2400000e-01   3.5103000e+02   1.6186416e+02
   3.5152400e+02   7.9800000e-01   3.5187000e+02   1.4977954e+02
   3.5234200e+02   8.1700000e-01   3.5263700e+02   1.6296262e+02
   3.5316200e+02   8.2000000e-01   3.5347900e+02   1.6274972e+02
   3.5396200e+02   8.0000000e-01   3.5427000e+02   1.6113134e+02
   3.5476000e+02   7.9800000e-01   3.5507200e+02   1.6274972e+02
   3.5552800e+02   7.6800000e-01   3.5584700e+02   1.5673750e+02
   3.5632000e+02   7.9200000e-01   3.5661900e+02   1.6171143e+02
   3.5711300e+02   7.9200000e-01   3.5741900e+02   1.5890356e+02
   3.5791500e+02   8.0300000e-01   3.5823400e+02   1.5420425e+02
   3.5869000e+02   7.7500000e-01   3.5901400e+02   1.5865980e+02
   3.5943900e+02   7.4900000e-01   3.5974200e+02   1.5930006e+02
   3.6018700e+02   7.4800000e-01   3.6050200e+02   1.6039852e+02
   3.6096500e+02   7.7800000e-01   3.6129400e+02   1.5429527e+02
   3.6174800e+02   7.8300000e-01   3.6205500e+02   1.5551561e+02
   3.6253300e+02   7.8500000e-01   3.6286300e+02   1.5222023e+02
   3.6330400e+02   7.7100000e-01   3.6362300e+02   1.5194561e+02
   3.6407000e+02   7.6600000e-01   3.6440200e+02   1.6259699e+02
   3.6484300e+02   7.7400000e-01   3.6515600e+02   1.5737775e+02
   3.6567600e+02   8.3300000e-01   3.6599700e+02   1.5753049e+02
   3.6654700e+02   8.7100000e-01   3.6687700e+02   1.6345169e+02
   3.6742900e+02   8.8200000e-01   3.6775700e+02   1.5579177e+02
   3.6829300e+02   8.6400000e-01   3.6860300e+02   1.6455015e+02
   3.6911400e+02   8.2100000e-01   3.6942400e+02   1.6537399e+02
   3.6995200e+02   8.3800000e-01   3.7026400e+02   1.6457946e+02
   3.7075700e+02   8.0500000e-01   3.7106400e+02   1.6345169e+02
   3.7157700e+02   8.2000000e-01   3.7189300e+02   1.6311536e+02
   3.7236600e+02   7.8900000e-01   3.7270000e+02   1.6314622e+02
   3.7316300e+02   7.9700000e-01   3.7347300e+02   1.6351186e+02
   3.7398800e+02   8.2500000e-01   3.7431400e+02   1.6235168e+02
   3.7485700e+02   8.6900000e-01   3.7517500e+02   1.5518083e+02
   3.7570000e+02   8.4300000e-01   3.7602100e+02   1.5344057e+02
   3.7653200e+02   8.3200000e-01   3.7686200e+02   1.5814143e+02
   3.7732400e+02   7.9200000e-01   3.7764200e+02   1.6079656e+02
   3.7808600e+02   7.6200000e-01   3.7839000e+02   1.6284074e+02
   3.7886100e+02   7.7400000e-01   3.7916300e+02   1.6338998e+02
   3.7962800e+02   7.6800000e-01   3.7994300e+02   1.6418297e+02
   3.8042800e+02   8.0000000e-01   3.8074300e+02   1.5820160e+02
   3.8123600e+02   8.0800000e-01   3.8154400e+02   1.6348100e+02
   3.8202100e+02   7.8500000e-01   3.8232300e+02   1.6302434e+02
   3.8281700e+02   7.9600000e-01   3.8312400e+02   1.6268801e+02
   3.8362300e+02   8.0600000e-01   3.8392400e+02   1.5383861e+02
   3.8441500e+02   7.9200000e-01   3.8473000e+02   1.6021647e+02
   3.8522400e+02   8.0900000e-01   3.8552700e+02   1.6137510e+02
   3.8604800e+02   8.2400000e-01   3.8637100e+02   1.6104032e+02
   3.8685300e+02   8.0500000e-01   3.8715900e+02   1.6152784e+02
   3.8766100e+02   8.0800000e-01   3.8797300e+02   1.6253527e+02
   3.8849300e+02   8.3300000e-01   3.8883200e+02   1.6256613e+02
   3.8932000e+02   8.2700000e-01   3.8964000e+02   1.6003288e+02
   3.9013900e+02   8.1900000e-01   3.9044000e+02   1.6036921e+02
   3.9098300e+02   8.4400000e-01   3.9130100e+02   1.5994186e+02
   3.9180100e+02   8.1800000e-01   3.9212100e+02   1.4947407e+02
   3.9262500e+02   8.2500000e-01   3.9292800e+02   1.6137510e+02
   3.9345500e+02   8.2900000e-01   3.9375600e+02   1.6131493e+02
   3.9430500e+02   8.5000000e-01   3.9460900e+02   1.6192433e+02
   3.9513300e+02   8.2800000e-01   3.9543600e+02   1.5966724e+02
   3.9590600e+02   7.7300000e-01   3.9622900e+02   1.5957467e+02
   3.9667600e+02   7.7000000e-01   3.9699500e+02   1.6061297e+02
   3.9744700e+02   7.7200000e-01   3.9775000e+02   1.6024733e+02
   3.9821700e+02   7.7000000e-01   3.9853000e+02   1.5548630e+02
   3.9899600e+02   7.7900000e-01   3.9931600e+02   1.5939262e+02
   3.9978100e+02   7.8500000e-01   4.0011000e+02   1.6219895e+02
   4.0056100e+02   7.8000000e-01   4.0091100e+02   1.5817074e+02
   4.0137500e+02   8.1400000e-01   4.0171200e+02   1.5356399e+02
   4.0221200e+02   8.3700000e-01   4.0251100e+02   1.6082587e+02
   4.0303600e+02   8.2500000e-01   4.0334700e+02   1.6000202e+02
   4.0385100e+02   8.1500000e-01   4.0415900e+02   1.6186416e+02
   4.0464900e+02   7.9900000e-01   4.0495300e+02   1.6229151e+02
   4.0544800e+02   7.9800000e-01   4.0575400e+02   1.6455015e+02
   4.0624800e+02   8.0000000e-01   4.0655900e+02   1.6412280e+02
   4.0703600e+02   7.8800000e-01   4.0734800e+02   1.6277903e+02
   4.0781500e+02   7.7800000e-01   4.0813500e+02   1.5783596e+02
   4.0857400e+02   7.6000000e-01   4.0889500e+02   1.6183331e+02
   4.0937500e+02   8.0000000e-01   4.0967600e+02   1.5582108e+02
   4.1026700e+02   8.9200000e-01   4.1056300e+02   1.6259699e+02
   4.1115800e+02   8.9100000e-01   4.1146400e+02   1.5762151e+02
   4.1203600e+02   8.7800000e-01   4.1233700e+02   1.6024733e+02
   4.1290000e+02   8.6400000e-01   4.1322500e+02   1.5490621e+02
   4.1372400e+02   8.2500000e-01   4.1403700e+02   1.6180245e+02
   4.1458600e+02   8.6100000e-01   4.1489800e+02   1.5173271e+02
   4.1541800e+02   8.3300000e-01   4.1571800e+02   1.6183331e+02
   4.1623300e+02   8.1500000e-01   4.1655800e+02   1.5649219e+02
   4.1704700e+02   8.1400000e-01   4.1736500e+02   1.5847621e+02
   4.1780300e+02   7.5600000e-01   4.1811800e+02   1.6274972e+02
   4.1857400e+02   7.7100000e-01   4.1891400e+02   1.5981998e+02
   4.1938500e+02   8.1100000e-01   4.1971700e+02   1.5597382e+02
   4.2024500e+02   8.6100000e-01   4.2055700e+02   1.6033835e+02
   4.2110800e+02   8.6300000e-01   4.2141500e+02   1.5524100e+02
   4.2193400e+02   8.2700000e-01   4.2226100e+02   1.5542459e+02
   4.2274800e+02   8.1400000e-01   4.2305600e+02   1.5591365e+02
   4.2359400e+02   8.4500000e-01   4.2391600e+02   1.4950493e+02
   4.2444300e+02   8.4900000e-01   4.2475600e+02   1.5478433e+02
   4.2527000e+02   8.2700000e-01   4.2560300e+02   1.5386792e+02
   4.2605500e+02   7.8600000e-01   4.2637700e+02   1.5911801e+02
   4.2680100e+02   7.4500000e-01   4.2711100e+02   1.6177314e+02
   4.2752300e+02   7.2300000e-01   4.2786400e+02   1.5774339e+02
   4.2826500e+02   7.4100000e-01   4.2855100e+02   1.6406109e+02
   4.2902900e+02   7.6400000e-01   4.2934400e+02   1.6302434e+02
   4.2982900e+02   8.0000000e-01   4.3013000e+02   1.6100946e+02
   4.3060700e+02   7.7800000e-01   4.3091100e+02   1.6018562e+02
   4.3136600e+02   7.5800000e-01   4.3167100e+02   1.5975826e+02
   4.3216600e+02   8.0000000e-01   4.3250500e+02   1.5539373e+02
   4.3298100e+02   8.1500000e-01   4.3328500e+02   1.4306535e+02
   4.3377700e+02   7.9600000e-01   4.3408500e+02   1.4306535e+02
   4.3453600e+02   7.5900000e-01   4.3486400e+02   1.5270929e+02
   4.3528500e+02   7.4900000e-01   4.3561100e+02   1.6171143e+02
   4.3603000e+02   7.4500000e-01   4.3634000e+02   1.5939262e+02
   4.3680500e+02   7.7500000e-01   4.3710000e+02   1.6110049e+02
   4.3757000e+02   7.6500000e-01   4.3790300e+02   1.5176202e+02
   4.3831600e+02   7.4600000e-01   4.3863300e+02   1.5853792e+02
   4.3902700e+02   7.1100000e-01   4.3935300e+02   1.5054168e+02
   4.3973800e+02   7.1200000e-01   4.4005300e+02   1.5942194e+02
   4.4046600e+02   7.2700000e-01   4.4076100e+02   1.5869066e+02
   4.4121700e+02   7.5100000e-01   4.4152700e+02   1.5136552e+02
   4.4197900e+02   7.6200000e-01   4.4228800e+02   1.5899613e+02
   4.4275700e+02   7.7800000e-01   4.4306800e+02   1.5817074e+02
   4.4350700e+02   7.5000000e-01   4.4384100e+02   1.5954536e+02
   4.4426500e+02   7.5800000e-01   4.4456900e+02   1.5942194e+02
   4.4508000e+02   8.1500000e-01   4.4538900e+02   1.4791740e+02
   4.4587600e+02   7.9600000e-01   4.4617600e+02   1.5838519e+02
   4.4666500e+02   7.8900000e-01   4.4701000e+02   1.5017604e+02
   4.4741600e+02   7.5000000e-01   4.4772900e+02   1.5130536e+02
   4.4814700e+02   7.3100000e-01   4.4845000e+02   1.6149852e+02
   4.4889600e+02   7.4900000e-01   4.4921000e+02   1.6067313e+02
   4.4966400e+02   7.6800000e-01   4.4997000e+02   1.5978912e+02
   4.5050300e+02   8.3900000e-01   4.5081100e+02   1.3897543e+02
   4.5133600e+02   8.3300000e-01   4.5165100e+02   1.5862895e+02
   4.5216700e+02   8.3100000e-01   4.5251100e+02   1.5334954e+02
   4.5300300e+02   8.3600000e-01   4.5331200e+02   1.5664493e+02
   4.5382000e+02   8.1800000e-01   4.5411700e+02   1.5576091e+02
   4.5462900e+02   8.0900000e-01   4.5493800e+02   1.5612655e+02
   4.5542700e+02   7.9800000e-01   4.5573200e+02   1.5597382e+02
   4.5619100e+02   7.6400000e-01   4.5651300e+02   1.5695040e+02
   4.5692800e+02   7.3700000e-01   4.5723900e+02   1.5206749e+02
   4.5769600e+02   7.6800000e-01   4.5800700e+02   1.5789613e+02
   4.5849000e+02   7.9400000e-01   4.5882800e+02   1.5713399e+02
   4.5933000e+02   8.3900000e-01   4.5963500e+02   1.5585194e+02
   4.6015100e+02   8.2100000e-01   4.6045400e+02   1.5301322e+02
   4.6093500e+02   7.8400000e-01   4.6124800e+02   1.5475348e+02
   4.6169100e+02   7.5600000e-01   4.6201500e+02   1.5469177e+02
   4.6246700e+02   7.7600000e-01   4.6277500e+02   1.5585194e+02
   4.6324100e+02   7.7400000e-01   4.6354300e+02   1.5560818e+02
   4.6403900e+02   7.9800000e-01   4.6435500e+02   1.5658476e+02
   4.6481500e+02   7.7600000e-01   4.6512300e+02   1.5563903e+02
   4.6556500e+02   7.5000000e-01   4.6590800e+02   1.5136552e+02
   4.6631900e+02   7.5500000e-01   4.6661500e+02   1.5936177e+02
   4.6710000e+02   7.8100000e-01   4.6741600e+02   1.5383861e+02
   4.6788000e+02   7.7900000e-01   4.6820400e+02   1.5691954e+02
   4.6867300e+02   7.9300000e-01   4.6897700e+02   1.5713399e+02
   4.6945600e+02   7.8400000e-01   4.6976300e+02   1.5652305e+02
   4.7021900e+02   7.6300000e-01   4.7051700e+02   1.5783596e+02
   4.7100900e+02   7.9000000e-01   4.7132300e+02   1.5087801e+02
   4.7181500e+02   8.0600000e-01   4.7211700e+02   1.5460074e+02
   4.7264600e+02   8.3100000e-01   4.7295700e+02   1.5499724e+02
   4.7345400e+02   8.0800000e-01   4.7375700e+02   1.5258741e+02
   4.7423300e+02   7.7900000e-01   4.7454300e+02   1.5454057e+02
   4.7498900e+02   7.5500000e-01   4.7532500e+02   1.4892484e+02
   4.7577100e+02   7.8200000e-01   4.7607700e+02   1.5514997e+02
   4.7654800e+02   7.7700000e-01   4.7686400e+02   1.4895570e+02
   4.7733400e+02   7.8600000e-01   4.7764400e+02   1.5093817e+02
   4.7811800e+02   7.8400000e-01   4.7843800e+02   1.4187432e+02
   4.7888000e+02   7.6200000e-01   4.7921900e+02   1.5048151e+02
   4.7965300e+02   7.7400000e-01   4.7999900e+02   1.4501852e+02
   4.8045200e+02   7.9900000e-01   4.8076600e+02   1.5206749e+02
   4.8126300e+02   8.1100000e-01   4.8157800e+02   1.4392005e+02
   4.8207400e+02   8.1100000e-01   4.8237900e+02   1.4974869e+02
   4.8286100e+02   7.8700000e-01   4.8317200e+02   1.5099989e+02
   4.8367000e+02   8.0900000e-01   4.8400400e+02   1.4929048e+02
   4.8449000e+02   8.2000000e-01   4.8483200e+02   1.5392963e+02
   4.8529000e+02   8.0000000e-01   4.8559900e+02   1.5466245e+02
   4.8610200e+02   8.1200000e-01   4.8642000e+02   1.5209835e+02
   4.8690000e+02   7.9800000e-01   4.8721300e+02   1.5713399e+02
   4.8771800e+02   8.1800000e-01   4.8804100e+02   1.5524100e+02
   4.8851000e+02   7.9200000e-01   4.8885300e+02   1.5789613e+02
   4.8933200e+02   8.2200000e-01   4.8964000e+02   1.5814143e+02
   4.9018500e+02   8.5400000e-01   4.9049900e+02   1.4944322e+02
   4.9105600e+02   8.7000000e-01   4.9138000e+02   1.5743946e+02
   4.9187700e+02   8.2100000e-01   4.9222000e+02   1.5545544e+02
   4.9265200e+02   7.7500000e-01   4.9296700e+02   1.5563903e+02
   4.9343100e+02   7.7900000e-01   4.9374000e+02   1.5060339e+02
   4.9422900e+02   7.9800000e-01   4.9454000e+02   1.5704297e+02
   4.9502900e+02   8.0000000e-01   4.9534100e+02   1.4901587e+02
   4.9582900e+02   8.0000000e-01   4.9614800e+02   1.4871040e+02
   4.9663000e+02   8.0100000e-01   4.9694000e+02   1.4977954e+02
   4.9746700e+02   8.3700000e-01   4.9784000e+02   1.4538416e+02
   4.9832200e+02   8.5600000e-01   4.9862000e+02   1.5499724e+02
   4.9917300e+02   8.5000000e-01   4.9950600e+02   1.5621758e+02
   5.0000600e+02   8.3300000e-01   5.0032800e+02   1.5194561e+02
   5.0079800e+02   7.9200000e-01   5.0112000e+02   1.5862895e+02
   5.0155400e+02   7.5600000e-01   5.0190100e+02   1.5502809e+02
   5.0232400e+02   7.7000000e-01   5.0264600e+02   1.5490621e+02
   5.0310600e+02   7.8200000e-01   5.0340600e+02   1.5972741e+02
   5.0395200e+02   8.4600000e-01   5.0426000e+02   1.5945279e+02
   5.0483500e+02   8.8300000e-01   5.0514000e+02   1.5984929e+02
   5.0567000e+02   8.3500000e-01   5.0597900e+02   1.5740861e+02
   5.0645700e+02   7.8700000e-01   5.0676600e+02   1.5801955e+02
   5.0726700e+02   8.1000000e-01   5.0757800e+02   1.5902544e+02
   5.0806800e+02   8.0100000e-01   5.0837800e+02   1.6027664e+02
   5.0887700e+02   8.0900000e-01   5.0920300e+02   1.4651347e+02
   5.0969500e+02   8.1900000e-01   5.0999800e+02   1.6067313e+02
   5.1047400e+02   7.7900000e-01   5.1082300e+02   1.5530271e+02
   5.1126500e+02   7.9100000e-01   5.1157700e+02   1.6183331e+02
   5.1208200e+02   8.1700000e-01   5.1239800e+02   1.6183331e+02
   5.1289500e+02   8.1300000e-01   5.1322300e+02   1.6052194e+02
   5.1369700e+02   8.0300000e-01   5.1400900e+02   1.6155869e+02
   5.1448100e+02   7.8400000e-01   5.1483600e+02   1.6265715e+02
   5.1524100e+02   7.6000000e-01   5.1554300e+02   1.6363374e+02
   5.1603400e+02   7.9300000e-01   5.1633600e+02   1.6259699e+02
   5.1687400e+02   8.4000000e-01   5.1719500e+02   1.6149852e+02
   5.1772300e+02   8.5000000e-01   5.1803400e+02   1.6110049e+02
   5.1856000e+02   8.3700000e-01   5.1891500e+02   1.5371518e+02
   5.1939600e+02   8.3600000e-01   5.1970800e+02   1.6000202e+02
   5.2029000e+02   8.9400000e-01   5.2060700e+02   1.6204775e+02
   5.2115900e+02   8.6900000e-01   5.2145900e+02   1.6061297e+02
   5.2199600e+02   8.3700000e-01   5.2232100e+02   1.6116220e+02
   5.2279400e+02   7.9800000e-01   5.2310700e+02   1.5743946e+02
   5.2358200e+02   7.8800000e-01   5.2391700e+02   1.6201690e+02
   5.2435700e+02   7.7500000e-01   5.2466600e+02   1.6079656e+02
   5.2511900e+02   7.6200000e-01   5.2542600e+02   1.6076570e+02
   5.2588300e+02   7.6400000e-01   5.2621200e+02   1.6064382e+02
   5.2667700e+02   7.9300000e-01   5.2697200e+02   1.6177314e+02
   5.2751000e+02   8.3400000e-01   5.2783300e+02   1.6018562e+02
   5.2836400e+02   8.5300000e-01   5.2867700e+02   1.5774339e+02
   5.2920800e+02   8.4500000e-01   5.2952500e+02   1.5304407e+02
   5.3003900e+02   8.3000000e-01   5.3035900e+02   1.5643202e+02
   5.3083300e+02   7.9400000e-01   5.3115000e+02   1.5835433e+02
   5.3162100e+02   7.8800000e-01   5.3193100e+02   1.5975826e+02
   5.3242500e+02   8.0300000e-01   5.3273100e+02   1.6024733e+02
   5.3321800e+02   7.9300000e-01   5.3353100e+02   1.5981998e+02
   5.3400600e+02   7.8800000e-01   5.3431100e+02   1.6107117e+02
   5.3476700e+02   7.6100000e-01   5.3509100e+02   1.6186416e+02
   5.3552100e+02   7.5400000e-01   5.3584400e+02   1.5673750e+02
   5.3628600e+02   7.6500000e-01   5.3661800e+02   1.6326810e+02
   5.3710500e+02   8.1900000e-01   5.3740500e+02   1.6308450e+02
   5.3795300e+02   8.4800000e-01   5.3825200e+02   1.6018562e+02
   5.3878600e+02   8.3200000e-01   5.3909800e+02   1.5865980e+02
   5.3960800e+02   8.2200000e-01   5.3993100e+02   1.5981998e+02
   5.4041800e+02   8.1000000e-01   5.4071800e+02   1.5917818e+02
   5.4124600e+02   8.2800000e-01   5.4157100e+02   1.4907758e+02
   5.4207100e+02   8.2500000e-01   5.4239900e+02   1.5798869e+02
   5.4289100e+02   8.2000000e-01   5.4321100e+02   1.5740861e+02
   5.4368300e+02   7.9200000e-01   5.4399200e+02   1.5728673e+02
   5.4445300e+02   7.7000000e-01   5.4475900e+02   1.5722501e+02
   5.4523700e+02   7.8400000e-01   5.4553800e+02   1.5728673e+02
   5.4603000e+02   7.9300000e-01   5.4635200e+02   1.5704297e+02
   5.4687400e+02   8.4400000e-01   5.4719900e+02   1.5569920e+02
   5.4773100e+02   8.5700000e-01   5.4803700e+02   1.5374604e+02
   5.4855100e+02   8.1900000e-01   5.4889700e+02   1.4184501e+02
   5.4932300e+02   7.7300000e-01   5.4963900e+02   1.4697168e+02
   5.5008100e+02   7.5800000e-01   5.5041200e+02   1.5777425e+02
   5.5089700e+02   8.1600000e-01   5.5119700e+02   1.6018562e+02
   5.5171600e+02   8.1800000e-01   5.5203900e+02   1.5496638e+02
   5.5255900e+02   8.4400000e-01   5.5287900e+02   1.6055125e+02
   5.5343800e+02   8.7800000e-01   5.5375800e+02   1.5621758e+02
   5.5428400e+02   8.4600000e-01   5.5459200e+02   1.6107117e+02
   5.5511600e+02   8.3200000e-01   5.5543100e+02   1.6064382e+02
   5.5595200e+02   8.3600000e-01   5.5627100e+02   1.5402065e+02
   5.5675800e+02   8.0600000e-01   5.5705700e+02   1.6140596e+02
   5.5753700e+02   7.7900000e-01   5.5787100e+02   1.6128408e+02
   5.5829100e+02   7.5500000e-01   5.5861100e+02   1.6180245e+02
   5.5903900e+02   7.4800000e-01   5.5935100e+02   1.6332826e+02
   5.5980400e+02   7.6500000e-01   5.6011100e+02   1.6253527e+02
   5.6063000e+02   8.2600000e-01   5.6095100e+02   1.5798869e+02
   5.6147800e+02   8.4800000e-01   5.6179100e+02   1.4501852e+02
   5.6230200e+02   8.2400000e-01   5.6261000e+02   1.5722501e+02
   5.6310200e+02   8.0000000e-01   5.6341700e+02   1.5811057e+02
   5.6387900e+02   7.7700000e-01   5.6421000e+02   1.5853792e+02
   5.6469300e+02   8.1400000e-01   5.6499700e+02   1.5981998e+02
   5.6548900e+02   7.9600000e-01   5.6581000e+02   1.5862895e+02
   5.6629300e+02   8.0400000e-01   5.6661800e+02   1.4779553e+02
   5.6706200e+02   7.6900000e-01   5.6737000e+02   1.3946450e+02
   5.6782200e+02   7.6000000e-01   5.6813500e+02   1.5942194e+02
   5.6861100e+02   7.8800000e-01   5.6893500e+02   1.4819202e+02
   5.6939400e+02   7.8400000e-01   5.6973500e+02   1.4535330e+02
   5.7021500e+02   8.2000000e-01   5.7054800e+02   1.5197647e+02
   5.7103600e+02   8.2100000e-01   5.7133700e+02   1.5731758e+02
   5.7184700e+02   8.1100000e-01   5.7214900e+02   1.5743946e+02
   5.7265300e+02   8.0600000e-01   5.7296800e+02   1.5856878e+02
   5.7345800e+02   8.0500000e-01   5.7376800e+02   1.5728673e+02
   5.7427300e+02   8.1400000e-01   5.7459300e+02   1.5093817e+02
   5.7507100e+02   7.9800000e-01   5.7538700e+02   1.5811057e+02
   5.7583700e+02   7.6600000e-01   5.7614800e+02   1.5774339e+02
   5.7659800e+02   7.6100000e-01   5.7690700e+02   1.5972741e+02
   5.7737400e+02   7.7600000e-01   5.7768700e+02   1.5899613e+02
   5.7816700e+02   7.9300000e-01   5.7847200e+02   1.5933091e+02
   5.7897700e+02   8.1000000e-01   5.7927200e+02   1.5847621e+02
   5.7978700e+02   8.1000000e-01   5.8011200e+02   1.5807972e+02
   5.8056300e+02   7.7500000e-01   5.8091400e+02   1.5048151e+02
   5.8132600e+02   7.6400000e-01   5.8164600e+02   1.5411322e+02
   5.8208300e+02   7.5700000e-01   5.8241300e+02   1.6018562e+02
   5.8285300e+02   7.7000000e-01   5.8316600e+02   1.6067313e+02
   5.8363900e+02   7.8600000e-01   5.8394600e+02   1.6140596e+02
   5.8444700e+02   8.0800000e-01   5.8474600e+02   1.6064382e+02
   5.8524400e+02   7.9700000e-01   5.8555200e+02   1.5850707e+02
   5.8602800e+02   7.8400000e-01   5.8635100e+02   1.5765237e+02
   5.8680900e+02   7.8100000e-01   5.8712500e+02   1.5890356e+02
   5.8758500e+02   7.7600000e-01   5.8788600e+02   1.4944322e+02
   5.8837900e+02   7.9400000e-01   5.8872500e+02   1.5981998e+02
   5.8919900e+02   8.2000000e-01   5.8951100e+02   1.5527185e+02
   5.9003200e+02   8.3300000e-01   5.9034500e+02   1.5664493e+02
   5.9084200e+02   8.1000000e-01   5.9115200e+02   1.5685938e+02
   5.9163100e+02   7.8900000e-01   5.9195100e+02   1.5762151e+02
   5.9241700e+02   7.8500000e-01   5.9273200e+02   1.5856878e+02
   5.9321800e+02   8.0200000e-01   5.9352400e+02   1.5850707e+02
   5.9403300e+02   8.1400000e-01   5.9433300e+02   1.5887271e+02
   5.9488400e+02   8.5100000e-01   5.9521000e+02   1.5087801e+02
   5.9569400e+02   8.1000000e-01   5.9602400e+02   1.5139638e+02
   5.9649100e+02   7.9600000e-01   5.9680500e+02   1.4742989e+02
   5.9728200e+02   7.9200000e-01   5.9761000e+02   1.6100946e+02
   5.9807700e+02   7.9500000e-01   5.9839000e+02   1.6097861e+02
   5.9890900e+02   8.3200000e-01   5.9923000e+02   1.5539373e+02
   5.9973900e+02   8.3000000e-01   6.0005200e+02   1.5847621e+02
   6.0052500e+02   7.8600000e-01   6.0086300e+02   1.5310578e+02
   6.0125900e+02   7.3300000e-01   6.0158300e+02   1.5841604e+02
   6.0200600e+02   7.4800000e-01   6.0232900e+02   1.6097861e+02
   6.0276900e+02   7.6300000e-01   6.0308300e+02   1.6061297e+02
   6.0355900e+02   7.8900000e-01   6.0388200e+02   1.5746877e+02
   6.0437900e+02   8.2000000e-01   6.0470200e+02   1.5871997e+02
   6.0520100e+02   8.2200000e-01   6.0553100e+02   1.5530271e+02
   6.0605600e+02   8.5500000e-01   6.0638200e+02   1.5530271e+02
   6.0694800e+02   8.9300000e-01   6.0726200e+02   1.5893442e+02
   6.0781400e+02   8.6600000e-01   6.0813000e+02   1.5545544e+02
   6.0864400e+02   8.2900000e-01   6.0896100e+02   1.5933091e+02
   6.0943600e+02   7.9300000e-01   6.0976100e+02   1.5374604e+02
   6.1018400e+02   7.4800000e-01   6.1050800e+02   1.6366459e+02
   6.1095700e+02   7.7400000e-01   6.1126700e+02   1.6491579e+02
   6.1177400e+02   8.1700000e-01   6.1208100e+02   1.6384818e+02
   6.1262600e+02   8.5200000e-01   6.1292800e+02   1.6174228e+02
   6.1349600e+02   8.7000000e-01   6.1380100e+02   1.4620800e+02
   6.1434800e+02   8.5200000e-01   6.1466000e+02   1.6110049e+02
   6.1524700e+02   8.9900000e-01   6.1556000e+02   1.5701211e+02
   6.1612900e+02   8.8200000e-01   6.1642600e+02   1.6094775e+02
   6.1699100e+02   8.6200000e-01   6.1731900e+02   1.5109091e+02
   6.1782100e+02   8.3000000e-01   6.1813900e+02   1.4944322e+02
   6.1862100e+02   8.0000000e-01   6.1893900e+02   1.6149852e+02
   6.1939600e+02   7.7500000e-01   6.1971800e+02   1.6107117e+02
   6.2015200e+02   7.5600000e-01   6.2046500e+02   1.6100946e+02
