   1.9660000e+00   6.3500000e-01   2.2610000e+00   1.2344118e+02
   2.6180000e+00   6.5200000e-01   2.9110000e+00   1.2767046e+02
   3.3120000e+00   6.9400000e-01   3.5910000e+00   1.2188136e+02
   4.0190000e+00   7.0800000e-01   4.3110000e+00   1.2264424e+02
   4.7470000e+00   7.2800000e-01   5.0310000e+00   1.2475384e+02
   5.4930000e+00   7.4600000e-01   5.7810000e+00   1.2760363e+02
   6.2470000e+00   7.5300000e-01   6.5410000e+00   1.2657090e+02
   6.9920000e+00   7.4600000e-01   7.2810000e+00   1.2466431e+02
   7.7110000e+00   7.1900000e-01   8.0010000e+00   1.2376651e+02
   8.4240000e+00   7.1300000e-01   8.7110000e+00   1.2178048e+02
   9.1760000e+00   7.5200000e-01   9.4710000e+00   1.2204907e+02
   9.9260000e+00   7.5000000e-01   1.0221000e+01   1.2072505e+02
   1.0694000e+01   7.6800000e-01   1.0981000e+01   1.2137571e+02
   1.1507000e+01   8.1300000e-01   1.1801000e+01   1.2156738e+02
   1.2285000e+01   7.7800000e-01   1.2581000e+01   1.1880712e+02
   1.3068000e+01   7.8300000e-01   1.3371000e+01   1.2411453e+02
   1.3835000e+01   7.6700000e-01   1.4121000e+01   1.1918793e+02
   1.4605000e+01   7.7000000e-01   1.4891000e+01   1.2142111e+02
   1.5440000e+01   8.3500000e-01   1.5741000e+01   1.2071370e+02
   1.6216000e+01   7.7700000e-01   1.6511000e+01   1.1922198e+02
   1.6988000e+01   7.7200000e-01   1.7281000e+01   1.1930016e+02
   1.7787000e+01   7.9900000e-01   1.8081000e+01   1.1731413e+02
   1.8541000e+01   7.5400000e-01   1.8841000e+01   1.1588924e+02
   1.9276000e+01   7.3500000e-01   1.9571000e+01   1.1743771e+02
   2.0037000e+01   7.6100000e-01   2.0331000e+01   1.1857132e+02
   2.0782000e+01   7.4500000e-01   2.1081000e+01   1.1596868e+02
   2.1526000e+01   7.4400000e-01   2.1821000e+01   1.1753859e+02
   2.2306000e+01   7.8000000e-01   2.2601000e+01   1.1879577e+02
   2.3110000e+01   8.0400000e-01   2.3401000e+01   1.2059139e+02
   2.3890000e+01   7.8000000e-01   2.4191000e+01   1.1811107e+02
   2.4634000e+01   7.4400000e-01   2.4941000e+01   1.1743771e+02
   2.5360000e+01   7.2600000e-01   2.5661000e+01   1.1971628e+02
   2.6072000e+01   7.1200000e-01   2.6371000e+01   1.1794336e+02
   2.6761000e+01   6.8900000e-01   2.7051000e+01   1.1887395e+02
   2.7461000e+01   7.0000000e-01   2.7751000e+01   1.2045647e+02
   2.8211000e+01   7.5000000e-01   2.8501000e+01   1.2085997e+02
   2.9001000e+01   7.9100000e-01   2.9291000e+01   1.2167960e+02
   2.9849000e+01   8.4800000e-01   3.0141000e+01   1.2382199e+02
   3.0698000e+01   8.5000000e-01   3.1001000e+01   1.2235296e+02
   3.1529000e+01   8.3100000e-01   3.1831000e+01   1.2056869e+02
   3.2355000e+01   8.2500000e-01   3.2651000e+01   1.2032154e+02
   3.3223000e+01   8.6800000e-01   3.3521000e+01   1.1977176e+02
   3.4064000e+01   8.4100000e-01   3.4371000e+01   1.1832417e+02
   3.4884000e+01   8.2000000e-01   3.5181000e+01   1.1910975e+02
   3.5712000e+01   8.2800000e-01   3.6011000e+01   1.1734818e+02
   3.6487000e+01   7.7500000e-01   3.6781000e+01   1.1743771e+02
   3.7288000e+01   8.0100000e-01   3.7591000e+01   1.1820059e+02
   3.8062000e+01   7.7400000e-01   3.8361000e+01   1.1806693e+02
   3.8876000e+01   8.1400000e-01   3.9171000e+01   1.1978311e+02
   3.9791000e+01   9.1500000e-01   4.0091000e+01   1.2225208e+02
   4.0613000e+01   8.2200000e-01   4.0911000e+01   1.1784248e+02
   4.1403000e+01   7.9000000e-01   4.1701000e+01   1.1945778e+02
   4.2186000e+01   7.8300000e-01   4.2521000e+01   1.1805558e+02
   4.2652000e+01   4.6600000e-01   4.2771000e+01   7.7898804e+01
   4.2951000e+01   2.9900000e-01   4.3251000e+01   1.1107613e+02
   4.3721000e+01   7.7000000e-01   4.4021000e+01   1.1196259e+02
   4.4495000e+01   7.7300000e-01   4.4791000e+01   1.1075080e+02
   4.5270000e+01   7.7500000e-01   4.5561000e+01   1.1351105e+02
   4.6019000e+01   7.4800000e-01   4.6311000e+01   1.1192854e+02
   4.6800000e+01   7.8100000e-01   4.7091000e+01   1.1569883e+02
   4.7617000e+01   8.1700000e-01   4.7911000e+01   1.1499143e+02
   4.8393000e+01   7.7600000e-01   4.8691000e+01   1.1380234e+02
   4.9218000e+01   8.2500000e-01   4.9511000e+01   1.1485777e+02
   5.0047000e+01   8.2800000e-01   5.0341000e+01   1.1563200e+02
   5.0854000e+01   8.0700000e-01   5.1151000e+01   1.1303945e+02
   5.1680000e+01   8.2600000e-01   5.1971000e+01   1.1341018e+02
   5.2538000e+01   8.5800000e-01   5.2831000e+01   1.1174948e+02
   5.3396000e+01   8.5800000e-01   5.3691000e+01   1.1196259e+02
   5.4201000e+01   8.0500000e-01   5.4501000e+01   1.1133462e+02
   5.5045000e+01   8.4400000e-01   5.5341000e+01   1.1195124e+02
   5.6043000e+01   9.9800000e-01   5.6331000e+01   1.1176083e+02
   5.6988000e+01   9.4500000e-01   5.7291000e+01   1.1003331e+02
   5.7873000e+01   8.8500000e-01   5.8181000e+01   1.0965123e+02
   5.8688000e+01   8.1500000e-01   5.8991000e+01   1.0902327e+02
   5.9547000e+01   8.5900000e-01   5.9841000e+01   1.0976346e+02
   6.0489000e+01   9.4200000e-01   6.0781000e+01   1.0942678e+02
   6.1447000e+01   9.5900000e-01   6.1741000e+01   1.0822634e+02
   6.2394000e+01   9.4700000e-01   6.2691000e+01   1.0966258e+02
   6.3340000e+01   9.4700000e-01   6.3641000e+01   1.0953901e+02
   6.4245000e+01   9.0500000e-01   6.4551000e+01   1.0748615e+02
   6.5148000e+01   9.0300000e-01   6.5441000e+01   1.0680145e+02
   6.6064000e+01   9.1600000e-01   6.6361000e+01   1.0685693e+02
   6.6981000e+01   9.1800000e-01   6.7281000e+01   1.0671192e+02
   6.7907000e+01   9.2500000e-01   6.8201000e+01   1.0668922e+02
   6.8824000e+01   9.1700000e-01   6.9121000e+01   1.0679010e+02
   6.9720000e+01   8.9600000e-01   7.0021000e+01   1.0700320e+02
   7.0571000e+01   8.5100000e-01   7.0871000e+01   1.0670057e+02
   7.1484000e+01   9.1300000e-01   7.1781000e+01   1.0756433e+02
   7.2409000e+01   9.2500000e-01   7.2710000e+01   1.0641937e+02
   7.3288000e+01   8.8000000e-01   7.3591000e+01   1.0722765e+02
   7.4125000e+01   8.3700000e-01   7.4421000e+01   1.0745210e+02
   7.4992000e+01   8.6700000e-01   7.5291000e+01   1.0794640e+02
   7.5864000e+01   8.7300000e-01   7.6161000e+01   1.0802458e+02
   7.6689000e+01   8.2500000e-01   7.6991000e+01   1.0766521e+02
   7.7546000e+01   8.5800000e-01   7.7841000e+01   1.1070540e+02
   7.8458000e+01   9.1200000e-01   7.8751000e+01   1.1078484e+02
   7.9323000e+01   8.6500000e-01   7.9631000e+01   1.1105343e+02
   8.0132000e+01   8.0800000e-01   8.0431000e+01   1.1032459e+02
   8.0944000e+01   8.1300000e-01   8.1231000e+01   1.0982020e+02
   8.1775000e+01   8.3100000e-01   8.2061000e+01   1.0929186e+02
   8.2697000e+01   9.2200000e-01   8.2991000e+01   1.0937130e+02
   8.3590000e+01   8.9300000e-01   8.3881000e+01   1.0985299e+02
   8.4462000e+01   8.7300000e-01   8.4771000e+01   1.0984164e+02
   8.5227000e+01   7.6500000e-01   8.5531000e+01   1.0900057e+02
   8.6000000e+01   7.7300000e-01   8.6291000e+01   1.0903462e+02
   8.6790000e+01   7.9000000e-01   8.7081000e+01   1.0927042e+02
   8.7559000e+01   7.6900000e-01   8.7851000e+01   1.0843944e+02
   8.8366000e+01   8.0700000e-01   8.8651000e+01   1.1080754e+02
   8.9314000e+01   9.4800000e-01   8.9601000e+01   1.1281500e+02
   9.0178000e+01   8.6400000e-01   9.0471000e+01   1.1133462e+02
   9.1082000e+01   9.0400000e-01   9.1371000e+01   1.1278222e+02
   9.2001000e+01   9.1900000e-01   9.2301000e+01   1.1128923e+02
   9.2851000e+01   8.5000000e-01   9.3151000e+01   1.1108747e+02
   9.3758000e+01   9.0700000e-01   9.4051000e+01   1.1104208e+02
   9.4695000e+01   9.3700000e-01   9.4991000e+01   1.1167130e+02
   9.5632000e+01   9.3700000e-01   9.5931000e+01   1.1052634e+02
   9.6516000e+01   8.8400000e-01   9.6811000e+01   1.1179488e+02
   9.7394000e+01   8.7800000e-01   9.7691000e+01   1.1134597e+02
   9.8233000e+01   8.3800000e-01   9.8531000e+01   1.0994252e+02
   9.9028000e+01   7.9600000e-01   9.9321000e+01   1.0803593e+02
   9.9770000e+01   7.4200000e-01   1.0006100e+02   1.0854032e+02
   1.0050700e+02   7.3700000e-01   1.0080100e+02   1.0958440e+02
   1.0120400e+02   6.9700000e-01   1.0150100e+02   1.1034729e+02
   1.0198200e+02   7.7800000e-01   1.0227100e+02   1.1333200e+02
   1.0277500e+02   7.9300000e-01   1.0307100e+02   1.1416171e+02
   1.0354500e+02   7.7000000e-01   1.0383100e+02   1.1462197e+02
   1.0452800e+02   9.8300000e-01   1.0481100e+02   1.1543025e+02
   1.0556200e+02   1.0340000e+00   1.0585100e+02   1.1293858e+02
   1.0654300e+02   9.8100000e-01   1.0684100e+02   1.1124510e+02
   1.0747000e+02   9.2700000e-01   1.0777100e+02   1.0960584e+02
   1.0829900e+02   8.2900000e-01   1.0861100e+02   1.0808007e+02
   1.0903000e+02   7.3100000e-01   1.0933100e+02   1.0799054e+02
   1.0977200e+02   7.4200000e-01   1.1006100e+02   1.0904597e+02
   1.1059400e+02   8.2200000e-01   1.1088100e+02   1.1053769e+02
   1.1147500e+02   8.8100000e-01   1.1177100e+02   1.1243419e+02
   1.1230600e+02   8.3100000e-01   1.1260100e+02   1.1435212e+02
   1.1319000e+02   8.8400000e-01   1.1348100e+02   1.1596868e+02
   1.1409600e+02   9.0600000e-01   1.1439100e+02   1.1573288e+02
   1.1491700e+02   8.2200000e-01   1.1521100e+02   1.1456522e+02
   1.1573700e+02   8.2000000e-01   1.1603100e+02   1.1402679e+02
   1.1657000e+02   8.3300000e-01   1.1687100e+02   1.1369011e+02
   1.1737000e+02   8.0000000e-01   1.1767100e+02   1.1256911e+02
   1.1819700e+02   8.2800000e-01   1.1849100e+02   1.1436347e+02
   1.1905800e+02   8.6100000e-01   1.1935100e+02   1.1437482e+02
   1.1988500e+02   8.2600000e-01   1.2018100e+02   1.1344422e+02
   1.2076900e+02   8.8400000e-01   1.2106100e+02   1.1391456e+02
   1.2171400e+02   9.4500000e-01   1.2201100e+02   1.1327525e+02
   1.2255700e+02   8.4300000e-01   1.2286100e+02   1.1127788e+02
   1.2335900e+02   8.0200000e-01   1.2365100e+02   1.1139011e+02
   1.2415200e+02   7.9300000e-01   1.2444100e+02   1.1133462e+02
   1.2494600e+02   7.9400000e-01   1.2524100e+02   1.1076215e+02
   1.2570900e+02   7.6300000e-01   1.2600100e+02   1.1096390e+02
   1.2654600e+02   8.3700000e-01   1.2683100e+02   1.1289444e+02
   1.2747400e+02   9.2800000e-01   1.2776100e+02   1.1355645e+02
   1.2841000e+02   9.3600000e-01   1.2871100e+02   1.1199663e+02
   1.2926600e+02   8.5600000e-01   1.2956100e+02   1.1204077e+02
   1.3011200e+02   8.4600000e-01   1.3040100e+02   1.1114296e+02
   1.3092900e+02   8.1700000e-01   1.3123100e+02   1.1114296e+02
   1.3171200e+02   7.8300000e-01   1.3201100e+02   1.1025776e+02
   1.3249800e+02   7.8600000e-01   1.3279100e+02   1.1163726e+02
   1.3336000e+02   8.6200000e-01   1.3365100e+02   1.1264729e+02
   1.3431900e+02   9.5900000e-01   1.3461100e+02   1.1300667e+02
   1.3517700e+02   8.5800000e-01   1.3548100e+02   1.1214164e+02
   1.3592500e+02   7.4900000e-01   1.3623100e+02   1.1141280e+02
   1.3665000e+02   7.2500000e-01   1.3694100e+02   1.1155908e+02
   1.3746300e+02   8.1300000e-01   1.3775100e+02   1.1243419e+02
   1.3844500e+02   9.8200000e-01   1.3873100e+02   1.1328660e+02
   1.3939300e+02   9.4800000e-01   1.3969100e+02   1.1319707e+02
   1.4030200e+02   9.0900000e-01   1.4060100e+02   1.1338748e+02
   1.4125600e+02   9.5400000e-01   1.4155100e+02   1.1264729e+02
   1.4220400e+02   9.4800000e-01   1.4250100e+02   1.1105343e+02
   1.4309300e+02   8.8800000e-01   1.4340100e+02   1.1070540e+02
   1.4390000e+02   8.0800000e-01   1.4420100e+02   1.0997656e+02
   1.4468300e+02   7.8200000e-01   1.4498100e+02   1.1071675e+02
   1.4555200e+02   8.6900000e-01   1.4584100e+02   1.1179488e+02
   1.4658300e+02   1.0320000e+00   1.4687100e+02   1.1245689e+02
   1.4755700e+02   9.7400000e-01   1.4785100e+02   1.1155908e+02
   1.4851000e+02   9.5300000e-01   1.4881100e+02   1.1066127e+02
   1.4941000e+02   9.0000000e-01   1.4971100e+02   1.0951631e+02
   1.5028900e+02   8.7900000e-01   1.5059100e+02   1.0938139e+02
   1.5114600e+02   8.5700000e-01   1.5145100e+02   1.0868659e+02
   1.5193300e+02   7.8700000e-01   1.5224100e+02   1.0923637e+02
   1.5267300e+02   7.4100000e-01   1.5297100e+02   1.0990973e+02
   1.5343800e+02   7.6400000e-01   1.5373100e+02   1.1095255e+02
   1.5441200e+02   9.7500000e-01   1.5470100e+02   1.1310755e+02
   1.5539900e+02   9.8700000e-01   1.5569100e+02   1.1316303e+02
   1.5636900e+02   9.7000000e-01   1.5666100e+02   1.1327525e+02
   1.5731800e+02   9.5000000e-01   1.5762100e+02   1.1169274e+02
   1.5822000e+02   9.0200000e-01   1.5852100e+02   1.1040277e+02
   1.5909200e+02   8.7100000e-01   1.5939100e+02   1.0841675e+02
   1.5990400e+02   8.1300000e-01   1.6020100e+02   1.0862985e+02
   1.6068300e+02   7.7900000e-01   1.6098100e+02   1.0839405e+02
   1.6149400e+02   8.1100000e-01   1.6179100e+02   1.0927042e+02
   1.6229700e+02   8.0300000e-01   1.6259100e+02   1.0922503e+02
   1.6309200e+02   7.9400000e-01   1.6339100e+02   1.1081763e+02
   1.6387300e+02   7.8100000e-01   1.6417100e+02   1.1170409e+02
   1.6471500e+02   8.4300000e-01   1.6500100e+02   1.1212021e+02
   1.6564200e+02   9.2600000e-01   1.6593100e+02   1.1153638e+02
   1.6655200e+02   9.1000000e-01   1.6684100e+02   1.0938139e+02
   1.6744400e+02   8.9200000e-01   1.6774100e+02   1.0868659e+02
   1.6831900e+02   8.7500000e-01   1.6862100e+02   1.0750885e+02
   1.6912500e+02   8.0700000e-01   1.6943100e+02   1.0607261e+02
   1.6993800e+02   8.1300000e-01   1.7023100e+02   1.0745210e+02
   1.7075900e+02   8.2100000e-01   1.7105100e+02   1.0705994e+02
   1.7157500e+02   8.1600000e-01   1.7187100e+02   1.0664382e+02
   1.7237900e+02   8.0400000e-01   1.7268100e+02   1.0750885e+02
   1.7316600e+02   7.8700000e-01   1.7346100e+02   1.0845079e+02
   1.7399300e+02   8.2700000e-01   1.7428100e+02   1.1012283e+02
   1.7489700e+02   9.0400000e-01   1.7519100e+02   1.0986434e+02
   1.7583000e+02   9.3300000e-01   1.7612100e+02   1.0930321e+02
   1.7671600e+02   8.8700000e-01   1.7701100e+02   1.0816960e+02
   1.7757800e+02   8.6200000e-01   1.7788100e+02   1.0832722e+02
   1.7842100e+02   8.4300000e-01   1.7872100e+02   1.0771060e+02
   1.7919600e+02   7.7500000e-01   1.7950100e+02   1.0681279e+02
   1.7998300e+02   7.8700000e-01   1.8028100e+02   1.0808007e+02
   1.8077900e+02   7.9600000e-01   1.8107100e+02   1.0857437e+02
   1.8158600e+02   8.0600000e-01   1.8188100e+02   1.1070540e+02
   1.8237000e+02   7.8500000e-01   1.8267100e+02   1.1089707e+02
   1.8321400e+02   8.4400000e-01   1.8350100e+02   1.1357789e+02
   1.8409000e+02   8.7600000e-01   1.8438100e+02   1.1338748e+02
   1.8492800e+02   8.3800000e-01   1.8523100e+02   1.1121105e+02
   1.8576800e+02   8.4000000e-01   1.8606100e+02   1.1187306e+02
   1.8662500e+02   8.5700000e-01   1.8692100e+02   1.1100929e+02
   1.8745000e+02   8.2400000e-01   1.8775100e+02   1.1015562e+02
   1.8824200e+02   7.9200000e-01   1.8853100e+02   1.1033594e+02
   1.8905300e+02   8.1100000e-01   1.8934100e+02   1.1142415e+02
   1.8989100e+02   8.3800000e-01   1.9018100e+02   1.1168265e+02
   1.9070200e+02   8.1100000e-01   1.9100100e+02   1.1109882e+02
   1.9157000e+02   8.6800000e-01   1.9186100e+02   1.1270277e+02
   1.9247600e+02   9.0600000e-01   1.9277100e+02   1.1182766e+02
   1.9330300e+02   8.2700000e-01   1.9360100e+02   1.1024641e+02
   1.9415200e+02   8.4900000e-01   1.9444100e+02   1.1025776e+02
   1.9507500e+02   9.2300000e-01   1.9537100e+02   1.1011149e+02
   1.9595700e+02   8.8200000e-01   1.9626100e+02   1.0831587e+02
   1.9678100e+02   8.2500000e-01   1.9708100e+02   1.0873073e+02
   1.9763000e+02   8.4800000e-01   1.9792100e+02   1.0886565e+02
   1.9852500e+02   8.9500000e-01   1.9882100e+02   1.0852897e+02
   1.9939200e+02   8.6700000e-01   1.9969100e+02   1.0735123e+02
   2.0022700e+02   8.3500000e-01   2.0052100e+02   1.0435517e+02
   2.0107700e+02   8.5000000e-01   2.0137100e+02   1.0318877e+02
   2.0189900e+02   8.2200000e-01   2.0220100e+02   1.0772195e+02
   2.0268900e+02   7.9000000e-01   2.0298100e+02   1.0757568e+02
   2.0351600e+02   8.2700000e-01   2.0381100e+02   1.0776609e+02
   2.0435800e+02   8.4300000e-01   2.0465100e+02   1.0769925e+02
   2.0517000e+02   8.1100000e-01   2.0547100e+02   1.0683549e+02
   2.0598200e+02   8.1300000e-01   2.0627100e+02   1.0875342e+02
   2.0684300e+02   8.6100000e-01   2.0713100e+02   1.0855167e+02
   2.0769300e+02   8.5000000e-01   2.0799100e+02   1.0736258e+02
   2.0850600e+02   8.1400000e-01   2.0880100e+02   1.0720496e+02
   2.0943500e+02   9.2900000e-01   2.0973100e+02   1.0769925e+02
   2.1033000e+02   8.9500000e-01   2.1063100e+02   1.0581411e+02
   2.1114700e+02   8.1700000e-01   2.1144100e+02   1.0604991e+02
   2.1193300e+02   7.8600000e-01   2.1223100e+02   1.0864120e+02
   2.1266900e+02   7.3700000e-01   2.1297100e+02   1.0826039e+02
   2.1340300e+02   7.3300000e-01   2.1370100e+02   1.0955036e+02
   2.1418200e+02   7.7900000e-01   2.1447100e+02   1.1367876e+02
   2.1504600e+02   8.6400000e-01   2.1534100e+02   1.1508222e+02
   2.1586600e+02   8.2000000e-01   2.1617100e+02   1.1453244e+02
   2.1662600e+02   7.6000000e-01   2.1692100e+02   1.1358923e+02
   2.1741200e+02   7.8600000e-01   2.1770100e+02   1.1363463e+02
   2.1826700e+02   8.5500000e-01   2.1856100e+02   1.1343287e+02
   2.1910300e+02   8.3600000e-01   2.1939100e+02   1.1147964e+02
   2.1991900e+02   8.1600000e-01   2.2022100e+02   1.1133462e+02
   2.2070800e+02   7.8900000e-01   2.2101100e+02   1.1155908e+02
   2.2144900e+02   7.4100000e-01   2.2175100e+02   1.1106478e+02
   2.2217000e+02   7.2100000e-01   2.2246100e+02   1.1158051e+02
   2.2291600e+02   7.4600000e-01   2.2320100e+02   1.1216434e+02
   2.2386800e+02   9.5200000e-01   2.2415100e+02   1.1399401e+02
   2.2474300e+02   8.7500000e-01   2.2503100e+02   1.1292723e+02
   2.2552400e+02   7.8100000e-01   2.2582100e+02   1.1177218e+02
   2.2627900e+02   7.5500000e-01   2.2657100e+02   1.1073945e+02
   2.2701200e+02   7.3300000e-01   2.2731100e+02   1.0966258e+02
   2.2772100e+02   7.0900000e-01   2.2801100e+02   1.1001061e+02
   2.2846900e+02   7.4800000e-01   2.2876100e+02   1.1049230e+02
   2.2920800e+02   7.3900000e-01   2.2950100e+02   1.0994252e+02
   2.2997000e+02   7.6200000e-01   2.3026100e+02   1.1035864e+02
   2.3075400e+02   7.8400000e-01   2.3105100e+02   1.0967393e+02
   2.3150600e+02   7.5200000e-01   2.3180100e+02   1.0747480e+02
   2.3227200e+02   7.6600000e-01   2.3256100e+02   1.0840540e+02
   2.3305700e+02   7.8500000e-01   2.3335100e+02   1.0878747e+02
   2.3383100e+02   7.7400000e-01   2.3413100e+02   1.0802458e+02
   2.3459500e+02   7.6500000e-01   2.3489100e+02   1.0886565e+02
   2.3540400e+02   8.0800000e-01   2.3569100e+02   1.0942678e+02
   2.3624800e+02   8.4400000e-01   2.3654100e+02   1.0876477e+02
   2.3703200e+02   7.8500000e-01   2.3733100e+02   1.0737392e+02
   2.3782800e+02   7.9600000e-01   2.3812100e+02   1.0840540e+02
   2.3863400e+02   8.0500000e-01   2.3893100e+02   1.0799054e+02
   2.3939800e+02   7.6400000e-01   2.3970100e+02   1.0657699e+02
   2.4017400e+02   7.7600000e-01   2.4047100e+02   1.0754163e+02
   2.4095200e+02   7.7700000e-01   2.4125100e+02   1.0758703e+02
   2.4173300e+02   7.8200000e-01   2.4203100e+02   1.0721630e+02
   2.4252500e+02   7.9200000e-01   2.4282100e+02   1.0808007e+02
   2.4335500e+02   8.2900000e-01   2.4365100e+02   1.0823769e+02
   2.4420100e+02   8.4600000e-01   2.4450100e+02   1.0771060e+02
   2.4498400e+02   7.8300000e-01   2.4528100e+02   1.0737392e+02
   2.4586400e+02   8.8000000e-01   2.4616100e+02   1.0858571e+02
   2.4675900e+02   8.9400000e-01   2.4706100e+02   1.0777743e+02
   2.4755500e+02   7.9700000e-01   2.4786100e+02   1.0648746e+02
   2.4836300e+02   8.0800000e-01   2.4866100e+02   1.0834991e+02
   2.4920700e+02   8.4300000e-01   2.4950100e+02   1.0916828e+02
   2.5001500e+02   8.0800000e-01   2.5032100e+02   1.0822634e+02
   2.5086500e+02   8.5000000e-01   2.5116100e+02   1.1082898e+02
   2.5183900e+02   9.7400000e-01   2.5213100e+02   1.1149098e+02
   2.5278300e+02   9.4400000e-01   2.5309100e+02   1.0857437e+02
   2.5363500e+02   8.5200000e-01   2.5393100e+02   1.0874207e+02
   2.5453700e+02   9.0300000e-01   2.5483100e+02   1.0850627e+02
   2.5541600e+02   8.7900000e-01   2.5572100e+02   1.0698050e+02
   2.5621600e+02   8.0000000e-01   2.5652100e+02   1.0692502e+02
   2.5706800e+02   8.5200000e-01   2.5736100e+02   1.0815951e+02
   2.5803100e+02   9.6300000e-01   2.5833100e+02   1.0814816e+02
   2.5887700e+02   8.4600000e-01   2.5918100e+02   1.0729448e+02
   2.5975600e+02   8.7900000e-01   2.6005100e+02   1.0914685e+02
   2.6068900e+02   9.3300000e-01   2.6099100e+02   1.0834991e+02
   2.6153400e+02   8.4500000e-01   2.6184100e+02   1.0673461e+02
   2.6238700e+02   8.5300000e-01   2.6268100e+02   1.0790101e+02
   2.6325000e+02   8.6300000e-01   2.6355100e+02   1.0708138e+02
   2.6405000e+02   8.0000000e-01   2.6435100e+02   1.0536520e+02
   2.6483000e+02   7.8000000e-01   2.6513100e+02   1.0693637e+02
   2.6568400e+02   8.5400000e-01   2.6598100e+02   1.0773204e+02
   2.6652200e+02   8.3800000e-01   2.6682100e+02   1.0689097e+02
   2.6736100e+02   8.3900000e-01   2.6766100e+02   1.0730583e+02
   2.6823900e+02   8.7700000e-01   2.6853100e+02   1.0756433e+02
   2.6912000e+02   8.8100000e-01   2.6942100e+02   1.0700320e+02
   2.6991600e+02   7.9600000e-01   2.7022100e+02   1.0515210e+02
   2.7070200e+02   7.8700000e-01   2.7100100e+02   1.0680145e+02
   2.7149400e+02   7.9200000e-01   2.7179100e+02   1.0831587e+02
   2.7232200e+02   8.2700000e-01   2.7262100e+02   1.0885430e+02
   2.7315800e+02   8.3600000e-01   2.7345100e+02   1.1022371e+02
   2.7409100e+02   9.3300000e-01   2.7438100e+02   1.1113287e+02
   2.7497700e+02   8.8600000e-01   2.7528100e+02   1.0990973e+02
   2.7579100e+02   8.1400000e-01   2.7609100e+02   1.0950496e+02
   2.7664200e+02   8.5100000e-01   2.7694100e+02   1.0944948e+02
   2.7748300e+02   8.4100000e-01   2.7778100e+02   1.0847349e+02
   2.7827200e+02   7.8900000e-01   2.7857100e+02   1.0869794e+02
   2.7907200e+02   8.0000000e-01   2.7937100e+02   1.1115431e+02
   2.7990400e+02   8.3200000e-01   2.8020100e+02   1.1199663e+02
   2.8072400e+02   8.2000000e-01   2.8102100e+02   1.1193989e+02
   2.8152600e+02   8.0200000e-01   2.8182100e+02   1.1381369e+02
   2.8237200e+02   8.4600000e-01   2.8266100e+02   1.1462197e+02
   2.8321900e+02   8.4700000e-01   2.8352100e+02   1.1393726e+02
   2.8401700e+02   7.9800000e-01   2.8431100e+02   1.1336478e+02
   2.8482900e+02   8.1100000e-01   2.8512100e+02   1.1485777e+02
   2.8570000e+02   8.7100000e-01   2.8600000e+02   1.1400409e+02
   2.8650800e+02   8.0800000e-01   2.8681100e+02   1.1315168e+02
   2.8731800e+02   8.1000000e-01   2.8761100e+02   1.1406084e+02
   2.8819200e+02   8.7400000e-01   2.8849100e+02   1.1415037e+02
   2.8901800e+02   8.2600000e-01   2.8932100e+02   1.1354510e+02
   2.8985000e+02   8.3200000e-01   2.9014100e+02   1.1549708e+02
   2.9077700e+02   9.2700000e-01   2.9107100e+02   1.1615909e+02
   2.9169900e+02   9.2200000e-01   2.9200100e+02   1.1447570e+02
   2.9254100e+02   8.4200000e-01   2.9284100e+02   1.1361193e+02
   2.9337000e+02   8.2900000e-01   2.9367100e+02   1.1282635e+02
   2.9417300e+02   8.0200000e-01   2.9447100e+02   1.1023506e+02
   2.9491600e+02   7.4300000e-01   2.9521100e+02   1.0917963e+02
   2.9569100e+02   7.7500000e-01   2.9598100e+02   1.1121105e+02
   2.9652500e+02   8.3400000e-01   2.9682100e+02   1.1265864e+02
   2.9732500e+02   8.0000000e-01   2.9762100e+02   1.1262459e+02
   2.9817500e+02   8.4900000e-01   2.9847100e+02   1.1573288e+02
   2.9909400e+02   9.2000000e-01   2.9939100e+02   1.1705690e+02
   2.9995500e+02   8.6100000e-01   3.0026100e+02   1.1548573e+02
   3.0075800e+02   8.0300000e-01   3.0105100e+02   1.1535081e+02
   3.0156600e+02   8.0800000e-01   3.0186100e+02   1.1508222e+02
   3.0234400e+02   7.7800000e-01   3.0264100e+02   1.1348836e+02
   3.0309500e+02   7.5100000e-01   3.0339100e+02   1.1388178e+02
   3.0387400e+02   7.7900000e-01   3.0416100e+02   1.1549708e+02
   3.0467800e+02   8.0400000e-01   3.0497100e+02   1.1596868e+02
   3.0543200e+02   7.5400000e-01   3.0573100e+02   1.1503683e+02
   3.0618300e+02   7.5100000e-01   3.0647100e+02   1.1572153e+02
   3.0706000e+02   8.7600000e-01   3.0735100e+02   1.1823464e+02
   3.0795800e+02   8.9900000e-01   3.0825100e+02   1.1773025e+02
   3.0875500e+02   7.9700000e-01   3.0905100e+02   1.1588924e+02
   3.0953100e+02   7.7600000e-01   3.0982100e+02   1.1653990e+02
   3.1032300e+02   7.9100000e-01   3.1061100e+02   1.1643902e+02
   3.1108900e+02   7.6600000e-01   3.1139100e+02   1.1648442e+02
   3.1185300e+02   7.6400000e-01   3.1215100e+02   1.1757263e+02
   3.1262300e+02   7.7000000e-01   3.1291100e+02   1.1871759e+02
   3.1345500e+02   8.3200000e-01   3.1374100e+02   1.2054599e+02
   3.1427900e+02   8.2400000e-01   3.1458100e+02   1.1941238e+02
   3.1502400e+02   7.4500000e-01   3.1532100e+02   1.1895339e+02
   3.1580600e+02   7.8200000e-01   3.1610100e+02   1.1981715e+02
   3.1671500e+02   9.0900000e-01   3.1700100e+02   1.1930016e+02
   3.1767700e+02   9.6200000e-01   3.1798100e+02   1.1748310e+02
   3.1852200e+02   8.4500000e-01   3.1883100e+02   1.1571018e+02
   3.1928100e+02   7.5800000e-01   3.1958100e+02   1.1415037e+02
   3.2007400e+02   7.9300000e-01   3.2037100e+02   1.1393726e+02
   3.2106100e+02   9.8700000e-01   3.2135100e+02   1.1332065e+02
   3.2203900e+02   9.7800000e-01   3.2234100e+02   1.1179488e+02
   3.2295700e+02   9.1800000e-01   3.2326100e+02   1.1073945e+02
   3.2378500e+02   8.2800000e-01   3.2409100e+02   1.0765386e+02
   3.2453600e+02   7.5000000e-01   3.2483100e+02   1.0793506e+02
   3.2527500e+02   7.3900000e-01   3.2557100e+02   1.0765386e+02
   3.2603100e+02   7.5600000e-01   3.2632100e+02   1.0829317e+02
   3.2677400e+02   7.4300000e-01   3.2707100e+02   1.0968528e+02
   3.2758800e+02   8.1400000e-01   3.2788100e+02   1.1415037e+02
   3.2844000e+02   8.5200000e-01   3.2873100e+02   1.1663069e+02
   3.2934400e+02   9.0400000e-01   3.2964100e+02   1.1710103e+02
   3.3015400e+02   8.1000000e-01   3.3046100e+02   1.1673157e+02
   3.3095900e+02   8.0500000e-01   3.3125100e+02   1.1768486e+02
   3.3183600e+02   8.7700000e-01   3.3213100e+02   1.1747175e+02
   3.3267100e+02   8.3600000e-01   3.3297100e+02   1.1598003e+02
   3.3347000e+02   7.9900000e-01   3.3377100e+02   1.1504817e+02
   3.3428000e+02   8.1000000e-01   3.3457100e+02   1.1559796e+02
   3.3512000e+02   8.4100000e-01   3.3541100e+02   1.1623727e+02
   3.3591600e+02   7.9600000e-01   3.3622100e+02   1.1613639e+02
   3.3670500e+02   7.8900000e-01   3.3700100e+02   1.1824599e+02
   3.3753600e+02   8.3100000e-01   3.3783100e+02   1.1930016e+02
   3.3835800e+02   8.2300000e-01   3.3866100e+02   1.1854862e+02
   3.3912600e+02   7.6700000e-01   3.3942100e+02   1.1806693e+02
   3.3990600e+02   7.8100000e-01   3.4020100e+02   1.1890800e+02
   3.4072800e+02   8.2100000e-01   3.4102100e+02   1.1924468e+02
   3.4151400e+02   7.8600000e-01   3.4181100e+02   1.1858267e+02
   3.4229100e+02   7.7700000e-01   3.4258100e+02   1.1931151e+02
   3.4312200e+02   8.3100000e-01   3.4341100e+02   1.2031019e+02
   3.4397000e+02   8.4900000e-01   3.4426100e+02   1.1968223e+02
   3.4475300e+02   7.8300000e-01   3.4505100e+02   1.1851457e+02
   3.4554300e+02   7.9000000e-01   3.4584100e+02   1.1961414e+02
   3.4640400e+02   8.6000000e-01   3.4669100e+02   1.1996217e+02
   3.4722900e+02   8.2600000e-01   3.4753100e+02   1.1848179e+02
   3.4801500e+02   7.8500000e-01   3.4832100e+02   1.1811107e+02
   3.4874600e+02   7.3100000e-01   3.4904100e+02   1.1804423e+02
   3.4946700e+02   7.2100000e-01   3.4976100e+02   1.1849314e+02
   3.5028400e+02   8.1700000e-01   3.5057100e+02   1.2025471e+02
   3.5116800e+02   8.8300000e-01   3.5146100e+02   1.2022066e+02
   3.5198300e+02   8.1500000e-01   3.5228100e+02   1.1953596e+02
   3.5276700e+02   7.8400000e-01   3.5306100e+02   1.1981715e+02
   3.5353900e+02   7.7200000e-01   3.5384100e+02   1.1930016e+02
   3.5425000e+02   7.1200000e-01   3.5455100e+02   1.1848179e+02
   3.5496100e+02   7.1000000e-01   3.5525100e+02   1.1946913e+02
   3.5575800e+02   7.9700000e-01   3.5604100e+02   1.1999621e+02
   3.5667700e+02   9.1900000e-01   3.5696100e+02   1.2001891e+02
   3.5750000e+02   8.2300000e-01   3.5779100e+02   1.1780843e+02
   3.5830500e+02   8.0500000e-01   3.5860100e+02   1.1754993e+02
   3.5912100e+02   8.1500000e-01   3.5941100e+02   1.1664204e+02
   3.5991100e+02   7.9000000e-01   3.6021100e+02   1.1455388e+02
   3.6069500e+02   7.8400000e-01   3.6098100e+02   1.1475689e+02
   3.6148400e+02   7.8900000e-01   3.6177100e+02   1.1536216e+02
   3.6227900e+02   7.9500000e-01   3.6257100e+02   1.1354510e+02
   3.6306000e+02   7.8100000e-01   3.6335100e+02   1.1269143e+02
   3.6386000e+02   8.0000000e-01   3.6415100e+02   1.1406084e+02
   3.6467100e+02   8.1100000e-01   3.6496100e+02   1.1453244e+02
   3.6546700e+02   7.9600000e-01   3.6576100e+02   1.1296127e+02
   3.6624000e+02   7.7300000e-01   3.6653100e+02   1.1430799e+02
   3.6703100e+02   7.9200000e-01   3.6732100e+02   1.1392591e+02
   3.6782700e+02   7.9600000e-01   3.6812100e+02   1.1401544e+02
   3.6861700e+02   7.9000000e-01   3.6891100e+02   1.1483507e+02
   3.6942300e+02   8.0600000e-01   3.6972100e+02   1.1611369e+02
   3.7026200e+02   8.3900000e-01   3.7055100e+02   1.1630536e+02
   3.7109200e+02   8.3000000e-01   3.7139100e+02   1.1523858e+02
   3.7191300e+02   8.2100000e-01   3.7221100e+02   1.1496999e+02
   3.7278900e+02   8.7600000e-01   3.7308100e+02   1.1471150e+02
   3.7364600e+02   8.5700000e-01   3.7394100e+02   1.1223243e+02
   3.7445900e+02   8.1300000e-01   3.7476100e+02   1.1176083e+02
   3.7531700e+02   8.5800000e-01   3.7561100e+02   1.1244554e+02
   3.7617600e+02   8.5900000e-01   3.7647100e+02   1.1117700e+02
   3.7698600e+02   8.1000000e-01   3.7729100e+02   1.1072810e+02
   3.7780300e+02   8.1700000e-01   3.7810100e+02   1.1310755e+02
   3.7863500e+02   8.3200000e-01   3.7893100e+02   1.1341018e+02
   3.7943500e+02   8.0000000e-01   3.7973100e+02   1.1257920e+02
   3.8022200e+02   7.8700000e-01   3.8052100e+02   1.1430799e+02
   3.8101200e+02   7.9100000e-01   3.8131100e+02   1.1608091e+02
   3.8184900e+02   8.3600000e-01   3.8215100e+02   1.1678705e+02
   3.8263500e+02   7.8700000e-01   3.8293100e+02   1.1733683e+02
   3.8348600e+02   8.5000000e-01   3.8378100e+02   1.1950317e+02
   3.8447700e+02   9.9100000e-01   3.8477100e+02   1.1917658e+02
   3.8530800e+02   8.3100000e-01   3.8561100e+02   1.1649577e+02
   3.8609200e+02   7.8500000e-01   3.8639100e+02   1.1623727e+02
   3.8691600e+02   8.2300000e-01   3.8721100e+02   1.1550843e+02
   3.8775900e+02   8.4300000e-01   3.8806100e+02   1.1454379e+02
   3.8855200e+02   7.9300000e-01   3.8885100e+02   1.1369011e+02
   3.8935600e+02   8.0400000e-01   3.8965100e+02   1.1577701e+02
   3.9041300e+02   1.0570000e+00   3.9070100e+02   1.1606956e+02
   3.9136100e+02   9.4900000e-01   3.9166100e+02   1.1346566e+02
   3.9225700e+02   8.9600000e-01   3.9255100e+02   1.1326391e+02
   3.9316500e+02   9.0800000e-01   3.9346100e+02   1.1177218e+02
   3.9405300e+02   8.8800000e-01   3.9435100e+02   1.1020101e+02
   3.9488800e+02   8.3500000e-01   3.9519100e+02   1.0915819e+02
   3.9575900e+02   8.7100000e-01   3.9605100e+02   1.1092985e+02
   3.9668300e+02   9.2500000e-01   3.9698100e+02   1.1054904e+02
   3.9757000e+02   8.8700000e-01   3.9787100e+02   1.0897788e+02
   3.9843700e+02   8.6600000e-01   3.9874100e+02   1.0963988e+02
   3.9933400e+02   8.9700000e-01   3.9963100e+02   1.0985299e+02
   4.0021700e+02   8.8300000e-01   4.0052100e+02   1.0819229e+02
   4.0103900e+02   8.2200000e-01   4.0134100e+02   1.0797919e+02
   4.0189100e+02   8.5200000e-01   4.0219100e+02   1.0907875e+02
   4.0274300e+02   8.5200000e-01   4.0304100e+02   1.0924772e+02
   4.0369200e+02   9.4900000e-01   4.0399100e+02   1.0957305e+02
   4.0458700e+02   8.9500000e-01   4.0489100e+02   1.0947218e+02
   4.0559600e+02   1.0090000e+00   4.0589100e+02   1.0949361e+02
   4.0653100e+02   9.3600000e-01   4.0684100e+02   1.0710408e+02
   4.0738300e+02   8.5100000e-01   4.0769100e+02   1.0753028e+02
   4.0819300e+02   8.1000000e-01   4.0849100e+02   1.0754163e+02
   4.0899500e+02   8.0100000e-01   4.0929100e+02   1.0828182e+02
   4.0977700e+02   7.8200000e-01   4.1008100e+02   1.1004339e+02
   4.1060200e+02   8.2500000e-01   4.1090100e+02   1.1453244e+02
   4.1154000e+02   9.3800000e-01   4.1183100e+02   1.1744906e+02
   4.1249000e+02   9.5000000e-01   4.1279100e+02   1.1676435e+02
   4.1336600e+02   8.7600000e-01   4.1366100e+02   1.1725865e+02
   4.1426000e+02   8.9400000e-01   4.1456100e+02   1.1704555e+02
   4.1516000e+02   9.0000000e-01   4.1546100e+02   1.1698880e+02
   4.1606200e+02   9.0100000e-01   4.1636100e+02   1.1560931e+02
   4.1703500e+02   9.7400000e-01   4.1733100e+02   1.1595733e+02
   4.1795900e+02   9.2300000e-01   4.1826100e+02   1.1435212e+02
   4.1877700e+02   8.1800000e-01   4.1908100e+02   1.1339883e+02
   4.1957400e+02   7.9800000e-01   4.1987100e+02   1.1546303e+02
   4.2037600e+02   8.0200000e-01   4.2067100e+02   1.1625996e+02
   4.2115900e+02   7.8300000e-01   4.2146100e+02   1.1594598e+02
   4.2194400e+02   7.8500000e-01   4.2224100e+02   1.1766216e+02
   4.2281300e+02   8.6900000e-01   4.2310100e+02   1.1836956e+02
   4.2381300e+02   1.0000000e+00   4.2411100e+02   1.1695602e+02
   4.2475000e+02   9.3700000e-01   4.2505100e+02   1.1142415e+02
   4.2567600e+02   9.2500000e-01   4.2598100e+02   1.1545168e+02
   4.2646900e+02   7.9400000e-01   4.2677100e+02   1.1265864e+02
   4.2724200e+02   7.7300000e-01   4.2754100e+02   1.1342153e+02
   4.2801900e+02   7.7700000e-01   4.2832100e+02   1.1507087e+02
   4.2878400e+02   7.6500000e-01   4.2909100e+02   1.1543025e+02
   4.2956900e+02   7.8500000e-01   4.2987100e+02   1.2053465e+02
   4.3036900e+02   8.0000000e-01   4.3067100e+02   1.2208311e+02
   4.3118800e+02   8.1800000e-01   4.3149100e+02   1.2394556e+02
   4.3202500e+02   8.3700000e-01   4.3232100e+02   1.2412462e+02
   4.3291200e+02   8.8700000e-01   4.3321100e+02   1.2321672e+02
   4.3375000e+02   8.3800000e-01   4.3405100e+02   1.2066957e+02
   4.3453700e+02   7.8700000e-01   4.3484100e+02   1.1896348e+02
   4.3532300e+02   7.8600000e-01   4.3562100e+02   1.1965953e+02
   4.3612300e+02   8.0000000e-01   4.3642100e+02   1.1780843e+02
   4.3693400e+02   8.1200000e-01   4.3723100e+02   1.1700015e+02
   4.3772900e+02   7.9500000e-01   4.3802100e+02   1.1798749e+02
   4.3854300e+02   8.1400000e-01   4.3883100e+02   1.1784248e+02
   4.3940100e+02   8.5800000e-01   4.3970100e+02   1.1611369e+02
   4.4019000e+02   7.8900000e-01   4.4048100e+02   1.1522723e+02
   4.4099700e+02   8.0700000e-01   4.4129100e+02   1.1518310e+02
   4.4179800e+02   8.0100000e-01   4.4209100e+02   1.1474554e+02
   4.4256800e+02   7.7000000e-01   4.4287100e+02   1.1488047e+02
   4.4336500e+02   7.9600000e-01   4.4366100e+02   1.1870624e+02
   4.4422200e+02   8.5700000e-01   4.4451100e+02   1.1987264e+02
   4.4511600e+02   8.9400000e-01   4.4541100e+02   1.1977176e+02
   4.4592100e+02   8.0500000e-01   4.4622100e+02   1.1922198e+02
   4.4678000e+02   8.5900000e-01   4.4707100e+02   1.1845909e+02
   4.4768500e+02   9.0600000e-01   4.4798100e+02   1.1812241e+02
   4.4855300e+02   8.6800000e-01   4.4885100e+02   1.1535081e+02
   4.4937600e+02   8.2200000e-01   4.4967100e+02   1.1529532e+02
   4.5015600e+02   7.8000000e-01   4.5046100e+02   1.1399401e+02
   4.5090600e+02   7.5100000e-01   4.5120100e+02   1.1416171e+02
   4.5168400e+02   7.7800000e-01   4.5198100e+02   1.1691062e+02
   4.5248400e+02   8.0000000e-01   4.5278100e+02   1.1952461e+02
   4.5326900e+02   7.8600000e-01   4.5357100e+02   1.2077045e+02
   4.5409400e+02   8.2400000e-01   4.5439100e+02   1.2269973e+02
   4.5495000e+02   8.5700000e-01   4.5525100e+02   1.2221804e+02
   4.5574100e+02   7.9100000e-01   4.5604100e+02   1.2101760e+02
   4.5656200e+02   8.2000000e-01   4.5685100e+02   1.2110712e+02
   4.5739100e+02   8.2900000e-01   4.5769100e+02   1.2022066e+02
   4.5817900e+02   7.8800000e-01   4.5848100e+02   1.1968223e+02
   4.5895900e+02   7.8000000e-01   4.5925100e+02   1.2159008e+02
   4.5978900e+02   8.3000000e-01   4.6008100e+02   1.2335165e+02
   4.6064100e+02   8.5200000e-01   4.6094100e+02   1.2125340e+02
   4.6143000e+02   7.8900000e-01   4.6173100e+02   1.2289139e+02
   4.6223600e+02   8.0600000e-01   4.6253100e+02   1.2408049e+02
   4.6309600e+02   8.6000000e-01   4.6339100e+02   1.2263290e+02
   4.6391100e+02   8.1500000e-01   4.6421100e+02   1.2007439e+02
   4.6472400e+02   8.1300000e-01   4.6502100e+02   1.2115252e+02
   4.6556800e+02   8.4400000e-01   4.6586100e+02   1.2108443e+02
   4.6638000e+02   8.1200000e-01   4.6668100e+02   1.1967088e+02
   4.6714000e+02   7.6000000e-01   4.6744100e+02   1.1999621e+02
   4.6791800e+02   7.7900000e-01   4.6821100e+02   1.2124205e+02
   4.6871300e+02   7.9500000e-01   4.6901100e+02   1.2050060e+02
   4.6947200e+02   7.5900000e-01   4.6977100e+02   1.1904292e+02
   4.7024200e+02   7.7000000e-01   4.7053100e+02   1.2092807e+02
   4.7103800e+02   7.9600000e-01   4.7133100e+02   1.2092807e+02
   4.7184100e+02   8.0300000e-01   4.7214100e+02   1.1981715e+02
   4.7259400e+02   7.5400000e-01   4.7289100e+02   1.1797614e+02
   4.7336100e+02   7.6600000e-01   4.7365100e+02   1.1916650e+02
   4.7416400e+02   8.0300000e-01   4.7446100e+02   1.1813376e+02
   4.7493800e+02   7.7400000e-01   4.7524100e+02   1.1704555e+02
   4.7568400e+02   7.4700000e-01   4.7598100e+02   1.1744906e+02
   4.7648400e+02   8.0000000e-01   4.7677100e+02   1.1922198e+02
   4.7732500e+02   8.4100000e-01   4.7762100e+02   1.1939095e+02
   4.7811200e+02   7.8700000e-01   4.7841100e+02   1.1783113e+02
   4.7888100e+02   7.6900000e-01   4.7917100e+02   1.1887395e+02
   4.7971100e+02   8.3000000e-01   4.8000100e+02   1.1908705e+02
   4.8052200e+02   8.1100000e-01   4.8082100e+02   1.1763946e+02
   4.8125100e+02   7.2800000e-01   4.8155100e+02   1.1621457e+02
   4.8199700e+02   7.4600000e-01   4.8229100e+02   1.1758398e+02
   4.8271800e+02   7.2100000e-01   4.8301100e+02   1.1727000e+02
   4.8342500e+02   7.0700000e-01   4.8372100e+02   1.1805558e+02
   4.8418300e+02   7.5700000e-01   4.8448100e+02   1.2022066e+02
   4.8494300e+02   7.6000000e-01   4.8523100e+02   1.2119665e+02
   4.8581400e+02   8.7200000e-01   4.8610100e+02   1.2272242e+02
   4.8671200e+02   8.9800000e-01   4.8701100e+02   1.2047916e+02
   4.8751900e+02   8.0800000e-01   4.8782100e+02   1.1926737e+02
   4.8835200e+02   8.3200000e-01   4.8865100e+02   1.1933420e+02
   4.8923400e+02   8.8200000e-01   4.8953100e+02   1.1829138e+02
   4.9012300e+02   8.8900000e-01   4.9042100e+02   1.1604686e+02
   4.9090200e+02   7.7900000e-01   4.9120100e+02   1.1661934e+02
   4.9167900e+02   7.7700000e-01   4.9197100e+02   1.1711238e+02
   4.9247500e+02   7.9600000e-01   4.9277100e+02   1.1834687e+02
   4.9324200e+02   7.6700000e-01   4.9354100e+02   1.1880712e+02
   4.9401200e+02   7.6900000e-01   4.9430100e+02   1.2068092e+02
   4.9489500e+02   8.8300000e-01   4.9519100e+02   1.2369841e+02
   4.9582400e+02   9.2900000e-01   4.9612100e+02   1.2379929e+02
   4.9665900e+02   8.3500000e-01   4.9696100e+02   1.2324951e+02
   4.9758400e+02   9.2600000e-01   4.9788100e+02   1.2400231e+02
   4.9848100e+02   8.9700000e-01   4.9878100e+02   1.2190406e+02
   4.9927100e+02   7.9000000e-01   4.9957100e+02   1.2052330e+02
   5.0007300e+02   8.0200000e-01   5.0037100e+02   1.2209446e+02
   5.0089400e+02   8.2200000e-01   5.0119100e+02   1.2165691e+02
   5.0168200e+02   7.8800000e-01   5.0198100e+02   1.2182462e+02
   5.0248100e+02   7.9800000e-01   5.0277100e+02   1.2303641e+02
   5.0341700e+02   9.3600000e-01   5.0371100e+02   1.2385603e+02
   5.0428500e+02   8.6800000e-01   5.0458100e+02   1.2173509e+02
   5.0508700e+02   8.0200000e-01   5.0538100e+02   1.2265559e+02
   5.0592700e+02   8.4000000e-01   5.0622100e+02   1.2239709e+02
   5.0677200e+02   8.4500000e-01   5.0707100e+02   1.2222939e+02
   5.0757700e+02   8.0500000e-01   5.0787100e+02   1.2119665e+02
   5.0840400e+02   8.2700000e-01   5.0870100e+02   1.2228487e+02
   5.0924800e+02   8.4300000e-01   5.0954100e+02   1.2110712e+02
   5.1004600e+02   7.9900000e-01   5.1035100e+02   1.1967088e+02
   5.1081700e+02   7.7000000e-01   5.1111100e+02   1.1948048e+02
   5.1162300e+02   8.0700000e-01   5.1191100e+02   1.2025471e+02
   5.1246300e+02   8.4000000e-01   5.1276100e+02   1.1967088e+02
   5.1327800e+02   8.1500000e-01   5.1357100e+02   1.1778574e+02
   5.1403000e+02   7.5200000e-01   5.1432100e+02   1.1631545e+02
   5.1450500e+02   4.7500000e-01   5.1482100e+02   1.0423159e+02
   5.1569100e+02   1.1860000e+00   5.1597100e+02   1.2037829e+02
   5.1649000e+02   7.9900000e-01   5.1679100e+02   1.1434077e+02
   5.1720100e+02   7.1100000e-01   5.1749100e+02   1.1323112e+02
   5.1792000e+02   7.1900000e-01   5.1821100e+02   1.1403814e+02
   5.1872200e+02   8.0300000e-01   5.1901100e+02   1.1381369e+02
   5.1955100e+02   8.2800000e-01   5.1984100e+02   1.1683244e+02
   5.2036100e+02   8.1000000e-01   5.2065100e+02   1.1952461e+02
   5.2131800e+02   9.5700000e-01   5.2161100e+02   1.2373246e+02
   5.2220300e+02   8.8600000e-01   5.2250100e+02   1.2377785e+02
   5.2304400e+02   8.4100000e-01   5.2335100e+02   1.2238575e+02
   5.2388100e+02   8.3700000e-01   5.2418100e+02   1.2271108e+02
   5.2474700e+02   8.6600000e-01   5.2504100e+02   1.2149929e+02
   5.2559700e+02   8.5100000e-01   5.2590100e+02   1.1988399e+02
   5.2639500e+02   7.9800000e-01   5.2669100e+02   1.1973771e+02
   5.2722100e+02   8.2600000e-01   5.2751100e+02   1.2029884e+02
   5.2809200e+02   8.7100000e-01   5.2838100e+02   1.1942373e+02
   5.2894800e+02   8.5600000e-01   5.2925100e+02   1.1781978e+02
   5.2977300e+02   8.2500000e-01   5.3007100e+02   1.1732548e+02
   5.3063500e+02   8.6200000e-01   5.3093100e+02   1.1677570e+02
   5.3149100e+02   8.5600000e-01   5.3179100e+02   1.1555256e+02
   5.3231400e+02   8.2400000e-01   5.3261100e+02   1.1579971e+02
   5.3314000e+02   8.2600000e-01   5.3343100e+02   1.1503683e+02
   5.3396800e+02   8.2700000e-01   5.3426100e+02   1.1394861e+02
   5.3477500e+02   8.0700000e-01   5.3507100e+02   1.1545168e+02
   5.3561400e+02   8.3900000e-01   5.3591100e+02   1.1831282e+02
   5.3650900e+02   8.9500000e-01   5.3680100e+02   1.1951326e+02
   5.3739500e+02   8.8600000e-01   5.3770100e+02   1.1881847e+02
   5.3826500e+02   8.7000000e-01   5.3856100e+02   1.2151063e+02
   5.3914900e+02   8.8400000e-01   5.3945100e+02   1.2054599e+02
   5.3997600e+02   8.2700000e-01   5.4028100e+02   1.1871759e+02
   5.4077400e+02   7.9800000e-01   5.4107100e+02   1.1898618e+02
   5.4161900e+02   8.4500000e-01   5.4191100e+02   1.1976041e+02
   5.4250500e+02   8.8600000e-01   5.4280100e+02   1.2050060e+02
   5.4333500e+02   8.3000000e-01   5.4364100e+02   1.2025471e+02
   5.4416600e+02   8.3100000e-01   5.4446100e+02   1.2147785e+02
   5.4501400e+02   8.4700000e-01   5.4531100e+02   1.2097220e+02
   5.4585100e+02   8.3700000e-01   5.4615100e+02   1.1926737e+02
   5.4665300e+02   8.0300000e-01   5.4695100e+02   1.2016392e+02
   5.4748800e+02   8.3500000e-01   5.4778100e+02   1.2137571e+02
   5.4833300e+02   8.4500000e-01   5.4863100e+02   1.2125340e+02
   5.4914000e+02   8.0700000e-01   5.4944100e+02   1.2227352e+02
   5.4998100e+02   8.4200000e-01   5.5028100e+02   1.2442851e+02
   5.5088200e+02   9.0000000e-01   5.5118100e+02   1.2454074e+02
   5.5177600e+02   8.9400000e-01   5.5208100e+02   1.2277917e+02
   5.5260600e+02   8.3000000e-01   5.5291100e+02   1.2143245e+02
   5.5347300e+02   8.6700000e-01   5.5377100e+02   1.2151063e+02
   5.5433000e+02   8.5700000e-01   5.5463100e+02   1.2028750e+02
   5.5513000e+02   8.0000000e-01   5.5543100e+02   1.1910975e+02
   5.5596500e+02   8.3400000e-01   5.5626100e+02   1.2118530e+02
   5.5681400e+02   8.4900000e-01   5.5711100e+02   1.2137571e+02
   5.5762500e+02   8.1100000e-01   5.5793100e+02   1.1935690e+02
   5.5844700e+02   8.2200000e-01   5.5874100e+02   1.2124205e+02
   5.5929500e+02   8.4800000e-01   5.5959100e+02   1.2070361e+02
   5.6012700e+02   8.3200000e-01   5.6043100e+02   1.1926737e+02
   5.6093600e+02   8.0900000e-01   5.6123100e+02   1.2022066e+02
   5.6178200e+02   8.4600000e-01   5.6208100e+02   1.2085997e+02
   5.6260800e+02   8.2600000e-01   5.6291100e+02   1.1960405e+02
   5.6339800e+02   7.9000000e-01   5.6370100e+02   1.1878442e+02
   5.6420300e+02   8.0500000e-01   5.6450100e+02   1.2008574e+02
   5.6501500e+02   8.1300000e-01   5.6531100e+02   1.1946913e+02
   5.6580200e+02   7.8700000e-01   5.6610100e+02   1.1806693e+02
   5.6660400e+02   8.0200000e-01   5.6690100e+02   1.1895339e+02
   5.6742500e+02   8.2100000e-01   5.6772100e+02   1.1905427e+02
   5.6826400e+02   8.3900000e-01   5.6856100e+02   1.1798749e+02
   5.6908600e+02   8.2200000e-01   5.6938100e+02   1.1767351e+02
   5.6995900e+02   8.7300000e-01   5.7025100e+02   1.1828003e+02
   5.7084800e+02   8.8900000e-01   5.7115100e+02   1.1678705e+02
   5.7168300e+02   8.3500000e-01   5.7199100e+02   1.1498134e+02
   5.7253000e+02   8.4700000e-01   5.7283100e+02   1.1560931e+02
   5.7341000e+02   8.8000000e-01   5.7371100e+02   1.1564335e+02
   5.7426500e+02   8.5500000e-01   5.7457100e+02   1.1416171e+02
   5.7509200e+02   8.2700000e-01   5.7539100e+02   1.1518310e+02
   5.7599700e+02   9.0400000e-01   5.7629100e+02   1.1594598e+02
   5.7692000e+02   9.2300000e-01   5.7722100e+02   1.1539620e+02
   5.7773900e+02   8.1900000e-01   5.7804100e+02   1.1618178e+02
   5.7857300e+02   8.3400000e-01   5.7887100e+02   1.1959270e+02
   5.7953500e+02   9.6200000e-01   5.7983100e+02   1.2028750e+02
   5.8048900e+02   9.5400000e-01   5.8079100e+02   1.1982850e+02
   5.8137500e+02   8.8600000e-01   5.8168100e+02   1.2153333e+02
   5.8231600e+02   9.4100000e-01   5.8261100e+02   1.2149929e+02
   5.8324900e+02   9.3300000e-01   5.8355100e+02   1.1986129e+02
   5.8410300e+02   8.5400000e-01   5.8441100e+02   1.1923333e+02
   5.8503800e+02   9.3500000e-01   5.8533100e+02   1.2024336e+02
   5.8595100e+02   9.1300000e-01   5.8625100e+02   1.1813376e+02
   5.8681800e+02   8.6600000e-01   5.8713100e+02   1.1845909e+02
   5.8765400e+02   8.3600000e-01   5.8795100e+02   1.1948048e+02
   5.8853900e+02   8.8500000e-01   5.8883100e+02   1.2175778e+02
   5.8943400e+02   8.9600000e-01   5.8973100e+02   1.2324951e+02
   5.9028900e+02   8.5400000e-01   5.9059100e+02   1.2300362e+02
   5.9111600e+02   8.2700000e-01   5.9141100e+02   1.2531497e+02
   5.9201000e+02   8.9400000e-01   5.9231100e+02   1.2621278e+02
   5.9291500e+02   9.0500000e-01   5.9322100e+02   1.2528093e+02
   5.9373500e+02   8.1900000e-01   5.9404100e+02   1.2502243e+02
   5.9457500e+02   8.4100000e-01   5.9487100e+02   1.2654820e+02
   5.9542700e+02   8.5200000e-01   5.9573100e+02   1.2634645e+02
   5.9624900e+02   8.2200000e-01   5.9655100e+02   1.2590889e+02
   5.9705800e+02   8.0900000e-01   5.9736100e+02   1.2476519e+02
   5.9787500e+02   8.1700000e-01   5.9817100e+02   1.2172374e+02
   5.9865600e+02   7.8000000e-01   5.9896100e+02   1.2365428e+02
   5.9943500e+02   7.7900000e-01   5.9973100e+02   1.2708789e+02
