   3.0530600e+02   8.1200000e-01   3.0568400e+02   1.4425540e+02
   3.0614600e+02   8.3900000e-01   3.0652400e+02   1.4379720e+02
   3.0705300e+02   9.0700000e-01   3.0742900e+02   1.4327835e+02
   3.0796700e+02   9.1500000e-01   3.0834900e+02   1.4086737e+02
   3.0886000e+02   8.9200000e-01   3.0925000e+02   1.3815183e+02
   3.0971400e+02   8.5400000e-01   3.1010200e+02   1.3653463e+02
   3.1052900e+02   8.1500000e-01   3.1092900e+02   1.3674756e+02
   3.1133900e+02   8.1000000e-01   3.1172200e+02   1.3937281e+02
   3.1213700e+02   7.9800000e-01   3.1253000e+02   1.3885396e+02
   3.1294400e+02   8.0800000e-01   3.1330200e+02   1.3894560e+02
   3.1373500e+02   7.9100000e-01   3.1410900e+02   1.3772462e+02
   3.1451200e+02   7.7700000e-01   3.1489000e+02   1.3638234e+02
   3.1528700e+02   7.7500000e-01   3.1564900e+02   1.3799954e+02
   3.1605700e+02   7.7000000e-01   3.1640900e+02   1.3763298e+02
   3.1681900e+02   7.6200000e-01   3.1718200e+02   1.3821247e+02
   3.1757800e+02   7.5900000e-01   3.1794900e+02   1.3967739e+02
   3.1835700e+02   7.7900000e-01   3.1872100e+02   1.4099001e+02
   3.1917600e+02   8.2000000e-01   3.1954100e+02   1.4053180e+02
   3.2004100e+02   8.6500000e-01   3.2040200e+02   1.3845640e+02
   3.2088500e+02   8.4400000e-01   3.2124900e+02   1.3525300e+02
   3.2172900e+02   8.4400000e-01   3.2210200e+02   1.3534464e+02
   3.2254200e+02   8.1300000e-01   3.2292100e+02   1.3568021e+02
   3.2335500e+02   8.1300000e-01   3.2372200e+02   1.3577185e+02
   3.2419100e+02   8.3700000e-01   3.2454700e+02   1.3354416e+02
   3.2500400e+02   8.1300000e-01   3.2538100e+02   1.3189597e+02
   3.2581600e+02   8.1300000e-01   3.2618900e+02   1.3275039e+02
   3.2660800e+02   7.9200000e-01   3.2698100e+02   1.3107120e+02
   3.2736900e+02   7.6100000e-01   3.2774100e+02   1.2997285e+02
   3.2812500e+02   7.5600000e-01   3.2848700e+02   1.3189597e+02
   3.2887900e+02   7.5500000e-01   3.2924100e+02   1.3149841e+02
   3.2964100e+02   7.6200000e-01   3.3000200e+02   1.3040006e+02
   3.3041200e+02   7.7100000e-01   3.3077000e+02   1.3116284e+02
   3.3121100e+02   7.9900000e-01   3.3156200e+02   1.3073563e+02
   3.3202300e+02   8.1200000e-01   3.3238900e+02   1.2792844e+02
   3.3281300e+02   7.9000000e-01   3.3317700e+02   1.2707402e+02
   3.3361900e+02   8.0700000e-01   3.3398900e+02   1.2765352e+02
   3.3443600e+02   8.1700000e-01   3.3484300e+02   1.2689074e+02
   3.3524800e+02   8.1100000e-01   3.3562200e+02   1.2405256e+02
   3.3603400e+02   7.8600000e-01   3.3640200e+02   1.2524255e+02
   3.3683900e+02   8.0500000e-01   3.3720200e+02   1.2524255e+02
   3.3764900e+02   8.1000000e-01   3.3800300e+02   1.2252700e+02
   3.3843300e+02   7.8400000e-01   3.3880200e+02   1.2295421e+02
   3.3922500e+02   7.9200000e-01   3.3958300e+02   1.2484633e+02
   3.4001900e+02   7.9400000e-01   3.4038300e+02   1.2564011e+02
   3.4080900e+02   7.9000000e-01   3.4117100e+02   1.2536518e+02
   3.4158500e+02   7.7600000e-01   3.4196300e+02   1.2853893e+02
   3.4237000e+02   7.8500000e-01   3.4272300e+02   1.3442823e+02
   3.4319900e+02   8.2900000e-01   3.4355600e+02   1.3665592e+02
   3.4409100e+02   8.9200000e-01   3.4446300e+02   1.3934182e+02
   3.4497000e+02   8.7900000e-01   3.4532300e+02   1.3891461e+02
   3.4583800e+02   8.6800000e-01   3.4622400e+02   1.4141722e+02
   3.4673300e+02   8.9400000e-01   3.4712300e+02   1.3931217e+02
   3.4761700e+02   8.8500000e-01   3.4799000e+02   1.3766397e+02
   3.4846300e+02   8.4600000e-01   3.4886400e+02   1.3775561e+02
   3.4932500e+02   8.6200000e-01   3.4970500e+02   1.3726641e+02
   3.5020400e+02   8.7800000e-01   3.5058400e+02   1.3488644e+02
   3.5105400e+02   8.5100000e-01   3.5142500e+02   1.3449022e+02
   3.5195600e+02   9.0100000e-01   3.5230900e+02   1.3476380e+02
   3.5286000e+02   9.0400000e-01   3.5323100e+02   1.3192562e+02
   3.5371700e+02   8.5800000e-01   3.5409100e+02   1.2914943e+02
   3.5454300e+02   8.2600000e-01   3.5492500e+02   1.2994320e+02
   3.5536300e+02   8.2000000e-01   3.5574400e+02   1.3238382e+02
   3.5618700e+02   8.2400000e-01   3.5654500e+02   1.3235417e+02
   3.5701600e+02   8.2900000e-01   3.5738500e+02   1.3159005e+02
   3.5782900e+02   8.1300000e-01   3.5818500e+02   1.3232318e+02
   3.5867000e+02   8.4100000e-01   3.5904400e+02   1.3442823e+02
   3.5953500e+02   8.6500000e-01   3.5991100e+02   1.3183532e+02
   3.6047500e+02   9.4000000e-01   3.6086500e+02   1.3152940e+02
   3.6138400e+02   9.0900000e-01   3.6176500e+02   1.2957664e+02
   3.6223900e+02   8.5500000e-01   3.6260600e+02   1.2762387e+02
   3.6306900e+02   8.3000000e-01   3.6344500e+02   1.2924107e+02
   3.6388700e+02   8.1800000e-01   3.6425100e+02   1.3000385e+02
   3.6471100e+02   8.2400000e-01   3.6506700e+02   1.2957664e+02
   3.6556200e+02   8.5100000e-01   3.6592500e+02   1.2768451e+02
   3.6641100e+02   8.4900000e-01   3.6678600e+02   1.2808073e+02
   3.6728100e+02   8.7100000e-01   3.6764600e+02   1.2768451e+02
   3.6818700e+02   9.0500000e-01   3.6854500e+02   1.2487733e+02
   3.6905500e+02   8.6800000e-01   3.6944000e+02   1.2267929e+02
   3.6989100e+02   8.3700000e-01   3.7026700e+02   1.2490698e+02
   3.7072800e+02   8.3700000e-01   3.7110000e+02   1.2460241e+02
   3.7155600e+02   8.2800000e-01   3.7192600e+02   1.2441912e+02
   3.7235900e+02   8.0300000e-01   3.7272600e+02   1.2493797e+02
   3.7313300e+02   7.7400000e-01   3.7352600e+02   1.2768451e+02
   3.7387900e+02   7.4600000e-01   3.7424600e+02   1.3232318e+02
   3.7463000e+02   7.5100000e-01   3.7500600e+02   1.3815183e+02
   3.7544400e+02   8.1300000e-01   3.7584600e+02   1.4230264e+02
   3.7637200e+02   9.2800000e-01   3.7674600e+02   1.4260721e+02
   3.7738300e+02   1.0110000e+00   3.7774600e+02   1.3980002e+02
   3.7833400e+02   9.5100000e-01   3.7872600e+02   1.3967739e+02
   3.7927600e+02   9.4200000e-01   3.7964600e+02   1.3970838e+02
   3.8023200e+02   9.5600000e-01   3.8061300e+02   1.3802919e+02
   3.8116500e+02   9.3300000e-01   3.8153900e+02   1.3461151e+02
   3.8204800e+02   8.8400000e-01   3.8244600e+02   1.3189597e+02
   3.8288400e+02   8.3500000e-01   3.8325300e+02   1.3357381e+02
   3.8370500e+02   8.2100000e-01   3.8406500e+02   1.3610742e+02
   3.8451900e+02   8.1400000e-01   3.8489300e+02   1.3595513e+02
   3.8534000e+02   8.2100000e-01   3.8572500e+02   1.3528265e+02
   3.8615300e+02   8.1300000e-01   3.8651200e+02   1.3390938e+02
   3.8694200e+02   7.8900000e-01   3.8732500e+02   1.3412366e+02
   3.8773400e+02   7.9200000e-01   3.8810500e+02   1.3613707e+02
   3.8855700e+02   8.2200000e-01   3.8891100e+02   1.3635135e+02
   3.8944100e+02   8.8400000e-01   3.8985200e+02   1.3430694e+02
   3.9030200e+02   8.6100000e-01   3.9068500e+02   1.3159005e+02
   3.9115000e+02   8.4900000e-01   3.9152400e+02   1.3235417e+02
   3.9200500e+02   8.5400000e-01   3.9236400e+02   1.3165204e+02
   3.9287500e+02   8.7000000e-01   3.9324400e+02   1.3000385e+02
   3.9369700e+02   8.2200000e-01   3.9407100e+02   1.2667781e+02
   3.9449200e+02   7.9600000e-01   3.9487700e+02   1.2542583e+02
   3.9526900e+02   7.7700000e-01   3.9562400e+02   1.2850794e+02
   3.9604700e+02   7.7700000e-01   3.9642300e+02   1.2924107e+02
   3.9684100e+02   7.9400000e-01   3.9721000e+02   1.2869122e+02
   3.9765500e+02   8.1500000e-01   3.9802300e+02   1.2762387e+02
   3.9846200e+02   8.0600000e-01   3.9882400e+02   1.2719666e+02
   3.9927000e+02   8.0900000e-01   3.9964400e+02   1.2930171e+02
   4.0011100e+02   8.4000000e-01   4.0046400e+02   1.2966828e+02
   4.0095300e+02   8.4300000e-01   4.0131000e+02   1.2832466e+02
   4.0178100e+02   8.2800000e-01   4.0215100e+02   1.2670746e+02
   4.0257700e+02   7.9600000e-01   4.0295000e+02   1.2545682e+02
   4.0335000e+02   7.7300000e-01   4.0372300e+02   1.2798909e+02
   4.0411500e+02   7.6500000e-01   4.0448300e+02   1.3082727e+02
   4.0489000e+02   7.7400000e-01   4.0526400e+02   1.3287168e+02
   4.0569600e+02   8.0600000e-01   4.0607100e+02   1.3439858e+02
   4.0654600e+02   8.5000000e-01   4.0690300e+02   1.3271939e+02
   4.0739600e+02   8.5000000e-01   4.0776400e+02   1.3284203e+02
   4.0827400e+02   8.7800000e-01   4.0866300e+02   1.3317760e+02
   4.0916500e+02   8.9100000e-01   4.0954400e+02   1.3232318e+02
   4.1006200e+02   8.9700000e-01   4.1044400e+02   1.2853893e+02
   4.1092300e+02   8.6100000e-01   4.1132400e+02   1.2524255e+02
   4.1176300e+02   8.4000000e-01   4.1214400e+02   1.2560911e+02
   4.1261000e+02   8.4700000e-01   4.1298400e+02   1.2518190e+02
   4.1345500e+02   8.4500000e-01   4.1384400e+02   1.2484633e+02
   4.1430700e+02   8.5200000e-01   4.1468400e+02   1.2368599e+02
   4.1514500e+02   8.3800000e-01   4.1553200e+02   1.2078717e+02
   4.1595000e+02   8.0400000e-01   4.1633000e+02   1.1996374e+02
   4.1673400e+02   7.8500000e-01   4.1712900e+02   1.2161194e+02
   4.1752300e+02   7.8800000e-01   4.1789000e+02   1.2353371e+02
   4.1834000e+02   8.1700000e-01   4.1872500e+02   1.2405256e+02
   4.1921300e+02   8.7300000e-01   4.1958500e+02   1.2243536e+02
   4.2009100e+02   8.7700000e-01   4.2046600e+02   1.2005538e+02
   4.2096900e+02   8.7800000e-01   4.2136600e+02   1.2161194e+02
   4.2186300e+02   8.9400000e-01   4.2224600e+02   1.2042060e+02
   4.2275500e+02   8.9200000e-01   4.2316500e+02   1.1773605e+02
   4.2359900e+02   8.4300000e-01   4.2400600e+02   1.1822391e+02
   4.2444600e+02   8.4700000e-01   4.2484700e+02   1.2048259e+02
   4.2530000e+02   8.5400000e-01   4.2569400e+02   1.1904733e+02
   4.2614300e+02   8.4300000e-01   4.2654600e+02   1.1810127e+02
   4.2697800e+02   8.3500000e-01   4.2737900e+02   1.2112273e+02
   4.2782600e+02   8.4800000e-01   4.2823400e+02   1.2112273e+02
   4.2867800e+02   8.5200000e-01   4.2906600e+02   1.1846783e+02
   4.2951200e+02   8.3400000e-01   4.2990600e+02   1.1892604e+02
   4.3036300e+02   8.5100000e-01   4.3074600e+02   1.2213079e+02
   4.3120600e+02   8.4300000e-01   4.3159400e+02   1.2271028e+02
   4.3206600e+02   8.6000000e-01   4.3246600e+02   1.2524255e+02
   4.3297300e+02   9.0600000e-01   4.3336600e+02   1.2765352e+02
   4.3382600e+02   8.5300000e-01   4.3422600e+02   1.2930171e+02
   4.3463500e+02   8.0900000e-01   4.3503300e+02   1.3268974e+02
   4.3543000e+02   7.9400000e-01   4.3584600e+02   1.3616807e+02
   4.3625000e+02   8.2000000e-01   4.3663300e+02   1.3799954e+02
   4.3714400e+02   8.9400000e-01   4.3753300e+02   1.3760198e+02
   4.3808200e+02   9.3800000e-01   4.3846600e+02   1.3613707e+02
   4.3901300e+02   9.3100000e-01   4.3938600e+02   1.3363580e+02
   4.3993800e+02   9.2500000e-01   4.4032700e+02   1.3003484e+02
   4.4082500e+02   8.8700000e-01   4.4122600e+02   1.2722631e+02
   4.4167100e+02   8.4600000e-01   4.4206600e+02   1.2716566e+02
   4.4249400e+02   8.2300000e-01   4.4286600e+02   1.2768451e+02
   4.4331000e+02   8.1600000e-01   4.4369300e+02   1.3000385e+02
   4.4413700e+02   8.2800000e-01   4.4451300e+02   1.3030842e+02
   4.4500000e+02   8.6300000e-01   4.4537100e+02   1.2988121e+02
   4.4586700e+02   8.6700000e-01   4.4624600e+02   1.2802008e+02
   4.4673000e+02   8.6300000e-01   4.4713300e+02   1.2469405e+02
   4.4754800e+02   8.1700000e-01   4.4792600e+02   1.2411320e+02
   4.4833200e+02   7.8400000e-01   4.4872600e+02   1.2600532e+02
   4.4910900e+02   7.7700000e-01   4.4948500e+02   1.2847829e+02
   4.4989800e+02   7.8900000e-01   4.5026500e+02   1.2890550e+02
   4.5072000e+02   8.2200000e-01   4.5108500e+02   1.2936236e+02
   4.5157700e+02   8.5800000e-01   4.5195200e+02   1.2847829e+02
   4.5244400e+02   8.6700000e-01   4.5287300e+02   1.2554847e+02
   4.5327600e+02   8.3200000e-01   4.5367000e+02   1.2286257e+02
   4.5406600e+02   7.9000000e-01   4.5446500e+02   1.2374799e+02
   4.5484200e+02   7.7600000e-01   4.5522500e+02   1.2765352e+02
   4.5563000e+02   7.8800000e-01   4.5603100e+02   1.2875187e+02
   4.5642800e+02   7.9800000e-01   4.5682400e+02   1.2850794e+02
   4.5724700e+02   8.1900000e-01   4.5762400e+02   1.2722631e+02
   4.5807900e+02   8.3200000e-01   4.5846400e+02   1.2405256e+02
   4.5888700e+02   8.0900000e-01   4.5928400e+02   1.2216044e+02
   4.5967800e+02   7.9100000e-01   4.6007100e+02   1.2277093e+02
   4.6045200e+02   7.7300000e-01   4.6085000e+02   1.2475469e+02
   4.6124100e+02   7.8900000e-01   4.6163100e+02   1.2582339e+02
   4.6204800e+02   8.0800000e-01   4.6242400e+02   1.2487733e+02
   4.6287900e+02   8.3100000e-01   4.6326300e+02   1.2368599e+02
   4.6373100e+02   8.5200000e-01   4.6412300e+02   1.2087881e+02
   4.6454600e+02   8.1500000e-01   4.6494300e+02   1.1923061e+02
   4.6533500e+02   7.9000000e-01   4.6572300e+02   1.2411320e+02
   4.6611500e+02   7.7900000e-01   4.6650200e+02   1.2683010e+02
   4.6690300e+02   7.8800000e-01   4.6728200e+02   1.2884351e+02
   4.6773700e+02   8.3400000e-01   4.6812300e+02   1.2887450e+02
   4.6856900e+02   8.3200000e-01   4.6894200e+02   1.2850794e+02
   4.6939700e+02   8.2800000e-01   4.6978900e+02   1.3043106e+02
   4.7025900e+02   8.6200000e-01   4.7064100e+02   1.3271939e+02
   4.7114400e+02   8.8500000e-01   4.7154600e+02   1.3143776e+02
   4.7206000e+02   9.1600000e-01   4.7244100e+02   1.2850794e+02
   4.7293500e+02   8.7500000e-01   4.7332700e+02   1.2512126e+02
   4.7379200e+02   8.5600000e-01   4.7420000e+02   1.2597568e+02
   4.7465400e+02   8.6200000e-01   4.7504600e+02   1.2713467e+02
   4.7550300e+02   8.4900000e-01   4.7588600e+02   1.2628025e+02
   4.7634500e+02   8.4100000e-01   4.7674000e+02   1.2451076e+02
   4.7715300e+02   8.0800000e-01   4.7754000e+02   1.2280192e+02
   4.7792800e+02   7.7500000e-01   4.7832700e+02   1.2359435e+02
   4.7867900e+02   7.5100000e-01   4.7906000e+02   1.2637189e+02
   4.7943800e+02   7.5800000e-01   4.7985900e+02   1.2960629e+02
   4.8022100e+02   7.8400000e-01   4.8058000e+02   1.2963728e+02
   4.8104100e+02   8.2000000e-01   4.8142500e+02   1.2914943e+02
   4.8189900e+02   8.5800000e-01   4.8227900e+02   1.2762387e+02
   4.8274800e+02   8.4900000e-01   4.8312700e+02   1.2475469e+02
   4.8357600e+02   8.2700000e-01   4.8395900e+02   1.2484633e+02
   4.8439100e+02   8.1500000e-01   4.8476700e+02   1.2753223e+02
   4.8522400e+02   8.3300000e-01   4.8562100e+02   1.2719666e+02
   4.8604800e+02   8.2500000e-01   4.8644000e+02   1.2560911e+02
   4.8687000e+02   8.2200000e-01   4.8726000e+02   1.2206880e+02
   4.8766400e+02   7.9300000e-01   4.8806700e+02   1.2118473e+02
   4.8843600e+02   7.7200000e-01   4.8884000e+02   1.2292321e+02
   4.8921000e+02   7.7400000e-01   4.8960000e+02   1.2527354e+02
   4.9000400e+02   7.9400000e-01   4.9040000e+02   1.2521290e+02
   4.9080600e+02   8.0200000e-01   4.9118700e+02   1.2365634e+02
   4.9161000e+02   8.0400000e-01   4.9202000e+02   1.2170223e+02
   4.9238800e+02   7.7800000e-01   4.9278700e+02   1.2121438e+02
   4.9315700e+02   7.6900000e-01   4.9354000e+02   1.2481534e+02
   4.9393700e+02   7.8000000e-01   4.9432700e+02   1.2594468e+02
   4.9474100e+02   8.0300000e-01   4.9512000e+02   1.2512126e+02
   4.9556900e+02   8.2900000e-01   4.9594100e+02   1.2319814e+02
   4.9638400e+02   8.1500000e-01   4.9676100e+02   1.2408355e+02
   4.9725300e+02   8.6900000e-01   4.9764100e+02   1.2518190e+02
   4.9817800e+02   9.2500000e-01   4.9858000e+02   1.2252700e+02
   4.9911100e+02   9.3300000e-01   4.9950100e+02   1.1810127e+02
   4.9998600e+02   8.7500000e-01   5.0038100e+02   1.1807162e+02
   5.0083600e+02   8.5000000e-01   5.0122100e+02   1.2164159e+02
   5.0169700e+02   8.6100000e-01   5.0210000e+02   1.2283157e+02
   5.0261100e+02   9.1300000e-01   5.0303400e+02   1.2457141e+02
   5.0354600e+02   9.3600000e-01   5.0394100e+02   1.2493797e+02
   5.0446100e+02   9.1400000e-01   5.0487400e+02   1.2261864e+02
   5.0533900e+02   8.7800000e-01   5.0574900e+02   1.2426684e+02
   5.0621400e+02   8.7600000e-01   5.0662100e+02   1.2722631e+02
   5.0708700e+02   8.7200000e-01   5.0748100e+02   1.2683010e+02
   5.0795000e+02   8.6400000e-01   5.0834100e+02   1.2643253e+02
   5.0877300e+02   8.2300000e-01   5.0916800e+02   1.2747024e+02
   5.0954600e+02   7.7200000e-01   5.0992100e+02   1.3317760e+02
   5.1029400e+02   7.4800000e-01   5.1066200e+02   1.3928117e+02
   5.1102900e+02   7.3600000e-01   5.1144200e+02   1.4257756e+02
   5.1180600e+02   7.7700000e-01   5.1218800e+02   1.4404112e+02
   5.1264300e+02   8.3700000e-01   5.1302200e+02   1.4611653e+02
   5.1358200e+02   9.3900000e-01   5.1396200e+02   1.4495754e+02
   5.1459700e+02   1.0140000e+00   5.1496200e+02   1.4257756e+02
   5.1559600e+02   9.9900000e-01   5.1598300e+02   1.4257756e+02
   5.1660600e+02   1.0100000e+00   5.1697000e+02   1.4126493e+02
   5.1758600e+02   9.8000000e-01   5.1796300e+02   1.3973938e+02
   5.1850300e+02   9.1700000e-01   5.1889100e+02   1.3998331e+02
   5.1939100e+02   8.8800000e-01   5.1977000e+02   1.4208836e+02
   5.2024800e+02   8.5600000e-01   5.2062400e+02   1.4144822e+02
   5.2108100e+02   8.3300000e-01   5.2146400e+02   1.4053180e+02
   5.2189100e+02   8.1100000e-01   5.2226400e+02   1.4260721e+02
   5.2268800e+02   7.9600000e-01   5.2306300e+02   1.4300477e+02
   5.2349700e+02   8.1000000e-01   5.2388300e+02   1.4150886e+02
   5.2428200e+02   7.8500000e-01   5.2464300e+02   1.4175279e+02
   5.2504500e+02   7.6300000e-01   5.2540400e+02   1.4218000e+02
   5.2580200e+02   7.5700000e-01   5.2617000e+02   1.4288213e+02
   5.2652100e+02   7.1900000e-01   5.2690300e+02   1.4031887e+02
   5.2726900e+02   7.4900000e-01   5.2762400e+02   1.4211935e+02
   5.2804500e+02   7.7600000e-01   5.2840400e+02   1.4056280e+02
   5.2881300e+02   7.6800000e-01   5.2916500e+02   1.4211935e+02
   5.2958700e+02   7.7300000e-01   5.2994400e+02   1.4294278e+02
   5.3036600e+02   7.7900000e-01   5.3072500e+02   1.4211935e+02
   5.3117700e+02   8.1100000e-01   5.3152500e+02   1.4007495e+02
   5.3197400e+02   7.9700000e-01   5.3234500e+02   1.3775561e+02
   5.3274800e+02   7.7400000e-01   5.3313800e+02   1.3949410e+02
   5.3354500e+02   7.9800000e-01   5.3390500e+02   1.3885396e+02
   5.3434500e+02   8.0000000e-01   5.3470100e+02   1.3629070e+02
   5.3513100e+02   7.8600000e-01   5.3548500e+02   1.3561957e+02
   5.3586200e+02   7.3100000e-01   5.3624500e+02   1.3040006e+02
   5.3656100e+02   6.9900000e-01   5.3693800e+02   1.3201726e+02
   5.3726300e+02   7.0200000e-01   5.3762500e+02   1.3491743e+02
   5.3797000e+02   7.0700000e-01   5.3832500e+02   1.3525300e+02
   5.3868900e+02   7.2000000e-01   5.3904500e+02   1.3451987e+02
   5.3943700e+02   7.4800000e-01   5.3978600e+02   1.3323824e+02
   5.4022700e+02   7.9000000e-01   5.4058500e+02   1.3088926e+02
   5.4100600e+02   7.7900000e-01   5.4137300e+02   1.2902679e+02
   5.4176500e+02   7.5800000e-01   5.4211900e+02   1.2817237e+02
   5.4250000e+02   7.3600000e-01   5.4288500e+02   1.2759287e+02
   5.4323500e+02   7.3500000e-01   5.4358600e+02   1.3143776e+02
   5.4397700e+02   7.4300000e-01   5.4434500e+02   1.3113319e+02
   5.4474600e+02   7.6900000e-01   5.4510400e+02   1.2997285e+02
   5.4554600e+02   8.0000000e-01   5.4591800e+02   1.2817237e+02
   5.4636500e+02   8.1800000e-01   5.4673200e+02   1.2512126e+02
   5.4715100e+02   7.8700000e-01   5.4752400e+02   1.2280192e+02
   5.4792200e+02   7.7000000e-01   5.4828400e+02   1.2478569e+02
   5.4869300e+02   7.7100000e-01   5.4906500e+02   1.2600532e+02
   5.4947400e+02   7.8100000e-01   5.4984500e+02   1.2557811e+02
   5.5026500e+02   7.9100000e-01   5.5062500e+02   1.2405256e+02
   5.5107000e+02   8.0500000e-01   5.5142500e+02   1.2170223e+02
   5.5185200e+02   7.8200000e-01   5.5222400e+02   1.2005538e+02
   5.5262400e+02   7.7100000e-01   5.5302400e+02   1.2173323e+02
   5.5340200e+02   7.7800000e-01   5.5376400e+02   1.2405256e+02
   5.5418800e+02   7.8700000e-01   5.5454400e+02   1.2408355e+02
   5.5500900e+02   8.2100000e-01   5.5537000e+02   1.2310650e+02
   5.5582700e+02   8.1800000e-01   5.5622300e+02   1.2164159e+02
   5.5662400e+02   7.9700000e-01   5.5698300e+02   1.2161194e+02
   5.5740700e+02   7.8300000e-01   5.5780300e+02   1.2445012e+02
   5.5819900e+02   7.9300000e-01   5.5857000e+02   1.2585304e+02
   5.5900200e+02   8.0300000e-01   5.5936300e+02   1.2557811e+02
   5.5984600e+02   8.4400000e-01   5.6023000e+02   1.2396092e+02
   5.6070700e+02   8.6100000e-01   5.6106200e+02   1.2322913e+02
   5.6157300e+02   8.6700000e-01   5.6194900e+02   1.2435848e+02
   5.6246500e+02   8.9100000e-01   5.6286200e+02   1.2405256e+02
   5.6335300e+02   8.8900000e-01   5.6372200e+02   1.2295421e+02
   5.6420700e+02   8.5400000e-01   5.6458200e+02   1.2533419e+02
   5.6508100e+02   8.7400000e-01   5.6546200e+02   1.2737859e+02
   5.6597100e+02   8.9100000e-01   5.6634200e+02   1.2564011e+02
   5.6683200e+02   8.6000000e-01   5.6724100e+02   1.2521290e+02
   5.6766300e+02   8.3200000e-01   5.6804200e+02   1.2966828e+02
   5.6847600e+02   8.1300000e-01   5.6886100e+02   1.3046205e+02
   5.6929200e+02   8.1600000e-01   5.6966100e+02   1.3046205e+02
   5.7012200e+02   8.3000000e-01   5.7050200e+02   1.3320859e+02
   5.7098900e+02   8.6600000e-01   5.7136900e+02   1.3513036e+02
   5.7187900e+02   8.9000000e-01   5.7226000e+02   1.3522200e+02
   5.7273300e+02   8.5400000e-01   5.7312100e+02   1.3931217e+02
   5.7361700e+02   8.8400000e-01   5.7400200e+02   1.4135658e+02
   5.7452900e+02   9.1200000e-01   5.7490000e+02   1.3970838e+02
   5.7542200e+02   8.9300000e-01   5.7584600e+02   1.3955610e+02
   5.7633600e+02   9.1300000e-01   5.7670000e+02   1.4059380e+02
   5.7727400e+02   9.3800000e-01   5.7766000e+02   1.3815183e+02
   5.7820100e+02   9.2800000e-01   5.7858000e+02   1.3491743e+02
   5.7908300e+02   8.8200000e-01   5.7946000e+02   1.3610742e+02
   5.7995600e+02   8.7300000e-01   5.8034000e+02   1.3650363e+02
   5.8079100e+02   8.3500000e-01   5.8115900e+02   1.3778526e+02
   5.8158100e+02   7.9000000e-01   5.8195900e+02   1.3967739e+02
   5.8240100e+02   8.2000000e-01   5.8276500e+02   1.4404112e+02
   5.8330800e+02   9.0700000e-01   5.8367900e+02   1.4416376e+02
   5.8434500e+02   1.0370000e+00   5.8472000e+02   1.4138622e+02
   5.8535200e+02   1.0070000e+00   5.8572500e+02   1.4044016e+02
   5.8638000e+02   1.0270000e+00   5.8674600e+02   1.4208836e+02
   5.8745100e+02   1.0720000e+00   5.8786600e+02   1.3961674e+02
   5.8850500e+02   1.0540000e+00   5.8888600e+02   1.3632035e+02
   5.8946800e+02   9.6300000e-01   5.8985800e+02   1.3500907e+02
   5.9040000e+02   9.3200000e-01   5.9078400e+02   1.3568021e+02
   5.9131500e+02   9.1500000e-01   5.9169800e+02   1.3449022e+02
   5.9220300e+02   8.8800000e-01   5.9257800e+02   1.3192562e+02
   5.9304600e+02   8.4300000e-01   5.9341800e+02   1.3317760e+02
   5.9390100e+02   8.5500000e-01   5.9427800e+02   1.3375709e+02
   5.9476900e+02   8.6800000e-01   5.9511700e+02   1.3235417e+02
   5.9563900e+02   8.7000000e-01   5.9601800e+02   1.3082727e+02
   5.9651600e+02   8.7700000e-01   5.9688600e+02   1.2985156e+02
   5.9741200e+02   8.9600000e-01   5.9777800e+02   1.3000385e+02
   5.9832600e+02   9.1300000e-01   5.9869700e+02   1.2756188e+02
   5.9919800e+02   8.7300000e-01   5.9955800e+02   1.2683010e+02
   6.0007400e+02   8.7600000e-01   6.0043800e+02   1.2685974e+02
   6.0095300e+02   8.7800000e-01   6.0129800e+02   1.2564011e+02
   6.0182200e+02   8.6900000e-01   6.0219700e+02   1.2283157e+02
   6.0265900e+02   8.3700000e-01   6.0303700e+02   1.2447977e+02
   6.0351400e+02   8.5500000e-01   6.0389800e+02   1.2487733e+02
   6.0438100e+02   8.6800000e-01   6.0474400e+02   1.2243536e+02
   6.0522500e+02   8.4400000e-01   6.0559800e+02   1.2173323e+02
   6.0606200e+02   8.3700000e-01   6.0643800e+02   1.2447977e+02
   6.0690800e+02   8.4600000e-01   6.0727800e+02   1.2393127e+02
   6.0773900e+02   8.3100000e-01   6.0811800e+02   1.2206880e+02
   6.0853100e+02   7.9200000e-01   6.0889800e+02   1.2292321e+02
   6.0931100e+02   7.8000000e-01   6.0966500e+02   1.2634089e+02
   6.1009400e+02   7.8400000e-01   6.1045800e+02   1.2844729e+02
   6.1088500e+02   7.9000000e-01   6.1125400e+02   1.2737859e+02
   6.1166300e+02   7.7900000e-01   6.1204500e+02   1.2759287e+02
   6.1243800e+02   7.7500000e-01   6.1283800e+02   1.3323824e+02
   6.1324200e+02   8.0300000e-01   6.1361800e+02   1.3738905e+02
   6.1404900e+02   8.0700000e-01   6.1443800e+02   1.3845640e+02
   6.1495900e+02   9.1000000e-01   6.1533800e+02   1.3775561e+02
   6.1590100e+02   9.4200000e-01   6.1627900e+02   1.3570986e+02
   6.1683900e+02   9.3700000e-01   6.1724200e+02   1.3723676e+02
   6.1779300e+02   9.5500000e-01   6.1815900e+02   1.3494708e+02
   6.1869000e+02   8.9700000e-01   6.1907300e+02   1.3055235e+02
   6.1951900e+02   8.2900000e-01   6.1990400e+02   1.3073563e+02
   6.2030200e+02   7.8300000e-01   6.2067800e+02   1.3568021e+02
   6.2105300e+02   7.5100000e-01   6.2141800e+02   1.4016659e+02
   6.2179800e+02   7.4500000e-01   6.2215800e+02   1.4300477e+02
   6.2254800e+02   7.5000000e-01   6.2291200e+02   1.4391983e+02
   6.2332000e+02   7.7200000e-01   6.2369800e+02   1.4620817e+02
   6.2415600e+02   8.3600000e-01   6.2453200e+02   1.4794800e+02
   6.2512600e+02   9.7000000e-01   6.2548600e+02   1.4709359e+02
   6.2612600e+02   1.0000000e+00   6.2649800e+02   1.4336999e+02
   6.2708700e+02   9.6100000e-01   6.2745800e+02   1.4336999e+02
   6.2804100e+02   9.5400000e-01   6.2842500e+02   1.4312606e+02
   6.2895100e+02   9.1000000e-01   6.2931800e+02   1.4141722e+02
   6.2978200e+02   8.3100000e-01   6.3015800e+02   1.3967739e+02
   6.3056200e+02   7.8000000e-01   6.3093100e+02   1.4236328e+02
   6.3135600e+02   7.9300000e-01   6.3171700e+02   1.4379720e+02
   6.3213900e+02   7.8400000e-01   6.3250500e+02   1.4358427e+02
   6.3296800e+02   8.2900000e-01   6.3333700e+02   1.4373655e+02
   6.3379700e+02   8.2800000e-01   6.3415700e+02   1.4218000e+02
   6.3462300e+02   8.2700000e-01   6.3498500e+02   1.4279049e+02
   6.3546700e+02   8.4400000e-01   6.3585600e+02   1.4178379e+02
   6.3631100e+02   8.4300000e-01   6.3665700e+02   1.4092937e+02
   6.3714400e+02   8.3300000e-01   6.3751600e+02   1.3888361e+02
   6.3798500e+02   8.4100000e-01   6.3834900e+02   1.4034852e+02
   6.3882000e+02   8.3500000e-01   6.3917500e+02   1.3799954e+02
   6.3963600e+02   8.1600000e-01   6.3999500e+02   1.3668692e+02
   6.4044100e+02   8.0500000e-01   6.4079500e+02   1.3772462e+02
   6.4126500e+02   8.2300000e-01   6.4163600e+02   1.3687020e+02
   6.4211100e+02   8.4700000e-01   6.4249500e+02   1.3403202e+02
   6.4292800e+02   8.1700000e-01   6.4329500e+02   1.3156040e+02
   6.4372600e+02   7.9800000e-01   6.4408900e+02   1.3336088e+02
   6.4453200e+02   8.0600000e-01   6.4492700e+02   1.2985156e+02
   6.4534900e+02   8.1700000e-01   6.4570700e+02   1.3217089e+02
   6.4614000e+02   7.9200000e-01   6.4649400e+02   1.2969793e+02
   6.4690600e+02   7.6500000e-01   6.4727400e+02   1.3046205e+02
   6.4766700e+02   7.6100000e-01   6.4802600e+02   1.3177333e+02
   6.4842700e+02   7.6000000e-01   6.4879300e+02   1.3235417e+02
   6.4922600e+02   7.9900000e-01   6.4959300e+02   1.3317760e+02
   6.5003400e+02   8.0800000e-01   6.5039300e+02   1.3366545e+02
   6.5087000e+02   8.3500000e-01   6.5123300e+02   1.3570986e+02
   6.5174300e+02   8.7300000e-01   6.5212500e+02   1.3583250e+02
   6.5264600e+02   9.0300000e-01   6.5303300e+02   1.3400102e+02
   6.5349700e+02   8.5100000e-01   6.5387300e+02   1.3275039e+02
   6.5434600e+02   8.4900000e-01   6.5471200e+02   1.3369645e+02
   6.5520200e+02   8.5600000e-01   6.5557200e+02   1.3323824e+02
   6.5602400e+02   8.2200000e-01   6.5639200e+02   1.3204825e+02
   6.5682200e+02   7.9700000e-01   6.5719200e+02   1.3491743e+02
   6.5762200e+02   8.0100000e-01   6.5797100e+02   1.3613707e+02
   6.5843200e+02   8.0900000e-01   6.5880500e+02   1.3629070e+02
   6.5924600e+02   8.1500000e-01   6.5961100e+02   1.3574086e+02
   6.6006400e+02   8.1800000e-01   6.6043100e+02   1.3360481e+02
   6.6086700e+02   8.0200000e-01   6.6124400e+02   1.3464251e+02
   6.6168200e+02   8.1500000e-01   6.6205000e+02   1.3656428e+02
   6.6249500e+02   8.1300000e-01   6.6288400e+02   1.3549693e+02
   6.6332800e+02   8.3300000e-01   6.6369100e+02   1.3445923e+02
   6.6415600e+02   8.2800000e-01   6.6451000e+02   1.3317760e+02
   6.6499000e+02   8.3400000e-01   6.6536300e+02   1.3513036e+02
   6.6585000e+02   8.6000000e-01   6.6623000e+02   1.3397137e+02
   6.6670800e+02   8.5800000e-01   6.6707000e+02   1.3079762e+02
   6.6752500e+02   8.1700000e-01   6.6791000e+02   1.2805108e+02
   6.6833100e+02   8.0500000e-01   6.6870300e+02   1.3024777e+02
   6.6914600e+02   8.1500000e-01   6.6951000e+02   1.3000385e+02
   6.6997100e+02   8.2500000e-01   6.7033000e+02   1.2798909e+02
   6.7078600e+02   8.1600000e-01   6.7116300e+02   1.2505926e+02
   6.7158900e+02   8.0300000e-01   6.7197000e+02   1.2679910e+02
   6.7242200e+02   8.3300000e-01   6.7278900e+02   1.2683010e+02
   6.7326700e+02   8.4500000e-01   6.7362900e+02   1.2527354e+02
   6.7415100e+02   8.8400000e-01   6.7454900e+02   1.2286257e+02
   6.7502100e+02   8.7000000e-01   6.7541000e+02   1.2084781e+02
   6.7589100e+02   8.7100000e-01   6.7625700e+02   1.2380863e+02
   6.7679400e+02   9.0300000e-01   6.7716900e+02   1.2445012e+02
   6.7770300e+02   9.0900000e-01   6.7807500e+02   1.2405256e+02
   6.7857500e+02   8.7200000e-01   6.7893600e+02   1.2582339e+02
   6.7944600e+02   8.7100000e-01   6.7984800e+02   1.2814272e+02
   6.8031700e+02   8.7100000e-01   6.8070800e+02   1.2722631e+02
   6.8115600e+02   8.3900000e-01   6.8153600e+02   1.2710502e+02
   6.8197900e+02   8.2300000e-01   6.8234900e+02   1.3149841e+02
   6.8280100e+02   8.2200000e-01   6.8318900e+02   1.3162104e+02
   6.8361300e+02   8.1300000e-01   6.8398900e+02   1.3006449e+02
   6.8440700e+02   7.9300000e-01   6.8477600e+02   1.3183532e+02
   6.8522900e+02   8.2200000e-01   6.8558900e+02   1.3284203e+02
   6.8607700e+02   8.4700000e-01   6.8643600e+02   1.3104155e+02
   6.8692600e+02   8.4900000e-01   6.8731000e+02   1.2960629e+02
   6.8778900e+02   8.6300000e-01   6.8816900e+02   1.3134612e+02
   6.8869100e+02   9.0200000e-01   6.8906900e+02   1.2921007e+02
   6.8958700e+02   8.9600000e-01   6.8997700e+02   1.2509026e+02
   6.9043800e+02   8.5200000e-01   6.9085600e+02   1.2621960e+02
   6.9129000e+02   8.5100000e-01   6.9167100e+02   1.2600532e+02
   6.9213100e+02   8.4100000e-01   6.9251500e+02   1.2393127e+02
   6.9295900e+02   8.2800000e-01   6.9335100e+02   1.2255800e+02
   6.9378300e+02   8.2400000e-01   6.9415100e+02   1.2496762e+02
   6.9461800e+02   8.3500000e-01   6.9499200e+02   1.2445012e+02
   6.9545900e+02   8.4200000e-01   6.9585100e+02   1.2313749e+02
   6.9628200e+02   8.2300000e-01   6.9667100e+02   1.2625060e+02
   6.9713000e+02   8.4700000e-01   6.9751300e+02   1.2838665e+02
   6.9800600e+02   8.7700000e-01   6.9837300e+02   1.2719666e+02
   6.9885100e+02   8.4400000e-01   6.9923300e+02   1.2719666e+02
   6.9968600e+02   8.3500000e-01   7.0006600e+02   1.2978957e+02
   7.0051700e+02   8.3200000e-01   7.0088700e+02   1.2951599e+02
   7.0134300e+02   8.2600000e-01   7.0171300e+02   1.2844729e+02
   7.0216900e+02   8.2600000e-01   7.0255500e+02   1.2591368e+02
   7.0294900e+02   7.8000000e-01   7.0333400e+02   1.2762387e+02
   7.0374400e+02   7.9400000e-01   7.0411400e+02   1.3238382e+02
   7.0450200e+02   7.5800000e-01   7.0488900e+02   1.3625971e+02
   7.0524300e+02   7.4100000e-01   7.0563500e+02   1.4059380e+02
   7.0600900e+02   7.6600000e-01   7.0637500e+02   1.4251557e+02
   7.0685300e+02   8.4500000e-01   7.0723600e+02   1.4178379e+02
   7.0771400e+02   8.6100000e-01   7.0809600e+02   1.4221100e+02
   7.0860200e+02   8.8900000e-01   7.0898200e+02   1.4285114e+02
   7.0952600e+02   9.2400000e-01   7.0989700e+02   1.4178379e+02
   7.1045600e+02   9.2900000e-01   7.1085700e+02   1.3812083e+02
   7.1132900e+02   8.7300000e-01   7.1171700e+02   1.3696184e+02
   7.1217800e+02   8.4900000e-01   7.1255800e+02   1.3845640e+02
   7.1302900e+02   8.5100000e-01   7.1341800e+02   1.3775561e+02
   7.1386600e+02   8.3700000e-01   7.1423800e+02   1.3601578e+02
   7.1465800e+02   7.9200000e-01   7.1503400e+02   1.3586349e+02
   7.1543400e+02   7.7600000e-01   7.1579900e+02   1.3925018e+02
   7.1622600e+02   7.9200000e-01   7.1658000e+02   1.4050216e+02
   7.1705400e+02   8.2900000e-01   7.1744000e+02   1.4059380e+02
   7.1791200e+02   8.5700000e-01   7.1828000e+02   1.3931217e+02
   7.1874900e+02   8.3700000e-01   7.1910900e+02   1.3699284e+02
   7.1954600e+02   7.9800000e-01   7.1993400e+02   1.3671791e+02
   7.2031200e+02   7.6500000e-01   7.2068100e+02   1.3967739e+02
   7.2110300e+02   7.9200000e-01   7.2146000e+02   1.4092937e+02
   7.2190400e+02   8.0100000e-01   7.2226100e+02   1.4010459e+02
   7.2273000e+02   8.2600000e-01   7.2310200e+02   1.3845640e+02
   7.2355300e+02   8.2400000e-01   7.2392300e+02   1.3650363e+02
   7.2433700e+02   7.8300000e-01   7.2472200e+02   1.3610742e+02
   7.2511400e+02   7.7700000e-01   7.2546900e+02   1.3879332e+02
   7.2588900e+02   7.7500000e-01   7.2626300e+02   1.3934182e+02
   7.2667300e+02   7.8400000e-01   7.2704300e+02   1.3891461e+02
   7.2743600e+02   7.6400000e-01   7.2780900e+02   1.3836611e+02
   7.2821500e+02   7.7900000e-01   7.2858400e+02   1.4184443e+02
   7.2901100e+02   7.9600000e-01   7.2938500e+02   1.4135658e+02
   7.2983300e+02   8.2200000e-01   7.3023100e+02   1.3925018e+02
   7.3063100e+02   7.9800000e-01   7.3101200e+02   1.3763298e+02
   7.3141700e+02   7.8500000e-01   7.3180500e+02   1.3934182e+02
   7.3220600e+02   7.8900000e-01   7.3257000e+02   1.3970838e+02
   7.3300100e+02   7.9500000e-01   7.3336600e+02   1.3806019e+02
   7.3375300e+02   7.5200000e-01   7.3412000e+02   1.3705348e+02
   7.3447900e+02   7.2600000e-01   7.3485900e+02   1.4068544e+02
   7.3521500e+02   7.3600000e-01   7.3560100e+02   1.4196707e+02
   7.3593800e+02   7.2300000e-01   7.3632600e+02   1.4187543e+02
   7.3669600e+02   7.5800000e-01   7.3704600e+02   1.4214900e+02
   7.3753500e+02   8.3900000e-01   7.3792100e+02   1.4077573e+02
   7.3836100e+02   8.2600000e-01   7.3873500e+02   1.3912889e+02
   7.3917300e+02   8.1300000e-01   7.3953500e+02   1.3989166e+02
   7.4000100e+02   8.2700000e-01   7.4036700e+02   1.4092937e+02
   7.4084900e+02   8.4800000e-01   7.4120700e+02   1.4007495e+02
   7.4173000e+02   8.8000000e-01   7.4208700e+02   1.3781626e+02
   7.4256100e+02   8.3200000e-01   7.4292700e+02   1.3574086e+02
   7.4335000e+02   7.8900000e-01   7.4371400e+02   1.3687020e+02
   7.4412000e+02   7.7000000e-01   7.4447400e+02   1.3879332e+02
   7.4489100e+02   7.7100000e-01   7.4524700e+02   1.3812083e+02
   7.4566200e+02   7.7100000e-01   7.4602700e+02   1.3726641e+02
   7.4642900e+02   7.6700000e-01   7.4678800e+02   1.3574086e+02
   7.4718300e+02   7.5300000e-01   7.4755000e+02   1.3647399e+02
   7.4795700e+02   7.7500000e-01   7.4830700e+02   1.3818282e+02
   7.4874100e+02   7.8300000e-01   7.4908700e+02   1.3644299e+02
   7.4954300e+02   8.0200000e-01   7.4991400e+02   1.3430694e+02
   7.5032200e+02   7.8000000e-01   7.5069400e+02   1.3302531e+02
   7.5109300e+02   7.7100000e-01   7.5145300e+02   1.3476380e+02
   7.5189300e+02   7.9900000e-01   7.5225500e+02   1.3464251e+02
   7.5271600e+02   8.2300000e-01   7.5308800e+02   1.3363580e+02
   7.5357900e+02   8.6300000e-01   7.5395400e+02   1.3104155e+02
   7.5440100e+02   8.2200000e-01   7.5476800e+02   1.2841630e+02
   7.5519600e+02   7.9500000e-01   7.5556800e+02   1.3003484e+02
   7.5599400e+02   7.9800000e-01   7.5636900e+02   1.2957664e+02
   7.5681100e+02   8.1700000e-01   7.5718900e+02   1.2713467e+02
   7.5761700e+02   8.0600000e-01   7.5800900e+02   1.2447977e+02
   7.5839800e+02   7.8100000e-01   7.5877000e+02   1.2487733e+02
   7.5918500e+02   7.8700000e-01   7.5954900e+02   1.2679910e+02
   7.5996400e+02   7.7900000e-01   7.6031700e+02   1.2536518e+02
   7.6077600e+02   8.1300000e-01   7.6115700e+02   1.2393127e+02
   7.6159600e+02   8.2000000e-01   7.6197700e+02   1.2203915e+02
   7.6239000e+02   7.9300000e-01   7.6275700e+02   1.2286257e+02
   7.6319400e+02   8.0400000e-01   7.6355100e+02   1.2515090e+02
   7.6400800e+02   8.1400000e-01   7.6437000e+02   1.2527354e+02
   7.6486800e+02   8.6000000e-01   7.6523500e+02   1.2432748e+02
   7.6571700e+02   8.4900000e-01   7.6608600e+02   1.2295421e+02
   7.6652400e+02   8.0700000e-01   7.6691000e+02   1.2478569e+02
   7.6732900e+02   8.0400000e-01   7.6769000e+02   1.2798909e+02
   7.6809900e+02   7.7000000e-01   7.6847000e+02   1.3052270e+02
   7.6884400e+02   7.4500000e-01   7.6921100e+02   1.3568021e+02
   7.6959600e+02   7.5100000e-01   7.6997100e+02   1.4099001e+02
   7.7041300e+02   8.1700000e-01   7.7077100e+02   1.4370556e+02
   7.7135000e+02   9.3700000e-01   7.7175100e+02   1.4300477e+02
   7.7231200e+02   9.6200000e-01   7.7269100e+02   1.4010459e+02
   7.7328300e+02   9.7100000e-01   7.7365800e+02   1.4117329e+02
   7.7427500e+02   9.9200000e-01   7.7465000e+02   1.3839576e+02
   7.7521400e+02   9.3800000e-01   7.7559000e+02   1.3806019e+02
   7.7614300e+02   9.2900000e-01   7.7651000e+02   1.3967739e+02
   7.7706800e+02   9.2400000e-01   7.7745100e+02   1.3845640e+02
   7.7797400e+02   9.0600000e-01   7.7835000e+02   1.3653463e+02
   7.7883300e+02   8.6000000e-01   7.7921700e+02   1.3677856e+02
   7.7968300e+02   8.4900000e-01   7.8005100e+02   1.3842675e+02
   7.8054700e+02   8.6500000e-01   7.8092300e+02   1.3744970e+02
   7.8145400e+02   9.0700000e-01   7.8187100e+02   1.3613707e+02
   7.8234100e+02   8.8700000e-01   7.8273800e+02   1.3476380e+02
   7.8323600e+02   8.9600000e-01   7.8361000e+02   1.3491743e+02
   7.8413000e+02   8.9400000e-01   7.8451000e+02   1.3278138e+02
   7.8499300e+02   8.6300000e-01   7.8535800e+02   1.3107120e+02
   7.8580100e+02   8.0800000e-01   7.8617000e+02   1.3165204e+02
   7.8659300e+02   7.9200000e-01   7.8697000e+02   1.3485544e+02
   7.8739200e+02   7.9900000e-01   7.8777000e+02   1.3485544e+02
   7.8821800e+02   8.2600000e-01   7.8857700e+02   1.3439858e+02
   7.8911900e+02   9.0000000e-01   7.8947700e+02   1.3275039e+02
   7.9003200e+02   9.1300000e-01   7.9041100e+02   1.3082727e+02
   7.9089400e+02   8.6200000e-01   7.9129100e+02   1.3040006e+02
   7.9175700e+02   8.6300000e-01   7.9213100e+02   1.3275039e+02
   7.9261200e+02   8.5500000e-01   7.9297600e+02   1.3220054e+02
   7.9348000e+02   8.6700000e-01   7.9387100e+02   1.3232318e+02
   7.9432000e+02   8.4000000e-01   7.9469100e+02   1.3232318e+02
   7.9516500e+02   8.4500000e-01   7.9553100e+02   1.3040006e+02
   7.9596700e+02   8.0300000e-01   7.9633900e+02   1.2951599e+02
   7.9674200e+02   7.7400000e-01   7.9713200e+02   1.3195661e+02
   7.9750900e+02   7.6700000e-01   7.9789100e+02   1.3296332e+02
   7.9827400e+02   7.6500000e-01   7.9863600e+02   1.3479480e+02
   7.9904300e+02   7.6900000e-01   7.9941300e+02   1.3564921e+02
   7.9980300e+02   7.6000000e-01   8.0017300e+02   1.3888361e+02
   8.0058000e+02   7.7700000e-01   8.0093300e+02   1.4221100e+02
   8.0137100e+02   7.9200000e-01   8.0173300e+02   1.4175279e+02
   8.0217400e+02   8.0300000e-01   8.0253300e+02   1.4099001e+02
   8.0295800e+02   7.8400000e-01   8.0332700e+02   1.4242393e+02
   8.0376900e+02   8.1000000e-01   8.0414700e+02   1.4199672e+02
   8.0460300e+02   8.3500000e-01   8.0498100e+02   1.4053180e+02
   8.0541000e+02   8.0700000e-01   8.0577300e+02   1.4007495e+02
   8.0622900e+02   8.1900000e-01   8.0659300e+02   1.4105066e+02
   8.0706300e+02   8.3300000e-01   8.0743400e+02   1.3894560e+02
   8.0788000e+02   8.1700000e-01   8.0823400e+02   1.3763298e+02
   8.0869300e+02   8.1300000e-01   8.0906100e+02   1.3946445e+02
   8.0950300e+02   8.1000000e-01   8.0988700e+02   1.3464251e+02
   8.1029300e+02   7.9100000e-01   8.1065700e+02   1.3806019e+02
   8.1108700e+02   7.9300000e-01   8.1144600e+02   1.3751034e+02
   8.1187500e+02   7.8800000e-01   8.1223300e+02   1.3570986e+02
   8.1264100e+02   7.6600000e-01   8.1301400e+02   1.3497808e+02
   8.1339900e+02   7.5800000e-01   8.1375300e+02   1.3650363e+02
   8.1416400e+02   7.6400000e-01   8.1451300e+02   1.3568021e+02
   8.1494900e+02   7.8500000e-01   8.1531500e+02   1.3360481e+02
   8.1572600e+02   7.7700000e-01   8.1609400e+02   1.3229218e+02
   8.1650900e+02   7.8300000e-01   8.1689400e+02   1.3162104e+02
   8.1730300e+02   7.9300000e-01   8.1767400e+02   1.3186497e+02
   8.1809800e+02   7.9600000e-01   8.1845400e+02   1.2957664e+02
   8.1886000e+02   7.6200000e-01   8.1923400e+02   1.2844729e+02
   8.1962100e+02   7.6100000e-01   8.1999500e+02   1.3076662e+02
   8.2038300e+02   7.6100000e-01   8.2075400e+02   1.3000385e+02
   8.2115000e+02   7.6700000e-01   8.2153400e+02   1.2884351e+02
   8.2189800e+02   7.4800000e-01   8.2226600e+02   1.2853893e+02
   8.2266200e+02   7.6400000e-01   8.2302700e+02   1.3094991e+02
   8.2345600e+02   7.9400000e-01   8.2386200e+02   1.3101055e+02
   8.2428700e+02   8.3100000e-01   8.2465500e+02   1.2963728e+02
   8.2509900e+02   8.1200000e-01   8.2547400e+02   1.2847829e+02
   8.2591400e+02   8.1600000e-01   8.2629400e+02   1.2957664e+02
   8.2673900e+02   8.2500000e-01   8.2712200e+02   1.2875187e+02
   8.2754900e+02   8.1000000e-01   8.2791500e+02   1.2634089e+02
   8.2834100e+02   7.9200000e-01   8.2872200e+02   1.2762387e+02
   8.2914500e+02   8.0400000e-01   8.2951500e+02   1.2924107e+02
   8.2994600e+02   8.0100000e-01   8.3030200e+02   1.2786780e+02
   8.3074300e+02   7.9800000e-01   8.3111600e+02   1.2637189e+02
   8.3152300e+02   7.8000000e-01   8.3189600e+02   1.2786780e+02
   8.3232700e+02   8.0300000e-01   8.3269700e+02   1.2924107e+02
   8.3316800e+02   8.4200000e-01   8.3353700e+02   1.2765352e+02
   8.3400800e+02   8.3900000e-01   8.3439100e+02   1.2460241e+02
   8.3482700e+02   8.1900000e-01   8.3519100e+02   1.2661582e+02
   8.3565900e+02   8.3300000e-01   8.3603700e+02   1.2643253e+02
   8.3649100e+02   8.3200000e-01   8.3689000e+02   1.2219143e+02
   8.3729000e+02   7.9900000e-01   8.3765800e+02   1.2249600e+02
   8.3808700e+02   7.9700000e-01   8.3843800e+02   1.2515090e+02
   8.3888600e+02   7.9900000e-01   8.3924600e+02   1.2472369e+02
   8.3970200e+02   8.1700000e-01   8.4008000e+02   1.2039095e+02
   8.4047600e+02   7.7400000e-01   8.4087900e+02   1.2176422e+02
   8.4125100e+02   7.7500000e-01   8.4161900e+02   1.2600532e+02
   8.4202500e+02   7.7400000e-01   8.4237900e+02   1.2765352e+02
   8.4283900e+02   8.1400000e-01   8.4320000e+02   1.2963728e+02
   8.4365900e+02   8.1900000e-01   8.4404000e+02   1.3235417e+02
   8.4445200e+02   7.9300000e-01   8.4486700e+02   1.3723676e+02
   8.4527000e+02   8.1800000e-01   8.4564000e+02   1.4175279e+02
   8.4612200e+02   8.5200000e-01   8.4650100e+02   1.4221100e+02
   8.4702200e+02   8.9900000e-01   8.4740000e+02   1.4059380e+02
   8.4790000e+02   8.7800000e-01   8.4828000e+02   1.4004395e+02
   8.4879300e+02   8.9300000e-01   8.4916100e+02   1.4099001e+02
   8.4970200e+02   9.0900000e-01   8.5008100e+02   1.3848740e+02
   8.5057500e+02   8.7300000e-01   8.5096100e+02   1.3616807e+02
   8.5141700e+02   8.4200000e-01   8.5182100e+02   1.3845640e+02
   8.5227900e+02   8.6200000e-01   8.5266100e+02   1.3839576e+02
   8.5314500e+02   8.6600000e-01   8.5352100e+02   1.3607642e+02
   8.5395000e+02   8.0500000e-01   8.5432600e+02   1.3601578e+02
   8.5474900e+02   7.9900000e-01   8.5516100e+02   1.3854804e+02
   8.5555200e+02   8.0300000e-01   8.5592300e+02   1.3876232e+02
   8.5638600e+02   8.3400000e-01   8.5676100e+02   1.4019624e+02
   8.5727300e+02   8.8700000e-01   8.5764100e+02   1.3918953e+02
   8.5813100e+02   8.5800000e-01   8.5850200e+02   1.3845640e+02
   8.5899100e+02   8.6000000e-01   8.5936200e+02   1.4092937e+02
   8.5987600e+02   8.8500000e-01   8.6025600e+02   1.3949410e+02
   8.6079000e+02   9.1300000e-01   8.6116800e+02   1.3806019e+02
   8.6167700e+02   8.8700000e-01   8.6204300e+02   1.3641199e+02
   8.6259900e+02   9.2200000e-01   8.6298100e+02   1.3644299e+02
   8.6354400e+02   9.4500000e-01   8.6394200e+02   1.3442823e+02
   8.6445200e+02   9.0900000e-01   8.6485500e+02   1.3097956e+02
   8.6530900e+02   8.5600000e-01   8.6568600e+02   1.3152940e+02
   8.6613000e+02   8.2100000e-01   8.6650100e+02   1.3439858e+02
   8.6690400e+02   7.7400000e-01   8.6726100e+02   1.3525300e+02
   8.6766400e+02   7.6000000e-01   8.6802100e+02   1.3650363e+02
   8.6844000e+02   7.7600000e-01   8.6886100e+02   1.3769362e+02
   8.6924100e+02   8.0100000e-01   8.6964100e+02   1.3970838e+02
   8.7010500e+02   8.6400000e-01   8.7048700e+02   1.4178379e+02
   8.7104000e+02   9.3500000e-01   8.7142100e+02   1.4013559e+02
   8.7197600e+02   9.3700000e-01   8.7234000e+02   1.3888361e+02
   8.7287600e+02   9.0000000e-01   8.7324000e+02   1.4089837e+02
   8.7378800e+02   9.1200000e-01   8.7416000e+02   1.4016659e+02
   8.7469600e+02   9.0800000e-01   8.7505900e+02   1.3815183e+02
   8.7555700e+02   8.6100000e-01   8.7594000e+02   1.3653463e+02
   8.7638800e+02   8.3100000e-01   8.7675900e+02   1.3729741e+02
   8.7721700e+02   8.3000000e-01   8.7757900e+02   1.3922053e+02
   8.7805200e+02   8.3500000e-01   8.7843200e+02   1.3784726e+02
   8.7889200e+02   8.4000000e-01   8.7925900e+02   1.3650363e+02
   8.7970900e+02   8.1700000e-01   8.8007900e+02   1.3479480e+02
   8.8050300e+02   7.9400000e-01   8.8088500e+02   1.3314660e+02
   8.8131100e+02   8.0800000e-01   8.8167800e+02   1.3683920e+02
   8.8213600e+02   8.2500000e-01   8.8249900e+02   1.3485544e+02
   8.8297700e+02   8.4100000e-01   8.8333900e+02   1.3186497e+02
   8.8378400e+02   8.0700000e-01   8.8415200e+02   1.3015613e+02
   8.8458000e+02   7.9600000e-01   8.8493900e+02   1.3189597e+02
   8.8538200e+02   8.0300000e-01   8.8573800e+02   1.3076662e+02
   8.8615900e+02   7.7600000e-01   8.8653900e+02   1.2560911e+02
   8.8690800e+02   7.5000000e-01   8.8727900e+02   1.2679910e+02
   8.8762300e+02   7.1500000e-01   8.8798600e+02   1.2737859e+02
   8.8831800e+02   6.9500000e-01   8.8867900e+02   1.3116284e+02
   8.8902200e+02   7.0400000e-01   8.8937900e+02   1.3320859e+02
   8.8973900e+02   7.1600000e-01   8.9009800e+02   1.3650363e+02
   8.9051100e+02   7.7200000e-01   8.9087800e+02   1.4013559e+02
   8.9138800e+02   8.7700000e-01   8.9175900e+02   1.4218000e+02
   8.9236200e+02   9.7400000e-01   8.9272600e+02   1.4153986e+02
   8.9334500e+02   9.8300000e-01   8.9371800e+02   1.3696184e+02
   8.9426500e+02   9.2100000e-01   8.9465800e+02   1.3320859e+02
   8.9511800e+02   8.5200000e-01   8.9549800e+02   1.3317760e+02
   8.9594200e+02   8.2400000e-01   8.9633000e+02   1.3714512e+02
   8.9675500e+02   8.1300000e-01   8.9714500e+02   1.3522200e+02
   8.9758200e+02   8.2700000e-01   8.9795800e+02   1.3409266e+02
   8.9844000e+02   8.5800000e-01   8.9885700e+02   1.3229218e+02
   8.9931500e+02   8.7500000e-01   8.9967700e+02   1.3003484e+02
   9.0016100e+02   8.4600000e-01   9.0053800e+02   1.2930171e+02
   9.0097900e+02   8.1700000e-01   9.0135800e+02   1.3201726e+02
   9.0178100e+02   8.0200000e-01   9.0215800e+02   1.3195661e+02
   9.0258200e+02   8.0100000e-01   9.0295700e+02   1.3271939e+02
   9.0339500e+02   8.1300000e-01   9.0377100e+02   1.3250646e+02
   9.0423700e+02   8.4200000e-01   9.0462500e+02   1.3308596e+02
   9.0508600e+02   8.4900000e-01   9.0545700e+02   1.3189597e+02
   9.0592400e+02   8.3800000e-01   9.0629700e+02   1.3152940e+02
   9.0675700e+02   8.3300000e-01   9.0711700e+02   1.3275039e+02
   9.0762600e+02   8.6900000e-01   9.0800300e+02   1.3394038e+02
   9.0853400e+02   9.0800000e-01   9.0889700e+02   1.3320859e+02
   9.0946200e+02   9.2800000e-01   9.0985600e+02   1.3119383e+02
   9.1037700e+02   9.1500000e-01   9.1073600e+02   1.2884351e+02
   9.1124500e+02   8.6800000e-01   9.1162300e+02   1.2832466e+02
   9.1209400e+02   8.4900000e-01   9.1244200e+02   1.3000385e+02
   9.1293200e+02   8.3700000e-01   9.1329600e+02   1.2966828e+02
   9.1376000e+02   8.2900000e-01   9.1413600e+02   1.2805108e+02
   9.1459000e+02   8.2900000e-01   9.1496200e+02   1.2713467e+02
   9.1541100e+02   8.2200000e-01   9.1577700e+02   1.2594468e+02
   9.1619300e+02   7.8200000e-01   9.1655600e+02   1.2634089e+02
   9.1695400e+02   7.6100000e-01   9.1731600e+02   1.2805108e+02
   9.1773100e+02   7.7600000e-01   9.1809500e+02   1.3003484e+02
   9.1858000e+02   8.5000000e-01   9.1893600e+02   1.3241482e+02
   9.1950900e+02   9.2800000e-01   9.1988800e+02   1.3455087e+02
   9.2038500e+02   8.7600000e-01   9.2077500e+02   1.3775561e+02
   9.2123800e+02   8.5300000e-01   9.2161500e+02   1.3696184e+02
   9.2204800e+02   8.1100000e-01   9.2243500e+02   1.3616807e+02
   9.2286500e+02   8.1600000e-01   9.2325400e+02   1.3970838e+02
   9.2367100e+02   8.0600000e-01   9.2405400e+02   1.3931217e+02
   9.2448700e+02   8.1600000e-01   9.2487400e+02   1.3891461e+02
   9.2529300e+02   8.0600000e-01   9.2567400e+02   1.3610742e+02
   9.2607400e+02   7.8100000e-01   9.2643500e+02   1.3644299e+02
   9.2686600e+02   7.9200000e-01   9.2723300e+02   1.3888361e+02
   9.2764600e+02   7.8000000e-01   9.2803400e+02   1.3775561e+02
   9.2843800e+02   7.9200000e-01   9.2879400e+02   1.3769362e+02
   9.2922900e+02   7.9100000e-01   9.2959400e+02   1.3851839e+02
   9.3002800e+02   7.9900000e-01   9.3039400e+02   1.3848740e+02
   9.3082000e+02   7.9200000e-01   9.3119300e+02   1.3891461e+02
   9.3158300e+02   7.6300000e-01   9.3194000e+02   1.3833511e+02
   9.3236100e+02   7.7800000e-01   9.3273300e+02   1.4095901e+02
   9.3315800e+02   7.9800000e-01   9.3351300e+02   1.4010459e+02
   9.3396200e+02   8.0400000e-01   9.3433300e+02   1.3848740e+02
   9.3474800e+02   7.8600000e-01   9.3511300e+02   1.3729741e+02
   9.3553300e+02   7.8500000e-01   9.3589300e+02   1.3845640e+02
   9.3634100e+02   8.0800000e-01   9.3669300e+02   1.3842675e+02
   9.3714500e+02   8.0400000e-01   9.3751300e+02   1.3690120e+02
   9.3794300e+02   7.9800000e-01   9.3831300e+02   1.3570986e+02
   9.3871400e+02   7.7100000e-01   9.3907300e+02   1.3317760e+02
   9.3945200e+02   7.3800000e-01   9.3983800e+02   1.3595513e+02
   9.4017200e+02   7.1900000e-01   9.4053300e+02   1.4062345e+02
   9.4090600e+02   7.3400000e-01   9.4126000e+02   1.4297377e+02
   9.4168300e+02   7.7800000e-01   9.4203900e+02   1.4330934e+02
   9.4258300e+02   8.9900000e-01   9.4295400e+02   1.4175279e+02
   9.4350700e+02   9.2400000e-01   9.4389300e+02   1.3570986e+02
   9.4442100e+02   9.1300000e-01   9.4479200e+02   1.3928117e+02
   9.4534500e+02   9.2400000e-01   9.4571200e+02   1.3891461e+02
   9.4626600e+02   9.2100000e-01   9.4663300e+02   1.3772462e+02
   9.4715400e+02   8.8800000e-01   9.4753300e+02   1.3406301e+02
   9.4800100e+02   8.4800000e-01   9.4837300e+02   1.3488644e+02
   9.4885500e+02   8.5400000e-01   9.4922000e+02   1.3479480e+02
   9.4971200e+02   8.5600000e-01   9.5009300e+02   1.3403202e+02
   9.5058500e+02   8.7400000e-01   9.5095600e+02   1.3064399e+02
   9.5142200e+02   8.3700000e-01   9.5181100e+02   1.2982056e+02
   9.5225900e+02   8.3700000e-01   9.5265300e+02   1.3152940e+02
   9.5308400e+02   8.2600000e-01   9.5347200e+02   1.3000385e+02
   9.5389000e+02   8.0600000e-01   9.5427200e+02   1.2808073e+02
   9.5464400e+02   7.5500000e-01   9.5503800e+02   1.2951599e+02
   9.5540300e+02   7.5800000e-01   9.5577200e+02   1.3449022e+02
   9.5616800e+02   7.6500000e-01   9.5653100e+02   1.3607642e+02
   9.5699600e+02   8.2900000e-01   9.5735100e+02   1.3690120e+02
   9.5784600e+02   8.5000000e-01   9.5823100e+02   1.3702249e+02
   9.5876900e+02   9.2300000e-01   9.5913100e+02   1.3973938e+02
   9.5976200e+02   9.9300000e-01   9.6013100e+02   1.3845640e+02
   9.6074400e+02   9.8200000e-01   9.6113000e+02   1.3690120e+02
   9.6168800e+02   9.4300000e-01   9.6207600e+02   1.3763298e+02
   9.6262800e+02   9.4000000e-01   9.6300900e+02   1.3610742e+02
   9.6356000e+02   9.3200000e-01   9.6392900e+02   1.3445923e+02
   9.6443500e+02   8.7500000e-01   9.6486900e+02   1.3241482e+02
   9.6528700e+02   8.5200000e-01   9.6565600e+02   1.3394038e+02
   9.6613000e+02   8.4300000e-01   9.6648800e+02   1.3271939e+02
   9.6693800e+02   8.0800000e-01   9.6730700e+02   1.3079762e+02
   9.6770700e+02   7.6900000e-01   9.6806800e+02   1.3278138e+02
   9.6846400e+02   7.5700000e-01   9.6884700e+02   1.3119383e+02
   9.6921600e+02   7.5200000e-01   9.6956700e+02   1.3445923e+02
   9.6996600e+02   7.5000000e-01   9.7032700e+02   1.3531365e+02
   9.7075000e+02   7.8400000e-01   9.7115300e+02   1.3677856e+02
   9.7150000e+02   7.4900000e-01   9.7188600e+02   1.3644299e+02
   9.7229300e+02   7.9300000e-01   9.7264500e+02   1.4257756e+02
   9.7314600e+02   8.5400000e-01   9.7352500e+02   1.4138622e+02
   9.7408200e+02   9.3600000e-01   9.7444400e+02   1.4059380e+02
   9.7497800e+02   8.9600000e-01   9.7534400e+02   1.3766397e+02
   9.7580800e+02   8.3000000e-01   9.7618300e+02   1.3497808e+02
   9.7656200e+02   7.5400000e-01   9.7695600e+02   1.3427594e+02
   9.7732300e+02   7.6100000e-01   9.7768200e+02   1.3693084e+02
   9.7807500e+02   7.5200000e-01   9.7844200e+02   1.3488644e+02
   9.7882200e+02   7.4700000e-01   9.7918100e+02   1.3577185e+02
   9.7959600e+02   7.7400000e-01   9.7996100e+02   1.3729741e+02
   9.8037600e+02   7.8000000e-01   9.8074100e+02   1.3650363e+02
   9.8118300e+02   8.0700000e-01   9.8154000e+02   1.3531365e+02
   9.8196400e+02   7.8100000e-01   9.8233600e+02   1.3500907e+02
   9.8275400e+02   7.8900000e-01   9.8311900e+02   1.3766397e+02
   9.8354300e+02   7.8900000e-01   9.8393500e+02   1.3503872e+02
   9.8430800e+02   7.6400000e-01   9.8468600e+02   1.3479480e+02
   9.8506100e+02   7.5400000e-01   9.8543300e+02   1.3784726e+02
   9.8582100e+02   7.6000000e-01   9.8618400e+02   1.3766397e+02
   9.8658300e+02   7.6200000e-01   9.8695500e+02   1.3705348e+02
   9.8737500e+02   7.9200000e-01   9.8773800e+02   1.3568021e+02
   9.8816700e+02   7.9200000e-01   9.8853800e+02   1.3323824e+02
   9.8894100e+02   7.7400000e-01   9.8931700e+02   1.3400102e+02
   9.8973100e+02   7.9100000e-01   9.9009800e+02   1.3619906e+02
   9.9053500e+02   8.0300000e-01   9.9091700e+02   1.2408355e+02
   9.9134000e+02   8.0500000e-01   9.9173200e+02   1.3085827e+02
   9.9211100e+02   7.7000000e-01   9.9247700e+02   1.3006449e+02
   9.9286000e+02   7.5000000e-01   9.9323700e+02   1.3226253e+02
   9.9361900e+02   7.5900000e-01   9.9398300e+02   1.3223154e+02
   9.9439100e+02   7.7200000e-01   9.9475700e+02   1.3146876e+02
   9.9520200e+02   8.1100000e-01   9.9556300e+02   1.2951599e+02
   9.9601200e+02   8.1000000e-01   9.9637500e+02   1.2612796e+02
   9.9681100e+02   7.9800000e-01   9.9717600e+02   1.2722631e+02
   9.9763800e+02   8.2700000e-01   9.9799600e+02   1.2640289e+02
   9.9847900e+02   8.4100000e-01   9.9887500e+02   1.2423584e+02
   9.9930200e+02   8.2300000e-01   9.9967600e+02   1.2075617e+02
   1.0000980e+03   7.9600000e-01   1.0004680e+03   1.2225208e+02
   1.0009220e+03   8.2400000e-01   1.0012950e+03   1.2206880e+02
   1.0017690e+03   8.4600000e-01   1.0021290e+03   1.2066588e+02
   1.0025930e+03   8.2500000e-01   1.0029750e+03   1.1773605e+02
   1.0033950e+03   8.0100000e-01   1.0037740e+03   1.2023867e+02
   1.0042100e+03   8.1600000e-01   1.0045750e+03   1.2246636e+02
   1.0050470e+03   8.3700000e-01   1.0054210e+03   1.2206880e+02
   1.0058690e+03   8.2200000e-01   1.0062550e+03   1.2124537e+02
   1.0067080e+03   8.3900000e-01   1.0070810e+03   1.2548647e+02
   1.0075940e+03   8.8600000e-01   1.0079740e+03   1.2765352e+02
   1.0084680e+03   8.7400000e-01   1.0088730e+03   1.2759287e+02
   1.0092960e+03   8.2700000e-01   1.0096800e+03   1.3030842e+02
   1.0101320e+03   8.3600000e-01   1.0105130e+03   1.3485544e+02
   1.0109690e+03   8.3700000e-01   1.0113390e+03   1.3607642e+02
   1.0118260e+03   8.5700000e-01   1.0122260e+03   1.3467351e+02
   1.0126370e+03   8.1100000e-01   1.0130460e+03   1.3458186e+02
   1.0134380e+03   8.0100000e-01   1.0138330e+03   1.3735805e+02
   1.0142490e+03   8.1100000e-01   1.0146330e+03   1.3729741e+02
   1.0151010e+03   8.5200000e-01   1.0154730e+03   1.3519101e+02
   1.0159450e+03   8.4400000e-01   1.0163380e+03   1.3351317e+02
   1.0167920e+03   8.4700000e-01   1.0171720e+03   1.3445923e+02
   1.0176540e+03   8.6200000e-01   1.0180330e+03   1.3284203e+02
   1.0185000e+03   8.4600000e-01   1.0188970e+03   1.2667781e+02
   1.0193250e+03   8.2600000e-01   1.0197050e+03   1.3171269e+02
   1.0201570e+03   8.3200000e-01   1.0205460e+03   1.3104155e+02
   1.0209810e+03   8.2400000e-01   1.0213570e+03   1.2869122e+02
   1.0217790e+03   7.9800000e-01   1.0221660e+03   1.2939335e+02
   1.0226060e+03   8.2700000e-01   1.0229730e+03   1.3122483e+02
   1.0234620e+03   8.5600000e-01   1.0238520e+03   1.3003484e+02
   1.0243340e+03   8.7200000e-01   1.0247120e+03   1.2805108e+02
   1.0252000e+03   8.6700000e-01   1.0255720e+03   1.2930171e+02
   1.0261010e+03   9.0100000e-01   1.0264720e+03   1.2884351e+02
   1.0270320e+03   9.3100000e-01   1.0274120e+03   1.2521290e+02
   1.0279170e+03   8.8400000e-01   1.0282800e+03   1.2615896e+02
   1.0288030e+03   8.8600000e-01   1.0291800e+03   1.2502961e+02
   1.0296950e+03   8.9200000e-01   1.0300720e+03   1.2283157e+02
   1.0305390e+03   8.4400000e-01   1.0309200e+03   1.2152030e+02
   1.0313700e+03   8.3100000e-01   1.0317530e+03   1.2518190e+02
   1.0321950e+03   8.2500000e-01   1.0325530e+03   1.2438813e+02
   1.0330240e+03   8.2900000e-01   1.0333930e+03   1.2292321e+02
   1.0337920e+03   7.6800000e-01   1.0341530e+03   1.2252700e+02
   1.0345140e+03   7.2300000e-01   1.0349130e+03   1.2844729e+02
   1.0352240e+03   7.1000000e-01   1.0356000e+03   1.3769362e+02
   1.0359520e+03   7.2700000e-01   1.0363130e+03   1.4221100e+02
   1.0368040e+03   8.5200000e-01   1.0371730e+03   1.4373655e+02
   1.0377290e+03   9.2500000e-01   1.0381330e+03   1.4300477e+02
   1.0387300e+03   1.0010000e+00   1.0390940e+03   1.4349262e+02
   1.0397530e+03   1.0230000e+00   1.0401130e+03   1.3982967e+02
   1.0407370e+03   9.8500000e-01   1.0411330e+03   1.3973938e+02
   1.0416990e+03   9.6200000e-01   1.0420730e+03   1.4138622e+02
   1.0426530e+03   9.5400000e-01   1.0430330e+03   1.4190508e+02
   1.0436010e+03   9.4800000e-01   1.0439730e+03   1.4095901e+02
   1.0445320e+03   9.3000000e-01   1.0448920e+03   1.3888361e+02
   1.0453920e+03   8.6100000e-01   1.0457730e+03   1.3812083e+02
   1.0461980e+03   8.0500000e-01   1.0465710e+03   1.4004395e+02
   1.0470010e+03   8.0300000e-01   1.0473800e+03   1.4230264e+02
   1.0478220e+03   8.2100000e-01   1.0481930e+03   1.4175279e+02
   1.0486850e+03   8.6300000e-01   1.0490520e+03   1.4089837e+02
   1.0495570e+03   8.7200000e-01   1.0499510e+03   1.3888361e+02
   1.0503940e+03   8.3700000e-01   1.0507510e+03   1.3812083e+02
   1.0512470e+03   8.5300000e-01   1.0516110e+03   1.3894560e+02
   1.0521010e+03   8.5400000e-01   1.0524700e+03   1.3763298e+02
   1.0529520e+03   8.5100000e-01   1.0533150e+03   1.3558857e+02
   1.0537610e+03   8.0900000e-01   1.0541160e+03   1.3473415e+02
   1.0545460e+03   7.8500000e-01   1.0549300e+03   1.3732841e+02
   1.0553300e+03   7.8400000e-01   1.0557090e+03   1.4135658e+02
   1.0561460e+03   8.1600000e-01   1.0565290e+03   1.4147787e+02
   1.0570160e+03   8.6900000e-01   1.0573900e+03   1.4169214e+02
   1.0579390e+03   9.2300000e-01   1.0583090e+03   1.3928117e+02
   1.0588410e+03   9.0200000e-01   1.0592280e+03   1.3693084e+02
   1.0596940e+03   8.5300000e-01   1.0600690e+03   1.3772462e+02
   1.0605600e+03   8.6600000e-01   1.0609480e+03   1.3815183e+02
   1.0614290e+03   8.6900000e-01   1.0617960e+03   1.3635135e+02
   1.0623010e+03   8.7200000e-01   1.0626680e+03   1.3406301e+02
   1.0631440e+03   8.4300000e-01   1.0635070e+03   1.3235417e+02
   1.0639740e+03   8.3000000e-01   1.0643480e+03   1.3445923e+02
   1.0648040e+03   8.3000000e-01   1.0651670e+03   1.3323824e+02
   1.0656360e+03   8.3200000e-01   1.0659940e+03   1.3268974e+02
   1.0664520e+03   8.1600000e-01   1.0668540e+03   1.3104155e+02
   1.0672510e+03   7.9900000e-01   1.0676270e+03   1.3201726e+02
   1.0680570e+03   8.0600000e-01   1.0684260e+03   1.3323824e+02
   1.0688730e+03   8.1600000e-01   1.0692390e+03   1.3253611e+02
   1.0697300e+03   8.5700000e-01   1.0700860e+03   1.3079762e+02
   1.0705780e+03   8.4800000e-01   1.0709460e+03   1.2997285e+02
   1.0714230e+03   8.4500000e-01   1.0718060e+03   1.3070598e+02
   1.0722750e+03   8.5200000e-01   1.0726450e+03   1.2957664e+02
   1.0731240e+03   8.4900000e-01   1.0734930e+03   1.2753223e+02
   1.0739340e+03   8.1000000e-01   1.0743250e+03   1.2847829e+02
   1.0747540e+03   8.2000000e-01   1.0751450e+03   1.3000385e+02
   1.0755910e+03   8.3700000e-01   1.0759450e+03   1.2887450e+02
   1.0764250e+03   8.3400000e-01   1.0768050e+03   1.2637189e+02
   1.0772210e+03   7.9600000e-01   1.0775850e+03   1.2762387e+02
   1.0780280e+03   8.0700000e-01   1.0783850e+03   1.2850794e+02
   1.0788330e+03   8.0500000e-01   1.0792050e+03   1.2759287e+02
   1.0796260e+03   7.9300000e-01   1.0800050e+03   1.2530454e+02
   1.0803940e+03   7.6800000e-01   1.0807650e+03   1.2731795e+02
   1.0811730e+03   7.7900000e-01   1.0815460e+03   1.2927072e+02
   1.0819650e+03   7.9200000e-01   1.0823330e+03   1.2841630e+02
   1.0827740e+03   8.0900000e-01   1.0831310e+03   1.2753223e+02
   1.0835630e+03   7.8900000e-01   1.0839250e+03   1.2759287e+02
   1.0843660e+03   8.0300000e-01   1.0847460e+03   1.3003484e+02
   1.0851910e+03   8.2500000e-01   1.0855650e+03   1.2924107e+02
   1.0860450e+03   8.5300000e-01   1.0864060e+03   1.2685974e+02
   1.0868650e+03   8.2100000e-01   1.0872250e+03   1.2637189e+02
   1.0877060e+03   8.4100000e-01   1.0880860e+03   1.2762387e+02
   1.0885640e+03   8.5700000e-01   1.0889460e+03   1.2524255e+02
   1.0893920e+03   8.2900000e-01   1.0897660e+03   1.2243536e+02
   1.0902160e+03   8.2400000e-01   1.0905850e+03   1.2475469e+02
   1.0910370e+03   8.2200000e-01   1.0914450e+03   1.2408355e+02
   1.0918520e+03   8.1400000e-01   1.0922240e+03   1.2081816e+02
   1.0926370e+03   7.8500000e-01   1.0930250e+03   1.2121438e+02
   1.0934270e+03   7.8900000e-01   1.0937850e+03   1.2447977e+02
   1.0942210e+03   7.9400000e-01   1.0946040e+03   1.2405256e+02
   1.0950360e+03   8.1400000e-01   1.0954110e+03   1.2118473e+02
   1.0958250e+03   7.9000000e-01   1.0962040e+03   1.2167258e+02
   1.0966310e+03   8.0600000e-01   1.0970040e+03   1.2521290e+02
   1.0974570e+03   8.2600000e-01   1.0978510e+03   1.2512126e+02
   1.0982930e+03   8.3700000e-01   1.0986640e+03   1.2209979e+02
   1.0991030e+03   8.1000000e-01   1.0994840e+03   1.1916997e+02
   1.0998640e+03   7.6100000e-01   1.1002440e+03   1.2286257e+02
   1.1006170e+03   7.5300000e-01   1.1009900e+03   1.2670746e+02
   1.1013630e+03   7.4700000e-01   1.1017430e+03   1.2798909e+02
   1.1020980e+03   7.3500000e-01   1.1024640e+03   1.2924107e+02
   1.1028300e+03   7.3200000e-01   1.1032040e+03   1.2777616e+02
   1.1035300e+03   7.0000000e-01   1.1039030e+03   1.2673845e+02
   1.1042460e+03   7.1600000e-01   1.1046430e+03   1.2972892e+02
   1.1049830e+03   7.3700000e-01   1.1053480e+03   1.3314660e+02
   1.1057350e+03   7.5300000e-01   1.1060900e+03   1.3311695e+02
   1.1065180e+03   7.8300000e-01   1.1068900e+03   1.3433659e+02
   1.1073480e+03   8.3000000e-01   1.1077240e+03   1.3485544e+02
   1.1081630e+03   8.1500000e-01   1.1085430e+03   1.3656428e+02
   1.1089790e+03   8.1600000e-01   1.1093630e+03   1.3918953e+02
   1.1098020e+03   8.2200000e-01   1.1101700e+03   1.3882297e+02
   1.1106500e+03   8.4900000e-01   1.1110630e+03   1.3766397e+02
   1.1115120e+03   8.6100000e-01   1.1118890e+03   1.3564921e+02
   1.1123530e+03   8.4100000e-01   1.1127240e+03   1.3268974e+02
   1.1131570e+03   8.0400000e-01   1.1135440e+03   1.3326924e+02
   1.1139490e+03   7.9100000e-01   1.1143430e+03   1.3363580e+02
   1.1147310e+03   7.8200000e-01   1.1151040e+03   1.3308596e+02
   1.1155250e+03   7.9400000e-01   1.1159370e+03   1.3207925e+02
   1.1163150e+03   7.9100000e-01   1.1166980e+03   1.3546593e+02
   1.1171510e+03   8.3500000e-01   1.1175240e+03   1.3729741e+02
   1.1180430e+03   8.9300000e-01   1.1184050e+03   1.3650363e+02
   1.1189460e+03   9.0200000e-01   1.1193240e+03   1.3494708e+02
   1.1198250e+03   8.8000000e-01   1.1202040e+03   1.3613707e+02
   1.1207140e+03   8.8800000e-01   1.1210840e+03   1.3485544e+02
   1.1216060e+03   8.9300000e-01   1.1219850e+03   1.3125448e+02
   1.1224150e+03   8.0900000e-01   1.1227900e+03   1.2911843e+02
   1.1231610e+03   7.4500000e-01   1.1235440e+03   1.3397137e+02
   1.1238790e+03   7.1800000e-01   1.1242520e+03   1.4001295e+02
   1.1245920e+03   7.1300000e-01   1.1249650e+03   1.4449933e+02
   1.1254010e+03   8.1000000e-01   1.1257650e+03   1.4697095e+02
   1.1264210e+03   1.0200000e+00   1.1267850e+03   1.4535375e+02
   1.1274020e+03   9.8100000e-01   1.1277650e+03   1.4257756e+02
   1.1284060e+03   1.0040000e+00   1.1287650e+03   1.4416376e+02
   1.1294500e+03   1.0440000e+00   1.1298650e+03   1.4221100e+02
   1.1305040e+03   1.0530000e+00   1.1308850e+03   1.3922053e+02
   1.1315420e+03   1.0380000e+00   1.1319250e+03   1.4056280e+02
   1.1325950e+03   1.0530000e+00   1.1329650e+03   1.4092937e+02
   1.1335660e+03   9.7100000e-01   1.1339310e+03   1.3836611e+02
   1.1344500e+03   8.8400000e-01   1.1348530e+03   1.3760198e+02
   1.1352800e+03   8.3000000e-01   1.1356460e+03   1.3888361e+02
   1.1361090e+03   8.2900000e-01   1.1364730e+03   1.3839576e+02
   1.1369520e+03   8.4400000e-01   1.1373050e+03   1.3696184e+02
   1.1377720e+03   8.1900000e-01   1.1381260e+03   1.3693084e+02
   1.1386050e+03   8.3300000e-01   1.1389660e+03   1.3769362e+02
   1.1394680e+03   8.6200000e-01   1.1398650e+03   1.3607642e+02
   1.1403560e+03   8.8800000e-01   1.1407050e+03   1.3369645e+02
   1.1412030e+03   8.4700000e-01   1.1415650e+03   1.3271939e+02
   1.1420740e+03   8.7000000e-01   1.1424450e+03   1.3317760e+02
   1.1429520e+03   8.7800000e-01   1.1433120e+03   1.3070598e+02
   1.1438020e+03   8.5100000e-01   1.1441650e+03   1.2802008e+02
   1.1446300e+03   8.2700000e-01   1.1449920e+03   1.2951599e+02
   1.1454790e+03   8.5000000e-01   1.1458500e+03   1.2951599e+02
   1.1463330e+03   8.5300000e-01   1.1467040e+03   1.2670746e+02
   1.1471750e+03   8.4300000e-01   1.1475440e+03   1.2487733e+02
   1.1480390e+03   8.6400000e-01   1.1484050e+03   1.2402156e+02
   1.1489660e+03   9.2700000e-01   1.1493450e+03   1.2560911e+02
   1.1498880e+03   9.2200000e-01   1.1502840e+03   1.2365634e+02
   1.1507290e+03   8.4100000e-01   1.1511240e+03   1.2560911e+02
   1.1515060e+03   7.7700000e-01   1.1519040e+03   1.2963728e+02
   1.1522640e+03   7.5900000e-01   1.1526510e+03   1.3644299e+02
   1.1530370e+03   7.7300000e-01   1.1534230e+03   1.3964774e+02
   1.1538850e+03   8.4800000e-01   1.1542690e+03   1.4083772e+02
   1.1547970e+03   9.1200000e-01   1.1551630e+03   1.4095901e+02
   1.1557350e+03   9.3800000e-01   1.1561070e+03   1.4324870e+02
   1.1567230e+03   9.8800000e-01   1.1570830e+03   1.4221100e+02
   1.1577440e+03   1.0210000e+00   1.1581430e+03   1.3928117e+02
   1.1586900e+03   9.4600000e-01   1.1590830e+03   1.3775561e+02
   1.1596270e+03   9.3700000e-01   1.1600020e+03   1.3809118e+02
   1.1605570e+03   9.3000000e-01   1.1609270e+03   1.3598478e+02
   1.1614380e+03   8.8000000e-01   1.1618220e+03   1.3357381e+02
   1.1622720e+03   8.3400000e-01   1.1626500e+03   1.3519101e+02
   1.1630980e+03   8.2600000e-01   1.1634610e+03   1.3723676e+02
   1.1639170e+03   8.1900000e-01   1.1642880e+03   1.3644299e+02
   1.1647390e+03   8.2200000e-01   1.1651010e+03   1.3528265e+02
   1.1655610e+03   8.2200000e-01   1.1659280e+03   1.3351317e+02
   1.1663650e+03   8.0400000e-01   1.1667410e+03   1.3442823e+02
   1.1671790e+03   8.1400000e-01   1.1675410e+03   1.3650363e+02
   1.1680100e+03   8.3100000e-01   1.1683670e+03   1.3677856e+02
   1.1688440e+03   8.3400000e-01   1.1692400e+03   1.3488644e+02
   1.1696620e+03   8.1800000e-01   1.1700400e+03   1.3326924e+02
   1.1704670e+03   8.0400000e-01   1.1708600e+03   1.3610742e+02
   1.1712930e+03   8.2700000e-01   1.1716600e+03   1.3729741e+02
   1.1721110e+03   8.1800000e-01   1.1724800e+03   1.3806019e+02
   1.1729410e+03   8.3100000e-01   1.1733390e+03   1.3802919e+02
   1.1737640e+03   8.2300000e-01   1.1741390e+03   1.3888361e+02
   1.1746110e+03   8.4600000e-01   1.1749790e+03   1.3845640e+02
   1.1754500e+03   8.4000000e-01   1.1758580e+03   1.3690120e+02
   1.1762670e+03   8.1700000e-01   1.1766380e+03   1.3641199e+02
   1.1771040e+03   8.3700000e-01   1.1774780e+03   1.3659528e+02
   1.1779660e+03   8.6100000e-01   1.1783450e+03   1.3519101e+02
   1.1788140e+03   8.4800000e-01   1.1791770e+03   1.3445923e+02
   1.1796630e+03   8.5000000e-01   1.1800360e+03   1.3354416e+02
   1.1805080e+03   8.4500000e-01   1.1809360e+03   1.2441912e+02
   1.1813330e+03   8.2500000e-01   1.1817180e+03   1.3043106e+02
   1.1821510e+03   8.1800000e-01   1.1825160e+03   1.3284203e+02
   1.1829610e+03   8.0900000e-01   1.1833410e+03   1.3174368e+02
   1.1837820e+03   8.2100000e-01   1.1841560e+03   1.2957664e+02
   1.1845890e+03   8.0700000e-01   1.1849550e+03   1.2838665e+02
   1.1853740e+03   7.8500000e-01   1.1857350e+03   1.3009549e+02
   1.1861610e+03   7.8700000e-01   1.1865340e+03   1.3314660e+02
   1.1869780e+03   8.1600000e-01   1.1873540e+03   1.3449022e+02
   1.1878680e+03   8.9000000e-01   1.1882340e+03   1.3403202e+02
   1.1887310e+03   8.6300000e-01   1.1891140e+03   1.3198761e+02
   1.1895540e+03   8.2300000e-01   1.1899330e+03   1.3323824e+02
   1.1903630e+03   8.0900000e-01   1.1907400e+03   1.3723676e+02
   1.1912180e+03   8.5400000e-01   1.1916130e+03   1.3845640e+02
   1.1921060e+03   8.8900000e-01   1.1924800e+03   1.3760198e+02
   1.1929680e+03   8.6200000e-01   1.1933520e+03   1.3482579e+02
   1.1938020e+03   8.3300000e-01   1.1941930e+03   1.3568021e+02
   1.1946600e+03   8.5800000e-01   1.1950320e+03   1.3006449e+02
   1.1955410e+03   8.8100000e-01   1.1959320e+03   1.3232318e+02
   1.1964180e+03   8.7600000e-01   1.1967920e+03   1.3037041e+02
   1.1972560e+03   8.3800000e-01   1.1976320e+03   1.3079762e+02
   1.1980860e+03   8.3100000e-01   1.1984510e+03   1.3406301e+02
   1.1989220e+03   8.3600000e-01   1.1992910e+03   1.3268974e+02
   1.1998090e+03   8.8700000e-01   1.2001700e+03   1.3491743e+02
   1.2007110e+03   9.0300000e-01   1.2010700e+03   1.2713467e+02
   1.2015700e+03   8.5900000e-01   1.2019420e+03   1.2933271e+02
   1.2024200e+03   8.5000000e-01   1.2027890e+03   1.2841630e+02
