   1.9030000e+00   7.5200000e-01   2.1610000e+00   1.2164450e+02
   2.6270000e+00   7.2400000e-01   2.9210000e+00   1.2191460e+02
   3.3010000e+00   6.7400000e-01   3.6010000e+00   1.2061220e+02
   3.9900000e+00   6.8900000e-01   4.2610000e+00   1.2238611e+02
   4.6890000e+00   6.9900000e-01   4.9610000e+00   1.2380066e+02
   5.4090000e+00   7.2000000e-01   5.6610000e+00   1.2327192e+02
   6.1620000e+00   7.5300000e-01   6.4310000e+00   1.2510077e+02
   6.8510000e+00   6.8900000e-01   7.1410000e+00   1.2393342e+02
   7.5580000e+00   7.0700000e-01   7.8310000e+00   1.2500006e+02
   8.2710000e+00   7.1300000e-01   8.5610000e+00   1.2401353e+02
   9.0010000e+00   7.3000000e-01   9.2710000e+00   1.0436547e+02
   9.6740000e+00   6.7300000e-01   9.9510000e+00   9.7993123e+01
   1.0346000e+01   6.7200000e-01   1.0881000e+01   8.0590486e+01
   1.1005000e+01   6.5900000e-01   1.1640000e+01   1.1258039e+02
   1.1639000e+01   6.3400000e-01   1.1891000e+01   1.2754762e+02
   1.2298000e+01   6.5900000e-01   1.2681000e+01   1.1924343e+02
   1.2945000e+01   6.4600000e-01   1.3251000e+01   1.1904201e+02
   1.3592000e+01   6.4700000e-01   1.3941000e+01   1.1207454e+02
   1.4265000e+01   6.7400000e-01   1.4551000e+01   1.2731186e+02
   1.4963000e+01   6.9700000e-01   1.5231000e+01   1.2308194e+02
   1.5621000e+01   6.5800000e-01   1.5931000e+01   1.1900996e+02
   1.6265000e+01   6.4400000e-01   1.6531000e+01   1.2151175e+02
   1.6930000e+01   6.6500000e-01   1.7201000e+01   1.2116383e+02
   1.7607000e+01   6.7600000e-01   1.7881000e+01   1.2234034e+02
   1.8287000e+01   6.8000000e-01   1.8561000e+01   1.2063509e+02
   1.8947000e+01   6.6000000e-01   1.9241000e+01   1.2066943e+02
   1.9587000e+01   6.4000000e-01   1.9851000e+01   1.2065798e+02
   2.0256000e+01   6.7000000e-01   2.0521000e+01   1.2278896e+02
   2.0950000e+01   6.9300000e-01   2.1221000e+01   1.2410280e+02
   2.1648000e+01   6.9900000e-01   2.1951000e+01   1.2446216e+02
   2.2354000e+01   7.0600000e-01   2.2611000e+01   1.2428134e+02
   2.3031000e+01   6.7700000e-01   2.3341000e+01   1.2416918e+02
   2.3683000e+01   6.5200000e-01   2.3971000e+01   1.2400209e+02
   2.4348000e+01   6.6500000e-01   2.4621000e+01   1.2496572e+02
   2.5025000e+01   6.7700000e-01   2.5331000e+01   1.2472081e+02
   2.5743000e+01   7.1800000e-01   2.6031000e+01   1.2553795e+02
   2.6399000e+01   6.5600000e-01   2.6691000e+01   1.2543724e+02
   2.7062000e+01   6.6300000e-01   2.7361000e+01   1.2620174e+02
   2.7749000e+01   6.8700000e-01   2.8031000e+01   1.2852270e+02
   2.8448000e+01   6.9900000e-01   2.8711000e+01   1.2818623e+02
   2.9142000e+01   6.9500000e-01   2.9421000e+01   1.2771471e+02
   2.9804000e+01   6.6100000e-01   3.0071000e+01   1.2813130e+02
   3.0440000e+01   6.3700000e-01   3.0741000e+01   1.2723404e+02
   3.1084000e+01   6.4400000e-01   3.1341000e+01   1.2970149e+02
   3.1756000e+01   6.7200000e-01   3.2061000e+01   1.2820912e+02
   3.2449000e+01   6.9200000e-01   3.2731000e+01   1.2865775e+02
   3.3197000e+01   7.4900000e-01   3.3481000e+01   1.2918649e+02
   3.3892000e+01   6.9500000e-01   3.4161000e+01   1.2811985e+02
   3.4556000e+01   6.6400000e-01   3.4841000e+01   1.2784976e+02
   3.5254000e+01   6.9800000e-01   3.5521000e+01   1.2792987e+02
   3.5974000e+01   7.2000000e-01   3.6241000e+01   1.2776049e+02
   3.6676000e+01   7.0200000e-01   3.6961000e+01   1.2632534e+02
   3.7360000e+01   6.8400000e-01   3.7641000e+01   1.2442783e+02
   3.8019000e+01   6.5900000e-01   3.8311000e+01   1.2366562e+02
   3.8699000e+01   6.8000000e-01   3.8971000e+01   1.2559518e+02
   3.9489000e+01   7.9000000e-01   3.9741000e+01   1.2495657e+02
   4.0247000e+01   7.5800000e-01   4.0521000e+01   1.2540520e+02
   4.0993000e+01   7.4600000e-01   4.1261000e+01   1.2456287e+02
   4.1681000e+01   6.8800000e-01   4.1951000e+01   1.2345275e+02
   4.2361000e+01   6.8000000e-01   4.2621000e+01   1.2513510e+02
   4.3090000e+01   7.2900000e-01   4.3381000e+01   1.2658170e+02
   4.3854000e+01   7.6400000e-01   4.4141000e+01   1.2813130e+02
   4.4635000e+01   7.8100000e-01   4.4921000e+01   1.2721115e+02
   4.5341000e+01   7.0600000e-01   4.5601000e+01   1.2523582e+02
   4.6029000e+01   6.8800000e-01   4.6331000e+01   1.2579660e+02
   4.6778000e+01   7.4800000e-01   4.7041000e+01   1.2787265e+02
   4.7576000e+01   7.9800000e-01   4.7881000e+01   1.2479863e+02
   4.8382000e+01   8.0600000e-01   4.8661000e+01   1.2580804e+02
   4.9105000e+01   7.2300000e-01   4.9421000e+01   1.2229685e+02
   4.9794000e+01   6.8900000e-01   5.0081000e+01   1.2500006e+02
   5.0492000e+01   6.9800000e-01   5.0751000e+01   1.2523582e+02
   5.1300000e+01   8.0800000e-01   5.1571000e+01   1.2614452e+02
   5.2126000e+01   8.2600000e-01   5.2431000e+01   1.2386704e+02
   5.2974000e+01   8.4900000e-01   5.3271000e+01   1.2424929e+02
   5.3749000e+01   7.7500000e-01   5.4041000e+01   1.2519004e+02
   5.4465000e+01   7.1500000e-01   5.4741000e+01   1.2346419e+02
   5.5255000e+01   7.9000000e-01   5.5511000e+01   1.2345275e+02
   5.6014000e+01   7.6000000e-01   5.6291000e+01   1.2146597e+02
   5.6724000e+01   7.1000000e-01   5.7011000e+01   1.2157813e+02
   5.7434000e+01   7.0900000e-01   5.7741000e+01   1.2344130e+02
   5.8131000e+01   6.9700000e-01   5.8441000e+01   1.2350768e+02
   5.8801000e+01   6.7000000e-01   5.9071000e+01   1.2393342e+02
   5.9458000e+01   6.5600000e-01   5.9731000e+01   1.2614452e+02
   6.0089000e+01   6.3100000e-01   6.0401000e+01   1.2793903e+02
   6.0740000e+01   6.5100000e-01   6.1031000e+01   1.2842199e+02
   6.1399000e+01   6.6000000e-01   6.1671000e+01   1.2818623e+02
   6.2022000e+01   6.2300000e-01   6.2341000e+01   1.2824345e+02
   6.2651000e+01   6.2900000e-01   6.2941000e+01   1.3142963e+02
   6.3276000e+01   6.2400000e-01   6.3561000e+01   1.3187825e+02
   6.3919000e+01   6.4300000e-01   6.4181000e+01   1.3180043e+02
   6.4638000e+01   7.2000000e-01   6.4891000e+01   1.3206823e+02
   6.5353000e+01   7.1500000e-01   6.5661000e+01   1.3230399e+02
   6.6005000e+01   6.5200000e-01   6.6311000e+01   1.3188970e+02
   6.6683000e+01   6.7800000e-01   6.6951000e+01   1.3377348e+02
   6.7326000e+01   6.4200000e-01   6.7621000e+01   1.3108171e+02
   6.7942000e+01   6.1700000e-01   6.8241000e+01   1.3212546e+02
   6.8546000e+01   6.0400000e-01   6.8831000e+01   1.3172032e+02
   6.9144000e+01   5.9700000e-01   6.9421000e+01   1.3182332e+02
   6.9772000e+01   6.2900000e-01   7.0021000e+01   1.3109315e+02
   7.0453000e+01   6.8100000e-01   7.0731000e+01   1.2962367e+02
   7.1201000e+01   7.4800000e-01   7.1491000e+01   1.2974727e+02
   7.1956000e+01   7.5500000e-01   7.2211000e+01   1.3000363e+02
   7.2638000e+01   6.8200000e-01   7.2911000e+01   1.2010864e+02
   7.3301000e+01   6.6300000e-01   7.3581000e+01   1.2141104e+02
   7.3993000e+01   6.9200000e-01   7.4251000e+01   1.1988433e+02
   7.4725000e+01   7.3100000e-01   7.5001000e+01   1.1840340e+02
   7.5446000e+01   7.2100000e-01   7.5731000e+01   1.1437490e+02
   7.6147000e+01   7.0100000e-01   7.6421000e+01   1.1678742e+02
   7.6818000e+01   6.7100000e-01   7.7081000e+01   1.1553081e+02
   7.7504000e+01   6.8600000e-01   7.7751000e+01   1.1725894e+02
   7.8187000e+01   6.8300000e-01   7.8461000e+01   1.1656311e+02
   7.8882000e+01   6.9500000e-01   7.9141000e+01   1.1702318e+02
   7.9587000e+01   7.0400000e-01   7.9850000e+01   1.1779683e+02
   8.0265000e+01   6.7800000e-01   8.0541000e+01   1.1792044e+02
   8.0944000e+01   6.7800000e-01   8.1211000e+01   1.1936703e+02
   8.1652000e+01   7.0900000e-01   8.1931000e+01   1.1872842e+02
   8.2406000e+01   7.5400000e-01   8.2691000e+01   1.1757252e+02
   8.3154000e+01   7.4800000e-01   8.3421000e+01   1.1869409e+02
   8.3876000e+01   7.2200000e-01   8.4141000e+01   1.1838051e+02
   8.4554000e+01   6.7700000e-01   8.4841000e+01   1.1778539e+02
   8.5238000e+01   6.8400000e-01   8.5511000e+01   1.2118443e+02
   8.5944000e+01   7.0600000e-01   8.6221000e+01   1.2020935e+02
   8.6679000e+01   7.3500000e-01   8.6941000e+01   1.2014297e+02
   8.7427000e+01   7.4800000e-01   8.7691000e+01   1.1974928e+02
   8.8131000e+01   7.0400000e-01   8.8421000e+01   1.1735965e+02
   8.8816000e+01   6.8400000e-01   8.9081000e+01   1.2045656e+02
   8.9526000e+01   7.1100000e-01   8.9821000e+01   1.2097156e+02
   9.0263000e+01   7.3700000e-01   9.0531000e+01   1.2032151e+02
   9.1019000e+01   7.5600000e-01   9.1301000e+01   1.2023224e+02
   9.1721000e+01   7.0100000e-01   9.2021000e+01   1.1932354e+02
   9.2430000e+01   7.0900000e-01   9.2711000e+01   1.2074725e+02
   9.3183000e+01   7.5400000e-01   9.3481000e+01   1.1961424e+02
   9.3918000e+01   7.3500000e-01   9.4191000e+01   1.2000793e+02
   9.4605000e+01   6.8600000e-01   9.4891000e+01   1.1821113e+02
   9.5288000e+01   6.8400000e-01   9.5551000e+01   1.2008575e+02
   9.5987000e+01   6.9800000e-01   9.6311000e+01   1.1993926e+02
   9.6708000e+01   7.2100000e-01   9.6991000e+01   1.2257609e+02
   9.7393000e+01   6.8500000e-01   9.7681000e+01   1.2160102e+02
   9.8063000e+01   6.7000000e-01   9.8361000e+01   1.2207253e+02
   9.8785000e+01   7.2200000e-01   9.9071000e+01   1.2235178e+02
   9.9546000e+01   7.6100000e-01   9.9851000e+01   1.2164450e+02
   1.0030100e+02   7.5500000e-01   1.0056100e+02   1.2266765e+02
   1.0102000e+02   7.1900000e-01   1.0131100e+02   1.2151175e+02
   1.0170600e+02   6.8600000e-01   1.0199100e+02   1.2151175e+02
   1.0243600e+02   7.3000000e-01   1.0269100e+02   1.2126454e+02
   1.0316400e+02   7.2800000e-01   1.0345100e+02   1.1860482e+02
   1.0386500e+02   7.0100000e-01   1.0415100e+02   1.2050005e+02
   1.0453200e+02   6.6700000e-01   1.0481100e+02   1.1964857e+02
   1.0518800e+02   6.5600000e-01   1.0549100e+02   1.1962568e+02
   1.0587500e+02   6.8700000e-01   1.0613100e+02   1.1961424e+02
   1.0658800e+02   7.1300000e-01   1.0684100e+02   1.2037873e+02
   1.0729600e+02   7.0900000e-01   1.0758100e+02   1.2013153e+02
   1.0795600e+02   6.6000000e-01   1.0827100e+02   1.1954786e+02
   1.0861700e+02   6.6100000e-01   1.0890100e+02   1.2007431e+02
   1.0932300e+02   7.0600000e-01   1.0958100e+02   1.1976073e+02
   1.1009200e+02   7.6900000e-01   1.1035100e+02   1.2025513e+02
   1.1079600e+02   7.0400000e-01   1.1108100e+02   1.2055727e+02
   1.1148500e+02   6.8900000e-01   1.1177100e+02   1.2009720e+02
   1.1222100e+02   7.3600000e-01   1.1250100e+02   1.2130803e+02
   1.1293800e+02   7.1700000e-01   1.1322100e+02   1.1989577e+02
   1.1363600e+02   6.9800000e-01   1.1390100e+02   1.2174751e+02
   1.1430500e+02   6.6900000e-01   1.1460100e+02   1.2016358e+02
   1.1495400e+02   6.4900000e-01   1.1522100e+02   1.2022080e+02
   1.1561300e+02   6.5900000e-01   1.1589100e+02   1.2079303e+02
   1.1630800e+02   6.9500000e-01   1.1659100e+02   1.2102879e+02
   1.1705100e+02   7.4300000e-01   1.1732100e+02   1.2157813e+02
   1.1779700e+02   7.4600000e-01   1.1808100e+02   1.2099445e+02
   1.1855200e+02   7.5500000e-01   1.1881100e+02   1.1877420e+02
   1.1924800e+02   6.9700000e-01   1.1952100e+02   1.2072665e+02
   1.1991500e+02   6.6700000e-01   1.2018100e+02   1.1928921e+02
   1.2059300e+02   6.7800000e-01   1.2086100e+02   1.1793188e+02
   1.2133100e+02   7.3700000e-01   1.2161100e+02   1.1980650e+02
   1.2209900e+02   7.6800000e-01   1.2239100e+02   1.1905345e+02
   1.2285000e+02   7.5100000e-01   1.2312100e+02   1.2024369e+02
   1.2362200e+02   7.7200000e-01   1.2390100e+02   1.2056871e+02
   1.2432900e+02   7.0700000e-01   1.2460100e+02   1.1853844e+02
   1.2499200e+02   6.6300000e-01   1.2528100e+02   1.1943570e+02
   1.2562800e+02   6.3500000e-01   1.2590100e+02   1.1798681e+02
   1.2625200e+02   6.2400000e-01   1.2656100e+02   1.1931210e+02
   1.2690100e+02   6.4900000e-01   1.2716100e+02   1.2081592e+02
   1.2774800e+02   8.4700000e-01   1.2802100e+02   1.2025513e+02
   1.2863500e+02   8.8700000e-01   1.2890100e+02   1.2181388e+02
   1.2952100e+02   8.8600000e-01   1.2979100e+02   1.2187111e+02
   1.3040200e+02   8.8100000e-01   1.3066100e+02   1.1900996e+02
   1.3125600e+02   8.5400000e-01   1.3154100e+02   1.1842629e+02
   1.3209900e+02   8.4300000e-01   1.3240100e+02   1.1758397e+02
   1.3292600e+02   8.2700000e-01   1.3319100e+02   1.1615797e+02
   1.3373600e+02   8.1000000e-01   1.3401100e+02   1.1654022e+02
   1.3449500e+02   7.5900000e-01   1.3479100e+02   1.1562007e+02
   1.3520700e+02   7.1200000e-01   1.3548100e+02   1.1482353e+02
   1.3599000e+02   7.8300000e-01   1.3629100e+02   1.1715823e+02
   1.3679200e+02   8.0200000e-01   1.3708100e+02   1.1698885e+02
   1.3761300e+02   8.2200000e-01   1.3787100e+02   1.1580090e+02
   1.3836900e+02   7.5500000e-01   1.3863100e+02   1.1469993e+02
   1.3905700e+02   6.8800000e-01   1.3935100e+02   1.1517145e+02
   1.3973500e+02   6.7800000e-01   1.4004100e+02   1.1630446e+02
   1.4043500e+02   7.0000000e-01   1.4070100e+02   1.1760685e+02
   1.4111900e+02   6.8400000e-01   1.4142100e+02   1.1691102e+02
   1.4179200e+02   6.7300000e-01   1.4207100e+02   1.1741459e+02
   1.4253000e+02   7.3800000e-01   1.4283100e+02   1.1779683e+02
   1.4329700e+02   7.6700000e-01   1.4357100e+02   1.1742603e+02
   1.4401000e+02   7.1300000e-01   1.4428100e+02   1.1849267e+02
   1.4472400e+02   7.1400000e-01   1.4503100e+02   1.1767323e+02
   1.4549600e+02   7.7200000e-01   1.4575100e+02   1.1593366e+02
   1.4627800e+02   7.8100000e-01   1.4654100e+02   1.1504785e+02
   1.4704200e+02   7.6400000e-01   1.4734100e+02   1.1431997e+02
   1.4780400e+02   7.6300000e-01   1.4806100e+02   1.1419637e+02
   1.4853300e+02   7.2800000e-01   1.4884100e+02   1.1265822e+02
   1.4926200e+02   7.3000000e-01   1.4954100e+02   1.1401554e+02
   1.5003100e+02   7.6900000e-01   1.5032100e+02   1.1372485e+02
   1.5084200e+02   8.1100000e-01   1.5110100e+02   1.1256895e+02
   1.5161200e+02   7.6900000e-01   1.5187100e+02   1.1228741e+02
   1.5230800e+02   6.9600000e-01   1.5259100e+02   1.1354403e+02
   1.5302900e+02   7.2100000e-01   1.5332100e+02   1.1234463e+02
   1.5376800e+02   7.3900000e-01   1.5404100e+02   1.1290542e+02
   1.5452900e+02   7.6100000e-01   1.5480100e+02   1.1363329e+02
   1.5526600e+02   7.3700000e-01   1.5554100e+02   1.1151376e+02
   1.5595200e+02   6.8600000e-01   1.5622100e+02   1.1338838e+02
   1.5666300e+02   7.1100000e-01   1.5705100e+02   1.2158957e+02
   1.5742600e+02   7.6200000e-01   1.5768100e+02   1.1794333e+02
   1.5820700e+02   7.8100000e-01   1.5883100e+02   1.2106312e+02
   1.5894100e+02   7.3400000e-01   1.5921100e+02   1.2254405e+02
   1.5965200e+02   7.1100000e-01   1.5994100e+02   8.4316843e+01
   1.6041100e+02   7.5900000e-01   1.6108100e+02   4.5652454e+01
   1.6118300e+02   7.7200000e-01   1.6178100e+02   6.4792379e+01
   1.6190600e+02   7.2400000e-01   1.6219100e+02   1.0040564e+02
   1.6259300e+02   6.8600000e-01   1.6288100e+02   1.0298754e+02
   1.6333900e+02   7.4700000e-01   1.6377100e+02   9.9103248e+01
   1.6410100e+02   7.6200000e-01   1.6438100e+02   9.9373340e+01
   1.6486300e+02   7.6200000e-01   1.6514100e+02   1.0144939e+02
   1.6557000e+02   7.0700000e-01   1.6588100e+02   1.0168515e+02
   1.6632100e+02   7.5100000e-01   1.6660100e+02   1.0073067e+02
   1.6708000e+02   7.5800000e-01   1.6736100e+02   1.0349110e+02
   1.6781300e+02   7.3300000e-01   1.6808100e+02   1.0085427e+02
   1.6849700e+02   6.8500000e-01   1.6877100e+02   1.0376119e+02
   1.6915500e+02   6.5800000e-01   1.6944100e+02   1.0528561e+02
   1.6982900e+02   6.7400000e-01   1.7012100e+02   1.0860683e+02
   1.7053600e+02   7.0700000e-01   1.7084100e+02   1.0883115e+02
   1.7130600e+02   7.7000000e-01   1.7161100e+02   1.1048146e+02
   1.7207600e+02   7.6900000e-01   1.7236100e+02   1.1153665e+02
   1.7276200e+02   6.8600000e-01   1.7306100e+02   1.1333116e+02
   1.7345300e+02   6.9100000e-01   1.7375100e+02   1.1476860e+02
   1.7422100e+02   7.6800000e-01   1.7452100e+02   1.1518289e+02
   1.7503000e+02   8.0900000e-01   1.7529100e+02   1.1606870e+02
   1.7582000e+02   7.8900000e-01   1.7608100e+02   1.1385990e+02
   1.7657100e+02   7.5100000e-01   1.7684100e+02   1.1418492e+02
   1.7726500e+02   6.9400000e-01   1.7755100e+02   1.1417348e+02
   1.7794900e+02   6.8400000e-01   1.7822100e+02   1.1485787e+02
   1.7869200e+02   7.4400000e-01   1.7899100e+02   1.1449851e+02
   1.7942900e+02   7.3700000e-01   1.7971100e+02   1.1250028e+02
   1.8015500e+02   7.2700000e-01   1.8042100e+02   1.1324189e+02
   1.8086200e+02   7.0600000e-01   1.8116100e+02   1.1161447e+02
   1.8153900e+02   6.7700000e-01   1.8183100e+02   1.1415059e+02
   1.8223900e+02   7.0000000e-01   1.8252100e+02   1.1463355e+02
   1.8298000e+02   7.4100000e-01   1.8324100e+02   1.1355547e+02
   1.8378000e+02   8.0000000e-01   1.8405100e+02   1.1376834e+02
   1.8456000e+02   7.8000000e-01   1.8483100e+02   1.1120018e+02
   1.8526300e+02   7.0300000e-01   1.8555100e+02   1.1196238e+02
   1.8597300e+02   7.0900000e-01   1.8624100e+02   1.1294891e+02
   1.8668800e+02   7.1500000e-01   1.8697100e+02   1.1065084e+02
   1.8742400e+02   7.3600000e-01   1.8770100e+02   1.1281615e+02
   1.8812700e+02   7.0300000e-01   1.8841100e+02   1.0923628e+02
   1.8880100e+02   6.7300000e-01   1.8908100e+02   1.1059361e+02
   1.8952800e+02   7.2700000e-01   1.8979100e+02   1.1413915e+02
   1.9026900e+02   7.4200000e-01   1.9055100e+02   1.1291686e+02
   1.9103700e+02   7.6800000e-01   1.9132100e+02   1.1181589e+02
   1.9184100e+02   8.0400000e-01   1.9211100e+02   1.1107657e+02
   1.9251800e+02   6.7700000e-01   1.9279100e+02   1.0912413e+02
   1.9319300e+02   6.7500000e-01   1.9347100e+02   1.1116584e+02
   1.9387500e+02   6.8200000e-01   1.9413100e+02   1.1271544e+02
   1.9458800e+02   7.1200000e-01   1.9486100e+02   1.1390339e+02
   1.9532100e+02   7.3400000e-01   1.9560100e+02   1.1574368e+02
   1.9604100e+02   7.1900000e-01   1.9634100e+02   1.1521723e+02
   1.9673000e+02   6.8900000e-01   1.9702100e+02   1.1718112e+02
   1.9746900e+02   7.3900000e-01   1.9776100e+02   1.1795477e+02
   1.9820400e+02   7.3600000e-01   1.9863100e+02   1.2943140e+02
   1.9890300e+02   6.9800000e-01   1.9916100e+02   1.2627956e+02
   1.9959300e+02   6.9000000e-01   1.9989100e+02   1.1668671e+02
   2.0030500e+02   7.1300000e-01   2.0060100e+02   1.3349423e+02
   2.0103700e+02   7.3200000e-01   2.0134100e+02   1.2857992e+02
   2.0172300e+02   6.8600000e-01   2.0201100e+02   1.2824345e+02
   2.0241600e+02   6.9300000e-01   2.0269100e+02   1.2885917e+02
   2.0314400e+02   7.2800000e-01   2.0343100e+02   1.2883857e+02
   2.0385600e+02   7.1200000e-01   2.0412100e+02   1.2850210e+02
   2.0453200e+02   6.7700000e-01   2.0484100e+02   1.2590876e+02
   2.0521200e+02   6.8000000e-01   2.0553100e+02   1.2797336e+02
   2.0590500e+02   6.9300000e-01   2.0620100e+02   1.2892784e+02
   2.0659800e+02   6.9400000e-01   2.0687100e+02   1.3145251e+02
   2.0726200e+02   6.6400000e-01   2.0753100e+02   1.3003796e+02
   2.0795600e+02   6.9400000e-01   2.0821100e+02   1.3381926e+02
   2.0866500e+02   7.0900000e-01   2.0893100e+02   1.3458146e+02
   2.0939600e+02   7.3100000e-01   2.0968100e+02   1.3233833e+02
   2.1007100e+02   6.7500000e-01   2.1036100e+02   1.3102449e+02
   2.1075000e+02   6.7900000e-01   2.1102100e+02   1.3367276e+02
   2.1143500e+02   6.8500000e-01   2.1169100e+02   1.3167683e+02
   2.1213500e+02   7.0000000e-01   2.1241100e+02   1.2953440e+02
   2.1286200e+02   7.2700000e-01   2.1312100e+02   1.3069946e+02
   2.1357200e+02   7.1100000e-01   2.1385100e+02   1.3066742e+02
   2.1424400e+02   6.7200000e-01   2.1452100e+02   1.2916360e+02
   2.1491900e+02   6.7500000e-01   2.1518100e+02   1.3061019e+02
   2.1565200e+02   7.3300000e-01   2.1592100e+02   1.3220328e+02
   2.1641500e+02   7.6300000e-01   2.1670100e+02   1.3094666e+02
   2.1712500e+02   7.1000000e-01   2.1739100e+02   1.3241615e+02
   2.1782900e+02   7.0400000e-01   2.1811100e+02   1.3079102e+02
   2.1849900e+02   6.6900000e-01   2.1877100e+02   1.3090317e+02
   2.1915600e+02   6.5700000e-01   2.1942100e+02   1.3141818e+02
   2.1983300e+02   6.7700000e-01   2.2011100e+02   1.3246193e+02
   2.2054700e+02   7.1400000e-01   2.2085100e+02   1.3076813e+02
   2.2131700e+02   7.7000000e-01   2.2159100e+02   1.3306849e+02
   2.2208200e+02   7.6500000e-01   2.2238100e+02   1.3102449e+02
   2.2279800e+02   7.1600000e-01   2.2309100e+02   1.3243904e+02
   2.2349900e+02   7.0100000e-01   2.2376100e+02   1.3104738e+02
   2.2418800e+02   6.8900000e-01   2.2449100e+02   1.3177754e+02
   2.2489100e+02   7.0300000e-01   2.2515100e+02   1.3233833e+02
   2.2564200e+02   7.5100000e-01   2.2589100e+02   1.3095811e+02
   2.2641600e+02   7.7400000e-01   2.2669100e+02   1.3168827e+02
   2.2717400e+02   7.5800000e-01   2.2745100e+02   1.2909493e+02
   2.2790900e+02   7.3400000e-01   2.2819100e+02   1.3043166e+02
   2.2860200e+02   6.9400000e-01   2.2888100e+02   1.2788409e+02
   2.2930600e+02   7.0400000e-01   2.2957100e+02   1.2914071e+02
   2.3006500e+02   7.5900000e-01   2.3034100e+02   1.2690673e+02
   2.3086300e+02   7.9800000e-01   2.3112100e+02   1.2781771e+02
   2.3160200e+02   7.3900000e-01   2.3187100e+02   1.2653821e+02
   2.3230800e+02   7.0600000e-01   2.3258100e+02   1.2910637e+02
   2.3298500e+02   6.7800000e-01   2.3326100e+02   1.2823201e+02
   2.3369900e+02   7.1300000e-01   2.3397100e+02   1.3089173e+02
   2.3442900e+02   7.3100000e-01   2.3469100e+02   1.2744691e+02
   2.3516900e+02   7.4000000e-01   2.3543100e+02   1.2788409e+02
   2.3585300e+02   6.8400000e-01   2.3615100e+02   1.2730042e+02
   2.3653000e+02   6.7700000e-01   2.3679100e+02   1.3100389e+02
   2.3725600e+02   7.2600000e-01   2.3753100e+02   1.3121676e+02
   2.3802900e+02   7.7300000e-01   2.3829100e+02   1.3118242e+02
   2.3876700e+02   7.3800000e-01   2.3905100e+02   1.3173176e+02
   2.3946300e+02   6.9600000e-01   2.3974100e+02   1.2908349e+02
   2.4014600e+02   6.8300000e-01   2.4041100e+02   1.2984798e+02
   2.4085900e+02   7.1400000e-01   2.4114100e+02   1.3287622e+02
   2.4158600e+02   7.2700000e-01   2.4184100e+02   1.3028517e+02
   2.4230500e+02   7.1900000e-01   2.4258100e+02   1.3153034e+02
   2.4300600e+02   7.0100000e-01   2.4327100e+02   1.3318065e+02
   2.4366600e+02   6.5900000e-01   2.4393100e+02   1.2979076e+02
   2.4432300e+02   6.5700000e-01   2.4459100e+02   1.3279840e+02
   2.4499900e+02   6.7600000e-01   2.4526100e+02   1.3294489e+02
   2.4569800e+02   6.9900000e-01   2.4595100e+02   1.3029661e+02
   2.4644300e+02   7.4500000e-01   2.4671100e+02   1.3117098e+02
   2.4711500e+02   6.7200000e-01   2.4738100e+02   1.3036299e+02
   2.4781800e+02   7.0300000e-01   2.4808100e+02   1.3395430e+02
   2.4852900e+02   7.1000000e-01   2.4879100e+02   1.3113893e+02
   2.4924900e+02   7.2000000e-01   2.4952100e+02   1.3431366e+02
   2.4991500e+02   6.6600000e-01   2.5019100e+02   1.3055526e+02
   2.5057700e+02   6.6300000e-01   2.5084100e+02   1.3059875e+02
   2.5125800e+02   6.8100000e-01   2.5153100e+02   1.0914702e+02
   2.5195500e+02   6.9700000e-01   2.5223100e+02   1.0983140e+02
   2.5264300e+02   6.8800000e-01   2.5293100e+02   9.6287880e+01
   2.5330400e+02   6.6100000e-01   2.5392100e+02   9.1991582e+01
   2.5397200e+02   6.6800000e-01   2.5425100e+02   1.1254606e+02
   2.5464500e+02   6.7300000e-01   2.5493100e+02   1.0644152e+02
   2.5531000e+02   6.6500000e-01   2.5560100e+02   1.0792245e+02
   2.5593900e+02   6.2900000e-01   2.5621100e+02   1.1063939e+02
   2.5656300e+02   6.2400000e-01   2.5713100e+02   1.2162390e+02
   2.5718000e+02   6.1800000e-01   2.5745100e+02   1.3935157e+02
   2.5782200e+02   6.4200000e-01   2.5810100e+02   1.3038588e+02
   2.5849400e+02   6.7300000e-01   2.5876100e+02   1.3241615e+02
   2.5923600e+02   7.4200000e-01   2.5952100e+02   1.3480578e+02
   2.5989300e+02   6.5700000e-01   2.6018100e+02   1.3466158e+02
   2.6055200e+02   6.5900000e-01   2.6082100e+02   1.3145251e+02
   2.6122900e+02   6.7700000e-01   2.6152100e+02   1.2862341e+02
   2.6191300e+02   6.8400000e-01   2.6218100e+02   1.2719971e+02
   2.6260800e+02   6.9600000e-01   2.6292100e+02   1.2571878e+02
   2.6327400e+02   6.6600000e-01   2.6357100e+02   1.2633450e+02
   2.6393200e+02   6.5800000e-01   2.6418100e+02   1.2763689e+02
   2.6462700e+02   6.9500000e-01   2.6490100e+02   1.2927575e+02
   2.6534800e+02   7.2100000e-01   2.6562100e+02   1.2687468e+02
   2.6608500e+02   7.3700000e-01   2.6634100e+02   1.2671675e+02
   2.6679500e+02   7.1000000e-01   2.6707100e+02   1.2844488e+02
   2.6746900e+02   6.7500000e-01   2.6774100e+02   1.2735764e+02
   2.6815300e+02   6.8400000e-01   2.6843100e+02   1.2712188e+02
   2.6885800e+02   7.0500000e-01   2.6913100e+02   1.2688612e+02
   2.6954900e+02   6.9000000e-01   2.6983100e+02   1.2537086e+02
   2.7023000e+02   6.8100000e-01   2.7052100e+02   1.2535942e+02
   2.7088400e+02   6.5400000e-01   2.7116100e+02   1.2559518e+02
   2.7155300e+02   6.6900000e-01   2.7183100e+02   1.2753618e+02
   2.7224500e+02   6.9200000e-01   2.7250100e+02   1.2814274e+02
   2.7294300e+02   6.9700000e-01   2.7324100e+02   1.2813130e+02
   2.7361000e+02   6.6700000e-01   2.7390100e+02   1.2855703e+02
   2.7426500e+02   6.5400000e-01   2.7456100e+02   1.2911782e+02
   2.7493600e+02   6.7100000e-01   2.7521100e+02   1.3156467e+02
   2.7563400e+02   6.9800000e-01   2.7589100e+02   1.3022794e+02
   2.7638200e+02   7.4800000e-01   2.7665100e+02   1.3035155e+02
   2.7709300e+02   7.1200000e-01   2.7737100e+02   1.3003796e+02
   2.7777400e+02   6.8100000e-01   2.7804100e+02   1.2967860e+02
   2.7847800e+02   7.0400000e-01   2.7875100e+02   1.3127169e+02
   2.7920300e+02   7.2500000e-01   2.7948100e+02   1.3015012e+02
   2.7992800e+02   7.2500000e-01   2.8023100e+02   1.2725464e+02
   2.8064600e+02   7.1800000e-01   2.8094100e+02   1.2562951e+02
   2.8132200e+02   6.7500000e-01   2.8162100e+02   1.2737824e+02
   2.8199100e+02   6.7000000e-01   2.8228100e+02   1.2596598e+02
   2.8270000e+02   7.0800000e-01   2.8295100e+02   1.2709899e+02
   2.8343000e+02   7.3100000e-01   2.8372100e+02   1.2673963e+02
   2.8416600e+02   7.3600000e-01   2.8446100e+02   1.2546013e+02
   2.8486300e+02   6.9700000e-01   2.8514100e+02   1.2560662e+02
   2.8552400e+02   6.6100000e-01   2.8579100e+02   1.2645810e+02
   2.8620700e+02   6.8300000e-01   2.8647100e+02   1.2770556e+02
   2.8690500e+02   6.9700000e-01   2.8721100e+02   1.2692961e+02
   2.8761600e+02   7.1100000e-01   2.8788100e+02   1.2694106e+02
   2.8829800e+02   6.8200000e-01   2.8859100e+02   1.2512366e+02
   2.8895700e+02   6.6000000e-01   2.8924100e+02   1.2651532e+02
   2.8962000e+02   6.6300000e-01   2.8988100e+02   1.2806263e+02
   2.9030900e+02   6.8900000e-01   2.9057100e+02   1.2718826e+02
   2.9102100e+02   7.1200000e-01   2.9129100e+02   1.2888206e+02
   2.9174300e+02   7.2200000e-01   2.9201100e+02   1.2846777e+02
   2.9243000e+02   6.8800000e-01   2.9270100e+02   1.2657025e+02
   2.9310300e+02   6.7200000e-01   2.9336100e+02   1.2566155e+02
   2.9380300e+02   7.0000000e-01   2.9408100e+02   1.2575311e+02
   2.9449500e+02   6.9200000e-01   2.9477100e+02   1.2487646e+02
   2.9519300e+02   6.9800000e-01   2.9545100e+02   1.2413714e+02
   2.9585800e+02   6.6600000e-01   2.9615100e+02   1.2422640e+02
   2.9651900e+02   6.6100000e-01   2.9679100e+02   1.2508932e+02
   2.9719000e+02   6.7100000e-01   2.9747100e+02   1.2535942e+02
   2.9789500e+02   7.0500000e-01   2.9819100e+02   1.2538231e+02
   2.9861300e+02   7.1900000e-01   2.9891100e+02   1.2573022e+02
   2.9929400e+02   6.8000000e-01   2.9956100e+02   1.2599803e+02
   2.9999500e+02   7.0100000e-01   3.0027100e+02   1.2732331e+02
   3.0071400e+02   7.1900000e-01   3.0098100e+02   1.2652676e+02
   3.0145900e+02   7.4600000e-01   3.0172100e+02   1.2596598e+02
   3.0214400e+02   6.8500000e-01   3.0242100e+02   1.2524726e+02
   3.0284200e+02   6.9800000e-01   3.0311100e+02   1.2539375e+02
   3.0355900e+02   7.1700000e-01   3.0386100e+02   1.2631390e+02
   3.0427200e+02   7.1300000e-01   3.0454100e+02   1.2626812e+02
   3.0494500e+02   6.7300000e-01   3.0521100e+02   1.2558373e+02
   3.0562500e+02   6.7900000e-01   3.0588100e+02   1.2670530e+02
   3.0633000e+02   7.0600000e-01   3.0661100e+02   1.2522437e+02
   3.0704800e+02   7.1700000e-01   3.0735100e+02   1.2738969e+02
   3.0775500e+02   7.0700000e-01   3.0804100e+02   1.2571878e+02
   3.0843500e+02   6.8000000e-01   3.0873100e+02   1.2799625e+02
   3.0913900e+02   7.0400000e-01   3.0941100e+02   1.2862341e+02
   3.0986500e+02   7.2600000e-01   3.1015100e+02   1.2859137e+02
   3.1058000e+02   7.1500000e-01   3.1087100e+02   1.2762545e+02
   3.1126900e+02   6.8900000e-01   3.1154100e+02   1.2677397e+02
   3.1193300e+02   6.6400000e-01   3.1220100e+02   1.2823201e+02
   3.1264600e+02   7.1200000e-01   3.1291100e+02   1.2673963e+02
   3.1336500e+02   7.1900000e-01   3.1366100e+02   1.2742402e+02
   3.1413000e+02   7.6500000e-01   3.1442100e+02   1.2685179e+02
   3.1482500e+02   6.9500000e-01   3.1510100e+02   1.2665037e+02
   3.1552400e+02   6.9900000e-01   3.1583100e+02   1.2554940e+02
   3.1622700e+02   7.0200000e-01   3.1650100e+02   1.2744691e+02
   3.1704800e+02   8.2100000e-01   3.1732100e+02   1.2610103e+02
   3.1781500e+02   7.6700000e-01   3.1810100e+02   1.2631390e+02
   3.1854600e+02   7.3100000e-01   3.1883100e+02   1.2445072e+02
   3.1927400e+02   7.2800000e-01   3.1955100e+02   1.2440494e+02
   3.1995900e+02   6.8500000e-01   3.2023100e+02   1.2367706e+02
   3.2065000e+02   6.9100000e-01   3.2092100e+02   1.2622234e+02
   3.2135600e+02   7.0600000e-01   3.2166100e+02   1.2554940e+02
   3.2205300e+02   6.9700000e-01   3.2234100e+02   1.2701888e+02
   3.2272900e+02   6.7600000e-01   3.2302100e+02   1.2799625e+02
   3.2341600e+02   6.8700000e-01   3.2368100e+02   1.2795047e+02
   3.2411300e+02   6.9700000e-01   3.2441100e+02   1.2961223e+02
   3.2481700e+02   7.0400000e-01   3.2512100e+02   1.2922998e+02
   3.2548800e+02   6.7100000e-01   3.2578100e+02   1.3134036e+02
   3.2614700e+02   6.5900000e-01   3.2646100e+02   1.3044310e+02
   3.2682400e+02   6.7700000e-01   3.2711100e+02   1.3197897e+02
   3.2749300e+02   6.6900000e-01   3.2777100e+02   1.3264046e+02
   3.2820400e+02   7.1100000e-01   3.2850100e+02   1.3277551e+02
   3.2888400e+02   6.8000000e-01   3.2918100e+02   1.3194463e+02
   3.2954800e+02   6.6400000e-01   3.2984100e+02   1.3367276e+02
   3.3025200e+02   7.0400000e-01   3.3052100e+02   1.3395430e+02
   3.3095500e+02   7.0400000e-01   3.3126100e+02   1.3293344e+02
   3.3165500e+02   7.0000000e-01   3.3193100e+02   1.3215979e+02
   3.3232500e+02   6.7000000e-01   3.3262100e+02   1.3207968e+02
   3.3296700e+02   6.4300000e-01   3.3325100e+02   1.3357205e+02
   3.3362500e+02   6.5800000e-01   3.3394100e+02   1.3311198e+02
   3.3430500e+02   6.8000000e-01   3.3458100e+02   1.3280984e+02
   3.3505800e+02   7.5300000e-01   3.3533100e+02   1.3293344e+02
   3.3579800e+02   7.4000000e-01   3.3607100e+02   1.3340496e+02
   3.3647300e+02   6.7500000e-01   3.3676100e+02   1.3145251e+02
   3.3715100e+02   6.7800000e-01   3.3742100e+02   1.3173176e+02
   3.3786100e+02   7.1000000e-01   3.3814100e+02   1.3276406e+02
   3.3862900e+02   7.6900000e-01   3.3892100e+02   1.3283273e+02
   3.3936500e+02   7.3600000e-01   3.3965100e+02   1.2961223e+02
   3.4006800e+02   7.0300000e-01   3.4033100e+02   1.3012723e+02
   3.4074000e+02   6.7300000e-01   3.4101100e+02   1.2954356e+02
   3.4142200e+02   6.8200000e-01   3.4170100e+02   1.3054381e+02
   3.4210400e+02   6.8200000e-01   3.4239100e+02   1.2816334e+02
   3.4282400e+02   7.2000000e-01   3.4309100e+02   1.2813130e+02
   3.4349600e+02   6.7200000e-01   3.4379100e+02   1.2724548e+02
   3.4416000e+02   6.6400000e-01   3.4442100e+02   1.2726609e+02
   3.4485800e+02   6.9700000e-01   3.4514100e+02   1.2953440e+02
   3.4558300e+02   7.2600000e-01   3.4586100e+02   1.2810841e+02
   3.4630500e+02   7.2200000e-01   3.4660100e+02   1.2704177e+02
   3.4699600e+02   6.9100000e-01   3.4728100e+02   1.2844488e+02
   3.4766900e+02   6.7300000e-01   3.4794100e+02   1.2783831e+02
   3.4831000e+02   6.4100000e-01   3.4859100e+02   1.2869208e+02
   3.4898100e+02   6.7100000e-01   3.4926100e+02   1.2722260e+02
   3.4967100e+02   6.9000000e-01   3.4995100e+02   1.2749040e+02
   3.5033500e+02   6.6400000e-01   3.5061100e+02   1.2773760e+02
   3.5099100e+02   6.5600000e-01   3.5128100e+02   1.2816334e+02
   3.5168200e+02   6.9100000e-01   3.5194100e+02   1.0743033e+02
   3.5245700e+02   7.7500000e-01   3.5271100e+02   9.5637827e+01
   3.5325500e+02   7.9800000e-01   3.5354100e+02   9.0700633e+01
   3.5402000e+02   7.6500000e-01   3.5431100e+02   1.1390339e+02
   3.5471300e+02   6.9300000e-01   3.5499100e+02   1.0565642e+02
   3.5546200e+02   7.4800000e-01   3.5572100e+02   1.0248169e+02
   3.5620900e+02   7.4700000e-01   3.5652100e+02   1.0378408e+02
   3.5695500e+02   7.4600000e-01   3.5723100e+02   1.0434487e+02
   3.5764000e+02   6.8600000e-01   3.5794100e+02   1.1327622e+02
   3.5831500e+02   6.7400000e-01   3.5859100e+02   1.1673020e+02
   3.5900500e+02   6.9000000e-01   3.5927100e+02   1.2056871e+02
   3.5970500e+02   7.0000000e-01   3.5997100e+02   1.2117528e+02
   3.6043800e+02   7.3300000e-01   3.6070100e+02   1.1959135e+02
   3.6115400e+02   7.1600000e-01   3.6144100e+02   1.2008575e+02
   3.6183800e+02   6.8400000e-01   3.6212100e+02   1.1749470e+02
   3.6253300e+02   6.9500000e-01   3.6279100e+02   1.1998504e+02
   3.6335200e+02   8.1900000e-01   3.6361100e+02   1.2003997e+02
   3.6418700e+02   8.3500000e-01   3.6448100e+02   1.1824546e+02
   3.6498300e+02   7.9600000e-01   3.6528100e+02   1.1967146e+02
   3.6571900e+02   7.3600000e-01   3.6602100e+02   1.1981566e+02
   3.6641400e+02   6.9500000e-01   3.6668100e+02   1.1861627e+02
   3.6711400e+02   7.0000000e-01   3.6740100e+02   1.1970350e+02
   3.6785400e+02   7.4000000e-01   3.6814100e+02   1.2075869e+02
   3.6861600e+02   7.6300000e-01   3.6888100e+02   1.2111805e+02
   3.6941600e+02   8.0000000e-01   3.6968100e+02   1.2108372e+02
   3.7014200e+02   7.2500000e-01   3.7042100e+02   1.2054582e+02
   3.7083900e+02   6.9700000e-01   3.7111100e+02   1.2145452e+02
   3.7157000e+02   7.3100000e-01   3.7184100e+02   1.2191460e+02
   3.7233000e+02   7.6000000e-01   3.7261100e+02   1.1878336e+02
   3.7308500e+02   7.5500000e-01   3.7337100e+02   1.2047945e+02
   3.7378200e+02   6.9700000e-01   3.7409100e+02   1.1645095e+02
   3.7448100e+02   6.9900000e-01   3.7476100e+02   1.2119588e+02
   3.7524300e+02   7.6300000e-01   3.7550100e+02   1.2210458e+02
   3.7601400e+02   7.7000000e-01   3.7630100e+02   1.2246394e+02
   3.7675400e+02   7.4000000e-01   3.7705100e+02   1.1993926e+02
   3.7745900e+02   7.0400000e-01   3.7773100e+02   1.2163535e+02
   3.7819200e+02   7.3300000e-01   3.7847100e+02   1.2274547e+02
   3.7893300e+02   7.4100000e-01   3.7922100e+02   1.2304761e+02
   3.7966600e+02   7.3200000e-01   3.7994100e+02   1.2141104e+02
   3.8036100e+02   6.9500000e-01   3.8064100e+02   1.2263332e+02
   3.8108900e+02   7.2800000e-01   3.8137100e+02   1.2416002e+02
   3.8185800e+02   7.6900000e-01   3.8212100e+02   1.2237467e+02
   3.8259900e+02   7.4100000e-01   3.8287100e+02   1.2376633e+02
   3.8329800e+02   6.9900000e-01   3.8358100e+02   1.2280041e+02
   3.8400700e+02   7.0900000e-01   3.8427100e+02   1.2134237e+02
   3.8473300e+02   7.2600000e-01   3.8501100e+02   1.2219613e+02
   3.8548700e+02   7.5400000e-01   3.8576100e+02   1.1946774e+02
   3.8619000e+02   7.0200000e-01   3.8646100e+02   1.1802115e+02
   3.8686800e+02   6.7800000e-01   3.8717100e+02   1.1989577e+02
   3.8757900e+02   7.1100000e-01   3.8785100e+02   1.2220758e+02
   3.8832000e+02   7.4100000e-01   3.8860100e+02   1.2036729e+02
   3.8906500e+02   7.4500000e-01   3.8937100e+02   1.2003997e+02
   3.8976300e+02   6.9700000e-01   3.9003100e+02   1.2083881e+02
   3.9047400e+02   7.1100000e-01   3.9074100e+02   1.2141104e+02
   3.9124800e+02   7.7400000e-01   3.9151100e+02   1.2024369e+02
   3.9204500e+02   7.9700000e-01   3.9231100e+02   1.2038789e+02
   3.9281800e+02   7.7200000e-01   3.9311100e+02   1.1878336e+02
   3.9351900e+02   7.0100000e-01   3.9380100e+02   1.1677598e+02
   3.9420700e+02   6.8900000e-01   3.9449100e+02   1.1878336e+02
   3.9493500e+02   7.2700000e-01   3.9520100e+02   1.1759541e+02
   3.9570000e+02   7.6500000e-01   3.9598100e+02   1.1776250e+02
   3.9648800e+02   7.8800000e-01   3.9676100e+02   1.1779683e+02
   3.9722600e+02   7.3800000e-01   3.9751100e+02   1.1509362e+02
   3.9792400e+02   6.9800000e-01   3.9821100e+02   1.1594510e+02
   3.9863700e+02   7.1300000e-01   3.9890100e+02   1.1957075e+02
   3.9933600e+02   6.9900000e-01   3.9962100e+02   1.1940137e+02
   4.0002600e+02   6.9000000e-01   4.0030100e+02   1.1720172e+02
   4.0066400e+02   6.3800000e-01   4.0096100e+02   1.1686525e+02
   4.0129700e+02   6.3300000e-01   4.0160100e+02   1.1773046e+02
   4.0191800e+02   6.2100000e-01   4.0222100e+02   1.2117528e+02
   4.0257700e+02   6.5900000e-01   4.0282100e+02   1.2228540e+02
   4.0333600e+02   7.5900000e-01   4.0361100e+02   1.2400209e+02
   4.0412200e+02   7.8600000e-01   4.0441100e+02   1.2341842e+02
   4.0495200e+02   8.3100000e-01   4.0523100e+02   1.2571878e+02
   4.0582100e+02   8.6900000e-01   4.0611100e+02   1.2391282e+02
   4.0662000e+02   7.9900000e-01   4.0690100e+02   1.2315977e+02
   4.0737000e+02   7.5000000e-01   4.0764100e+02   1.2198326e+02
   4.0812800e+02   7.5700000e-01   4.0841100e+02   1.2420351e+02
   4.0886800e+02   7.4000000e-01   4.0915100e+02   1.2148886e+02
   4.0961000e+02   7.4200000e-01   4.0989100e+02   1.2133092e+02
   4.1030800e+02   6.9800000e-01   4.1061100e+02   1.2044511e+02
   4.1098800e+02   6.8000000e-01   4.1126100e+02   1.2320555e+02
   4.1168200e+02   6.9400000e-01   4.1195100e+02   1.2445072e+02
   4.1246400e+02   7.8200000e-01   4.1276100e+02   1.2301557e+02
   4.1330100e+02   8.3700000e-01   4.1356100e+02   1.2534797e+02
   4.1414100e+02   8.4100000e-01   4.1444100e+02   1.2128743e+02
   4.1496500e+02   8.2400000e-01   4.1526100e+02   1.2056871e+02
   4.1570500e+02   7.4000000e-01   4.1600100e+02   1.1912212e+02
   4.1639400e+02   6.9000000e-01   4.1669100e+02   1.1838051e+02
   4.1707400e+02   6.7900000e-01   4.1736100e+02   1.1996215e+02
   4.1780800e+02   7.3400000e-01   4.1810100e+02   1.1904201e+02
   4.1866100e+02   8.5300000e-01   4.1894100e+02   1.1861627e+02
   4.1950200e+02   8.4100000e-01   4.1979100e+02   1.2050005e+02
   4.2035000e+02   8.4800000e-01   4.2062100e+02   1.2126454e+02
   4.2118700e+02   8.3700000e-01   4.2145100e+02   1.1935559e+02
   4.2200300e+02   8.1700000e-01   4.2227100e+02   1.1911067e+02
   4.2278900e+02   7.8500000e-01   4.2308100e+02   1.1906489e+02
   4.2353800e+02   7.4900000e-01   4.2382100e+02   1.1693391e+02
   4.2423100e+02   6.9300000e-01   4.2451100e+02   1.1662949e+02
   4.2491200e+02   6.8100000e-01   4.2518100e+02   1.1768468e+02
   4.2562200e+02   7.1000000e-01   4.2590100e+02   1.1915416e+02
   4.2635700e+02   7.3500000e-01   4.2662100e+02   1.2066943e+02
   4.2720200e+02   8.4500000e-01   4.2747100e+02   1.2016358e+02
   4.2803300e+02   8.3100000e-01   4.2831100e+02   1.1970350e+02
   4.2881700e+02   7.8400000e-01   4.2911100e+02   1.1808982e+02
   4.2952900e+02   7.1200000e-01   4.2980100e+02   1.2051149e+02
   4.3027700e+02   7.4800000e-01   4.3057100e+02   1.1876276e+02
   4.3103900e+02   7.6200000e-01   4.3133100e+02   1.3787064e+02
   4.3179400e+02   7.5500000e-01   4.3184100e+02   9.6917332e+01
   4.3252700e+02   7.3300000e-01   4.3296100e+02   7.4376076e+01
   4.3320700e+02   6.8000000e-01   4.3350100e+02   8.4932562e+01
   4.3388600e+02   6.7900000e-01   4.3433100e+02   1.5602404e+02
   4.3457800e+02   6.9200000e-01   4.3467100e+02   1.5425242e+02
   4.3526000e+02   6.8200000e-01   4.3554100e+02   9.6109344e+01
   4.3590900e+02   6.4900000e-01   4.3619100e+02   1.2219613e+02
   4.3656300e+02   6.5400000e-01   4.3685100e+02   1.4309853e+02
   4.3719000e+02   6.2700000e-01   4.3750100e+02   1.2689757e+02
   4.3781400e+02   6.2400000e-01   4.3809100e+02   1.1051579e+02
   4.3844500e+02   6.3100000e-01   4.3872100e+02   1.1517145e+02
   4.3908400e+02   6.3900000e-01   4.3947100e+02   1.2793903e+02
   4.3975300e+02   6.6900000e-01   4.4003100e+02   1.1421697e+02
   4.4048300e+02   7.2900000e-01   4.4075100e+02   1.1201961e+02
   4.4122100e+02   7.3800000e-01   4.4190100e+02   1.7499688e+02
   4.4192300e+02   7.0200000e-01   4.4192400e+02   1.7499688e+02
   4.4260400e+02   6.8100000e-01   4.4260500e+02   1.7499688e+02
   4.4332500e+02   7.2100000e-01   4.4332600e+02   1.7499688e+02
   4.4405700e+02   7.3200000e-01   4.4405800e+02   2.4994976e+01
   4.4481500e+02   7.5800000e-01   4.4550100e+02   1.7499688e+02
   4.4557700e+02   7.6200000e-01   4.4557800e+02   1.7499688e+02
   4.4629800e+02   7.2100000e-01   4.4629900e+02   1.7499688e+02
   4.4701200e+02   7.1400000e-01   4.4701300e+02   1.7499688e+02
   4.4774300e+02   7.3100000e-01   4.4774400e+02   2.4994976e+01
   4.4847000e+02   7.2700000e-01   4.4847100e+02   2.4994976e+01
   4.4916100e+02   6.9000000e-01   4.4950100e+02   1.7499688e+02
   4.4983400e+02   6.7300000e-01   4.4983500e+02   1.7499688e+02
   4.5049500e+02   6.6100000e-01   4.5049600e+02   1.7499688e+02
   4.5113500e+02   6.4000000e-01   4.5113600e+02   1.7499688e+02
   4.5175500e+02   6.2000000e-01   4.5175600e+02   2.4994976e+01
   4.5238700e+02   6.3200000e-01   4.5238800e+02   2.4994976e+01
   4.5303200e+02   6.4400000e-01   4.5350100e+02   1.7499688e+02
   4.5371600e+02   6.8400000e-01   4.5371700e+02   1.7499688e+02
   4.5444200e+02   7.2600000e-01   4.5444300e+02   1.7499688e+02
   4.5511500e+02   6.7300000e-01   4.5511600e+02   1.7499688e+02
   4.5585600e+02   7.4000000e-01   4.5585700e+02   2.4994976e+01
   4.5661500e+02   7.5900000e-01   4.5661600e+02   2.4994976e+01
   4.5729800e+02   6.8400000e-01   4.5750100e+02   1.7499688e+02
   4.5796400e+02   6.6600000e-01   4.5796500e+02   1.7499688e+02
   4.5865000e+02   6.8600000e-01   4.5865100e+02   1.7499688e+02
   4.5936900e+02   7.1900000e-01   4.5937000e+02   1.7499688e+02
   4.6011500e+02   7.4600000e-01   4.6011600e+02   2.4994976e+01
   4.6084900e+02   7.3300000e-01   4.6150100e+02   1.7499688e+02
   4.6156100e+02   7.1200000e-01   4.6156200e+02   1.7499688e+02
   4.6232500e+02   7.6400000e-01   4.6232600e+02   1.7499688e+02
   4.6305100e+02   7.2600000e-01   4.6305200e+02   1.7499688e+02
   4.6374800e+02   6.9700000e-01   4.6374900e+02   2.4994976e+01
   4.6442100e+02   6.7300000e-01   4.6442200e+02   2.4994976e+01
   4.6507700e+02   6.5600000e-01   4.6550100e+02   1.7499688e+02
   4.6575500e+02   6.7800000e-01   4.6575600e+02   1.7499688e+02
   4.6647200e+02   7.1600000e-01   4.6647300e+02   1.7499688e+02
   4.6723600e+02   7.6400000e-01   4.6723700e+02   1.7499688e+02
   4.6795400e+02   7.1900000e-01   4.6795500e+02   2.4994976e+01
   4.6867200e+02   7.1800000e-01   4.6867300e+02   2.4994976e+01
   4.6942600e+02   7.5400000e-01   4.6950100e+02   1.7499688e+02
   4.7019700e+02   7.7100000e-01   4.7019800e+02   1.7499688e+02
   4.7096600e+02   7.6900000e-01   4.7096700e+02   1.7499688e+02
   4.7166200e+02   6.9600000e-01   4.7166300e+02   2.4994976e+01
   4.7237300e+02   7.1100000e-01   4.7237400e+02   2.4994976e+01
   4.7311100e+02   7.3900000e-01   4.7350100e+02   1.7499688e+02
   4.7386300e+02   7.5100000e-01   4.7386400e+02   1.7499688e+02
   4.7457900e+02   7.1600000e-01   4.7458000e+02   1.7499688e+02
   4.7527900e+02   7.0000000e-01   4.7528000e+02   1.7499688e+02
   4.7601700e+02   7.3800000e-01   4.7601800e+02   2.4994976e+01
   4.7675000e+02   7.3400000e-01   4.7675100e+02   2.4994976e+01
   4.7743900e+02   6.8900000e-01   4.7750100e+02   1.7499688e+02
   4.7813300e+02   6.9400000e-01   4.7813400e+02   1.7499688e+02
   4.7884700e+02   7.1400000e-01   4.7884800e+02   1.7499688e+02
   4.7958200e+02   7.3600000e-01   4.7958300e+02   2.4994976e+01
   4.8029300e+02   7.1100000e-01   4.8029400e+02   2.4994976e+01
   4.8097100e+02   6.7800000e-01   4.8150100e+02   1.7499688e+02
   4.8167500e+02   7.0400000e-01   4.8167600e+02   1.7499688e+02
   4.8239900e+02   7.2400000e-01   4.8240000e+02   1.7499688e+02
   4.8311500e+02   7.1600000e-01   4.8311600e+02   1.7499688e+02
   4.8381500e+02   7.0000000e-01   4.8381600e+02   2.4994976e+01
   4.8451200e+02   6.9700000e-01   4.8451300e+02   2.4994976e+01
   4.8523600e+02   7.2500000e-01   4.8550100e+02   1.7499688e+02
   4.8592800e+02   6.9100000e-01   4.8592900e+02   1.7499688e+02
   4.8664700e+02   7.1900000e-01   4.8664800e+02   1.7499688e+02
   4.8735400e+02   7.0700000e-01   4.8735500e+02   1.7499688e+02
   4.8810400e+02   7.5100000e-01   4.8810500e+02   2.4994976e+01
   4.8885600e+02   7.5100000e-01   4.8950100e+02   1.7499688e+02
   4.8958000e+02   7.2400000e-01   4.8958100e+02   1.7499688e+02
   4.9029600e+02   7.1600000e-01   4.9029700e+02   1.7499688e+02
   4.9099500e+02   6.9900000e-01   4.9099600e+02   1.7499688e+02
   4.9170700e+02   7.1200000e-01   4.9200100e+02   1.2187111e+02
   4.9240600e+02   7.0000000e-01   4.9268100e+02   1.2404558e+02
   4.9309600e+02   6.8900000e-01   4.9337100e+02   1.2347335e+02
   4.9377200e+02   6.7600000e-01   4.9404100e+02   1.2500006e+02
   4.9448500e+02   7.1400000e-01   4.9475100e+02   1.2678541e+02
   4.9522900e+02   7.4400000e-01   4.9549100e+02   1.2672819e+02
   4.9593000e+02   7.0100000e-01   4.9620100e+02   1.2423785e+02
   4.9660800e+02   6.7900000e-01   4.9688100e+02   1.2533653e+02
   4.9731000e+02   7.0200000e-01   4.9758100e+02   1.2599803e+02
   4.9800500e+02   6.9400000e-01   4.9827100e+02   1.2488790e+02
   4.9867400e+02   6.6900000e-01   4.9895100e+02   1.2339553e+02
   4.9933300e+02   6.5900000e-01   4.9960100e+02   1.2498861e+02
   5.0000000e+02   6.6700000e-01   5.0026100e+02   1.2586527e+02
   5.0065600e+02   6.5600000e-01   5.0093100e+02   1.2645810e+02
   5.0131300e+02   6.5600000e-01   5.0159100e+02   1.2671675e+02
   5.0195700e+02   6.4400000e-01   5.0223100e+02   1.2788409e+02
   5.0262000e+02   6.6300000e-01   5.0288100e+02   1.2937647e+02
   5.0330500e+02   6.8500000e-01   5.0357100e+02   1.3034010e+02
   5.0401700e+02   7.1200000e-01   5.0428100e+02   1.3038588e+02
   5.0473800e+02   7.2100000e-01   5.0501100e+02   1.3050948e+02
   5.0542600e+02   6.8800000e-01   5.0570100e+02   1.2982509e+02
   5.0609300e+02   6.6700000e-01   5.0637100e+02   1.3021879e+02
   5.0680100e+02   7.0800000e-01   5.0707100e+02   1.3048659e+02
   5.0749300e+02   6.9200000e-01   5.0776100e+02   1.2919564e+02
   5.0819700e+02   7.0500000e-01   5.0846100e+02   1.2873557e+02
   5.0887500e+02   6.7800000e-01   5.0915100e+02   1.2829839e+02
   5.0953900e+02   6.6300000e-01   5.0981100e+02   1.2866919e+02
   5.1018500e+02   6.4600000e-01   5.1046100e+02   1.2938791e+02
   5.1084400e+02   6.5900000e-01   5.1111100e+02   1.3035155e+02
   5.1155400e+02   7.1000000e-01   5.1182100e+02   1.3085740e+02
   5.1231800e+02   7.6400000e-01   5.1258100e+02   1.3064453e+02
   5.1309500e+02   7.7800000e-01   5.1336100e+02   1.2900566e+02
   5.1385100e+02   7.5600000e-01   5.1412100e+02   1.2792987e+02
   5.1454600e+02   6.9500000e-01   5.1482100e+02   1.2656110e+02
   5.1523500e+02   6.8900000e-01   5.1550100e+02   1.2738969e+02
   5.1591800e+02   6.8300000e-01   5.1619100e+02   1.2616740e+02
   5.1658900e+02   6.7100000e-01   5.1685100e+02   1.2496572e+02
   5.1722900e+02   6.4000000e-01   5.1750100e+02   1.2503439e+02
   5.1786600e+02   6.3700000e-01   5.1813100e+02   1.2550591e+02
   5.1850500e+02   6.3900000e-01   5.1877100e+02   1.2685179e+02
   5.1913200e+02   6.2700000e-01   5.1940100e+02   1.2781771e+02
   5.1978200e+02   6.5000000e-01   5.2004100e+02   1.3020734e+02
   5.2043700e+02   6.5500000e-01   5.2070100e+02   1.2948862e+02
   5.2107200e+02   6.3500000e-01   5.2134100e+02   1.2957789e+02
   5.2171000e+02   6.3900000e-01   5.2197100e+02   1.3061019e+02
   5.2237600e+02   6.6600000e-01   5.2264100e+02   1.3188970e+02
   5.2305800e+02   6.8100000e-01   5.2332100e+02   1.3270913e+02
   5.2374000e+02   6.8200000e-01   5.2401100e+02   1.3139529e+02
   5.2439400e+02   6.5500000e-01   5.2466100e+02   1.3140674e+02
   5.2507300e+02   6.7800000e-01   5.2534100e+02   1.3210257e+02
   5.2577500e+02   7.0200000e-01   5.2604100e+02   1.3107027e+02
   5.2648200e+02   7.0700000e-01   5.2675100e+02   1.3123965e+02
   5.2715800e+02   6.7500000e-01   5.2742100e+02   1.3127169e+02
   5.2784200e+02   6.8400000e-01   5.2811100e+02   1.3077957e+02
   5.2852800e+02   6.8600000e-01   5.2880100e+02   1.3025083e+02
   5.2919200e+02   6.6400000e-01   5.2947100e+02   1.2961223e+02
   5.2983800e+02   6.4600000e-01   5.3011100e+02   1.3068802e+02
   5.3050300e+02   6.6500000e-01   5.3077100e+02   1.3187825e+02
   5.3116000e+02   6.5700000e-01   5.3142100e+02   1.3048659e+02
   5.3183600e+02   6.7600000e-01   5.3210100e+02   1.3007230e+02
   5.3255700e+02   7.2100000e-01   5.3282100e+02   1.2970149e+02
   5.3329400e+02   7.3800000e-01   5.3356100e+02   1.3074524e+02
   5.3403900e+02   7.4500000e-01   5.3431100e+02   1.3016157e+02
   5.3479300e+02   7.5300000e-01   5.3506100e+02   1.3118242e+02
   5.3551400e+02   7.2100000e-01   5.3578100e+02   1.2952296e+02
   5.3620700e+02   6.9300000e-01   5.3648100e+02   1.2781771e+02
   5.3686600e+02   6.5900000e-01   5.3714100e+02   1.2774905e+02
   5.3753000e+02   6.6300000e-01   5.3780100e+02   1.3004941e+02
   5.3819400e+02   6.6400000e-01   5.3846100e+02   1.3056670e+02
   5.3888900e+02   6.9500000e-01   5.3916100e+02   1.3121676e+02
   5.3954600e+02   6.5700000e-01   5.3982100e+02   1.3039732e+02
   5.4020700e+02   6.6000000e-01   5.4047100e+02   1.3312342e+02
   5.4088000e+02   6.7300000e-01   5.4115100e+02   1.3319209e+02
   5.4158300e+02   7.0300000e-01   5.4185100e+02   1.3337063e+02
   5.4226800e+02   6.8500000e-01   5.4254100e+02   1.3238410e+02
   5.4296700e+02   6.9800000e-01   5.4323100e+02   1.3350567e+02
   5.4364000e+02   6.7300000e-01   5.4391100e+02   1.3337063e+02
   5.4432600e+02   6.8600000e-01   5.4459100e+02   1.3296778e+02
   5.4498600e+02   6.6000000e-01   5.4525100e+02   1.3172032e+02
   5.4564000e+02   6.5400000e-01   5.4590100e+02   1.3260842e+02
   5.4626500e+02   6.2500000e-01   5.4653100e+02   1.3144107e+02
   5.4691400e+02   6.4900000e-01   5.4718100e+02   1.3172032e+02
   5.4760000e+02   6.8600000e-01   5.4786100e+02   1.3110460e+02
   5.4830600e+02   7.0600000e-01   5.4857100e+02   1.3082306e+02
   5.4898600e+02   6.8000000e-01   5.4926100e+02   1.2948862e+02
   5.4966700e+02   6.8100000e-01   5.4993100e+02   1.3046370e+02
   5.5040900e+02   7.4300000e-01   5.5067100e+02   1.3016157e+02
   5.5118100e+02   7.7100000e-01   5.5145100e+02   1.2887062e+02
   5.5195300e+02   7.7300000e-01   5.5222100e+02   1.2776049e+02
   5.5266800e+02   7.1500000e-01   5.5294100e+02   1.2573022e+02
   5.5335900e+02   6.9100000e-01   5.5363100e+02   1.2640316e+02
   5.5409600e+02   7.3600000e-01   5.5436100e+02   1.2797336e+02
   5.5478900e+02   6.9400000e-01   5.5506100e+02   1.2524726e+02
   5.5549500e+02   7.0500000e-01   5.5576100e+02   1.2583093e+02
   5.5617500e+02   6.8000000e-01   5.5645100e+02   1.2635739e+02
   5.5686500e+02   6.9000000e-01   5.5713100e+02   1.2809696e+02
   5.5761800e+02   7.5400000e-01   5.5788100e+02   1.2826634e+02
   5.5839200e+02   7.7400000e-01   5.5866100e+02   1.2691817e+02
   5.5914100e+02   7.4900000e-01   5.5941100e+02   1.2616740e+02
   5.5985700e+02   7.1600000e-01   5.6013100e+02   1.2653821e+02
   5.6061900e+02   7.6100000e-01   5.6089100e+02   1.2746980e+02
   5.6135100e+02   7.3300000e-01   5.6162100e+02   1.2716537e+02
   5.6204200e+02   6.9000000e-01   5.6231100e+02   1.2736680e+02
   5.6273000e+02   6.8800000e-01   5.6301100e+02   1.2612163e+02
   5.6339300e+02   6.6300000e-01   5.6366100e+02   1.2724548e+02
   5.6408700e+02   6.9300000e-01   5.6411100e+02   1.1526071e+02
   5.6475500e+02   6.6800000e-01   5.6506100e+02   1.3636682e+02
   5.6546700e+02   7.1200000e-01   5.6546800e+02   1.0466532e+02
   5.6622900e+02   7.6300000e-01   5.6649100e+02   1.0598144e+02
   5.6699000e+02   7.6000000e-01   5.6726100e+02   1.2128743e+02
   5.6779200e+02   8.0200000e-01   5.6805100e+02   1.3081162e+02
   5.6855000e+02   7.5800000e-01   5.6881100e+02   1.1746036e+02
   5.6927700e+02   7.2700000e-01   5.6956100e+02   8.8457494e+01
   5.6991800e+02   6.4100000e-01   5.7020100e+02   9.3932584e+01
   5.7056300e+02   6.4500000e-01   5.7083100e+02   9.8240326e+01
   5.7123700e+02   6.7400000e-01   5.7150100e+02   9.9036869e+01
   5.7190200e+02   6.6500000e-01   5.7218100e+02   9.6960822e+01
   5.7256400e+02   6.6200000e-01   5.7283100e+02   1.0018133e+02
   5.7326000e+02   6.9600000e-01   5.7352100e+02   1.0334461e+02
   5.7399500e+02   7.3500000e-01   5.7426100e+02   1.0345677e+02
   5.7474400e+02   7.4900000e-01   5.7501100e+02   1.0344761e+02
   5.7546600e+02   7.2200000e-01   5.7574100e+02   1.0321185e+02
   5.7619100e+02   7.2500000e-01   5.7646100e+02   1.0317752e+02
   5.7691100e+02   7.2000000e-01   5.7718100e+02   1.0249313e+02
   5.7759200e+02   6.8100000e-01   5.7787100e+02   1.0262818e+02
   5.7824800e+02   6.5600000e-01   5.7852100e+02   1.0360326e+02
   5.7892100e+02   6.7300000e-01   5.7919100e+02   1.0571364e+02
   5.7961600e+02   6.9500000e-01   5.7990100e+02   9.7949634e+01
   5.8031800e+02   7.0200000e-01   5.8059100e+02   1.0106714e+02
   5.8096100e+02   6.4300000e-01   5.8124100e+02   1.0517346e+02
   5.8163500e+02   6.7400000e-01   5.8190100e+02   1.0149517e+02
   5.8224900e+02   6.1400000e-01   5.8253100e+02   1.0295321e+02
   5.8287500e+02   6.2700000e-01   5.8314100e+02   1.0602722e+02
   5.8350300e+02   6.2800000e-01   5.8377100e+02   1.0705952e+02
   5.8417900e+02   6.7600000e-01   5.8444100e+02   1.0841685e+02
   5.8493800e+02   7.6000000e-01   5.8520100e+02   1.0635225e+02
   5.8566000e+02   7.2200000e-01   5.8594100e+02   1.0514141e+02
   5.8636300e+02   7.0300000e-01   5.8663100e+02   1.0639803e+02
   5.8712700e+02   7.6400000e-01   5.8739100e+02   1.0697026e+02
   5.8797800e+02   8.5100000e-01   5.8825100e+02   1.0417549e+02
   5.8885400e+02   8.7600000e-01   5.8913100e+02   1.0368108e+02
   5.8971200e+02   8.5700000e-01   5.8999100e+02   1.0139217e+02
   5.9056400e+02   8.5300000e-01   5.9084100e+02   9.9957014e+01
   5.9137100e+02   8.0700000e-01   5.9165100e+02   9.8386817e+01
   5.9209200e+02   7.2100000e-01   5.9238100e+02   9.8441751e+01
   5.9281800e+02   7.2600000e-01   5.9309100e+02   1.0046286e+02
   5.9354900e+02   7.3100000e-01   5.9382100e+02   1.0087716e+02
   5.9430200e+02   7.5300000e-01   5.9458100e+02   1.0028204e+02
   5.9505800e+02   7.5500000e-01   5.9533100e+02   1.0146083e+02
   5.9581300e+02   7.5500000e-01   5.9609100e+02   1.0231231e+02
   5.9650500e+02   6.9200000e-01   5.9679100e+02   1.0201017e+02
   5.9722700e+02   7.2200000e-01   5.9750100e+02   1.0422127e+02
   5.9796900e+02   7.4200000e-01   5.9824100e+02   1.0475916e+02
   5.9878500e+02   8.1600000e-01   5.9923100e+02   9.7668097e+01
