   9.9763800e+02   8.5900000e-01   9.9794100e+02   1.0302214e+02
   9.9847600e+02   8.3900000e-01   9.9877100e+02   1.0388731e+02
   9.9928000e+02   8.0400000e-01   9.9958100e+02   1.0680785e+02
   1.0000840e+03   8.0300000e-01   1.0003810e+03   1.0688567e+02
   1.0008860e+03   8.0200000e-01   1.0011810e+03   1.0746932e+02
   1.0016970e+03   8.1200000e-01   1.0019910e+03   1.0776229e+02
   1.0024990e+03   8.0200000e-01   1.0027910e+03   1.0757002e+02
   1.0033020e+03   8.0300000e-01   1.0035910e+03   1.0751509e+02
   1.0041010e+03   7.9900000e-01   1.0043910e+03   1.0757002e+02
   1.0049000e+03   7.9900000e-01   1.0052010e+03   1.0566115e+02
   1.0057030e+03   8.0300000e-01   1.0060210e+03   1.0083173e+02
   1.0065060e+03   8.0300000e-01   1.0068210e+03   1.0160765e+02
   1.0073120e+03   8.0700000e-01   1.0076010e+03   1.0386442e+02
   1.0081030e+03   7.9000000e-01   1.0083910e+03   1.0321211e+02
   1.0089130e+03   8.1100000e-01   1.0092010e+03   1.0296492e+02
   1.0097370e+03   8.2300000e-01   1.0097380e+03   7.9495342e+01
   1.0105690e+03   8.3300000e-01   1.0110010e+03   1.7499412e+02
   1.0114150e+03   8.4600000e-01   1.0114160e+03   1.7499412e+02
   1.0122610e+03   8.4600000e-01   1.0122620e+03   1.7499412e+02
   1.0131060e+03   8.4600000e-01   1.0131070e+03   2.4998507e+01
   1.0139820e+03   8.7600000e-01   1.0139830e+03   2.4998507e+01
   1.0148970e+03   9.1500000e-01   1.0150010e+03   1.7499412e+02
   1.0158670e+03   9.7000000e-01   1.0158680e+03   1.7499412e+02
   1.0168330e+03   9.6600000e-01   1.0168340e+03   1.7499412e+02
   1.0178040e+03   9.7100000e-01   1.0178050e+03   2.4998507e+01
   1.0187460e+03   9.4200000e-01   1.0190010e+03   1.7499412e+02
   1.0196740e+03   9.2800000e-01   1.0196750e+03   1.7499412e+02
   1.0205600e+03   8.8600000e-01   1.0205610e+03   1.7499412e+02
   1.0214380e+03   8.7800000e-01   1.0214390e+03   2.4998507e+01
   1.0222930e+03   8.5500000e-01   1.0230010e+03   1.7499412e+02
   1.0231330e+03   8.4000000e-01   1.0231340e+03   1.7499412e+02
   1.0239880e+03   8.5500000e-01   1.0239890e+03   1.7499412e+02
   1.0249020e+03   9.1500000e-01   1.0249030e+03   1.7499412e+02
   1.0258410e+03   9.3800000e-01   1.0258420e+03   2.4998507e+01
   1.0267520e+03   9.1100000e-01   1.0270010e+03   1.7499412e+02
   1.0277070e+03   9.5500000e-01   1.0277080e+03   1.7499412e+02
   1.0286850e+03   9.7800000e-01   1.0286860e+03   1.7499412e+02
   1.0296200e+03   9.3500000e-01   1.0296210e+03   2.4998507e+01
   1.0305550e+03   9.3600000e-01   1.0310010e+03   1.7499412e+02
   1.0315200e+03   9.6500000e-01   1.0315210e+03   1.7499412e+02
   1.0324440e+03   9.2400000e-01   1.0324450e+03   1.7499412e+02
   1.0333630e+03   9.1900000e-01   1.0333640e+03   2.4998507e+01
   1.0343290e+03   9.6600000e-01   1.0350010e+03   1.7499412e+02
   1.0352810e+03   9.5200000e-01   1.0352820e+03   1.7499412e+02
   1.0362150e+03   9.3400000e-01   1.0362160e+03   1.7499412e+02
   1.0371570e+03   9.4200000e-01   1.0371580e+03   2.4998507e+01
   1.0380950e+03   9.3800000e-01   1.0389990e+03   1.4499454e+02
   1.0389980e+03   9.0300000e-01   1.0390010e+03   1.7499412e+02
   1.0398740e+03   8.7600000e-01   1.0398750e+03   1.7499412e+02
   1.0407480e+03   8.7400000e-01   1.0407490e+03   1.7499412e+02
   1.0416130e+03   8.6400000e-01   1.0416140e+03   2.4998507e+01
   1.0424580e+03   8.4600000e-01   1.0430010e+03   1.7499412e+02
   1.0433330e+03   8.7400000e-01   1.0433340e+03   1.7499412e+02
   1.0442240e+03   8.9100000e-01   1.0442250e+03   1.7499412e+02
   1.0451220e+03   8.9800000e-01   1.0451230e+03   2.4998507e+01
   1.0460600e+03   9.3800000e-01   1.0470010e+03   1.7499412e+02
   1.0470200e+03   9.6000000e-01   1.0470210e+03   1.7499412e+02
   1.0479430e+03   9.2300000e-01   1.0479440e+03   1.7499412e+02
   1.0488610e+03   9.1800000e-01   1.0488620e+03   1.7499412e+02
   1.0497880e+03   9.2700000e-01   1.0497890e+03   2.4998507e+01
   1.0507340e+03   9.4600000e-01   1.0510010e+03   1.7499412e+02
   1.0516520e+03   9.1800000e-01   1.0516530e+03   1.7499412e+02
   1.0525220e+03   8.7000000e-01   1.0525230e+03   1.7499412e+02
   1.0533630e+03   8.4100000e-01   1.0533640e+03   2.4998507e+01
   1.0541930e+03   8.3000000e-01   1.0550010e+03   1.7499412e+02
   1.0550160e+03   8.2300000e-01   1.0550170e+03   1.7499412e+02
   1.0558670e+03   8.5100000e-01   1.0558680e+03   1.7499412e+02
   1.0567420e+03   8.7500000e-01   1.0567430e+03   1.7499412e+02
   1.0576030e+03   8.6100000e-01   1.0576040e+03   2.4998507e+01
   1.0584550e+03   8.5200000e-01   1.0590010e+03   1.7499412e+02
   1.0593060e+03   8.5100000e-01   1.0593070e+03   1.7499412e+02
   1.0601790e+03   8.7300000e-01   1.0601800e+03   1.7499412e+02
   1.0610590e+03   8.8000000e-01   1.0610600e+03   2.4998507e+01
   1.0619640e+03   9.0500000e-01   1.0619650e+03   2.4998507e+01
   1.0628760e+03   9.1200000e-01   1.0630010e+03   1.7499412e+02
   1.0637480e+03   8.7200000e-01   1.0637490e+03   1.7499412e+02
   1.0646000e+03   8.5100000e-01   1.0648810e+03   1.0138334e+02
   1.0654440e+03   8.4400000e-01   1.0657310e+03   9.9405799e+01
   1.0662900e+03   8.4600000e-01   1.0665810e+03   1.0277494e+02
   1.0671250e+03   8.3500000e-01   1.0674110e+03   1.0169691e+02
   1.0679590e+03   8.3300000e-01   1.0682410e+03   1.0193266e+02
   1.0688140e+03   8.5500000e-01   1.0691010e+03   1.0024809e+02
   1.0696770e+03   8.6300000e-01   1.0699710e+03   1.0188688e+02
   1.0705300e+03   8.5300000e-01   1.0708210e+03   1.0321211e+02
   1.0713930e+03   8.6300000e-01   1.0716710e+03   1.0357145e+02
   1.0722920e+03   8.9900000e-01   1.0725710e+03   1.0123686e+02
   1.0731900e+03   8.9900000e-01   1.0734910e+03   9.9989449e+01
   1.0740640e+03   8.7300000e-01   1.0743510e+03   1.0155042e+02
   1.0749350e+03   8.7100000e-01   1.0752210e+03   1.0102400e+02
   1.0758140e+03   8.7900000e-01   1.0761010e+03   9.8787817e+01
   1.0767100e+03   8.9600000e-01   1.0770010e+03   9.7609074e+01
   1.0775830e+03   8.7300000e-01   1.0778710e+03   9.9327979e+01
   1.0784450e+03   8.6200000e-01   1.0787310e+03   9.8934302e+01
   1.0793110e+03   8.6600000e-01   1.0796010e+03   9.6821720e+01
   1.0801630e+03   8.5200000e-01   1.0804610e+03   9.6979648e+01
   1.0810010e+03   8.3800000e-01   1.0812910e+03   9.8709997e+01
   1.0818310e+03   8.3000000e-01   1.0821110e+03   9.8609289e+01
   1.0826650e+03   8.3400000e-01   1.0829510e+03   9.8158391e+01
   1.0835120e+03   8.4700000e-01   1.0838010e+03   9.6654636e+01
   1.0843600e+03   8.4800000e-01   1.0846510e+03   9.7664006e+01
   1.0852100e+03   8.5000000e-01   1.0855010e+03   9.9092231e+01
   1.0860600e+03   8.5000000e-01   1.0863410e+03   9.8529181e+01
   1.0869140e+03   8.5400000e-01   1.0872010e+03   9.6956760e+01
   1.0877640e+03   8.5000000e-01   1.0880610e+03   9.6801120e+01
   1.0885960e+03   8.3200000e-01   1.0888910e+03   9.8641333e+01
   1.0894150e+03   8.1900000e-01   1.0897010e+03   1.0022520e+02
   1.0902470e+03   8.3200000e-01   1.0905310e+03   9.9236426e+01
   1.0911010e+03   8.5300000e-01   1.0913910e+03   9.7384770e+01
   1.0919620e+03   8.6100000e-01   1.0922610e+03   9.8316320e+01
   1.0928250e+03   8.6300000e-01   1.0931110e+03   9.9730812e+01
   1.0936960e+03   8.7000000e-01   1.0939810e+03   9.9371467e+01
   1.0945890e+03   8.9300000e-01   1.0948810e+03   9.7327549e+01
   1.0954690e+03   8.8000000e-01   1.0957610e+03   9.7767003e+01
   1.0963450e+03   8.7600000e-01   1.0966310e+03   9.9506507e+01
   1.0972290e+03   8.8400000e-01   1.0975110e+03   9.9170050e+01
   1.0981240e+03   8.9500000e-01   1.0984110e+03   9.8057683e+01
   1.0990110e+03   8.8600000e-01   1.0993110e+03   9.7160465e+01
   1.0998870e+03   8.7600000e-01   1.1001710e+03   9.9472175e+01
   1.1007730e+03   8.8600000e-01   1.1010510e+03   9.9371467e+01
   1.1016790e+03   9.0600000e-01   1.1019610e+03   9.8339208e+01
   1.1025770e+03   8.9800000e-01   1.1028710e+03   9.7249729e+01
   1.1034490e+03   8.7200000e-01   1.1037510e+03   9.8485693e+01
   1.1043000e+03   8.5000000e-01   1.1045900e+03   1.0071958e+02
   1.1051510e+03   8.5100000e-01   1.1054310e+03   1.0020231e+02
   1.1060520e+03   9.0100000e-01   1.1063410e+03   9.8474249e+01
   1.1070070e+03   9.5500000e-01   1.1072910e+03   9.6766788e+01
   1.1079290e+03   9.2100000e-01   1.1082210e+03   9.7563298e+01
   1.1088390e+03   9.1000000e-01   1.1091210e+03   9.7799047e+01
   1.1097550e+03   9.1600000e-01   1.1100410e+03   9.7080357e+01
   1.1106810e+03   9.2600000e-01   1.1109610e+03   9.6608859e+01
   1.1116010e+03   9.2000000e-01   1.1118910e+03   9.5542269e+01
   1.1125050e+03   9.0400000e-01   1.1127910e+03   9.5979434e+01
   1.1133930e+03   8.8800000e-01   1.1136810e+03   9.6183139e+01
   1.1142850e+03   8.9100000e-01   1.1145710e+03   9.5597200e+01
   1.1151790e+03   8.9500000e-01   1.1154710e+03   9.4699982e+01
   1.1160630e+03   8.8300000e-01   1.1163510e+03   9.6013766e+01
   1.1169400e+03   8.7800000e-01   1.1172210e+03   9.7396214e+01
   1.1178410e+03   9.0000000e-01   1.1181210e+03   9.6226626e+01
   1.1188030e+03   9.6200000e-01   1.1190810e+03   9.5317964e+01
   1.1197620e+03   9.5900000e-01   1.1200410e+03   9.4024780e+01
   1.1207090e+03   9.4800000e-01   1.1210010e+03   9.2880369e+01
   1.1215990e+03   8.8900000e-01   1.1219010e+03   9.2083860e+01
   1.1224690e+03   8.7000000e-01   1.1227610e+03   9.3644836e+01
   1.1233410e+03   8.7100000e-01   1.1236210e+03   9.3116118e+01
   1.1242190e+03   8.7800000e-01   1.1245010e+03   9.3093230e+01
   1.1250980e+03   8.7900000e-01   1.1253810e+03   9.2678953e+01
   1.1259820e+03   8.8400000e-01   1.1262810e+03   9.1925931e+01
   1.1268440e+03   8.6300000e-01   1.1271310e+03   9.3789032e+01
   1.1277000e+03   8.5600000e-01   1.1279810e+03   9.4610718e+01
   1.1285550e+03   8.5500000e-01   1.1288410e+03   9.3869140e+01
   1.1294070e+03   8.5100000e-01   1.1297010e+03   9.2802550e+01
   1.1302460e+03   8.3900000e-01   1.1305410e+03   9.4294861e+01
   1.1310840e+03   8.3800000e-01   1.1313700e+03   9.6002322e+01
   1.1319210e+03   8.3800000e-01   1.1322010e+03   9.6203738e+01
   1.1327720e+03   8.5000000e-01   1.1330610e+03   9.4475678e+01
   1.1336260e+03   8.5400000e-01   1.1339210e+03   9.5453005e+01
   1.1344740e+03   8.4800000e-01   1.1347610e+03   9.7821935e+01
   1.1353240e+03   8.5100000e-01   1.1356110e+03   9.7540410e+01
   1.1361910e+03   8.6700000e-01   1.1364810e+03   9.5688753e+01
   1.1370620e+03   8.7000000e-01   1.1373510e+03   9.5295076e+01
   1.1379250e+03   8.6300000e-01   1.1382110e+03   9.7755559e+01
   1.1387810e+03   8.5600000e-01   1.1390610e+03   9.7664006e+01
   1.1396560e+03   8.7500000e-01   1.1399410e+03   9.6148806e+01
   1.1405220e+03   8.6600000e-01   1.1408210e+03   9.5967989e+01
   1.1413820e+03   8.6000000e-01   1.1416610e+03   9.7744115e+01
   1.1422420e+03   8.6000000e-01   1.1425310e+03   9.7844823e+01
   1.1431280e+03   8.8600000e-01   1.1434210e+03   9.6238070e+01
   1.1440030e+03   8.7500000e-01   1.1443010e+03   9.7080357e+01
   1.1448710e+03   8.6800000e-01   1.1451610e+03   9.8563513e+01
   1.1457450e+03   8.7400000e-01   1.1460410e+03   9.8485693e+01
   1.1466460e+03   9.0100000e-01   1.1469410e+03   9.6867496e+01
   1.1475350e+03   8.8900000e-01   1.1478310e+03   9.7721227e+01
   1.1484010e+03   8.6600000e-01   1.1486910e+03   9.9247870e+01
   1.1492690e+03   8.6800000e-01   1.1495510e+03   9.8417028e+01
   1.1501440e+03   8.7500000e-01   1.1504410e+03   9.7057468e+01
   1.1509990e+03   8.5500000e-01   1.1512910e+03   9.8687109e+01
   1.1518510e+03   8.5200000e-01   1.1521410e+03   1.0040601e+02
   1.1527090e+03   8.5700000e-01   1.1529910e+03   1.0028242e+02
   1.1535830e+03   8.7400000e-01   1.1538810e+03   9.8339208e+01
   1.1544600e+03   8.7800000e-01   1.1547510e+03   1.0030531e+02
   1.1553400e+03   8.8000000e-01   1.1556310e+03   1.0078825e+02
   1.1562460e+03   9.0600000e-01   1.1565410e+03   9.9460731e+01
   1.1571340e+03   8.8900000e-01   1.1574310e+03   1.0102400e+02
   1.1580210e+03   8.8700000e-01   1.1583110e+03   1.0144972e+02
   1.1589120e+03   8.9100000e-01   1.1592010e+03   1.0091184e+02
   1.1598210e+03   9.0900000e-01   1.1601110e+03   9.9842964e+01
   1.1607260e+03   9.0500000e-01   1.1610110e+03   1.0160765e+02
   1.1616240e+03   8.9800000e-01   1.1619110e+03   1.0086607e+02
   1.1625390e+03   9.1500000e-01   1.1628210e+03   9.8181280e+01
   1.1634420e+03   9.0300000e-01   1.1637410e+03   9.7485478e+01
   1.1643220e+03   8.8000000e-01   1.1646110e+03   9.8462805e+01
   1.1651890e+03   8.6600000e-01   1.1654710e+03   9.7833379e+01
   1.1660590e+03   8.7000000e-01   1.1663510e+03   9.5464449e+01
   1.1669270e+03   8.6800000e-01   1.1672210e+03   9.5137147e+01
   1.1677810e+03   8.5400000e-01   1.1680610e+03   9.6709568e+01
   1.1686360e+03   8.5500000e-01   1.1689210e+03   9.6698123e+01
   1.1694840e+03   8.4800000e-01   1.1697610e+03   9.5642977e+01
   1.1703290e+03   8.4500000e-01   1.1706210e+03   9.4564942e+01
   1.1711660e+03   8.3700000e-01   1.1714510e+03   9.6238070e+01
   1.1719960e+03   8.3100000e-01   1.1722810e+03   9.6755344e+01
   1.1728350e+03   8.3900000e-01   1.1731110e+03   9.6574527e+01
   1.1736870e+03   8.5100000e-01   1.1739710e+03   9.4271973e+01
   1.1745410e+03   8.5400000e-01   1.1748310e+03   9.6215182e+01
   1.1753880e+03   8.4700000e-01   1.1756710e+03   9.6901829e+01
   1.1762240e+03   8.3600000e-01   1.1765110e+03   9.6350223e+01
   1.1770590e+03   8.3500000e-01   1.1773510e+03   9.4047668e+01
   1.1778780e+03   8.1900000e-01   1.1781710e+03   9.5372896e+01
   1.1786860e+03   8.0800000e-01   1.1789710e+03   9.6698123e+01
   1.1794880e+03   8.0200000e-01   1.1797710e+03   9.7776158e+01
   1.1802790e+03   7.9100000e-01   1.1805610e+03   9.7416813e+01
   1.1810740e+03   7.9500000e-01   1.1813510e+03   9.6585971e+01
   1.1818910e+03   8.1600000e-01   1.1821810e+03   9.6283847e+01
   1.1827290e+03   8.3900000e-01   1.1830110e+03   9.8485693e+01
   1.1835690e+03   8.4000000e-01   1.1838410e+03   9.8304876e+01
   1.1844200e+03   8.5100000e-01   1.1847110e+03   9.6956760e+01
   1.1852670e+03   8.4600000e-01   1.1855510e+03   9.8011907e+01
   1.1861040e+03   8.3800000e-01   1.1863910e+03   1.0024809e+02
   1.1869600e+03   8.5600000e-01   1.1872510e+03   1.0049528e+02
   1.1878720e+03   9.1100000e-01   1.1881610e+03   9.9563728e+01
   1.1888150e+03   9.4300000e-01   1.1891010e+03   9.8293432e+01
   1.1897160e+03   9.0100000e-01   1.1900010e+03   9.9417243e+01
   1.1906370e+03   9.2100000e-01   1.1909210e+03   9.9215827e+01
   1.1916070e+03   9.7000000e-01   1.1918910e+03   9.7879155e+01
   1.1925860e+03   9.7900000e-01   1.1928710e+03   9.6979648e+01
   1.1935390e+03   9.5300000e-01   1.1938310e+03   9.5688753e+01
   1.1944490e+03   9.1000000e-01   1.1947310e+03   9.5990878e+01
   1.1953430e+03   8.9400000e-01   1.1956410e+03   9.5789461e+01
   1.1962430e+03   8.9900000e-01   1.1965310e+03   9.5036439e+01
   1.1971420e+03   9.0000000e-01   1.1974310e+03   9.4487122e+01
   1.1980190e+03   8.7700000e-01   1.1983110e+03   9.6350223e+01
   1.1988830e+03   8.6400000e-01   1.1991710e+03   9.6563083e+01
   1.1997570e+03   8.7400000e-01   1.2000410e+03   9.4878511e+01
   1.2006180e+03   8.6100000e-01   1.2009110e+03   9.5620089e+01
   1.2014680e+03   8.5100000e-01   1.2017510e+03   9.8069127e+01
   1.2023200e+03   8.5100000e-01   1.2026010e+03   9.7226841e+01
   1.2031790e+03   8.5900000e-01   1.2034710e+03   9.7462590e+01
   1.2040300e+03   8.5100000e-01   1.2043310e+03   9.8373541e+01
   1.2048640e+03   8.3400000e-01   1.2051610e+03   1.0153898e+02
   1.2057290e+03   8.6500000e-01   1.2060210e+03   1.0168547e+02
   1.2067060e+03   9.7600000e-01   1.2069910e+03   9.9742256e+01
   1.2076560e+03   9.5000000e-01   1.2079510e+03   9.9934517e+01
   1.2085860e+03   9.3000000e-01   1.2088710e+03   1.0044950e+02
   1.2095260e+03   9.3900000e-01   1.2098110e+03   9.8742041e+01
   1.2104760e+03   9.5100000e-01   1.2107610e+03   9.7203953e+01
   1.2114030e+03   9.2700000e-01   1.2116910e+03   9.6350223e+01
   1.2123050e+03   9.0200000e-01   1.2125910e+03   9.5967989e+01
   1.2131930e+03   8.8800000e-01   1.2134810e+03   9.5720797e+01
   1.2140720e+03   8.7900000e-01   1.2143610e+03   9.4530610e+01
   1.2149230e+03   8.5200000e-01   1.2152210e+03   9.5306520e+01
   1.2157760e+03   8.5300000e-01   1.2160610e+03   9.7126133e+01
   1.2166200e+03   8.4400000e-01   1.2169010e+03   9.6450931e+01
   1.2174740e+03   8.5400000e-01   1.2177610e+03   9.6114474e+01
   1.2183330e+03   8.6000000e-01   1.2186210e+03   9.5642977e+01
   1.2191850e+03   8.5100000e-01   1.2194710e+03   9.5013551e+01
   1.2200290e+03   8.4400000e-01   1.2203210e+03   9.4981507e+01
   1.2208660e+03   8.3700000e-01   1.2211510e+03   9.6171695e+01
   1.2216960e+03   8.3000000e-01   1.2219810e+03   9.6249514e+01
   1.2225320e+03   8.3600000e-01   1.2228200e+03   9.5496492e+01
   1.2233860e+03   8.5400000e-01   1.2236710e+03   9.5361452e+01
   1.2242470e+03   8.6100000e-01   1.2245410e+03   9.4553498e+01
   1.2250910e+03   8.4400000e-01   1.2253810e+03   9.6407443e+01
   1.2259360e+03   8.4500000e-01   1.2262110e+03   9.6913273e+01
   1.2267830e+03   8.4700000e-01   1.2270710e+03   9.6338779e+01
   1.2276500e+03   8.6700000e-01   1.2279410e+03   9.4711427e+01
   1.2284980e+03   8.4800000e-01   1.2287910e+03   9.5800906e+01
   1.2293330e+03   8.3400000e-01   1.2296210e+03   9.7698338e+01
   1.2301600e+03   8.2800000e-01   1.2304410e+03   9.8034795e+01
   1.2309990e+03   8.3900000e-01   1.2312810e+03   9.7563298e+01
   1.2318500e+03   8.5100000e-01   1.2321310e+03   9.6979648e+01
   1.2327100e+03   8.6000000e-01   1.2330010e+03   9.5924502e+01
   1.2335590e+03   8.4900000e-01   1.2338510e+03   9.7631963e+01
   1.2343940e+03   8.3500000e-01   1.2346810e+03   9.9000678e+01
   1.2352260e+03   8.3200000e-01   1.2355110e+03   9.8517736e+01
   1.2360720e+03   8.4500000e-01   1.2363610e+03   9.7068913e+01
   1.2369210e+03   8.5000000e-01   1.2372110e+03   9.7856267e+01
   1.2377780e+03   8.5700000e-01   1.2380610e+03   9.9552284e+01
   1.2386420e+03   8.6400000e-01   1.2389210e+03   9.9552284e+01
   1.2395130e+03   8.7000000e-01   1.2398010e+03   9.8181280e+01
   1.2403800e+03   8.6800000e-01   1.2406710e+03   9.8597845e+01
   1.2412460e+03   8.6500000e-01   1.2415310e+03   9.8787817e+01
   1.2421090e+03   8.6300000e-01   1.2424010e+03   9.7114689e+01
   1.2429430e+03   8.3400000e-01   1.2432410e+03   9.7496922e+01
   1.2437630e+03   8.2000000e-01   1.2440510e+03   9.9810920e+01
   1.2445800e+03   8.1700000e-01   1.2448710e+03   9.9652992e+01
   1.2454010e+03   8.2200000e-01   1.2456810e+03   9.9888740e+01
   1.2462320e+03   8.3000000e-01   1.2465110e+03   9.9057898e+01
   1.2470660e+03   8.3500000e-01   1.2473610e+03   9.9719368e+01
   1.2479230e+03   8.5600000e-01   1.2482110e+03   1.0077680e+02
   1.2487900e+03   8.6700000e-01   1.2490810e+03   1.0119108e+02
   1.2496590e+03   8.7000000e-01   1.2499510e+03   9.9810920e+01
   1.2505310e+03   8.7200000e-01   1.2508210e+03   1.0068525e+02
   1.2514180e+03   8.8700000e-01   1.2517110e+03   1.0071958e+02
   1.2523130e+03   8.9500000e-01   1.2526010e+03   9.9888740e+01
   1.2532230e+03   9.1000000e-01   1.2535110e+03   9.8204168e+01
   1.2541150e+03   8.9200000e-01   1.2544110e+03   9.7968419e+01
   1.2550090e+03   8.9400000e-01   1.2552910e+03   9.8428472e+01
   1.2559390e+03   9.3000000e-01   1.2562210e+03   9.7080357e+01
   1.2568470e+03   9.0800000e-01   1.2571410e+03   9.5778017e+01
   1.2577250e+03   8.7800000e-01   1.2580110e+03   9.7631963e+01
   1.2586030e+03   8.7900000e-01   1.2588910e+03   9.7586186e+01
   1.2594950e+03   8.9100000e-01   1.2597810e+03   9.5588045e+01
   1.2603720e+03   8.7800000e-01   1.2606610e+03   9.6956760e+01
   1.2612430e+03   8.7000000e-01   1.2615210e+03   9.8552069e+01
   1.2621310e+03   8.8800000e-01   1.2624110e+03   9.7631963e+01
   1.2630350e+03   9.0500000e-01   1.2633210e+03   9.6553928e+01
   1.2639280e+03   8.9200000e-01   1.2642110e+03   9.8742041e+01
   1.2648340e+03   9.0700000e-01   1.2651210e+03   9.8753485e+01
   1.2657680e+03   9.3400000e-01   1.2660610e+03   9.6933872e+01
   1.2666910e+03   9.2300000e-01   1.2669810e+03   9.8135503e+01
   1.2675860e+03   8.9500000e-01   1.2678700e+03   9.8989234e+01
   1.2684960e+03   9.1000000e-01   1.2687810e+03   9.6721012e+01
   1.2694200e+03   9.2400000e-01   1.2697110e+03   9.7361882e+01
   1.2703430e+03   9.2200000e-01   1.2706210e+03   9.8034795e+01
   1.2712820e+03   9.3900000e-01   1.2715610e+03   9.8439916e+01
   1.2722480e+03   9.6600000e-01   1.2725410e+03   9.5565157e+01
   1.2731700e+03   9.2100000e-01   1.2734610e+03   9.6373111e+01
   1.2740780e+03   9.0900000e-01   1.2743610e+03   9.6585971e+01
   1.2749810e+03   9.0300000e-01   1.2752610e+03   9.6059542e+01
   1.2758920e+03   9.1100000e-01   1.2761810e+03   9.4475678e+01
   1.2767790e+03   8.8800000e-01   1.2770610e+03   9.5588045e+01
   1.2776770e+03   8.9800000e-01   1.2779610e+03   9.6238070e+01
   1.2785920e+03   9.1500000e-01   1.2788810e+03   9.4306305e+01
   1.2794810e+03   8.9000000e-01   1.2797710e+03   9.5317964e+01
   1.2803530e+03   8.7100000e-01   1.2806310e+03   9.7169621e+01
   1.2812260e+03   8.7300000e-01   1.2815110e+03   9.7350438e+01
   1.2821230e+03   8.9800000e-01   1.2824110e+03   9.5441561e+01
   1.2830090e+03   8.8600000e-01   1.2833010e+03   9.6272403e+01
   1.2838810e+03   8.7200000e-01   1.2841610e+03   9.7293217e+01
   1.2847670e+03   8.8600000e-01   1.2850410e+03   9.7474034e+01
   1.2856510e+03   8.8500000e-01   1.2859410e+03   9.5642977e+01
   1.2865180e+03   8.6700000e-01   1.2868110e+03   9.6519595e+01
   1.2873840e+03   8.6600000e-01   1.2876610e+03   9.7057468e+01
   1.2882630e+03   8.7900000e-01   1.2885410e+03   9.7114689e+01
   1.2891480e+03   8.8600000e-01   1.2894410e+03   9.5125703e+01
   1.2900220e+03   8.7300000e-01   1.2903110e+03   9.6709568e+01
   1.2908920e+03   8.7000000e-01   1.2911710e+03   9.7485478e+01
   1.2917710e+03   8.7900000e-01   1.2920510e+03   9.7169621e+01
   1.2926760e+03   9.0500000e-01   1.2929610e+03   9.5105104e+01
   1.2935640e+03   8.8800000e-01   1.2938610e+03   9.5496492e+01
   1.2944350e+03   8.7000000e-01   1.2947210e+03   9.7149021e+01
   1.2953130e+03   8.7800000e-01   1.2955910e+03   9.6913273e+01
   1.2961970e+03   8.8500000e-01   1.2964810e+03   9.4970063e+01
   1.2970700e+03   8.7300000e-01   1.2973610e+03   9.5407228e+01
   1.2979430e+03   8.7300000e-01   1.2982310e+03   9.6766788e+01
   1.2988290e+03   8.8600000e-01   1.2991110e+03   9.6698123e+01
   1.2997380e+03   9.0900000e-01   1.3000210e+03   9.5125703e+01
   1.3006470e+03   9.0900000e-01   1.3009410e+03   9.4754914e+01
   1.3015330e+03   8.8600000e-01   1.3018210e+03   9.5620089e+01
   1.3024370e+03   9.0400000e-01   1.3027210e+03   9.5665865e+01
   1.3033900e+03   9.5300000e-01   1.3036710e+03   9.4734315e+01
   1.3043770e+03   9.8700000e-01   1.3046610e+03   9.3397643e+01
   1.3053200e+03   9.4300000e-01   1.3056210e+03   9.2802550e+01
   1.3062240e+03   9.0400000e-01   1.3065110e+03   9.4004181e+01
   1.3071210e+03   8.9700000e-01   1.3074010e+03   9.4306305e+01
   1.3080060e+03   8.8400000e-01   1.3082910e+03   9.3104674e+01
   1.3088730e+03   8.6800000e-01   1.3091710e+03   9.2768217e+01
   1.3097300e+03   8.5700000e-01   1.3100210e+03   9.5047883e+01
   1.3105910e+03   8.6100000e-01   1.3108710e+03   9.5789461e+01
   1.3114780e+03   8.8700000e-01   1.3117610e+03   9.5171480e+01
   1.3123770e+03   8.9900000e-01   1.3126710e+03   9.4901399e+01
   1.3132530e+03   8.7600000e-01   1.3135410e+03   9.6125918e+01
   1.3141290e+03   8.7600000e-01   1.3144110e+03   9.7126133e+01
   1.3150270e+03   8.9900000e-01   1.3153110e+03   9.6496707e+01
   1.3159340e+03   9.0700000e-01   1.3162210e+03   9.5306520e+01
   1.3168180e+03   8.8400000e-01   1.3171110e+03   9.6867496e+01
   1.3177180e+03   9.0000000e-01   1.3180010e+03   9.7080357e+01
   1.3186350e+03   9.1700000e-01   1.3189110e+03   9.6194583e+01
   1.3195530e+03   9.1800000e-01   1.3198510e+03   9.4352082e+01
   1.3204280e+03   8.7500000e-01   1.3207210e+03   9.6183139e+01
   1.3212860e+03   8.5800000e-01   1.3215710e+03   9.6450931e+01
   1.3221480e+03   8.6100000e-01   1.3224310e+03   9.5519380e+01
   1.3230230e+03   8.7500000e-01   1.3233110e+03   9.4498566e+01
   1.3238880e+03   8.6500000e-01   1.3241710e+03   9.5855837e+01
   1.3247640e+03   8.7600000e-01   1.3250410e+03   9.6272403e+01
   1.3256660e+03   9.0100000e-01   1.3259500e+03   9.5990878e+01
   1.3265790e+03   9.1300000e-01   1.3268710e+03   9.4116333e+01
   1.3274760e+03   8.9800000e-01   1.3277610e+03   9.5024995e+01
   1.3283710e+03   8.9400000e-01   1.3286510e+03   9.5093660e+01
   1.3292430e+03   8.7200000e-01   1.3295310e+03   9.3553283e+01
   1.3301080e+03   8.6500000e-01   1.3304010e+03   9.3958404e+01
   1.3309540e+03   8.4600000e-01   1.3312410e+03   9.5642977e+01
   1.3317980e+03   8.4400000e-01   1.3320810e+03   9.5711641e+01
   1.3326560e+03   8.5800000e-01   1.3329410e+03   9.4835023e+01
   1.3335080e+03   8.5200000e-01   1.3338010e+03   9.4912843e+01
   1.3343550e+03   8.4700000e-01   1.3346410e+03   9.6553928e+01
   1.3352170e+03   8.6200000e-01   1.3355010e+03   9.6585971e+01
   1.3361000e+03   8.8300000e-01   1.3363810e+03   9.5217256e+01
   1.3369960e+03   8.9600000e-01   1.3372910e+03   9.3587615e+01
   1.3378620e+03   8.6600000e-01   1.3381510e+03   9.5317964e+01
   1.3387330e+03   8.7100000e-01   1.3390210e+03   9.4878511e+01
   1.3396080e+03   8.7500000e-01   1.3398910e+03   9.3834808e+01
   1.3404980e+03   8.9000000e-01   1.3407910e+03   9.1857266e+01
   1.3413890e+03   8.9000000e-01   1.3416810e+03   9.2992522e+01
   1.3422560e+03   8.6700000e-01   1.3425410e+03   9.3779876e+01
   1.3431150e+03   8.5900000e-01   1.3434010e+03   9.3049742e+01
   1.3439620e+03   8.4700000e-01   1.3442610e+03   9.1486477e+01
   1.3448040e+03   8.4200000e-01   1.3450910e+03   9.3541839e+01
   1.3456390e+03   8.3400000e-01   1.3459210e+03   9.3958404e+01
   1.3464770e+03   8.3800000e-01   1.3467610e+03   9.2969634e+01
   1.3473290e+03   8.5200000e-01   1.3476210e+03   9.2443205e+01
   1.3481880e+03   8.5900000e-01   1.3484710e+03   9.4352082e+01
   1.3490820e+03   8.9400000e-01   1.3493610e+03   9.4564942e+01
   1.3499920e+03   9.1000000e-01   1.3502810e+03   9.2363096e+01
   1.3508680e+03   8.7600000e-01   1.3511610e+03   9.2431761e+01
   1.3517290e+03   8.6200000e-01   1.3520110e+03   9.4452790e+01
   1.3525860e+03   8.5700000e-01   1.3528710e+03   9.3880584e+01
   1.3534490e+03   8.6200000e-01   1.3537410e+03   9.2196012e+01
   1.3542980e+03   8.5000000e-01   1.3545910e+03   9.2667509e+01
   1.3551380e+03   8.4000000e-01   1.3554210e+03   9.4677094e+01
   1.3559690e+03   8.3100000e-01   1.3562510e+03   9.4654206e+01
   1.3568030e+03   8.3300000e-01   1.3570910e+03   9.2656065e+01
   1.3576430e+03   8.4100000e-01   1.3579310e+03   9.3576171e+01
   1.3584830e+03   8.4000000e-01   1.3587610e+03   9.5317964e+01
   1.3593290e+03   8.4600000e-01   1.3596100e+03   9.5260744e+01
   1.3601720e+03   8.4300000e-01   1.3604610e+03   9.3003966e+01
   1.3610110e+03   8.3900000e-01   1.3613010e+03   9.5125703e+01
   1.3618500e+03   8.3900000e-01   1.3621310e+03   9.5979434e+01
   1.3627000e+03   8.5100000e-01   1.3629810e+03   9.5350008e+01
   1.3635680e+03   8.6800000e-01   1.3638610e+03   9.3564727e+01
   1.3644270e+03   8.5900000e-01   1.3647110e+03   9.5194368e+01
   1.3652860e+03   8.6000000e-01   1.3655610e+03   9.5755129e+01
   1.3661610e+03   8.7400000e-01   1.3664310e+03   9.5205812e+01
   1.3670410e+03   8.8000000e-01   1.3673310e+03   9.3139006e+01
   1.3679070e+03   8.6600000e-01   1.3681910e+03   9.5372896e+01
   1.3687670e+03   8.6000000e-01   1.3690410e+03   9.5700197e+01
   1.3696270e+03   8.6100000e-01   1.3699110e+03   9.3834808e+01
   1.3704840e+03   8.5700000e-01   1.3707710e+03   9.4093445e+01
   1.3713650e+03   8.8100000e-01   1.3716510e+03   9.4981507e+01
   1.3723090e+03   9.4400000e-01   1.3725810e+03   9.4475678e+01
   1.3733280e+03   1.0190000e+00   1.3736110e+03   9.3015410e+01
   1.3742870e+03   9.5900000e-01   1.3745810e+03   9.2104459e+01
   1.3752090e+03   9.2100000e-01   1.3754910e+03   9.3182494e+01
   1.3761130e+03   9.0400000e-01   1.3763910e+03   9.2834593e+01
   1.3770120e+03   8.9900000e-01   1.3773010e+03   9.1362881e+01
   1.3778850e+03   8.7300000e-01   1.3781810e+03   9.1825223e+01
   1.3787480e+03   8.6300000e-01   1.3790310e+03   9.4429902e+01
   1.3796120e+03   8.6300000e-01   1.3798910e+03   9.5047883e+01
   1.3805020e+03   8.9000000e-01   1.3807910e+03   9.4271973e+01
   1.3814050e+03   9.0300000e-01   1.3816910e+03   9.4395569e+01
   1.3822990e+03   8.9400000e-01   1.3825810e+03   9.5464449e+01
   1.3832180e+03   9.1800000e-01   1.3835010e+03   9.5125703e+01
   1.3841560e+03   9.3800000e-01   1.3844410e+03   9.3532684e+01
   1.3850650e+03   9.0900000e-01   1.3853610e+03   9.3656280e+01
   1.3859650e+03   8.9900000e-01   1.3862500e+03   9.4441346e+01
   1.3868630e+03   8.9900000e-01   1.3871510e+03   9.3397643e+01
   1.3877630e+03   8.9900000e-01   1.3880610e+03   9.1532254e+01
   1.3886440e+03   8.8100000e-01   1.3889310e+03   9.3038298e+01
   1.3895500e+03   9.0600000e-01   1.3898310e+03   9.3541839e+01
   1.3905340e+03   9.8400000e-01   1.3908210e+03   9.1497921e+01
   1.3915260e+03   9.9300000e-01   1.3918210e+03   8.8959619e+01
   1.3924300e+03   9.0400000e-01   1.3927310e+03   8.8893243e+01
   1.3933050e+03   8.7500000e-01   1.3935910e+03   9.0264247e+01
   1.3941880e+03   8.8300000e-01   1.3944710e+03   9.0129206e+01
   1.3950630e+03   8.7400000e-01   1.3953610e+03   8.8128776e+01
   1.3959190e+03   8.5600000e-01   1.3962210e+03   8.8208885e+01
   1.3967620e+03   8.4300000e-01   1.3970510e+03   9.1296505e+01
   1.3976050e+03   8.4300000e-01   1.3978910e+03   9.2408872e+01
   1.3984520e+03   8.4700000e-01   1.3987410e+03   9.0623592e+01
   1.3992940e+03   8.4200000e-01   1.3995910e+03   8.9545557e+01
   1.4001310e+03   8.3700000e-01   1.4004210e+03   9.2498136e+01
   1.4009650e+03   8.3400000e-01   1.4012410e+03   9.3823364e+01
   1.4018080e+03   8.4300000e-01   1.4020910e+03   9.2667509e+01
   1.4026710e+03   8.6300000e-01   1.4029710e+03   9.0758632e+01
   1.4035270e+03   8.5600000e-01   1.4038210e+03   9.2667509e+01
   1.4043890e+03   8.6100000e-01   1.4046710e+03   9.3475463e+01
   1.4052810e+03   8.9200000e-01   1.4055610e+03   9.2644621e+01
   1.4062060e+03   9.2600000e-01   1.4065010e+03   8.9318964e+01
   1.4070970e+03   8.9100000e-01   1.4073910e+03   9.0982937e+01
   1.4080010e+03   9.0400000e-01   1.4082910e+03   9.1285061e+01
   1.4088800e+03   8.8000000e-01   1.4091710e+03   8.9534113e+01
   1.4097370e+03   8.5700000e-01   1.4100410e+03   8.8881799e+01
   1.4105780e+03   8.4100000e-01   1.4108710e+03   9.1095089e+01
   1.4114170e+03   8.3900000e-01   1.4117010e+03   9.1813779e+01
   1.4122610e+03   8.4400000e-01   1.4125510e+03   9.1195797e+01
   1.4131150e+03   8.5400000e-01   1.4134110e+03   9.0184138e+01
   1.4139710e+03   8.5600000e-01   1.4142610e+03   9.2633177e+01
   1.4148380e+03   8.6700000e-01   1.4151210e+03   9.3026854e+01
   1.4157130e+03   8.7500000e-01   1.4160010e+03   9.2239500e+01
   1.4165840e+03   8.7100000e-01   1.4168810e+03   9.1195797e+01
   1.4174430e+03   8.5900000e-01   1.4177310e+03   9.3193938e+01
   1.4183140e+03   8.7000000e-01   1.4186010e+03   9.2992522e+01
   1.4191800e+03   8.6700000e-01   1.4194710e+03   9.1273617e+01
   1.4200330e+03   8.5200000e-01   1.4203310e+03   9.1768002e+01
   1.4208790e+03   8.4600000e-01   1.4211610e+03   9.3857696e+01
   1.4217290e+03   8.5000000e-01   1.4220110e+03   9.3935516e+01
   1.4225840e+03   8.5400000e-01   1.4228710e+03   9.2308164e+01
   1.4234450e+03   8.6100000e-01   1.4237410e+03   9.2015195e+01
   1.4243040e+03   8.5900000e-01   1.4245910e+03   9.4622163e+01
   1.4251700e+03   8.6500000e-01   1.4254510e+03   9.5093660e+01
   1.4260660e+03   8.9700000e-01   1.4263510e+03   9.2813994e+01
   1.4269590e+03   8.9200000e-01   1.4272510e+03   9.1678738e+01
   1.4278350e+03   8.7700000e-01   1.4281210e+03   9.3745544e+01
   1.4287170e+03   8.8100000e-01   1.4290010e+03   9.3756988e+01
   1.4296240e+03   9.0800000e-01   1.4299110e+03   9.3038298e+01
   1.4305240e+03   8.9900000e-01   1.4308210e+03   9.1218685e+01
   1.4313960e+03   8.7200000e-01   1.4316910e+03   9.2946745e+01
   1.4322770e+03   8.8100000e-01   1.4325610e+03   9.3486907e+01
   1.4331510e+03   8.7400000e-01   1.4334410e+03   9.2958189e+01
   1.4340370e+03   8.8600000e-01   1.4343310e+03   9.1442990e+01
   1.4349090e+03   8.7100000e-01   1.4352010e+03   9.2173124e+01
   1.4357640e+03   8.5500000e-01   1.4360510e+03   9.3857696e+01
   1.4366150e+03   8.5100000e-01   1.4369010e+03   9.4082001e+01
   1.4374670e+03   8.5200000e-01   1.4377510e+03   9.3553283e+01
   1.4383270e+03   8.6000000e-01   1.4386210e+03   9.2768217e+01
   1.4391850e+03   8.5800000e-01   1.4394710e+03   9.4418457e+01
   1.4400410e+03   8.5600000e-01   1.4403210e+03   9.4878511e+01
   1.4409010e+03   8.6100000e-01   1.4411810e+03   9.4507721e+01
   1.4417810e+03   8.8000000e-01   1.4420710e+03   9.2935301e+01
   1.4426570e+03   8.7600000e-01   1.4429510e+03   9.2802550e+01
   1.4435190e+03   8.6200000e-01   1.4438010e+03   9.4171265e+01
   1.4443910e+03   8.7200000e-01   1.4446710e+03   9.3768432e+01
   1.4452780e+03   8.8700000e-01   1.4455610e+03   9.3116118e+01
   1.4461630e+03   8.8500000e-01   1.4464510e+03   9.1454434e+01
   1.4470240e+03   8.6100000e-01   1.4473210e+03   9.1600918e+01
   1.4478720e+03   8.4800000e-01   1.4481610e+03   9.2891814e+01
   1.4487190e+03   8.4800000e-01   1.4490010e+03   9.2610289e+01
   1.4495720e+03   8.5300000e-01   1.4498510e+03   9.2228055e+01
   1.4504250e+03   8.5300000e-01   1.4507210e+03   9.1431546e+01
   1.4512820e+03   8.5700000e-01   1.4515810e+03   9.1060757e+01
   1.4521320e+03   8.5000000e-01   1.4524210e+03   9.2196012e+01
   1.4529830e+03   8.5100000e-01   1.4532610e+03   9.2667509e+01
   1.4538450e+03   8.6200000e-01   1.4541310e+03   9.2509580e+01
   1.4547180e+03   8.7200000e-01   1.4550110e+03   9.0790676e+01
   1.4555810e+03   8.6300000e-01   1.4558710e+03   9.2408872e+01
   1.4564280e+03   8.4700000e-01   1.4567110e+03   9.3486907e+01
   1.4572830e+03   8.5500000e-01   1.4575610e+03   9.3216826e+01
   1.4581500e+03   8.6800000e-01   1.4584410e+03   9.2083860e+01
   1.4590060e+03   8.5500000e-01   1.4593010e+03   9.1442990e+01
   1.4598470e+03   8.4100000e-01   1.4601310e+03   9.2846037e+01
   1.4606820e+03   8.3500000e-01   1.4609610e+03   9.3340423e+01
   1.4615210e+03   8.3900000e-01   1.4618010e+03   9.2969634e+01
   1.4623760e+03   8.5500000e-01   1.4626610e+03   9.1857266e+01
   1.4632330e+03   8.5700000e-01   1.4635310e+03   9.1925931e+01
   1.4640930e+03   8.6100000e-01   1.4643810e+03   9.3722656e+01
   1.4649820e+03   8.8900000e-01   1.4652710e+03   9.3328978e+01
   1.4658890e+03   9.0700000e-01   1.4661710e+03   9.2779661e+01
   1.4667880e+03   8.9900000e-01   1.4670910e+03   9.0859340e+01
   1.4676860e+03   8.9800000e-01   1.4679810e+03   9.1678738e+01
   1.4685720e+03   8.8600000e-01   1.4688610e+03   9.2374540e+01
   1.4694560e+03   8.8300000e-01   1.4697410e+03   9.2207456e+01
   1.4703700e+03   9.1400000e-01   1.4706610e+03   9.1241573e+01
   1.4712590e+03   8.8900000e-01   1.4715510e+03   9.1644406e+01
   1.4721320e+03   8.7300000e-01   1.4724210e+03   9.3239714e+01
   1.4730070e+03   8.7500000e-01   1.4732910e+03   9.3541839e+01
   1.4739020e+03   8.9500000e-01   1.4741910e+03   9.3026854e+01
   1.4747950e+03   8.9200000e-01   1.4750910e+03   9.2385984e+01
   1.4756600e+03   8.6500000e-01   1.4759510e+03   9.4677094e+01
   1.4765100e+03   8.5100000e-01   1.4767910e+03   9.5507936e+01
   1.4773890e+03   8.7900000e-01   1.4776710e+03   9.5620089e+01
   1.4783070e+03   9.1800000e-01   1.4786010e+03   9.3274047e+01
   1.4792050e+03   8.9800000e-01   1.4795010e+03   9.4564942e+01
   1.4800850e+03   8.8000000e-01   1.4803710e+03   9.5553713e+01
   1.4809880e+03   9.0300000e-01   1.4812710e+03   9.4271973e+01
   1.4819190e+03   9.3100000e-01   1.4822110e+03   9.3374755e+01
   1.4828230e+03   9.0400000e-01   1.4831210e+03   9.2532469e+01
   1.4837180e+03   8.9500000e-01   1.4840110e+03   9.2969634e+01
   1.4846040e+03   8.8600000e-01   1.4848910e+03   9.2319608e+01
   1.4854900e+03   8.8600000e-01   1.4857810e+03   9.1701627e+01
   1.4863820e+03   8.9100000e-01   1.4866710e+03   9.1241573e+01
   1.4872730e+03   8.9100000e-01   1.4875610e+03   8.9790461e+01
   1.4881410e+03   8.6800000e-01   1.4884410e+03   8.9364740e+01
   1.4889920e+03   8.5100000e-01   1.4892810e+03   9.0847896e+01
   1.4898340e+03   8.4200000e-01   1.4901210e+03   9.0825008e+01
   1.4906770e+03   8.4400000e-01   1.4909610e+03   9.0408442e+01
   1.4915170e+03   8.4000000e-01   1.4918110e+03   9.0005610e+01
   1.4923600e+03   8.4200000e-01   1.4926510e+03   9.1385769e+01
   1.4931980e+03   8.3800000e-01   1.4934810e+03   9.3070342e+01
   1.4940460e+03   8.4800000e-01   1.4943310e+03   9.3015410e+01
   1.4949110e+03   8.6500000e-01   1.4952010e+03   9.1083645e+01
   1.4957690e+03   8.5700000e-01   1.4960610e+03   9.2150235e+01
   1.4966380e+03   8.6900000e-01   1.4969210e+03   9.3070342e+01
   1.4975140e+03   8.7600000e-01   1.4978010e+03   9.3274047e+01
   1.4984280e+03   9.1400000e-01   1.4987110e+03   9.2060971e+01
   1.4993580e+03   9.3000000e-01   1.4996510e+03   9.1037868e+01
   1.5002540e+03   8.9600000e-01   1.5005410e+03   9.1644406e+01
   1.5011320e+03   8.7900000e-01   1.5014210e+03   9.2104459e+01
   1.5020300e+03   8.9700000e-01   1.5023210e+03   9.1477322e+01
   1.5029210e+03   8.9200000e-01   1.5032210e+03   9.0060542e+01
   1.5037890e+03   8.6700000e-01   1.5040810e+03   9.2173124e+01
   1.5046480e+03   8.5900000e-01   1.5049310e+03   9.2598844e+01
   1.5055180e+03   8.7000000e-01   1.5058010e+03   9.2083860e+01
   1.5063710e+03   8.5200000e-01   1.5066710e+03   9.1230129e+01
   1.5072160e+03   8.4500000e-01   1.5075010e+03   9.3633392e+01
   1.5080620e+03   8.4600000e-01   1.5083410e+03   9.4139221e+01
   1.5089250e+03   8.6300000e-01   1.5092010e+03   9.4642762e+01
   1.5098400e+03   9.1600000e-01   1.5101310e+03   9.3058898e+01
   1.5107570e+03   9.1600000e-01   1.5110510e+03   9.3857696e+01
   1.5116640e+03   9.0800000e-01   1.5119510e+03   9.4384125e+01
   1.5125680e+03   9.0400000e-01   1.5128510e+03   9.3587615e+01
   1.5134670e+03   8.9900000e-01   1.5137610e+03   9.1307949e+01
   1.5143390e+03   8.7200000e-01   1.5146310e+03   9.1836667e+01
   1.5152040e+03   8.6500000e-01   1.5154910e+03   9.3205382e+01
   1.5160840e+03   8.8100000e-01   1.5163710e+03   9.3093230e+01
   1.5169720e+03   8.8800000e-01   1.5172710e+03   9.1273617e+01
   1.5178470e+03   8.7500000e-01   1.5181410e+03   9.1566586e+01
   1.5187050e+03   8.5800000e-01   1.5189910e+03   9.3800476e+01
   1.5195620e+03   8.5700000e-01   1.5198410e+03   9.3633392e+01
   1.5204290e+03   8.6700000e-01   1.5207210e+03   9.2049527e+01
   1.5212870e+03   8.5800000e-01   1.5215810e+03   9.2633177e+01
   1.5221350e+03   8.4800000e-01   1.5224210e+03   9.4734315e+01
   1.5229880e+03   8.5200000e-01   1.5232710e+03   9.4418457e+01
   1.5238530e+03   8.6600000e-01   1.5241410e+03   9.2328764e+01
   1.5247030e+03   8.5000000e-01   1.5250010e+03   9.1903043e+01
   1.5255500e+03   8.4700000e-01   1.5258410e+03   9.4171265e+01
   1.5263920e+03   8.4100000e-01   1.5266710e+03   9.4587830e+01
   1.5272380e+03   8.4700000e-01   1.5275210e+03   9.2690397e+01
   1.5280830e+03   8.4500000e-01   1.5283810e+03   9.1420101e+01
   1.5289280e+03   8.4500000e-01   1.5292210e+03   9.4283417e+01
   1.5297690e+03   8.4100000e-01   1.5300510e+03   9.4777802e+01
   1.5306140e+03   8.4500000e-01   1.5309010e+03   9.3621948e+01
   1.5314580e+03   8.4300000e-01   1.5317510e+03   9.2296720e+01
   1.5323030e+03   8.4500000e-01   1.5325910e+03   9.4530610e+01
   1.5331620e+03   8.5900000e-01   1.5334410e+03   9.5036439e+01
   1.5340370e+03   8.7500000e-01   1.5343210e+03   9.4587830e+01
   1.5349390e+03   9.0200000e-01   1.5352310e+03   9.2621733e+01
   1.5358360e+03   8.9700000e-01   1.5361310e+03   9.2443205e+01
   1.5367020e+03   8.6600000e-01   1.5369910e+03   9.3521239e+01
   1.5375800e+03   8.7800000e-01   1.5378610e+03   9.3429687e+01
   1.5384990e+03   9.1900000e-01   1.5387810e+03   9.2196012e+01
   1.5394370e+03   9.3800000e-01   1.5397310e+03   9.0779232e+01
   1.5403310e+03   8.9500000e-01   1.5406310e+03   9.1026424e+01
   1.5412130e+03   8.8200000e-01   1.5415010e+03   9.2239500e+01
   1.5420840e+03   8.7100000e-01   1.5423710e+03   9.2296720e+01
   1.5429670e+03   8.8200000e-01   1.5432510e+03   9.1241573e+01
   1.5438430e+03   8.7600000e-01   1.5441410e+03   9.0532039e+01
   1.5446920e+03   8.4900000e-01   1.5449910e+03   9.1026424e+01
   1.5455280e+03   8.3600000e-01   1.5458110e+03   9.3351867e+01
   1.5463620e+03   8.3400000e-01   1.5466410e+03   9.3811920e+01
   1.5472130e+03   8.5100000e-01   1.5475010e+03   9.2340208e+01
   1.5480720e+03   8.5900000e-01   1.5483710e+03   9.2610289e+01
   1.5489190e+03   8.4700000e-01   1.5492110e+03   9.4699982e+01
   1.5497760e+03   8.5800000e-01   1.5500610e+03   9.4766358e+01
   1.5506530e+03   8.7700000e-01   1.5509410e+03   9.4553498e+01
   1.5515390e+03   8.8600000e-01   1.5518310e+03   9.2779661e+01
   1.5524210e+03   8.8200000e-01   1.5527110e+03   9.3644836e+01
   1.5532830e+03   8.6100000e-01   1.5535610e+03   9.5137147e+01
   1.5541370e+03   8.5400000e-01   1.5544210e+03   9.5507936e+01
   1.5549960e+03   8.6000000e-01   1.5552910e+03   9.3789032e+01
   1.5558530e+03   8.5600000e-01   1.5561410e+03   9.5036439e+01
   1.5567120e+03   8.6000000e-01   1.5569910e+03   9.5979434e+01
   1.5575880e+03   8.7600000e-01   1.5578710e+03   9.6542484e+01
   1.5584810e+03   8.9300000e-01   1.5587710e+03   9.4722871e+01
   1.5593800e+03   8.9800000e-01   1.5596710e+03   9.3946960e+01
   1.5602550e+03   8.7600000e-01   1.5605410e+03   9.5082216e+01
   1.5611350e+03   8.8000000e-01   1.5614210e+03   9.4889955e+01
   1.5620230e+03   8.8800000e-01   1.5623110e+03   9.3274047e+01
   1.5629070e+03   8.8300000e-01   1.5632010e+03   9.2207456e+01
   1.5637770e+03   8.7000000e-01   1.5640610e+03   9.3946960e+01
   1.5647090e+03   9.3200000e-01   1.5649910e+03   9.3912628e+01
   1.5657060e+03   9.9600000e-01   1.5659910e+03   9.2678953e+01
   1.5666960e+03   9.9000000e-01   1.5669910e+03   9.1273617e+01
   1.5676530e+03   9.5700000e-01   1.5679510e+03   9.0218470e+01
   1.5685680e+03   9.1500000e-01   1.5688610e+03   9.1756558e+01
   1.5694880e+03   9.2000000e-01   1.5697810e+03   9.1655850e+01
   1.5703750e+03   8.8700000e-01   1.5706710e+03   9.0600703e+01
   1.5712290e+03   8.5400000e-01   1.5715310e+03   9.0307734e+01
   1.5720730e+03   8.4300000e-01   1.5723710e+03   9.2610289e+01
   1.5729190e+03   8.4600000e-01   1.5732010e+03   9.3521239e+01
   1.5737690e+03   8.5100000e-01   1.5740510e+03   9.3564727e+01
   1.5746390e+03   8.7000000e-01   1.5749310e+03   9.2610289e+01
   1.5755130e+03   8.7300000e-01   1.5758010e+03   9.3912628e+01
   1.5763650e+03   8.5300000e-01   1.5766510e+03   9.5114259e+01
   1.5772270e+03   8.6100000e-01   1.5775110e+03   9.5013551e+01
   1.5780950e+03   8.6800000e-01   1.5783810e+03   9.3093230e+01
   1.5789680e+03   8.7300000e-01   1.5792610e+03   9.4004181e+01
   1.5798320e+03   8.6300000e-01   1.5801210e+03   9.4935731e+01
   1.5807060e+03   8.7400000e-01   1.5809910e+03   9.4823579e+01
   1.5815770e+03   8.7200000e-01   1.5818610e+03   9.3846252e+01
   1.5824500e+03   8.7300000e-01   1.5827410e+03   9.2115903e+01
   1.5833140e+03   8.6400000e-01   1.5836010e+03   9.4251373e+01
   1.5841610e+03   8.4700000e-01   1.5844410e+03   9.4127777e+01
   1.5850050e+03   8.4500000e-01   1.5852910e+03   9.4194153e+01
   1.5858540e+03   8.4900000e-01   1.5861510e+03   9.2138791e+01
   1.5867020e+03   8.4800000e-01   1.5869910e+03   9.3306090e+01
   1.5875440e+03   8.4200000e-01   1.5878210e+03   9.4688538e+01
   1.5883870e+03   8.4300000e-01   1.5886710e+03   9.4553498e+01
   1.5892460e+03   8.5900000e-01   1.5895310e+03   9.3892029e+01
   1.5901170e+03   8.7100000e-01   1.5904110e+03   9.3205382e+01
   1.5909790e+03   8.6100000e-01   1.5912710e+03   9.4441346e+01
   1.5918310e+03   8.5200000e-01   1.5921110e+03   9.4878511e+01
   1.5926880e+03   8.5800000e-01   1.5929710e+03   9.4576386e+01
   1.5935600e+03   8.7200000e-01   1.5938510e+03   9.3026854e+01
   1.5944270e+03   8.6700000e-01   1.5947210e+03   9.2914702e+01
   1.5952830e+03   8.5600000e-01   1.5955710e+03   9.4418457e+01
   1.5961360e+03   8.5300000e-01   1.5964210e+03   9.4429902e+01
   1.5969990e+03   8.6300000e-01   1.5972810e+03   9.4127777e+01
   1.5978740e+03   8.7500000e-01   1.5981610e+03   9.2463804e+01
   1.5987420e+03   8.6800000e-01   1.5990410e+03   9.0532039e+01
   1.5995750e+03   8.3400000e-01   1.5998710e+03   9.3363311e+01
   1.6003910e+03   8.1500000e-01   1.6006710e+03   9.5171480e+01
   1.6012090e+03   8.1800000e-01   1.6014910e+03   9.2914702e+01
   1.6020280e+03   8.2000000e-01   1.6023210e+03   9.2823149e+01
   1.6028540e+03   8.2500000e-01   1.6031410e+03   9.4745759e+01
   1.6036860e+03   8.3200000e-01   1.6039710e+03   9.5901614e+01
   1.6045360e+03   8.5100000e-01   1.6048210e+03   9.4846467e+01
   1.6054030e+03   8.6700000e-01   1.6056910e+03   9.2733885e+01
   1.6062670e+03   8.6500000e-01   1.6065510e+03   9.3901184e+01
   1.6071320e+03   8.6500000e-01   1.6074210e+03   9.3823364e+01
   1.6080350e+03   9.0300000e-01   1.6083210e+03   9.2575956e+01
   1.6089580e+03   9.2300000e-01   1.6092510e+03   9.1150021e+01
   1.6098430e+03   8.8500000e-01   1.6101410e+03   9.1431546e+01
   1.6107200e+03   8.7800000e-01   1.6110110e+03   9.1509366e+01
   1.6115960e+03   8.7600000e-01   1.6118810e+03   9.1362881e+01
   1.6124770e+03   8.8000000e-01   1.6127710e+03   9.0060542e+01
   1.6133460e+03   8.7000000e-01   1.6136410e+03   9.0083430e+01
   1.6141960e+03   8.5000000e-01   1.6144810e+03   9.1992307e+01
   1.6150480e+03   8.5200000e-01   1.6153310e+03   9.2196012e+01
   1.6158940e+03   8.4700000e-01   1.6161910e+03   9.0284846e+01
   1.6167400e+03   8.4600000e-01   1.6170410e+03   9.0600703e+01
   1.6175750e+03   8.3500000e-01   1.6178610e+03   9.2935301e+01
   1.6184030e+03   8.2800000e-01   1.6186810e+03   9.3351867e+01
   1.6192370e+03   8.3300000e-01   1.6195210e+03   9.3317534e+01
   1.6200600e+03   8.2300000e-01   1.6203510e+03   9.3161895e+01
   1.6208830e+03   8.2300000e-01   1.6211710e+03   9.4889955e+01
   1.6217060e+03   8.2300000e-01   1.6219810e+03   9.5473604e+01
   1.6225440e+03   8.3800000e-01   1.6228310e+03   9.4384125e+01
   1.6233920e+03   8.4800000e-01   1.6236810e+03   9.4036224e+01
   1.6242490e+03   8.5800000e-01   1.6245310e+03   9.4835023e+01
   1.6251200e+03   8.7000000e-01   1.6254010e+03   9.4542054e+01
   1.6260040e+03   8.8400000e-01   1.6262910e+03   9.4093445e+01
   1.6268910e+03   8.8700000e-01   1.6271810e+03   9.2196012e+01
   1.6277490e+03   8.5800000e-01   1.6280410e+03   9.2880369e+01
   1.6286000e+03   8.5000000e-01   1.6288810e+03   9.4271973e+01
   1.6294580e+03   8.5900000e-01   1.6297410e+03   9.5114259e+01
   1.6303330e+03   8.7500000e-01   1.6306210e+03   9.5260744e+01
   1.6312710e+03   9.3800000e-01   1.6315600e+03   9.5272188e+01
   1.6322340e+03   9.6300000e-01   1.6325310e+03   9.4722871e+01
   1.6331490e+03   9.1500000e-01   1.6334410e+03   9.5047883e+01
   1.6340350e+03   8.8600000e-01   1.6343210e+03   9.5453005e+01
   1.6349190e+03   8.8400000e-01   1.6352010e+03   9.4800691e+01
   1.6357980e+03   8.7900000e-01   1.6360910e+03   9.3306090e+01
   1.6366490e+03   8.5100000e-01   1.6369510e+03   9.3026854e+01
   1.6374790e+03   8.3100000e-01   1.6377810e+03   9.5137147e+01
   1.6382870e+03   8.0800000e-01   1.6385810e+03   9.7732671e+01
   1.6390880e+03   8.0100000e-01   1.6393710e+03   9.8103460e+01
   1.6399110e+03   8.2200000e-01   1.6401910e+03   9.8046239e+01
   1.6407530e+03   8.4200000e-01   1.6410510e+03   1.0056165e+02
   1.6416030e+03   8.5100000e-01   1.6419010e+03   1.0229200e+02
   1.6424570e+03   8.5400000e-01   1.6427510e+03   1.0637984e+02
   1.6433210e+03   8.6400000e-01   1.6436110e+03   1.0753798e+02
   1.6442360e+03   9.1500000e-01   1.6445310e+03   1.0748076e+02
   1.6451870e+03   9.5100000e-01   1.6454810e+03   1.0649199e+02
   1.6461580e+03   9.7100000e-01   1.6464610e+03   1.0525832e+02
   1.6471110e+03   9.5300000e-01   1.6474110e+03   1.0411162e+02
   1.6480360e+03   9.2500000e-01   1.6483410e+03   1.0240416e+02
   1.6489460e+03   9.1000000e-01   1.6492510e+03   1.0131468e+02
   1.6498540e+03   9.0800000e-01   1.6501610e+03   9.9888740e+01
   1.6507540e+03   9.0000000e-01   1.6510610e+03   9.7508366e+01
   1.6516110e+03   8.5700000e-01   1.6519210e+03   9.5878725e+01
   1.6524370e+03   8.2600000e-01   1.6527410e+03   9.8439916e+01
   1.6532400e+03   8.0300000e-01   1.6535410e+03   1.0040601e+02
   1.6540410e+03   8.0100000e-01   1.6543310e+03   1.0011304e+02
   1.6548460e+03   8.0500000e-01   1.6551510e+03   9.8293432e+01
   1.6556570e+03   8.1100000e-01   1.6559610e+03   9.9923073e+01
   1.6564720e+03   8.1400000e-01   1.6567710e+03   1.0211347e+02
   1.6572830e+03   8.1100000e-01   1.6575810e+03   1.0287565e+02
   1.6581160e+03   8.3300000e-01   1.6584110e+03   1.0302214e+02
   1.6589880e+03   8.7200000e-01   1.6592910e+03   1.0230345e+02
   1.6598870e+03   8.9800000e-01   1.6601810e+03   1.0117964e+02
   1.6607870e+03   9.0100000e-01   1.6610910e+03   1.0037168e+02
   1.6616760e+03   8.8900000e-01   1.6619710e+03   1.0152754e+02
   1.6625950e+03   9.1900000e-01   1.6628910e+03   1.0082029e+02
   1.6635280e+03   9.3300000e-01   1.6638310e+03   9.9460731e+01
   1.6644630e+03   9.3500000e-01   1.6647610e+03   9.8192724e+01
   1.6653650e+03   9.0200000e-01   1.6656610e+03   9.7551854e+01
   1.6662670e+03   9.0200000e-01   1.6665610e+03   9.9270759e+01
   1.6672290e+03   9.6200000e-01   1.6675310e+03   9.8641333e+01
   1.6682190e+03   9.9000000e-01   1.6685110e+03   9.7428257e+01
   1.6691680e+03   9.4900000e-01   1.6694610e+03   9.8002752e+01
   1.6700960e+03   9.2800000e-01   1.6703810e+03   9.8563513e+01
   1.6709950e+03   8.9900000e-01   1.6712810e+03   9.7316105e+01
   1.6718650e+03   8.7100000e-01   1.6721610e+03   9.7428257e+01
   1.6727230e+03   8.5800000e-01   1.6730110e+03   9.9595771e+01
   1.6735810e+03   8.5800000e-01   1.6738710e+03   1.0010160e+02
   1.6744520e+03   8.7100000e-01   1.6747410e+03   9.8574957e+01
   1.6753240e+03   8.7200000e-01   1.6756210e+03   1.0028242e+02
   1.6761960e+03   8.7100000e-01   1.6764810e+03   1.0085462e+02
   1.6770820e+03   8.8600000e-01   1.6773610e+03   1.0100111e+02
   1.6779920e+03   9.1000000e-01   1.6782810e+03   9.9046454e+01
   1.6788790e+03   8.8700000e-01   1.6791610e+03   1.0070814e+02
   1.6797460e+03   8.6700000e-01   1.6800310e+03   1.0080885e+02
   1.6806130e+03   8.6700000e-01   1.6808910e+03   9.9652992e+01
   1.6814870e+03   8.7400000e-01   1.6817810e+03   9.7945531e+01
   1.6823540e+03   8.6800000e-01   1.6826410e+03   9.9259315e+01
   1.6832130e+03   8.5900000e-01   1.6835010e+03   1.0005811e+02
   1.6840860e+03   8.7300000e-01   1.6843710e+03   9.7934087e+01
   1.6849400e+03   8.5300000e-01   1.6852310e+03   9.7597630e+01
   1.6857860e+03   8.4600000e-01   1.6860710e+03   9.8641333e+01
   1.6866440e+03   8.5900000e-01   1.6869210e+03   9.8687109e+01
   1.6875100e+03   8.6600000e-01   1.6877910e+03   9.7787602e+01
   1.6883810e+03   8.7000000e-01   1.6886710e+03   9.6856052e+01
   1.6892410e+03   8.6100000e-01   1.6895310e+03   9.8011907e+01
   1.6900880e+03   8.4700000e-01   1.6903710e+03   9.8259100e+01
   1.6909310e+03   8.4300000e-01   1.6912210e+03   9.7192509e+01
   1.6917980e+03   8.6700000e-01   1.6920910e+03   9.5743685e+01
   1.6926640e+03   8.6600000e-01   1.6929510e+03   9.7551854e+01
   1.6935390e+03   8.7500000e-01   1.6938210e+03   9.7732671e+01
   1.6944530e+03   9.1400000e-01   1.6947310e+03   9.7137577e+01
   1.6954850e+03   1.0320000e+00   1.6957710e+03   9.4745759e+01
   1.6964340e+03   9.4900000e-01   1.6967210e+03   9.5711641e+01
   1.6973140e+03   8.8000000e-01   1.6976010e+03   9.6407443e+01
   1.6981840e+03   8.7000000e-01   1.6984710e+03   9.5597200e+01
   1.6990360e+03   8.5200000e-01   1.6993310e+03   9.4610718e+01
   1.6998830e+03   8.4700000e-01   1.7001710e+03   9.6620304e+01
   1.7007360e+03   8.5300000e-01   1.7010110e+03   9.8169836e+01
   1.7016070e+03   8.7100000e-01   1.7018910e+03   9.8238500e+01
   1.7025320e+03   9.2500000e-01   1.7028210e+03   9.7114689e+01
   1.7034650e+03   9.3300000e-01   1.7037610e+03   9.7396214e+01
   1.7043750e+03   9.1000000e-01   1.7046510e+03   9.7945531e+01
   1.7052860e+03   9.1100000e-01   1.7055710e+03   9.7439702e+01
   1.7062310e+03   9.4500000e-01   1.7065210e+03   9.5485048e+01
   1.7071550e+03   9.2400000e-01   1.7074510e+03   9.6295291e+01
   1.7080440e+03   8.8900000e-01   1.7083310e+03   9.7046024e+01
   1.7089280e+03   8.8400000e-01   1.7092110e+03   9.7203953e+01
   1.7098220e+03   8.9400000e-01   1.7101110e+03   9.5855837e+01
   1.7106990e+03   8.7700000e-01   1.7109910e+03   9.5160036e+01
   1.7115610e+03   8.6200000e-01   1.7118510e+03   9.7192509e+01
   1.7124340e+03   8.7300000e-01   1.7127110e+03   9.7405369e+01
   1.7133150e+03   8.8100000e-01   1.7136010e+03   9.6574527e+01
   1.7141890e+03   8.7300000e-01   1.7144810e+03   9.5082216e+01
   1.7150590e+03   8.7000000e-01   1.7153410e+03   9.7249729e+01
   1.7159290e+03   8.7000000e-01   1.7162110e+03   9.7261174e+01
   1.7168050e+03   8.7600000e-01   1.7170910e+03   9.7002537e+01
   1.7176910e+03   8.8700000e-01   1.7179810e+03   9.5350008e+01
   1.7185690e+03   8.7800000e-01   1.7188610e+03   9.6203738e+01
   1.7194480e+03   8.7900000e-01   1.7197310e+03   9.6991093e+01
   1.7203320e+03   8.8400000e-01   1.7206110e+03   9.6968204e+01
   1.7212270e+03   8.9500000e-01   1.7215110e+03   9.5137147e+01
   1.7221040e+03   8.7700000e-01   1.7224010e+03   9.4127777e+01
   1.7229680e+03   8.6400000e-01   1.7232610e+03   9.6036654e+01
   1.7238300e+03   8.6200000e-01   1.7241110e+03   9.6249514e+01
   1.7246900e+03   8.6000000e-01   1.7249710e+03   9.5137147e+01
   1.7255480e+03   8.5800000e-01   1.7258410e+03   9.4047668e+01
   1.7263920e+03   8.4500000e-01   1.7266810e+03   9.5350008e+01
   1.7272400e+03   8.4700000e-01   1.7275210e+03   9.6238070e+01
   1.7280950e+03   8.5500000e-01   1.7283710e+03   9.5711641e+01
   1.7289490e+03   8.5400000e-01   1.7292410e+03   9.4070557e+01
   1.7297950e+03   8.4600000e-01   1.7300910e+03   9.5093660e+01
   1.7306270e+03   8.3200000e-01   1.7309110e+03   9.6519595e+01
   1.7314490e+03   8.2200000e-01   1.7317310e+03   9.6542484e+01
   1.7322850e+03   8.3500000e-01   1.7325710e+03   9.5125703e+01
   1.7331230e+03   8.3800000e-01   1.7334210e+03   9.4610718e+01
   1.7339590e+03   8.3500000e-01   1.7342510e+03   9.6631748e+01
   1.7347910e+03   8.3200000e-01   1.7350710e+03   9.6801120e+01
   1.7356370e+03   8.4600000e-01   1.7359210e+03   9.6901829e+01
   1.7365150e+03   8.7800000e-01   1.7368010e+03   9.5217256e+01
   1.7374030e+03   8.8900000e-01   1.7377010e+03   9.5453005e+01
   1.7382700e+03   8.6700000e-01   1.7385510e+03   9.6631748e+01
   1.7391260e+03   8.5600000e-01   1.7394110e+03   9.6585971e+01
   1.7399960e+03   8.7000000e-01   1.7402910e+03   9.4981507e+01
   1.7408540e+03   8.5900000e-01   1.7411410e+03   9.6361667e+01
   1.7417090e+03   8.5400000e-01   1.7419910e+03   9.6968204e+01
   1.7425770e+03   8.6900000e-01   1.7428610e+03   9.5890170e+01
   1.7434760e+03   8.9900000e-01   1.7437710e+03   9.5070771e+01
   1.7443770e+03   9.0100000e-01   1.7446610e+03   9.6295291e+01
   1.7452960e+03   9.1900000e-01   1.7455810e+03   9.6125918e+01
   1.7462360e+03   9.3900000e-01   1.7465310e+03   9.5036439e+01
   1.7471280e+03   8.9300000e-01   1.7474210e+03   9.4171265e+01
   1.7480070e+03   8.7900000e-01   1.7482910e+03   9.6048098e+01
   1.7488520e+03   8.4500000e-01   1.7491410e+03   9.6272403e+01
   1.7496720e+03   8.2000000e-01   1.7499510e+03   9.6631748e+01
   1.7504900e+03   8.1800000e-01   1.7507710e+03   9.6283847e+01
   1.7513290e+03   8.3900000e-01   1.7516110e+03   9.6283847e+01
   1.7521620e+03   8.3300000e-01   1.7524510e+03   9.7284062e+01
   1.7529960e+03   8.3400000e-01   1.7532710e+03   9.8215612e+01
   1.7538610e+03   8.6500000e-01   1.7541510e+03   9.5507936e+01
   1.7547270e+03   8.6600000e-01   1.7550210e+03   9.5766573e+01
   1.7555830e+03   8.5700000e-01   1.7558610e+03   9.7327549e+01
   1.7564360e+03   8.5200000e-01   1.7567110e+03   9.7149021e+01
   1.7572840e+03   8.4900000e-01   1.7575710e+03   9.4823579e+01
   1.7581470e+03   8.6300000e-01   1.7584410e+03   9.3328978e+01
   1.7590080e+03   8.6100000e-01   1.7592910e+03   9.4722871e+01
   1.7598700e+03   8.6200000e-01   1.7601510e+03   9.4677094e+01
   1.7607460e+03   8.7600000e-01   1.7610410e+03   9.3418243e+01
   1.7616050e+03   8.6000000e-01   1.7618910e+03   9.3779876e+01
   1.7624520e+03   8.4700000e-01   1.7627310e+03   9.6485263e+01
   1.7633030e+03   8.5100000e-01   1.7635810e+03   9.6933872e+01
   1.7641820e+03   8.7900000e-01   1.7644610e+03   9.5473604e+01
   1.7650680e+03   8.8600000e-01   1.7653610e+03   9.4487122e+01
   1.7659340e+03   8.6600000e-01   1.7662210e+03   9.6574527e+01
   1.7668030e+03   8.6800000e-01   1.7670810e+03   9.7327549e+01
   1.7676800e+03   8.7700000e-01   1.7679610e+03   9.4519166e+01
   1.7685600e+03   8.8000000e-01   1.7688510e+03   9.4970063e+01
   1.7694370e+03   8.7700000e-01   1.7697200e+03   9.6002322e+01
   1.7703120e+03   8.7500000e-01   1.7705910e+03   9.6821720e+01
   1.7712020e+03   8.9000000e-01   1.7714910e+03   9.3274047e+01
   1.7720700e+03   8.6900000e-01   1.7723610e+03   9.4294861e+01
   1.7729320e+03   8.6200000e-01   1.7732110e+03   9.5350008e+01
   1.7738050e+03   8.7300000e-01   1.7740910e+03   9.5700197e+01
   1.7746900e+03   8.8500000e-01   1.7749810e+03   9.3161895e+01
   1.7755450e+03   8.5500000e-01   1.7758410e+03   9.3216826e+01
   1.7763920e+03   8.4600000e-01   1.7766710e+03   9.5295076e+01
   1.7772360e+03   8.4400000e-01   1.7775210e+03   9.5473604e+01
   1.7781190e+03   8.8400000e-01   1.7784010e+03   9.4587830e+01
   1.7790560e+03   9.3700000e-01   1.7793510e+03   9.2498136e+01
   1.7799370e+03   8.8100000e-01   1.7802310e+03   9.3610503e+01
   1.7808040e+03   8.6700000e-01   1.7810910e+03   9.4699982e+01
   1.7816950e+03   8.9000000e-01   1.7819810e+03   9.4139221e+01
   1.7826020e+03   9.0700000e-01   1.7829010e+03   9.2273832e+01
   1.7834760e+03   8.7400000e-01   1.7837710e+03   9.3251159e+01
   1.7843150e+03   8.4000000e-01   1.7846110e+03   9.5194368e+01
   1.7851650e+03   8.5000000e-01   1.7854510e+03   9.5700197e+01
   1.7860480e+03   8.8300000e-01   1.7863310e+03   9.5082216e+01
   1.7869630e+03   9.1500000e-01   1.7872610e+03   9.4429902e+01
   1.7878550e+03   8.9200000e-01   1.7881510e+03   9.6361667e+01
   1.7887470e+03   8.9200000e-01   1.7890310e+03   9.7203953e+01
   1.7896480e+03   9.0100000e-01   1.7899410e+03   9.4901399e+01
   1.7905420e+03   8.9400000e-01   1.7908410e+03   9.5047883e+01
   1.7914200e+03   8.7800000e-01   1.7917210e+03   9.5171480e+01
   1.7922850e+03   8.6400000e-01   1.7925810e+03   9.6890384e+01
   1.7931690e+03   8.8400000e-01   1.7934510e+03   9.4970063e+01
   1.7941010e+03   9.3200000e-01   1.7943910e+03   9.4294861e+01
   1.7950090e+03   9.0800000e-01   1.7953110e+03   9.4677094e+01
   1.7958960e+03   8.8700000e-01   1.7961910e+03   9.5924502e+01
   1.7967870e+03   8.9100000e-01   1.7970710e+03   9.3509795e+01
   1.7976770e+03   8.9000000e-01   1.7979610e+03   9.3216826e+01
   1.7985860e+03   9.0900000e-01   1.7988810e+03   9.1768002e+01
   1.7994660e+03   8.7900000e-01   1.7997610e+03   9.3363311e+01
   1.8003270e+03   8.6200000e-01   1.8006110e+03   9.4024780e+01
   1.8011980e+03   8.7000000e-01   1.8014810e+03   9.3587615e+01
   1.8020730e+03   8.7500000e-01   1.8023710e+03   9.2779661e+01
   1.8029410e+03   8.6900000e-01   1.8032410e+03   9.2598844e+01
   1.8037830e+03   8.4200000e-01   1.8040710e+03   9.4564942e+01
   1.8046130e+03   8.3100000e-01   1.8049010e+03   9.4846467e+01
   1.8054570e+03   8.4300000e-01   1.8057410e+03   9.5148591e+01
   1.8063280e+03   8.7100000e-01   1.8066210e+03   9.4599274e+01
   1.8072020e+03   8.7400000e-01   1.8075010e+03   9.4093445e+01
   1.8080590e+03   8.5600000e-01   1.8083510e+03   9.6114474e+01
   1.8089060e+03   8.4700000e-01   1.8091910e+03   9.6608859e+01
   1.8097640e+03   8.5800000e-01   1.8100510e+03   9.6407443e+01
   1.8106330e+03   8.6900000e-01   1.8109310e+03   9.5890170e+01
   1.8115150e+03   8.8100000e-01   1.8118010e+03   9.7675450e+01
   1.8124220e+03   9.0800000e-01   1.8127110e+03   9.8227056e+01
   1.8133600e+03   9.3800000e-01   1.8136510e+03   9.7215397e+01
   1.8143140e+03   9.5400000e-01   1.8146110e+03   9.5967989e+01
   1.8152380e+03   9.2400000e-01   1.8155310e+03   9.7203953e+01
   1.8161430e+03   9.0500000e-01   1.8164310e+03   9.6922428e+01
   1.8170410e+03   8.9800000e-01   1.8173310e+03   9.5070771e+01
   1.8179230e+03   8.8200000e-01   1.8182210e+03   9.4194153e+01
   1.8187790e+03   8.5600000e-01   1.8190710e+03   9.5148591e+01
   1.8196330e+03   8.5400000e-01   1.8199210e+03   9.5125703e+01
   1.8204910e+03   8.5800000e-01   1.8207810e+03   9.3509795e+01
   1.8213390e+03   8.4800000e-01   1.8216310e+03   9.3610503e+01
   1.8221700e+03   8.3100000e-01   1.8224610e+03   9.4622163e+01
   1.8229880e+03   8.1900000e-01   1.8232710e+03   9.4688538e+01
   1.8238070e+03   8.1900000e-01   1.8240910e+03   9.3811920e+01
   1.8246290e+03   8.2200000e-01   1.8249210e+03   9.4139221e+01
   1.8254480e+03   8.1900000e-01   1.8257310e+03   9.4958619e+01
   1.8262670e+03   8.1900000e-01   1.8265510e+03   9.5608645e+01
   1.8270970e+03   8.3100000e-01   1.8273810e+03   9.4789246e+01
   1.8279420e+03   8.4500000e-01   1.8282310e+03   9.3924072e+01
   1.8287800e+03   8.3800000e-01   1.8290710e+03   9.4823579e+01
   1.8296060e+03   8.2600000e-01   1.8298910e+03   9.5260744e+01
   1.8304320e+03   8.2600000e-01   1.8307110e+03   9.4935731e+01
   1.8312600e+03   8.2800000e-01   1.8315510e+03   9.3745544e+01
   1.8320880e+03   8.2800000e-01   1.8323810e+03   9.3418243e+01
   1.8329030e+03   8.1400000e-01   1.8331910e+03   9.5317964e+01
   1.8337020e+03   7.9900000e-01   1.8339910e+03   9.5711641e+01
   1.8345080e+03   8.0600000e-01   1.8347910e+03   9.5530825e+01
   1.8353280e+03   8.2000000e-01   1.8356210e+03   9.4642762e+01
   1.8361530e+03   8.2500000e-01   1.8364410e+03   9.5148591e+01
   1.8369810e+03   8.2900000e-01   1.8372710e+03   9.6519595e+01
   1.8378170e+03   8.3600000e-01   1.8381010e+03   9.6013766e+01
   1.8386680e+03   8.5100000e-01   1.8389510e+03   9.5990878e+01
   1.8395430e+03   8.7500000e-01   1.8398310e+03   9.4867066e+01
   1.8404100e+03   8.6700000e-01   1.8407110e+03   9.4947175e+01
   1.8412690e+03   8.5900000e-01   1.8415610e+03   9.5688753e+01
   1.8421280e+03   8.5900000e-01   1.8424110e+03   9.5778017e+01
   1.8430000e+03   8.7200000e-01   1.8432910e+03   9.4688538e+01
   1.8439130e+03   9.1300000e-01   1.8442110e+03   9.3553283e+01
   1.8448190e+03   9.0600000e-01   1.8451110e+03   9.4271973e+01
   1.8457040e+03   8.8500000e-01   1.8459910e+03   9.5249300e+01
   1.8465630e+03   8.5900000e-01   1.8468510e+03   9.5395784e+01
   1.8473950e+03   8.3200000e-01   1.8476910e+03   9.3846252e+01
   1.8482340e+03   8.3900000e-01   1.8485310e+03   9.4789246e+01
   1.8490730e+03   8.3900000e-01   1.8493510e+03   9.6194583e+01
   1.8499190e+03   8.4600000e-01   1.8502010e+03   9.5711641e+01
   1.8507780e+03   8.5900000e-01   1.8510710e+03   9.4889955e+01
   1.8516310e+03   8.5300000e-01   1.8519210e+03   9.6553928e+01
   1.8524760e+03   8.4600000e-01   1.8527610e+03   9.7137577e+01
   1.8533290e+03   8.5200000e-01   1.8536110e+03   9.5778017e+01
   1.8541840e+03   8.5500000e-01   1.8544810e+03   9.5732241e+01
   1.8550390e+03   8.5500000e-01   1.8553210e+03   9.6249514e+01
   1.8558870e+03   8.4800000e-01   1.8561710e+03   9.6709568e+01
   1.8567340e+03   8.4700000e-01   1.8570310e+03   9.4754914e+01
   1.8575770e+03   8.4300000e-01   1.8578710e+03   9.5743685e+01
   1.8584120e+03   8.3500000e-01   1.8587010e+03   9.6160250e+01
   1.8592430e+03   8.3100000e-01   1.8595310e+03   9.5542269e+01
   1.8600690e+03   8.2600000e-01   1.8603710e+03   9.4194153e+01
   1.8609010e+03   8.3200000e-01   1.8611910e+03   9.5967989e+01
   1.8617290e+03   8.2800000e-01   1.8620110e+03   9.6013766e+01
   1.8625600e+03   8.3100000e-01   1.8628510e+03   9.5453005e+01
   1.8634030e+03   8.4300000e-01   1.8637010e+03   9.4970063e+01
   1.8642380e+03   8.3500000e-01   1.8645310e+03   9.5967989e+01
   1.8650820e+03   8.4300000e-01   1.8653710e+03   9.6249514e+01
   1.8659320e+03   8.5100000e-01   1.8662210e+03   9.5711641e+01
   1.8667920e+03   8.5900000e-01   1.8670810e+03   9.4171265e+01
   1.8676440e+03   8.5200000e-01   1.8679410e+03   9.5093660e+01
   1.8684950e+03   8.5100000e-01   1.8687810e+03   9.5711641e+01
   1.8693540e+03   8.6000000e-01   1.8696410e+03   9.5160036e+01
   1.8702330e+03   8.7900000e-01   1.8705210e+03   9.3633392e+01
   1.8710990e+03   8.6600000e-01   1.8714010e+03   9.3193938e+01
   1.8719460e+03   8.4700000e-01   1.8722310e+03   9.4935731e+01
   1.8727860e+03   8.4000000e-01   1.8730710e+03   9.4800691e+01
   1.8736230e+03   8.3700000e-01   1.8739110e+03   9.2621733e+01
   1.8744460e+03   8.2300000e-01   1.8747510e+03   9.3969848e+01
   1.8752490e+03   8.0300000e-01   1.8755410e+03   9.6821720e+01
   1.8760360e+03   7.8600000e-01   1.8763110e+03   9.7519810e+01
   1.8768270e+03   7.9200000e-01   1.8771110e+03   9.6933872e+01
   1.8776180e+03   7.9100000e-01   1.8779010e+03   9.7631963e+01
   1.8784010e+03   7.8300000e-01   1.8786910e+03   9.9215827e+01
   1.8791850e+03   7.8400000e-01   1.8794610e+03   1.0185484e+02
   1.8799760e+03   7.9100000e-01   1.8802610e+03   1.0206770e+02
   1.8807890e+03   8.1300000e-01   1.8810710e+03   1.0230345e+02
   1.8816170e+03   8.2800000e-01   1.8819010e+03   1.0112470e+02
   1.8824460e+03   8.2800000e-01   1.8827310e+03   9.9607215e+01
   1.8832670e+03   8.2200000e-01   1.8835610e+03   9.7080357e+01
   1.8840840e+03   8.1700000e-01   1.8843710e+03   9.7934087e+01
   1.8848980e+03   8.1400000e-01   1.8851810e+03   9.8181280e+01
   1.8857060e+03   8.0800000e-01   1.8859910e+03   9.6789676e+01
   1.8865240e+03   8.1800000e-01   1.8868110e+03   9.6215182e+01
   1.8873360e+03   8.1300000e-01   1.8876310e+03   9.5350008e+01
   1.8881410e+03   8.0400000e-01   1.8884410e+03   9.7114689e+01
   1.8889340e+03   7.9300000e-01   1.8892210e+03   9.9506507e+01
   1.8897120e+03   7.7800000e-01   1.8900010e+03   1.0105604e+02
   1.8904790e+03   7.6700000e-01   1.8907710e+03   1.0033735e+02
   1.8912420e+03   7.6300000e-01   1.8915310e+03   1.0007871e+02
   1.8920100e+03   7.6800000e-01   1.8923110e+03   1.0050672e+02
   1.8927870e+03   7.7600000e-01   1.8930810e+03   1.0261702e+02
   1.8935550e+03   7.6800000e-01   1.8938510e+03   1.0458311e+02
   1.8943270e+03   7.7200000e-01   1.8946210e+03   1.0604338e+02
   1.8951330e+03   8.0600000e-01   1.8954210e+03   1.0556044e+02
