   3.1904000e+01   1.0180000e+00   3.2244000e+01   1.1569050e+02
   3.2885000e+01   9.8100000e-01   3.3203000e+01   1.1840684e+02
   3.3831000e+01   9.4700000e-01   3.4170000e+01   1.1950526e+02
   3.4721000e+01   8.8900000e-01   3.5046000e+01   1.1987139e+02
   3.5561000e+01   8.4000000e-01   3.5875000e+01   1.2194749e+02
   3.6842000e+01   1.2810000e+00   3.7166000e+01   1.2002477e+02
   3.7973000e+01   1.1310000e+00   3.8332000e+01   1.1556878e+02
   3.9014000e+01   1.0410000e+00   3.9346000e+01   1.1837617e+02
   4.0057000e+01   1.0440000e+00   4.0388000e+01   1.1916979e+02
   4.1332000e+01   1.2750000e+00   4.1675000e+01   1.1913912e+02
   4.2432000e+01   1.0990000e+00   4.2754000e+01   1.1837617e+02
   4.3513000e+01   1.0810000e+00   4.3841000e+01   1.1639309e+02
   4.4512000e+01   9.9900000e-01   4.4862000e+01   1.1794967e+02
   4.5380000e+01   8.6800000e-01   4.5732000e+01   1.2158036e+02
   4.6329000e+01   9.4900000e-01   4.6680000e+01   1.2353376e+02
   4.7672000e+01   1.3430000e+00   4.7993000e+01   1.2795907e+02
   4.8874000e+01   1.2030000e+00   4.9220000e+01   1.2585329e+02
   4.9889000e+01   1.0140000e+00   5.0233000e+01   1.2591464e+02
   5.0909000e+01   1.0200000e+00   5.1234000e+01   1.2792839e+02
   5.2230000e+01   1.3210000e+00   5.2552000e+01   1.2707440e+02
   5.3458000e+01   1.2280000e+00   5.3781000e+01   1.2396125e+02
   5.4563000e+01   1.1050000e+00   5.4890000e+01   1.2243534e+02
   5.5599000e+01   1.0370000e+00   5.5931000e+01   1.2274013e+02
   5.6910000e+01   1.3100000e+00   5.7236000e+01   1.2203853e+02
   5.8083000e+01   1.1730000e+00   5.8440000e+01   1.1953593e+02
   5.9258000e+01   1.1750000e+00   5.9591000e+01   1.1834549e+02
   6.0398000e+01   1.1400000e+00   6.0751000e+01   1.1349368e+02
   6.1550000e+01   1.1510000e+00   6.1879000e+01   1.1794967e+02
   6.2740000e+01   1.1910000e+00   6.3070000e+01   1.1755285e+02
   6.3954000e+01   1.2140000e+00   6.4275000e+01   1.1801003e+02
   6.5173000e+01   1.2190000e+00   6.5521000e+01   1.1614867e+02
   6.6362000e+01   1.1890000e+00   6.6718000e+01   1.1239526e+02
   6.7408000e+01   1.0460000e+00   6.7746000e+01   1.1245563e+02
   6.8399000e+01   9.9100000e-01   6.8708000e+01   1.1483651e+02
   6.9724000e+01   1.3250000e+00   7.0048000e+01   1.1398153e+02
   7.0919000e+01   1.1950000e+00   7.1247000e+01   1.1245563e+02
   7.2131000e+01   1.2120000e+00   7.2460000e+01   1.1196777e+02
   7.3332000e+01   1.2010000e+00   7.3667000e+01   1.0845780e+02
   7.4558000e+01   1.2260000e+00   7.4889000e+01   1.1047255e+02
   7.5725000e+01   1.1670000e+00   7.6078000e+01   1.0601656e+02
   7.6642000e+01   9.1800000e-01   7.6977000e+01   1.0845780e+02
   7.7489000e+01   8.4700000e-01   7.7846000e+01   1.1245563e+02
   7.8400000e+01   9.1100000e-01   7.8757000e+01   1.1315821e+02
   7.9728000e+01   1.3280000e+00   8.0057000e+01   1.1517197e+02
   8.0948000e+01   1.2190000e+00   8.1285000e+01   1.1364607e+02
   8.2143000e+01   1.1950000e+00   8.2466000e+01   1.1364607e+02
   8.3094000e+01   9.5100000e-01   8.3414000e+01   1.1361539e+02
   8.3947000e+01   8.5300000e-01   8.4295000e+01   1.1526400e+02
   8.4744000e+01   7.9700000e-01   8.5095000e+01   1.1678990e+02
   8.5692000e+01   9.4800000e-01   8.6045000e+01   1.1877298e+02
   8.6650000e+01   9.5800000e-01   8.6970000e+01   1.2356443e+02
   8.7545000e+01   8.9500000e-01   8.7870000e+01   1.2515169e+02
   8.8448000e+01   9.0300000e-01   8.8774000e+01   1.2634114e+02
   8.9666000e+01   1.2190000e+00   8.9993000e+01   1.2478555e+02
   9.0636000e+01   9.7000000e-01   9.0963000e+01   1.1953593e+02
   9.1547000e+01   9.1100000e-01   9.1882000e+01   1.2197718e+02
   9.2568000e+01   1.0200000e+00   9.2894000e+01   1.2243534e+02
   9.3642000e+01   1.0740000e+00   9.3973000e+01   1.1916979e+02
   9.4697000e+01   1.0550000e+00   9.5033000e+01   1.1648413e+02
   9.5598000e+01   9.0100000e-01   9.5933000e+01   1.1681959e+02
   9.6516000e+01   9.1800000e-01   9.6837000e+01   1.1871262e+02
   9.7429000e+01   9.1300000e-01   9.7754000e+01   1.1804071e+02
   9.8372000e+01   9.4300000e-01   9.8721000e+01   1.1630106e+02
   9.9239000e+01   8.6700000e-01   9.9560000e+01   1.1913912e+02
   1.0012200e+02   8.8300000e-01   1.0045200e+02   1.2078773e+02
   1.0139000e+02   1.2680000e+00   1.0170200e+02   1.2036024e+02
   1.0237200e+02   9.8200000e-01   1.0272000e+02   1.1517197e+02
   1.0328000e+02   9.0700000e-01   1.0363900e+02   1.1846820e+02
   1.0427000e+02   9.9100000e-01   1.0459800e+02   1.1920047e+02
   1.0543200e+02   1.1620000e+00   1.0576000e+02   1.1956661e+02
   1.0658800e+02   1.1560000e+00   1.0691900e+02   1.1724708e+02
   1.0754300e+02   9.5400000e-01   1.0789000e+02   1.1642376e+02
   1.0874200e+02   1.1990000e+00   1.0906000e+02   1.1877298e+02
   1.1002300e+02   1.2820000e+00   1.1035200e+02   1.1678990e+02
   1.1121500e+02   1.1910000e+00   1.1155700e+02   1.1404288e+02
   1.1223400e+02   1.0200000e+00   1.1256100e+02   1.1401221e+02
   1.1358100e+02   1.3460000e+00   1.1392000e+02   1.1404288e+02
   1.1476100e+02   1.1810000e+00   1.1509000e+02   1.1242594e+02
   1.1586700e+02   1.1060000e+00   1.1622700e+02   1.1044187e+02
   1.1692100e+02   1.0540000e+00   1.1724800e+02   1.1270005e+02
   1.1808500e+02   1.1630000e+00   1.1842400e+02   1.1404288e+02
   1.1924500e+02   1.1600000e+00   1.1957900e+02   1.1321858e+02
   1.2034000e+02   1.0940000e+00   1.2068000e+02   1.1202913e+02
   1.2148400e+02   1.1450000e+00   1.2182600e+02   1.1440902e+02
   1.2272000e+02   1.2360000e+00   1.2304400e+02   1.1282275e+02
   1.2391500e+02   1.1950000e+00   1.2425800e+02   1.1090004e+02
   1.2504800e+02   1.1320000e+00   1.2538800e+02   1.1242594e+02
   1.2619600e+02   1.1480000e+00   1.2655900e+02   1.0888529e+02
   1.2730700e+02   1.1110000e+00   1.2765500e+02   1.1086936e+02
   1.2831600e+02   1.0100000e+00   1.2867700e+02   1.0845780e+02
   1.2924100e+02   9.2400000e-01   1.2956400e+02   1.1398153e+02
   1.3012200e+02   8.8100000e-01   1.3045800e+02   1.1596560e+02
   1.3090400e+02   7.8300000e-01   1.3123700e+02   1.1831580e+02
   1.3218500e+02   1.2810000e+00   1.3252200e+02   1.1837617e+02
   1.3334500e+02   1.1600000e+00   1.3369400e+02   1.1477516e+02
   1.3451200e+02   1.1670000e+00   1.3483400e+02   1.1636241e+02
   1.3573500e+02   1.2230000e+00   1.3605700e+02   1.1511062e+02
   1.3693200e+02   1.1970000e+00   1.3725200e+02   1.1450105e+02
   1.3809200e+02   1.1600000e+00   1.3842600e+02   1.1163231e+02
   1.3910200e+02   1.0110000e+00   1.3943000e+02   1.1318889e+02
   1.4016600e+02   1.0640000e+00   1.4049700e+02   1.1392117e+02
   1.4120900e+02   1.0430000e+00   1.4154300e+02   1.1352435e+02
   1.4230100e+02   1.0910000e+00   1.4266400e+02   1.0961757e+02
   1.4330600e+02   1.0050000e+00   1.4365300e+02   1.1288312e+02
   1.4425400e+02   9.4800000e-01   1.4458600e+02   1.1398153e+02
   1.4534400e+02   1.0900000e+00   1.4569400e+02   1.1364607e+02
   1.4628400e+02   9.4000000e-01   1.4665500e+02   1.1440902e+02
   1.4721200e+02   9.2800000e-01   1.4754200e+02   1.1529468e+02
   1.4828100e+02   1.0690000e+00   1.4861400e+02   1.1569050e+02
   1.4935400e+02   1.0730000e+00   1.4972300e+02   1.1205980e+02
   1.5037600e+02   1.0230000e+00   1.5073500e+02   1.1318889e+02
   1.5130800e+02   9.3200000e-01   1.5165300e+02   1.1157096e+02
   1.5225700e+02   9.4900000e-01   1.5257900e+02   1.1526400e+02
   1.5327800e+02   1.0210000e+00   1.5365000e+02   1.1434767e+02
   1.5420700e+02   9.2900000e-01   1.5453200e+02   1.1556878e+02
   1.5505800e+02   8.5100000e-01   1.5539400e+02   1.1718672e+02
   1.5595000e+02   8.9200000e-01   1.5626800e+02   1.1871262e+02
   1.5694500e+02   9.9500000e-01   1.5726200e+02   1.1837617e+02
   1.5783800e+02   8.9300000e-01   1.5816900e+02   1.1834549e+02
   1.5868900e+02   8.5000000e-01   1.5904200e+02   1.1526400e+02
   1.5969400e+02   1.0050000e+00   1.6002300e+02   1.1721640e+02
   1.6063400e+02   9.4000000e-01   1.6094900e+02   1.1715604e+02
   1.6166700e+02   1.0340000e+00   1.6198000e+02   1.1761322e+02
   1.6293800e+02   1.2700000e+00   1.6326200e+02   1.1520265e+02
   1.6412500e+02   1.1880000e+00   1.6446100e+02   1.1120482e+02
   1.6517800e+02   1.0530000e+00   1.6551800e+02   1.1199845e+02
   1.6626000e+02   1.0820000e+00   1.6658100e+02   1.1196777e+02
   1.6738600e+02   1.1270000e+00   1.6773100e+02   1.1090004e+02
   1.6849100e+02   1.1040000e+00   1.6884800e+02   1.0641337e+02
   1.6946700e+02   9.7600000e-01   1.6982900e+02   1.1090004e+02
   1.7050700e+02   1.0410000e+00   1.7083700e+02   1.1083869e+02
   1.7167300e+02   1.1660000e+00   1.7201300e+02   1.1126618e+02
   1.7273700e+02   1.0640000e+00   1.7307400e+02   1.1007573e+02
   1.7371500e+02   9.7800000e-01   1.7407000e+02   1.1160164e+02
   1.7494100e+02   1.2260000e+00   1.7526800e+02   1.1395184e+02
   1.7619600e+02   1.2550000e+00   1.7653700e+02   1.1242594e+02
   1.7728500e+02   1.0890000e+00   1.7765700e+02   1.1483651e+02
   1.7846400e+02   1.1790000e+00   1.7878200e+02   1.1572118e+02
   1.7960100e+02   1.1370000e+00   1.7994900e+02   1.1315821e+02
   1.8061700e+02   1.0160000e+00   1.8095700e+02   1.1440902e+02
   1.8169700e+02   1.0800000e+00   1.8203700e+02   1.1529468e+02
   1.8283400e+02   1.1370000e+00   1.8316500e+02   1.1352435e+02
   1.8391400e+02   1.0790000e+00   1.8423500e+02   1.1440902e+02
   1.8513400e+02   1.2200000e+00   1.8547800e+02   1.1242594e+02
   1.8623700e+02   1.1030000e+00   1.8656700e+02   1.1120482e+02
   1.8723700e+02   1.0000000e+00   1.8756400e+02   1.1236459e+02
   1.8839000e+02   1.1530000e+00   1.8873700e+02   1.1440902e+02
   1.8961100e+02   1.2210000e+00   1.8994400e+02   1.1321858e+02
   1.9076000e+02   1.1490000e+00   1.9110200e+02   1.1169268e+02
   1.9185800e+02   1.0990000e+00   1.9218400e+02   1.1318889e+02
   1.9316600e+02   1.3080000e+00   1.9349500e+02   1.1157096e+02
   1.9441800e+02   1.2520000e+00   1.9476600e+02   1.0726835e+02
   1.9554000e+02   1.1220000e+00   1.9587100e+02   1.0922075e+02
   1.9667600e+02   1.1360000e+00   1.9704200e+02   1.0842812e+02
   1.9779100e+02   1.1150000e+00   1.9812200e+02   1.0977095e+02
   1.9888400e+02   1.0930000e+00   1.9923200e+02   1.0916039e+02
   2.0002100e+02   1.1370000e+00   2.0034200e+02   1.1245563e+02
   2.0121900e+02   1.1980000e+00   2.0156500e+02   1.1205980e+02
   2.0233200e+02   1.1130000e+00   2.0268100e+02   1.1080801e+02
   2.0343800e+02   1.1060000e+00   2.0376500e+02   1.1315821e+02
   2.0459500e+02   1.1570000e+00   2.0493000e+02   1.1321858e+02
   2.0574700e+02   1.1510000e+00   2.0607100e+02   1.1242594e+02
   2.0671500e+02   9.6900000e-01   2.0706100e+02   1.1004506e+02
   2.0765300e+02   9.3700000e-01   2.0798100e+02   1.1276140e+02
   2.0851600e+02   8.6300000e-01   2.0884900e+02   1.1279208e+02
   2.0934000e+02   8.2500000e-01   2.0968300e+02   1.1486719e+02
   2.1014900e+02   8.0900000e-01   2.1046700e+02   1.1730843e+02
   2.1115400e+02   1.0050000e+00   2.1148300e+02   1.1602695e+02
   2.1225300e+02   1.0990000e+00   2.1258100e+02   1.1477516e+02
   2.1344200e+02   1.1890000e+00   2.1377000e+02   1.1202913e+02
   2.1455400e+02   1.1120000e+00   2.1490100e+02   1.0882493e+02
   2.1558300e+02   1.0290000e+00   2.1594100e+02   1.0970960e+02
   2.1662900e+02   1.0460000e+00   2.1695100e+02   1.0974027e+02
   2.1769000e+02   1.0620000e+00   2.1803100e+02   1.1053390e+02
   2.1869900e+02   1.0080000e+00   2.1902500e+02   1.0848848e+02
   2.1966000e+02   9.6200000e-01   2.2000200e+02   1.0998370e+02
   2.2060400e+02   9.4400000e-01   2.2092900e+02   1.1166299e+02
   2.2153400e+02   9.3100000e-01   2.2185800e+02   1.1117415e+02
   2.2259900e+02   1.0650000e+00   2.2293100e+02   1.1126618e+02
   2.2368900e+02   1.0900000e+00   2.2403800e+02   1.1047255e+02
   2.2490600e+02   1.2180000e+00   2.2525600e+02   1.0601656e+02
   2.2602000e+02   1.1130000e+00   2.2634400e+02   1.0714565e+02
   2.2705700e+02   1.0370000e+00   2.2738800e+02   1.0800063e+02
   2.2808800e+02   1.0310000e+00   2.2843600e+02   1.0687154e+02
   2.2906900e+02   9.8000000e-01   2.2942800e+02   1.0717632e+02
   2.3004900e+02   9.8000000e-01   2.3038900e+02   1.0922075e+02
   2.3103600e+02   9.8700000e-01   2.3135300e+02   1.1086936e+02
   2.3210800e+02   1.0720000e+00   2.3243600e+02   1.1129685e+02
   2.3312200e+02   1.0140000e+00   2.3344300e+02   1.1086936e+02
   2.3409600e+02   9.7400000e-01   2.3445700e+02   1.1010641e+02
   2.3508400e+02   9.8800000e-01   2.3541700e+02   1.1166299e+02
   2.3611300e+02   1.0290000e+00   2.3644200e+02   1.1126618e+02
   2.3701300e+02   9.0000000e-01   2.3735600e+02   1.0974027e+02
   2.3789700e+02   8.8400000e-01   2.3825500e+02   1.1044187e+02
   2.3876700e+02   8.7000000e-01   2.3909900e+02   1.1404288e+02
   2.3969700e+02   9.3000000e-01   2.4002000e+02   1.1566081e+02
   2.4065200e+02   9.5400000e-01   2.4100000e+02   1.1489786e+02
   2.4151000e+02   8.5800000e-01   2.4184300e+02   1.1486719e+02
   2.4232000e+02   8.1000000e-01   2.4265400e+02   1.1794967e+02
   2.4311400e+02   7.9400000e-01   2.4344500e+02   1.2316762e+02
   2.4390600e+02   7.9200000e-01   2.4424300e+02   1.2591464e+02
   2.4529300e+02   1.3870000e+00   2.4565300e+02   1.2744054e+02
   2.4648700e+02   1.1940000e+00   2.4682700e+02   1.2121423e+02
   2.4751000e+02   1.0230000e+00   2.4785200e+02   1.2237399e+02
   2.4867500e+02   1.1650000e+00   2.4901400e+02   1.2109251e+02
   2.4989100e+02   1.2160000e+00   2.5023300e+02   1.1822377e+02
   2.5102100e+02   1.1290000e+00   2.5135100e+02   1.1761322e+02
   2.5210500e+02   1.0850000e+00   2.5244500e+02   1.1450105e+02
   2.5315000e+02   1.0450000e+00   2.5348500e+02   1.1523332e+02
   2.5430300e+02   1.1530000e+00   2.5464800e+02   1.1681959e+02
   2.5556000e+02   1.2570000e+00   2.5589500e+02   1.1559946e+02
   2.5681700e+02   1.2570000e+00   2.5714400e+02   1.1526400e+02
   2.5796400e+02   1.1470000e+00   2.5830800e+02   1.1199845e+02
   2.5900000e+02   1.0360000e+00   2.5933000e+02   1.1035083e+02
   2.6002400e+02   1.0240000e+00   2.6036900e+02   1.1276140e+02
   2.6115700e+02   1.1330000e+00   2.6149100e+02   1.1486719e+02
   2.6248400e+02   1.3270000e+00   2.6280600e+02   1.1367674e+02
   2.6372800e+02   1.2440000e+00   2.6406200e+02   1.1239526e+02
   2.6489400e+02   1.1670000e+00   2.6522900e+02   1.0931278e+02
   2.6593800e+02   1.0430000e+00   2.6626800e+02   1.0885462e+02
   2.6708200e+02   1.1440000e+00   2.6743100e+02   1.1092972e+02
   2.6830500e+02   1.2230000e+00   2.6865100e+02   1.1047255e+02
   2.6942700e+02   1.1220000e+00   2.6976700e+02   1.0970960e+02
   2.7039500e+02   9.6900000e-01   2.7072800e+02   1.0894665e+02
   2.7136100e+02   9.6600000e-01   2.7170900e+02   1.1279208e+02
   2.7228300e+02   9.2200000e-01   2.7262900e+02   1.1648413e+02
   2.7326700e+02   9.8400000e-01   2.7359100e+02   1.1996342e+02
   2.7417600e+02   9.0900000e-01   2.7452800e+02   1.2036024e+02
   2.7504200e+02   8.6600000e-01   2.7537100e+02   1.2246602e+02
   2.7651800e+02   1.4760000e+00   2.7685100e+02   1.1877298e+02
   2.7769400e+02   1.1760000e+00   2.7803600e+02   1.1645345e+02
   2.7892500e+02   1.2310000e+00   2.7924900e+02   1.1572118e+02
   2.8013900e+02   1.2140000e+00   2.8046600e+02   1.1355503e+02
   2.8124000e+02   1.1010000e+00   2.8158700e+02   1.1007573e+02
   2.8224300e+02   1.0020000e+00   2.8257800e+02   1.1169268e+02
   2.8320400e+02   9.6100000e-01   2.8352700e+02   1.1398153e+02
   2.8420800e+02   1.0050000e+00   2.8453500e+02   1.1520265e+02
   2.8515200e+02   9.4400000e-01   2.8548600e+02   1.1437834e+02
   2.8602400e+02   8.7200000e-01   2.8635100e+02   1.1642376e+02
   2.8690200e+02   8.7800000e-01   2.8724000e+02   1.1767457e+02
   2.8792800e+02   1.0260000e+00   2.8824800e+02   1.1681959e+02
   2.8897000e+02   1.0420000e+00   2.8929700e+02   1.1486719e+02
   2.8993700e+02   9.6600000e-01   2.9026700e+02   1.1532436e+02
   2.9094400e+02   1.0070000e+00   2.9126700e+02   1.1474448e+02
   2.9198300e+02   1.0390000e+00   2.9232200e+02   1.1276140e+02
   2.9293500e+02   9.5100000e-01   2.9326200e+02   1.1120482e+02
   2.9386600e+02   9.3100000e-01   2.9420800e+02   1.1385981e+02
   2.9484000e+02   9.7500000e-01   2.9515800e+02   1.1447037e+02
   2.9584400e+02   1.0030000e+00   2.9617500e+02   1.1321858e+02
   2.9676400e+02   9.2100000e-01   2.9708600e+02   1.1395184e+02
   2.9770600e+02   9.4200000e-01   2.9803700e+02   1.1566081e+02
   2.9864800e+02   9.4200000e-01   2.9897600e+02   1.1526400e+02
   2.9954500e+02   8.9700000e-01   2.9988200e+02   1.1312754e+02
   3.0041400e+02   8.6900000e-01   3.0076400e+02   1.1352435e+02
   3.0137000e+02   9.5600000e-01   3.0170400e+02   1.1428730e+02
   3.0257300e+02   1.2030000e+00   3.0290200e+02   1.1315821e+02
   3.0357400e+02   1.0010000e+00   3.0389300e+02   1.1196777e+02
   3.0448500e+02   9.1100000e-01   3.0482900e+02   1.1239526e+02
   3.0536500e+02   8.8000000e-01   3.0570300e+02   1.1080801e+02
   3.0619200e+02   8.2700000e-01   3.0653400e+02   1.1318889e+02
   3.0698100e+02   7.8800000e-01   3.0729800e+02   1.1398153e+02
   3.0782900e+02   8.4900000e-01   3.0815200e+02   1.1355503e+02
   3.0867600e+02   8.4600000e-01   3.0901300e+02   1.1242594e+02
   3.0952900e+02   8.5300000e-01   3.0986200e+02   1.1361539e+02
   3.1050900e+02   9.8100000e-01   3.1085300e+02   1.1083869e+02
   3.1155900e+02   1.0500000e+00   3.1189300e+02   1.0888529e+02
   3.1252800e+02   9.6900000e-01   3.1285100e+02   1.1010641e+02
   3.1351200e+02   9.8400000e-01   3.1383500e+02   1.0983131e+02
   3.1450000e+02   9.8800000e-01   3.1485300e+02   1.0561974e+02
   3.1541900e+02   9.2000000e-01   3.1574100e+02   1.0687154e+02
   3.1626100e+02   8.4100000e-01   3.1657400e+02   1.0934346e+02
   3.1708700e+02   8.2700000e-01   3.1741900e+02   1.1050322e+02
   3.1796200e+02   8.7500000e-01   3.1829400e+02   1.1129685e+02
   3.1893600e+02   9.7400000e-01   3.1925900e+02   1.1050322e+02
   3.1986400e+02   9.2800000e-01   3.2018000e+02   1.1080801e+02
   3.2080900e+02   9.4500000e-01   3.2112800e+02   1.1126618e+02
   3.2178800e+02   9.7900000e-01   3.2211500e+02   1.0455201e+02
   3.2277300e+02   9.8500000e-01   3.2313200e+02   1.0888529e+02
   3.2378100e+02   1.0080000e+00   3.2411900e+02   1.0974027e+02
   3.2479100e+02   1.0100000e+00   3.2515100e+02   1.0638269e+02
   3.2582700e+02   1.0360000e+00   3.2615900e+02   1.0760381e+02
   3.2677300e+02   9.4600000e-01   3.2710900e+02   1.0839744e+02
   3.2774900e+02   9.7600000e-01   3.2807700e+02   1.1083869e+02
   3.2877100e+02   1.0220000e+00   3.2913200e+02   1.0891597e+02
   3.2972500e+02   9.5400000e-01   3.3005800e+02   1.0931278e+02
   3.3065900e+02   9.3400000e-01   3.3098900e+02   1.1202913e+02
   3.3161000e+02   9.5100000e-01   3.3193600e+02   1.1236459e+02
   3.3255700e+02   9.4700000e-01   3.3291200e+02   1.1285244e+02
   3.3352100e+02   9.6400000e-01   3.3385600e+02   1.1358472e+02
   3.3465600e+02   1.1350000e+00   3.3498700e+02   1.1437834e+02
   3.3573000e+02   1.0740000e+00   3.3606700e+02   1.1160164e+02
   3.3668300e+02   9.5200000e-01   3.3703700e+02   1.1239526e+02
   3.3756600e+02   8.8400000e-01   3.3789600e+02   1.1361539e+02
   3.3848700e+02   9.2100000e-01   3.3881000e+02   1.1364607e+02
   3.3937300e+02   8.8600000e-01   3.3972900e+02   1.1529468e+02
   3.4025600e+02   8.8400000e-01   3.4057300e+02   1.1913912e+02
   3.4120300e+02   9.4700000e-01   3.4152600e+02   1.2075705e+02
   3.4216400e+02   9.6000000e-01   3.4249500e+02   1.1993275e+02
   3.4308700e+02   9.2400000e-01   3.4343400e+02   1.1987139e+02
   3.4401000e+02   9.2300000e-01   3.4434100e+02   1.2081741e+02
   3.4510700e+02   1.0960000e+00   3.4544500e+02   1.1877298e+02
   3.4603100e+02   9.2400000e-01   3.4636600e+02   1.1804071e+02
   3.4689300e+02   8.6200000e-01   3.4722800e+02   1.1886501e+02
   3.4782000e+02   9.2700000e-01   3.4815500e+02   1.1645345e+02
   3.4869300e+02   8.7400000e-01   3.4902500e+02   1.1675923e+02
   3.4958500e+02   8.9200000e-01   3.4990600e+02   1.1764389e+02
   3.5064200e+02   1.0560000e+00   3.5096600e+02   1.1730843e+02
   3.5172500e+02   1.0840000e+00   3.5206000e+02   1.1398153e+02
   3.5267700e+02   9.5200000e-01   3.5304500e+02   1.1361539e+02
   3.5371500e+02   1.0380000e+00   3.5404400e+02   1.1361539e+02
   3.5479000e+02   1.0750000e+00   3.5513200e+02   1.1196777e+02
   3.5576900e+02   9.7900000e-01   3.5612600e+02   1.1047255e+02
   3.5665400e+02   8.8500000e-01   3.5698500e+02   1.1279208e+02
   3.5756000e+02   9.0600000e-01   3.5788300e+02   1.1450105e+02
   3.5876900e+02   1.2100000e+00   3.5908300e+02   1.1401221e+02
   3.5985000e+02   1.0810000e+00   3.6019200e+02   1.1083869e+02
   3.6082600e+02   9.7600000e-01   3.6116400e+02   1.1318889e+02
   3.6188100e+02   1.0550000e+00   3.6223200e+02   1.1349368e+02
   3.6301800e+02   1.1370000e+00   3.6335000e+02   1.1126618e+02
   3.6400200e+02   9.8400000e-01   3.6434100e+02   1.1047255e+02
   3.6496800e+02   9.6600000e-01   3.6530600e+02   1.1331061e+02
   3.6609400e+02   1.1260000e+00   3.6644100e+02   1.1447037e+02
   3.6719100e+02   1.0970000e+00   3.6753300e+02   1.1202913e+02
   3.6817900e+02   9.8800000e-01   3.6853000e+02   1.1434767e+02
   3.6936900e+02   1.1900000e+00   3.6970300e+02   1.1321858e+02
   3.7058500e+02   1.2160000e+00   3.7092600e+02   1.1092972e+02
   3.7163100e+02   1.0460000e+00   3.7197000e+02   1.1169268e+02
   3.7275600e+02   1.1250000e+00   3.7307900e+02   1.1196777e+02
   3.7389700e+02   1.1410000e+00   3.7426200e+02   1.0800063e+02
   3.7498900e+02   1.0930000e+00   3.7533000e+02   1.0931278e+02
   3.7603000e+02   1.0410000e+00   3.7635800e+02   1.1129685e+02
   3.7712500e+02   1.0950000e+00   3.7744800e+02   1.1080801e+02
   3.7827700e+02   1.1530000e+00   3.7862700e+02   1.0412452e+02
   3.7927500e+02   9.9800000e-01   3.7966100e+02   1.1318889e+02
   3.8024200e+02   9.6700000e-01   3.8056900e+02   1.1636241e+02
   3.8128000e+02   1.0380000e+00   3.8164400e+02   1.1727775e+02
   3.8225900e+02   9.7900000e-01   3.8258800e+02   1.1727775e+02
   3.8318100e+02   9.2200000e-01   3.8351000e+02   1.1877298e+02
   3.8407900e+02   8.9800000e-01   3.8440800e+02   1.2039091e+02
   3.8490900e+02   8.3000000e-01   3.8524000e+02   1.2240467e+02
   3.8594100e+02   1.0320000e+00   3.8627900e+02   1.2399192e+02
   3.8717100e+02   1.2290000e+00   3.8750500e+02   1.2164172e+02
   3.8824000e+02   1.0700000e+00   3.8856500e+02   1.2124490e+02
   3.8943700e+02   1.1970000e+00   3.8975900e+02   1.1944489e+02
   3.9046300e+02   1.0260000e+00   3.9078800e+02   1.1797935e+02
   3.9133600e+02   8.7300000e-01   3.9168700e+02   1.1602695e+02
   3.9225000e+02   9.1300000e-01   3.9257500e+02   1.1791899e+02
   3.9330500e+02   1.0550000e+00   3.9365200e+02   1.1758254e+02
   3.9442000e+02   1.1150000e+00   3.9474400e+02   1.1877298e+02
   3.9566200e+02   1.2430000e+00   3.9598700e+02   1.1678990e+02
   3.9683400e+02   1.1710000e+00   3.9716800e+02   1.1361539e+02
   3.9783400e+02   1.0000000e+00   3.9818600e+02   1.1602695e+02
   3.9889400e+02   1.0610000e+00   3.9923100e+02   1.1801003e+02
   3.9994000e+02   1.0460000e+00   4.0028300e+02   1.1880366e+02
   4.0094800e+02   1.0080000e+00   4.0128600e+02   1.1877298e+02
   4.0188200e+02   9.3500000e-01   4.0224600e+02   1.2164172e+02
   4.0306700e+02   1.1850000e+00   4.0339600e+02   1.2197718e+02
   4.0431300e+02   1.2450000e+00   4.0467400e+02   1.1956661e+02
   4.0535200e+02   1.0400000e+00   4.0570900e+02   1.1920047e+02
   4.0631900e+02   9.6700000e-01   4.0666300e+02   1.1987139e+02
   4.0768700e+02   1.3680000e+00   4.0802700e+02   1.1950526e+02
   4.0894700e+02   1.2600000e+00   4.0928400e+02   1.1645345e+02
   4.1003700e+02   1.0910000e+00   4.1036800e+02   1.1681959e+02
   4.1117700e+02   1.1390000e+00   4.1152500e+02   1.1645345e+02
   4.1237400e+02   1.1970000e+00   4.1272300e+02   1.1450105e+02
   4.1352400e+02   1.1490000e+00   4.1386500e+02   1.1321858e+02
   4.1468000e+02   1.1570000e+00   4.1504300e+02   1.1398153e+02
   4.1581800e+02   1.1370000e+00   4.1615100e+02   1.1233391e+02
   4.1690600e+02   1.0890000e+00   4.1723900e+02   1.1163231e+02
   4.1798800e+02   1.0820000e+00   4.1835000e+02   1.1010641e+02
   4.1910500e+02   1.1170000e+00   4.1943100e+02   1.1202913e+02
   4.2016800e+02   1.0630000e+00   4.2050800e+02   1.1132654e+02
   4.2117300e+02   1.0040000e+00   4.2150400e+02   1.1318889e+02
   4.2228100e+02   1.1090000e+00   4.2262900e+02   1.1324925e+02
   4.2339200e+02   1.1110000e+00   4.2372200e+02   1.1172335e+02
   4.2440200e+02   1.0100000e+00   4.2473000e+02   1.1315821e+02
   4.2549800e+02   1.0960000e+00   4.2582400e+02   1.1276140e+02
   4.2663200e+02   1.1340000e+00   4.2696200e+02   1.1202913e+02
   4.2769200e+02   1.0600000e+00   4.2803200e+02   1.0961757e+02
   4.2863800e+02   9.4600000e-01   4.2896900e+02   1.1157096e+02
   4.2962900e+02   9.9100000e-01   4.2995800e+02   1.1199845e+02
   4.3048600e+02   8.5700000e-01   4.3084900e+02   1.1566081e+02
   4.3132400e+02   8.3700000e-01   4.3168100e+02   1.1721640e+02
   4.3260600e+02   1.2820000e+00   4.3293800e+02   1.1681959e+02
   4.3371800e+02   1.1130000e+00   4.3405900e+02   1.1401221e+02
   4.3477800e+02   1.0600000e+00   4.3512100e+02   1.1443970e+02
   4.3588400e+02   1.1060000e+00   4.3621900e+02   1.1358472e+02
   4.3704600e+02   1.1620000e+00   4.3736600e+02   1.1279208e+02
   4.3814900e+02   1.1030000e+00   4.3848700e+02   1.0931278e+02
   4.3919600e+02   1.0470000e+00   4.3952700e+02   1.1080801e+02
   4.4024000e+02   1.0440000e+00   4.4057600e+02   1.1004506e+02
   4.4122100e+02   9.8100000e-01   4.4154700e+02   1.1047255e+02
   4.4210000e+02   8.7900000e-01   4.4242300e+02   1.1123550e+02
   4.4294200e+02   8.4200000e-01   4.4327700e+02   1.1358472e+02
   4.4374500e+02   8.0300000e-01   4.4406500e+02   1.1642376e+02
   4.4451600e+02   7.7200000e-01   4.4485900e+02   1.1718672e+02
   4.4599100e+02   1.4740000e+00   4.4630700e+02   1.1440902e+02
   4.4726500e+02   1.2750000e+00   4.4762000e+02   1.1010641e+02
   4.4827300e+02   1.0080000e+00   4.4861400e+02   1.1404288e+02
   4.4939400e+02   1.1210000e+00   4.4972300e+02   1.1648413e+02
   4.5056200e+02   1.1680000e+00   4.5091800e+02   1.1566081e+02
   4.5157000e+02   1.0080000e+00   4.5190400e+02   1.1770524e+02
   4.5268300e+02   1.1130000e+00   4.5303600e+02   1.1715604e+02
   4.5392400e+02   1.2410000e+00   4.5426800e+02   1.1398153e+02
   4.5504400e+02   1.1200000e+00   4.5538100e+02   1.1440902e+02
   4.5632900e+02   1.2850000e+00   4.5668300e+02   1.1279208e+02
   4.5757700e+02   1.2480000e+00   4.5792200e+02   1.1047255e+02
   4.5868600e+02   1.1090000e+00   4.5902400e+02   1.1126618e+02
   4.5984600e+02   1.1590000e+00   4.6018400e+02   1.1129685e+02
   4.6097300e+02   1.1270000e+00   4.6133000e+02   1.0882493e+02
   4.6197100e+02   9.9800000e-01   4.6229500e+02   1.1047255e+02
   4.6297500e+02   1.0050000e+00   4.6332900e+02   1.1196777e+02
   4.6418700e+02   1.2120000e+00   4.6452500e+02   1.1166299e+02
   4.6546700e+02   1.2800000e+00   4.6580500e+02   1.1092972e+02
   4.6677900e+02   1.3130000e+00   4.6713200e+02   1.0931278e+02
   4.6801300e+02   1.2340000e+00   4.6836300e+02   1.0723767e+02
   4.6921300e+02   1.2000000e+00   4.6955100e+02   1.0769485e+02
   4.7042500e+02   1.2120000e+00   4.7077300e+02   1.0641337e+02
   4.7163000e+02   1.2050000e+00   4.7197100e+02   1.0638269e+02
   4.7277100e+02   1.1410000e+00   4.7312400e+02   1.0674883e+02
   4.7396700e+02   1.1970000e+00   4.7431400e+02   1.0729903e+02
   4.7514500e+02   1.1780000e+00   4.7549000e+02   1.0528428e+02
   4.7621400e+02   1.0680000e+00   4.7654900e+02   1.0806198e+02
   4.7732300e+02   1.1100000e+00   4.7768100e+02   1.0720700e+02
   4.7842800e+02   1.1040000e+00   4.7877000e+02   1.0763449e+02
   4.7949300e+02   1.0650000e+00   4.7982800e+02   1.1096040e+02
   4.8078700e+02   1.2940000e+00   4.8112500e+02   1.1090004e+02
   4.8196600e+02   1.1790000e+00   4.8230900e+02   1.1090004e+02
   4.8311900e+02   1.1530000e+00   4.8346300e+02   1.1276140e+02
   4.8439000e+02   1.2720000e+00   4.8471200e+02   1.1236459e+02
   4.8554700e+02   1.1570000e+00   4.8588900e+02   1.1007573e+02
   4.8654600e+02   9.9800000e-01   4.8688800e+02   1.1166299e+02
   4.8754300e+02   9.9800000e-01   4.8787400e+02   1.1440902e+02
   4.8847800e+02   9.3500000e-01   4.8883100e+02   1.1608731e+02
   4.8968900e+02   1.2110000e+00   4.9003900e+02   1.1718672e+02
   4.9068000e+02   9.9100000e-01   4.9105600e+02   1.1764389e+02
   4.9208100e+02   1.4010000e+00   4.9243300e+02   1.1767457e+02
   4.9332700e+02   1.2460000e+00   4.9368900e+02   1.1196777e+02
   4.9447600e+02   1.1490000e+00   4.9483500e+02   1.1398153e+02
   4.9571700e+02   1.2410000e+00   4.9605300e+02   1.1242594e+02
   4.9699100e+02   1.2740000e+00   4.9732800e+02   1.0922075e+02
   4.9824400e+02   1.2540000e+00   4.9858800e+02   1.0757314e+02
   4.9949000e+02   1.2460000e+00   4.9982800e+02   1.0763449e+02
   5.0069400e+02   1.2040000e+00   5.0103500e+02   1.0726835e+02
   5.0184000e+02   1.1460000e+00   5.0218800e+02   1.0848848e+02
   5.0302800e+02   1.1880000e+00   5.0337300e+02   1.0977095e+02
   5.0419100e+02   1.1630000e+00   5.0452800e+02   1.0919107e+02
   5.0531000e+02   1.1180000e+00   5.0569400e+02   1.1050322e+02
   5.0650300e+02   1.1930000e+00   5.0684000e+02   1.1050322e+02
   5.0765100e+02   1.1490000e+00   5.0800000e+02   1.0931278e+02
   5.0879600e+02   1.1440000e+00   5.0913500e+02   1.1013709e+02
   5.0996700e+02   1.1720000e+00   5.1031200e+02   1.1010641e+02
   5.1112300e+02   1.1560000e+00   5.1146000e+02   1.0839744e+02
   5.1216400e+02   1.0410000e+00   5.1251000e+02   1.0931278e+02
   5.1326000e+02   1.0960000e+00   5.1359400e+02   1.1010641e+02
   5.1442900e+02   1.1690000e+00   5.1476100e+02   1.0967892e+02
   5.1551800e+02   1.0890000e+00   5.1586100e+02   1.0922075e+02
   5.1657200e+02   1.0530000e+00   5.1693400e+02   1.1053390e+02
   5.1774600e+02   1.1740000e+00   5.1807600e+02   1.1004506e+02
   5.1884600e+02   1.1000000e+00   5.1919200e+02   1.0760381e+02
   5.1987000e+02   1.0240000e+00   5.2020200e+02   1.1047255e+02
   5.2091300e+02   1.0430000e+00   5.2125400e+02   1.1047255e+02
   5.2181300e+02   9.0000000e-01   5.2215000e+02   1.1166299e+02
   5.2265800e+02   8.4500000e-01   5.2300200e+02   1.1157096e+02
   5.2351600e+02   8.5900000e-01   5.2385200e+02   1.1279208e+02
   5.2434200e+02   8.2600000e-01   5.2471400e+02   1.1486719e+02
   5.2517200e+02   8.3000000e-01   5.2551400e+02   1.1916979e+02
   5.2606900e+02   8.9800000e-01   5.2641200e+02   1.2118454e+02
   5.2691300e+02   8.4300000e-01   5.2724000e+02   1.2237399e+02
   5.2776300e+02   8.5000000e-01   5.2809600e+02   1.2313694e+02
   5.2870600e+02   9.4300000e-01   5.2905200e+02   1.2118454e+02
   5.2959100e+02   8.8500000e-01   5.2993200e+02   1.2200785e+02
   5.3047200e+02   8.8100000e-01   5.3081600e+02   1.2121423e+02
   5.3143800e+02   9.6600000e-01   5.3177000e+02   1.2036024e+02
   5.3237000e+02   9.3200000e-01   5.3273900e+02   1.1520265e+02
   5.3323400e+02   8.6400000e-01   5.3357700e+02   1.1721640e+02
   5.3410800e+02   8.7400000e-01   5.3442900e+02   1.1758254e+02
   5.3527800e+02   1.1700000e+00   5.3559800e+02   1.1602695e+02
   5.3632500e+02   1.0470000e+00   5.3667100e+02   1.1010641e+02
   5.3724500e+02   9.2000000e-01   5.3758900e+02   1.1202913e+02
   5.3814000e+02   8.9400000e-01   5.3846700e+02   1.1327993e+02
   5.3905400e+02   9.1400000e-01   5.3938100e+02   1.1352435e+02
   5.3995800e+02   9.0400000e-01   5.4028900e+02   1.1205980e+02
   5.4080700e+02   8.4900000e-01   5.4115000e+02   1.1404288e+02
   5.4173300e+02   9.2600000e-01   5.4205700e+02   1.1477516e+02
   5.4280400e+02   1.0710000e+00   5.4314000e+02   1.1270005e+02
   5.4378500e+02   9.8100000e-01   5.4412800e+02   1.1166299e+02
   5.4470300e+02   9.1800000e-01   5.4504200e+02   1.1205980e+02
   5.4564200e+02   9.3900000e-01   5.4598600e+02   1.1205980e+02
   5.4656500e+02   9.2300000e-01   5.4690600e+02   1.1086936e+02
   5.4743800e+02   8.7300000e-01   5.4776500e+02   1.1239526e+02
   5.4830700e+02   8.7000000e-01   5.4865800e+02   1.1309686e+02
   5.4929000e+02   9.8300000e-01   5.4962500e+02   1.0412452e+02
   5.5034300e+02   1.0530000e+00   5.5072800e+02   1.0687154e+02
   5.5123300e+02   8.9000000e-01   5.5156500e+02   1.0720700e+02
   5.5204800e+02   8.1500000e-01   5.5239600e+02   1.0800063e+02
   5.5284200e+02   7.9300000e-01   5.5318400e+02   1.1245563e+02
   5.5367500e+02   8.3400000e-01   5.5400100e+02   1.1837617e+02
   5.5462900e+02   9.5400000e-01   5.5496100e+02   1.2124490e+02
   5.5575000e+02   1.1200000e+00   5.5608300e+02   1.2155068e+02
   5.5685000e+02   1.1000000e+00   5.5718000e+02   1.2039091e+02
   5.5783400e+02   9.8500000e-01   5.5817600e+02   1.1834549e+02
   5.5872200e+02   8.8800000e-01   5.5907700e+02   1.1764389e+02
   5.5958000e+02   8.5700000e-01   5.5991900e+02   1.1993275e+02
   5.6083000e+02   1.2500000e+00   5.6117000e+02   1.1987139e+02
   5.6191900e+02   1.0890000e+00   5.6225500e+02   1.1804071e+02
   5.6301600e+02   1.0970000e+00   5.6336100e+02   1.1810206e+02
   5.6406300e+02   1.0470000e+00   5.6440000e+02   1.1645345e+02
   5.6503400e+02   9.7000000e-01   5.6536100e+02   1.1724708e+02
   5.6593400e+02   9.0000000e-01   5.6627500e+02   1.1801003e+02
   5.6676900e+02   8.3500000e-01   5.6712200e+02   1.1794967e+02
   5.6756700e+02   7.9800000e-01   5.6790000e+02   1.1871262e+02
   5.6834100e+02   7.7400000e-01   5.6869400e+02   1.1794967e+02
   5.6913500e+02   7.9400000e-01   5.6945900e+02   1.1807138e+02
   5.6992600e+02   7.9100000e-01   5.7026000e+02   1.1913912e+02
   5.7068700e+02   7.6100000e-01   5.7103900e+02   1.1956661e+02
   5.7144300e+02   7.5700000e-01   5.7177000e+02   1.2115386e+02
   5.7233200e+02   8.8900000e-01   5.7269100e+02   1.2200785e+02
   5.7331500e+02   9.8300000e-01   5.7365300e+02   1.1953593e+02
   5.7441100e+02   1.0960000e+00   5.7473600e+02   1.1804071e+02
   5.7556100e+02   1.1490000e+00   5.7588600e+02   1.1486719e+02
   5.7657500e+02   1.0140000e+00   5.7691100e+02   1.1361539e+02
   5.7755500e+02   9.8100000e-01   5.7789300e+02   1.1352435e+02
   5.7851900e+02   9.6400000e-01   5.7885300e+02   1.1160164e+02
   5.7943200e+02   9.1300000e-01   5.7976000e+02   1.1279208e+02
   5.8041600e+02   9.8400000e-01   5.8075300e+02   1.1349368e+02
   5.8141100e+02   9.9500000e-01   5.8171900e+02   1.1315821e+02
   5.8247800e+02   1.0670000e+00   5.8283800e+02   1.1086936e+02
   5.8341400e+02   9.3500000e-01   5.8375100e+02   1.1282275e+02
   5.8434100e+02   9.2800000e-01   5.8467300e+02   1.1242594e+02
   5.8529100e+02   9.5000000e-01   5.8565900e+02   1.1312754e+02
   5.8622400e+02   9.3300000e-01   5.8655800e+02   1.1154028e+02
   5.8710800e+02   8.8400000e-01   5.8743800e+02   1.1523332e+02
   5.8805800e+02   9.5000000e-01   5.8838900e+02   1.1563014e+02
   5.8909700e+02   1.0390000e+00   5.8943100e+02   1.1523332e+02
   5.9005300e+02   9.5600000e-01   5.9039300e+02   1.1361539e+02
   5.9094100e+02   8.8700000e-01   5.9127100e+02   1.1605664e+02
   5.9187700e+02   9.3700000e-01   5.9221600e+02   1.1801003e+02
   5.9312000e+02   1.2420000e+00   5.9343700e+02   1.1871262e+02
   5.9421200e+02   1.0920000e+00   5.9455300e+02   1.1559946e+02
   5.9516600e+02   9.5400000e-01   5.9549600e+02   1.1721640e+02
   5.9624100e+02   1.0760000e+00   5.9657400e+02   1.1724708e+02
   5.9739800e+02   1.1560000e+00   5.9773300e+02   1.1486719e+02
   5.9839000e+02   9.9300000e-01   5.9873000e+02   1.1440902e+02
   5.9934200e+02   9.5100000e-01   5.9969700e+02   1.1358472e+02
   6.0035100e+02   1.0090000e+00   6.0068600e+02   1.1318889e+02
   6.0136100e+02   1.0100000e+00   6.0174700e+02   1.1273072e+02
   6.0229900e+02   9.3800000e-01   6.0263200e+02   1.1764389e+02
   6.0337500e+02   1.0760000e+00   6.0370900e+02   1.1956661e+02
   6.0446200e+02   1.0870000e+00   6.0480900e+02   1.1804071e+02
   6.0547100e+02   1.0100000e+00   6.0581100e+02   1.1880366e+02
   6.0652400e+02   1.0530000e+00   6.0684800e+02   1.1907875e+02
   6.0758900e+02   1.0650000e+00   6.0794700e+02   1.1642376e+02
   6.0856300e+02   9.7400000e-01   6.0890200e+02   1.1563014e+02
   6.0953200e+02   9.6900000e-01   6.0986400e+02   1.1639309e+02
   6.1054700e+02   1.0150000e+00   6.1087400e+02   1.1566081e+02
   6.1152400e+02   9.7700000e-01   6.1186700e+02   1.1273072e+02
   6.1242600e+02   9.0200000e-01   6.1276600e+02   1.1486719e+02
   6.1333300e+02   9.0700000e-01   6.1368700e+02   1.1398153e+02
   6.1420500e+02   8.7200000e-01   6.1453000e+02   1.1523332e+02
   6.1507900e+02   8.7400000e-01   6.1543500e+02   1.1352435e+02
   6.1591600e+02   8.3700000e-01   6.1623200e+02   1.1398153e+02
   6.1672800e+02   8.1300000e-01   6.1704300e+02   1.1480583e+02
   6.1753600e+02   8.0800000e-01   6.1786300e+02   1.1517197e+02
   6.1831300e+02   7.7600000e-01   6.1864700e+02   1.1608731e+02
   6.1924400e+02   9.3200000e-01   6.1958600e+02   1.1523332e+02
   6.2018800e+02   9.4300000e-01   6.2053300e+02   1.1193710e+02
   6.2110100e+02   9.1300000e-01   6.2143000e+02   1.1282275e+02
   6.2207200e+02   9.7100000e-01   6.2238200e+02   1.1239526e+02
   6.2304800e+02   9.7700000e-01   6.2337500e+02   1.1083869e+02
   6.2398400e+02   9.3600000e-01   6.2432300e+02   1.0888529e+02
   6.2485400e+02   8.7000000e-01   6.2518700e+02   1.1047255e+02
   6.2573100e+02   8.7700000e-01   6.2606100e+02   1.1120482e+02
   6.2665100e+02   9.2000000e-01   6.2698200e+02   1.1080801e+02
   6.2755800e+02   9.0600000e-01   6.2790200e+02   1.0925143e+02
   6.2844700e+02   8.8900000e-01   6.2876900e+02   1.1120482e+02
   6.2944700e+02   1.0000000e+00   6.2978400e+02   1.1126618e+02
   6.3062600e+02   1.1780000e+00   6.3094800e+02   1.0934346e+02
   6.3171600e+02   1.0900000e+00   6.3206100e+02   1.0671915e+02
   6.3278600e+02   1.0710000e+00   6.3313200e+02   1.0766516e+02
   6.3383400e+02   1.0480000e+00   6.3416200e+02   1.0803130e+02
   6.3478400e+02   9.5000000e-01   6.3512900e+02   1.0717632e+02
   6.3569600e+02   9.1200000e-01   6.3602800e+02   1.0928211e+02
   6.3669200e+02   9.9600000e-01   6.3704200e+02   1.1041120e+02
   6.3772700e+02   1.0350000e+00   6.3804800e+02   1.0937414e+02
   6.3883500e+02   1.1080000e+00   6.3917000e+02   1.0757314e+02
   6.3991100e+02   1.0770000e+00   6.4024700e+02   1.0726835e+02
   6.4102500e+02   1.1140000e+00   6.4136800e+02   1.0641337e+02
   6.4203900e+02   1.0140000e+00   6.4237900e+02   1.0323985e+02
   6.4294800e+02   9.0900000e-01   6.4328900e+02   1.0375838e+02
   6.4379100e+02   8.4200000e-01   6.4413900e+02   1.0757314e+02
   6.4464300e+02   8.5200000e-01   6.4497900e+02   1.0876358e+02
   6.4599800e+02   1.3560000e+00   6.4633600e+02   1.0879425e+02
   6.4713800e+02   1.1390000e+00   6.4748700e+02   1.0571177e+02
   6.4815400e+02   1.0170000e+00   6.4851100e+02   1.0766516e+02
   6.4919500e+02   1.0400000e+00   6.4954000e+02   1.0961757e+02
   6.5025100e+02   1.0570000e+00   6.5057600e+02   1.1187574e+02
   6.5125300e+02   1.0010000e+00   6.5158700e+02   1.1239526e+02
   6.5227700e+02   1.0240000e+00   6.5267000e+02   1.1483651e+02
   6.5339900e+02   1.1220000e+00   6.5372900e+02   1.1602695e+02
   6.5459400e+02   1.1950000e+00   6.5492600e+02   1.1569050e+02
   6.5567100e+02   1.0770000e+00   6.5602400e+02   1.1318889e+02
   6.5664600e+02   9.7500000e-01   6.5698900e+02   1.1526400e+02
   6.5770400e+02   1.0580000e+00   6.5803600e+02   1.1514129e+02
   6.5881200e+02   1.1080000e+00   6.5914700e+02   1.1483651e+02
   6.5983500e+02   1.0230000e+00   6.6018600e+02   1.1318889e+02
   6.6075500e+02   9.2000000e-01   6.6109800e+02   1.1306619e+02
   6.6161400e+02   8.5900000e-01   6.6194600e+02   1.1566081e+02
   6.6251700e+02   9.0400000e-01   6.6284400e+02   1.1755285e+02
   6.6357100e+02   1.0530000e+00   6.6389400e+02   1.1712536e+02
   6.6476100e+02   1.1900000e+00   6.6510800e+02   1.1474448e+02
   6.6580000e+02   1.0390000e+00   6.6613600e+02   1.1382914e+02
   6.6682500e+02   1.0250000e+00   6.6715400e+02   1.1395184e+02
   6.6786900e+02   1.0440000e+00   6.6820900e+02   1.1324925e+02
   6.6885600e+02   9.8700000e-01   6.6918300e+02   1.1392117e+02
   6.6986800e+02   1.0120000e+00   6.7020600e+02   1.1486719e+02
   6.7091900e+02   1.0520000e+00   6.7125200e+02   1.1355503e+02
   6.7189600e+02   9.7700000e-01   6.7223500e+02   1.1315821e+02
   6.7286700e+02   9.7100000e-01   6.7318900e+02   1.1605664e+02
   6.7384000e+02   9.7200000e-01   6.7416800e+02   1.1486719e+02
   6.7477700e+02   9.3800000e-01   6.7513400e+02   1.1318889e+02
   6.7566900e+02   8.9200000e-01   6.7599400e+02   1.1602695e+02
   6.7659700e+02   9.2800000e-01   6.7694500e+02   1.1840684e+02
   6.7784600e+02   1.2490000e+00   6.7819100e+02   1.1880366e+02
   6.7887800e+02   1.0320000e+00   6.7923100e+02   1.1758254e+02
   6.7979900e+02   9.2200000e-01   6.8013100e+02   1.2078773e+02
   6.8076000e+02   9.6000000e-01   6.8109200e+02   1.2124490e+02
   6.8175900e+02   9.9900000e-01   6.8207200e+02   1.2243534e+02
   6.8274000e+02   9.8100000e-01   6.8308300e+02   1.2313694e+02
   6.8372100e+02   9.8100000e-01   6.8405100e+02   1.2435806e+02
   6.8481700e+02   1.0950000e+00   6.8514300e+02   1.2383953e+02
   6.8584400e+02   1.0280000e+00   6.8617200e+02   1.2319829e+02
   6.8682100e+02   9.7600000e-01   6.8715700e+02   1.2365646e+02
   6.8788700e+02   1.0660000e+00   6.8823900e+02   1.2304590e+02
   6.8900400e+02   1.1170000e+00   6.8933900e+02   1.2152000e+02
   6.9000100e+02   9.9700000e-01   6.9035100e+02   1.1990207e+02
   6.9089900e+02   8.9700000e-01   6.9123900e+02   1.2112319e+02
   6.9173900e+02   8.4100000e-01   6.9207000e+02   1.2203853e+02
   6.9259500e+02   8.5600000e-01   6.9293700e+02   1.2203853e+02
   6.9341200e+02   8.1700000e-01   6.9373300e+02   1.2197718e+02
   6.9425900e+02   8.4700000e-01   6.9457800e+02   1.2356443e+02
   6.9521700e+02   9.5700000e-01   6.9553800e+02   1.2234331e+02
   6.9634400e+02   1.1270000e+00   6.9669900e+02   1.1794967e+02
   6.9732900e+02   9.8500000e-01   6.9768800e+02   1.1721640e+02
   6.9829600e+02   9.6700000e-01   6.9865600e+02   1.1752218e+02
   6.9922200e+02   9.2700000e-01   6.9955300e+02   1.1642376e+02
   7.0011000e+02   8.8700000e-01   7.0044800e+02   1.1636241e+02
   7.0093300e+02   8.2300000e-01   7.0126900e+02   1.1636241e+02
   7.0175500e+02   8.2200000e-01   7.0207600e+02   1.1563014e+02
   7.0256000e+02   8.0500000e-01   7.0288800e+02   1.1355503e+02
   7.0337000e+02   8.1000000e-01   7.0369900e+02   1.1273072e+02
   7.0414700e+02   7.7700000e-01   7.0447500e+02   1.1483651e+02
   7.0494700e+02   7.9900000e-01   7.0527900e+02   1.1602695e+02
   7.0578400e+02   8.3700000e-01   7.0611200e+02   1.1602695e+02
   7.0661800e+02   8.3400000e-01   7.0693400e+02   1.1563014e+02
   7.0739400e+02   7.7600000e-01   7.0773000e+02   1.1523332e+02
   7.0819800e+02   8.0400000e-01   7.0851300e+02   1.1526400e+02
   7.0898500e+02   7.8700000e-01   7.0931100e+02   1.1486719e+02
   7.0973900e+02   7.5400000e-01   7.1007500e+02   1.1398153e+02
   7.1055500e+02   8.1600000e-01   7.1088800e+02   1.1685026e+02
   7.1137800e+02   8.2300000e-01   7.1170500e+02   1.1633174e+02
   7.1219600e+02   8.1800000e-01   7.1251400e+02   1.1810206e+02
   7.1315500e+02   9.5900000e-01   7.1346700e+02   1.1794967e+02
   7.1425200e+02   1.0970000e+00   7.1457400e+02   1.1556878e+02
   7.1530800e+02   1.0560000e+00   7.1568600e+02   1.0409384e+02
   7.1625100e+02   9.4300000e-01   7.1657600e+02   1.1090004e+02
   7.1719000e+02   9.3900000e-01   7.1752900e+02   1.1126618e+02
   7.1807400e+02   8.8500000e-01   7.1842800e+02   1.1129685e+02
   7.1896200e+02   8.8800000e-01   7.1929200e+02   1.1038052e+02
   7.1984000e+02   8.7700000e-01   7.2017700e+02   1.1035083e+02
   7.2065800e+02   8.1800000e-01   7.2099300e+02   1.1236459e+02
   7.2150000e+02   8.4200000e-01   7.2182600e+02   1.1315821e+02
   7.2238700e+02   8.8800000e-01   7.2274500e+02   1.1315821e+02
   7.2329300e+02   9.0600000e-01   7.2366600e+02   1.1199845e+02
   7.2423200e+02   9.3800000e-01   7.2456400e+02   1.1239526e+02
   7.2521200e+02   9.8000000e-01   7.2552500e+02   1.1196777e+02
   7.2624300e+02   1.0310000e+00   7.2657000e+02   1.1126618e+02
   7.2724300e+02   1.0000000e+00   7.2758400e+02   1.0809167e+02
   7.2818900e+02   9.4600000e-01   7.2855100e+02   1.0638269e+02
   7.2913800e+02   9.4900000e-01   7.2946900e+02   1.0967892e+02
   7.3013600e+02   9.9800000e-01   7.3046300e+02   1.0970960e+02
   7.3111600e+02   9.8000000e-01   7.3146400e+02   1.0760381e+02
   7.3202300e+02   9.0700000e-01   7.3236600e+02   1.0977095e+02
   7.3295200e+02   9.2900000e-01   7.3328400e+02   1.1090004e+02
   7.3396400e+02   1.0120000e+00   7.3430300e+02   1.0885462e+02
   7.3509200e+02   1.1280000e+00   7.3543600e+02   1.0964824e+02
   7.3622500e+02   1.1330000e+00   7.3656600e+02   1.0726835e+02
   7.3721600e+02   9.9000000e-01   7.3756200e+02   1.0690221e+02
   7.3811600e+02   9.0100000e-01   7.3844600e+02   1.0848848e+02
   7.3917700e+02   1.0600000e+00   7.3952200e+02   1.1053390e+02
   7.4022300e+02   1.0470000e+00   7.4056100e+02   1.1086936e+02
   7.4123100e+02   1.0080000e+00   7.4156200e+02   1.1276140e+02
   7.4231600e+02   1.0850000e+00   7.4266100e+02   1.1245563e+02
   7.4335000e+02   1.0340000e+00   7.4370700e+02   1.1117415e+02
   7.4432200e+02   9.7300000e-01   7.4466800e+02   1.1154028e+02
   7.4520800e+02   8.8500000e-01   7.4554300e+02   1.1401221e+02
   7.4610900e+02   9.0100000e-01   7.4646000e+02   1.1483651e+02
   7.4703300e+02   9.2400000e-01   7.4736700e+02   1.1270005e+02
   7.4789500e+02   8.6200000e-01   7.4823800e+02   1.1282275e+02
   7.4873000e+02   8.3500000e-01   7.4906500e+02   1.1526400e+02
   7.4956200e+02   8.3200000e-01   7.4987900e+02   1.1520265e+02
   7.5038700e+02   8.2500000e-01   7.5074000e+02   1.1611799e+02
   7.5119200e+02   8.0500000e-01   7.5151800e+02   1.1642376e+02
   7.5239500e+02   1.2030000e+00   7.5276000e+02   1.1248630e+02
   7.5332300e+02   9.2800000e-01   7.5368100e+02   1.0925143e+02
   7.5425800e+02   9.3400000e-01   7.5458600e+02   1.1270005e+02
   7.5521200e+02   9.5400000e-01   7.5554300e+02   1.1126618e+02
   7.5621100e+02   9.9900000e-01   7.5654700e+02   1.0800063e+02
   7.5715700e+02   9.4700000e-01   7.5748600e+02   1.0803130e+02
   7.5806300e+02   9.0600000e-01   7.5838500e+02   1.1047255e+02
   7.5901300e+02   9.5000000e-01   7.5934600e+02   1.1160164e+02
   7.5999700e+02   9.8500000e-01   7.6033900e+02   1.1050322e+02
   7.6094000e+02   9.4300000e-01   7.6128200e+02   1.1004506e+02
   7.6187000e+02   9.2900000e-01   7.6219600e+02   1.1282275e+02
   7.6293700e+02   1.0670000e+00   7.6326600e+02   1.1352435e+02
   7.6406900e+02   1.1330000e+00   7.6439900e+02   1.1126618e+02
   7.6518200e+02   1.1130000e+00   7.6555200e+02   1.0894665e+02
   7.6616300e+02   9.8100000e-01   7.6650100e+02   1.0726835e+02
   7.6706000e+02   8.9700000e-01   7.6739600e+02   1.1007573e+02
   7.6798500e+02   9.2500000e-01   7.6833600e+02   1.1129685e+02
   7.6901200e+02   1.0270000e+00   7.6935400e+02   1.1053390e+02
   7.7007700e+02   1.0650000e+00   7.7043800e+02   1.0851916e+02
   7.7101600e+02   9.3900000e-01   7.7136200e+02   1.0845780e+02
   7.7190800e+02   8.9100000e-01   7.7223800e+02   1.1013709e+02
   7.7275500e+02   8.4700000e-01   7.7308400e+02   1.1123550e+02
   7.7361900e+02   8.6400000e-01   7.7395600e+02   1.1126618e+02
   7.7445500e+02   8.3600000e-01   7.7479600e+02   1.1321858e+02
   7.7527300e+02   8.1700000e-01   7.7560100e+02   1.1834549e+02
   7.7607200e+02   7.9900000e-01   7.7637900e+02   1.2121423e+02
   7.7686600e+02   7.9400000e-01   7.7719400e+02   1.2435806e+02
   7.7793000e+02   1.0640000e+00   7.7825300e+02   1.2438874e+02
   7.7903500e+02   1.1050000e+00   7.7936200e+02   1.2115386e+02
   7.7998800e+02   9.5300000e-01   7.8034500e+02   1.2118454e+02
   7.8110300e+02   1.1150000e+00   7.8143300e+02   1.2084809e+02
   7.8221400e+02   1.1110000e+00   7.8255100e+02   1.1877298e+02
   7.8323300e+02   1.0190000e+00   7.8357300e+02   1.1642376e+02
   7.8420000e+02   9.6600000e-01   7.8453200e+02   1.1807138e+02
   7.8522000e+02   1.0200000e+00   7.8553400e+02   1.1724708e+02
   7.8621900e+02   1.0000000e+00   7.8655700e+02   1.1608731e+02
   7.8717500e+02   9.5600000e-01   7.8751700e+02   1.1559946e+02
   7.8810200e+02   9.2700000e-01   7.8844200e+02   1.1642376e+02
   7.8900800e+02   9.0600000e-01   7.8933200e+02   1.1681959e+02
   7.8985200e+02   8.4400000e-01   7.9020300e+02   1.1559946e+02
   7.9066900e+02   8.1700000e-01   7.9098900e+02   1.1685026e+02
   7.9148000e+02   8.1000000e-01   7.9181200e+02   1.1681959e+02
   7.9228600e+02   8.0600000e-01   7.9266200e+02   1.1797935e+02
   7.9304100e+02   7.5500000e-01   7.9338000e+02   1.1791899e+02
   7.9386400e+02   8.2200000e-01   7.9418500e+02   1.1761322e+02
   7.9474000e+02   8.7600000e-01   7.9506900e+02   1.1563014e+02
   7.9558200e+02   8.4200000e-01   7.9591000e+02   1.1642376e+02
   7.9649700e+02   9.1500000e-01   7.9682900e+02   1.1642376e+02
   7.9756700e+02   1.0690000e+00   7.9788900e+02   1.1398153e+02
   7.9856400e+02   9.9700000e-01   7.9890900e+02   1.1047255e+02
   7.9945400e+02   8.9000000e-01   7.9978500e+02   1.1132654e+02
   8.0032700e+02   8.7300000e-01   8.0067700e+02   1.1080801e+02
   8.0125600e+02   9.2900000e-01   8.0158800e+02   1.1202913e+02
   8.0215900e+02   9.0400000e-01   8.0248800e+02   1.0928211e+02
   8.0301000e+02   8.5100000e-01   8.0334400e+02   1.1202913e+02
   8.0390800e+02   8.9800000e-01   8.0424400e+02   1.1126618e+02
   8.0489500e+02   9.8700000e-01   8.0522600e+02   1.1086936e+02
   8.0586100e+02   9.6600000e-01   8.0618900e+02   1.0806198e+02
   8.0672100e+02   8.6000000e-01   8.0705000e+02   1.0845780e+02
   8.0755800e+02   8.3800000e-01   8.0788300e+02   1.1163231e+02
   8.0839800e+02   8.4000000e-01   8.0874000e+02   1.1395184e+02
   8.0925700e+02   8.5900000e-01   8.0959800e+02   1.1440902e+02
   8.1008200e+02   8.2500000e-01   8.1044000e+02   1.1242594e+02
   8.1093700e+02   8.5500000e-01   8.1126400e+02   1.1804071e+02
   8.1183900e+02   9.0300000e-01   8.1218100e+02   1.1761322e+02
   8.1275500e+02   9.1600000e-01   8.1308600e+02   1.1639309e+02
   8.1360600e+02   8.5100000e-01   8.1392600e+02   1.1758254e+02
   8.1443000e+02   8.2400000e-01   8.1475600e+02   1.1807138e+02
   8.1523300e+02   8.0300000e-01   8.1556500e+02   1.1910844e+02
   8.1600400e+02   7.7100000e-01   8.1633900e+02   1.2124490e+02
   8.1684900e+02   8.4500000e-01   8.1718600e+02   1.2206921e+02
   8.1776200e+02   9.1300000e-01   8.1809500e+02   1.2155068e+02
   8.1865600e+02   8.9400000e-01   8.1897600e+02   1.2197718e+02
   8.1959700e+02   9.4100000e-01   8.1992100e+02   1.2084809e+02
   8.2077000e+02   1.1730000e+00   8.2110400e+02   1.1947557e+02
   8.2182200e+02   1.0520000e+00   8.2215700e+02   1.1566081e+02
   8.2282000e+02   9.9800000e-01   8.2315400e+02   1.1563014e+02
   8.2387600e+02   1.0570000e+00   8.2419500e+02   1.1361539e+02
   8.2498100e+02   1.1050000e+00   8.2531800e+02   1.1169268e+02
   8.2598900e+02   1.0070000e+00   8.2633000e+02   1.0961757e+02
   8.2691800e+02   9.2900000e-01   8.2724600e+02   1.0958788e+02
   8.2787300e+02   9.5600000e-01   8.2821600e+02   1.1010641e+02
   8.2891100e+02   1.0380000e+00   8.2924500e+02   1.0961757e+02
   8.2997200e+02   1.0620000e+00   8.3030400e+02   1.0839744e+02
   8.3101200e+02   1.0390000e+00   8.3133500e+02   1.0845780e+02
   8.3204800e+02   1.0370000e+00   8.3238400e+02   1.0632233e+02
   8.3308100e+02   1.0320000e+00   8.3341400e+02   1.0928211e+02
   8.3409100e+02   1.0100000e+00   8.3444200e+02   1.0879425e+02
   8.3504400e+02   9.5300000e-01   8.3538100e+02   1.0668847e+02
   8.3597100e+02   9.2700000e-01   8.3629300e+02   1.1013709e+02
   8.3697200e+02   1.0020000e+00   8.3731400e+02   1.1007573e+02
   8.3802900e+02   1.0560000e+00   8.3837100e+02   1.0854983e+02
   8.3906300e+02   1.0340000e+00   8.3940000e+02   1.0595619e+02
   8.3997800e+02   9.1500000e-01   8.4029800e+02   1.0839744e+02
   8.4088800e+02   9.1000000e-01   8.4121200e+02   1.0974027e+02
   8.4188500e+02   9.9700000e-01   8.4224500e+02   1.0928211e+02
   8.4288300e+02   9.9800000e-01   8.4321100e+02   1.0607791e+02
   8.4383200e+02   9.4900000e-01   8.4417100e+02   1.0803130e+02
   8.4483100e+02   9.9900000e-01   8.4514900e+02   1.0720700e+02
   8.4587000e+02   1.0390000e+00   8.4620300e+02   1.0848848e+02
   8.4684000e+02   9.6900000e-01   8.4719000e+02   1.0534564e+02
   8.4777000e+02   9.3100000e-01   8.4814500e+02   1.0638269e+02
   8.4878300e+02   1.0120000e+00   8.4911100e+02   1.0809167e+02
   8.4997900e+02   1.1960000e+00   8.5030900e+02   1.0729903e+02
   8.5106100e+02   1.0820000e+00   8.5140800e+02   1.0491815e+02
   8.5200900e+02   9.4800000e-01   8.5235100e+02   1.0638269e+02
   8.5302200e+02   1.0140000e+00   8.5335200e+02   1.0845780e+02
   8.5410800e+02   1.0860000e+00   8.5444700e+02   1.0848848e+02
   8.5516300e+02   1.0550000e+00   8.5548900e+02   1.1080801e+02
   8.5627000e+02   1.1070000e+00   8.5660500e+02   1.1202913e+02
   8.5745200e+02   1.1830000e+00   8.5778800e+02   1.0970960e+02
   8.5852200e+02   1.0690000e+00   8.5885800e+02   1.1001438e+02
   8.5968400e+02   1.1620000e+00   8.6004700e+02   1.0967892e+02
   8.6079700e+02   1.1130000e+00   8.6114600e+02   1.0687154e+02
   8.6180200e+02   1.0050000e+00   8.6214700e+02   1.0525361e+02
   8.6269300e+02   8.9100000e-01   8.6302800e+02   1.0806198e+02
   8.6360500e+02   9.1200000e-01   8.6394600e+02   1.1090004e+02
   8.6475500e+02   1.1500000e+00   8.6508500e+02   1.1053390e+02
   8.6585600e+02   1.1010000e+00   8.6618600e+02   1.0928211e+02
   8.6685100e+02   9.9500000e-01   8.6718300e+02   1.0885462e+02
   8.6784500e+02   9.9300000e-01   8.6816900e+02   1.1044187e+02
   8.6889500e+02   1.0510000e+00   8.6924300e+02   1.1010641e+02
   8.7004900e+02   1.1540000e+00   8.7037700e+02   1.1004506e+02
   8.7120400e+02   1.1540000e+00   8.7153700e+02   1.0842812e+02
   8.7223500e+02   1.0310000e+00   8.7257300e+02   1.0800063e+02
   8.7325000e+02   1.0150000e+00   8.7359400e+02   1.0925143e+02
   8.7431000e+02   1.0600000e+00   8.7466400e+02   1.0809167e+02
   8.7533400e+02   1.0240000e+00   8.7569500e+02   1.1077733e+02
   8.7638200e+02   1.0480000e+00   8.7671800e+02   1.1315821e+02
   8.7752300e+02   1.1410000e+00   8.7786400e+02   1.1276140e+02
   8.7862300e+02   1.1000000e+00   8.7895800e+02   1.1236459e+02
   8.7971700e+02   1.0940000e+00   8.8004600e+02   1.1318889e+02
   8.8092700e+02   1.2100000e+00   8.8126000e+02   1.1239526e+02
   8.8211500e+02   1.1880000e+00   8.8245600e+02   1.0928211e+02
   8.8316700e+02   1.0530000e+00   8.8350300e+02   1.0967892e+02
   8.8423100e+02   1.0640000e+00   8.8456400e+02   1.1132654e+02
   8.8531400e+02   1.0820000e+00   8.8569500e+02   1.1321858e+02
   8.8633900e+02   1.0250000e+00   8.8669500e+02   1.1483651e+02
   8.8739500e+02   1.0560000e+00   8.8773300e+02   1.1721640e+02
   8.8862600e+02   1.2310000e+00   8.8896200e+02   1.1688094e+02
   8.8975500e+02   1.1280000e+00   8.9010100e+02   1.1602695e+02
   8.9082600e+02   1.0720000e+00   8.9117100e+02   1.1523332e+02
   8.9193000e+02   1.1040000e+00   8.9226200e+02   1.1440902e+02
   8.9304300e+02   1.1140000e+00   8.9339200e+02   1.1315821e+02
   8.9410100e+02   1.0580000e+00   8.9443400e+02   1.1324925e+02
   8.9517500e+02   1.0740000e+00   8.9551800e+02   1.1279208e+02
   8.9616900e+02   9.9400000e-01   8.9651700e+02   1.1126618e+02
   8.9710000e+02   9.3100000e-01   8.9741800e+02   1.1361539e+02
   8.9810600e+02   1.0060000e+00   8.9844100e+02   1.1315821e+02
   8.9917700e+02   1.0710000e+00   8.9953000e+02   1.1199845e+02
   9.0013700e+02   9.6100000e-01   9.0047000e+02   1.1083869e+02
   9.0107200e+02   9.3400000e-01   9.0141200e+02   1.1199845e+02
   9.0204800e+02   9.7600000e-01   9.0239100e+02   1.1202913e+02
   9.0306400e+02   1.0160000e+00   9.0339200e+02   1.1044187e+02
   9.0401100e+02   9.4700000e-01   9.0435400e+02   1.1123550e+02
   9.0496800e+02   9.5700000e-01   9.0530900e+02   1.1205980e+02
   9.0598300e+02   1.0140000e+00   9.0633600e+02   1.1126618e+02
   9.0691800e+02   9.3600000e-01   9.0725100e+02   1.1117415e+02
   9.0790400e+02   9.8600000e-01   9.0825000e+02   1.1239526e+02
   9.0890400e+02   1.0000000e+00   9.0924000e+02   1.1202913e+02
   9.0986600e+02   9.6300000e-01   9.1022800e+02   1.1526400e+02
   9.1076400e+02   8.9800000e-01   9.1111300e+02   1.1956661e+02
