   1.4250000e+00   1.1600000e+00   1.7900000e+00   1.2374789e+02
   2.5460000e+00   1.1210000e+00   2.8900000e+00   1.2805040e+02
   3.7420000e+00   1.1960000e+00   4.0700000e+00   1.3012559e+02
   5.1730000e+00   1.4310000e+00   5.5100000e+00   1.2646334e+02
   6.5370000e+00   1.3640000e+00   6.8850000e+00   1.2249688e+02
   7.7920000e+00   1.2550000e+00   8.1560000e+00   1.2096996e+02
   8.9600000e+00   1.1680000e+00   9.2970000e+00   1.2173283e+02
   1.0084000e+01   1.1240000e+00   1.0435000e+01   1.2411341e+02
   1.1273000e+01   1.1890000e+00   1.1593000e+01   1.2377855e+02
   1.2525000e+01   1.2520000e+00   1.2858000e+01   1.2374789e+02
   1.3843000e+01   1.3190000e+00   1.4188000e+01   1.2252636e+02
   1.5088000e+01   1.2450000e+00   1.5459000e+01   1.2051247e+02
   1.6232000e+01   1.1440000e+00   1.6568000e+01   1.2252636e+02
   1.7320000e+01   1.0880000e+00   1.7658000e+01   1.2493760e+02
   1.8471000e+01   1.1520000e+00   1.8815000e+01   1.2087917e+02
   1.9869000e+01   1.3980000e+00   2.0208000e+01   1.2643268e+02
   2.1236000e+01   1.3670000e+00   2.1577000e+01   1.2457208e+02
   2.2514000e+01   1.2780000e+00   2.2862000e+01   1.2094048e+02
   2.3698000e+01   1.1840000e+00   2.4057000e+01   1.2045116e+02
   2.4817000e+01   1.1190000e+00   2.5160000e+01   1.2219150e+02
   2.5942000e+01   1.1250000e+00   2.6277000e+01   1.2527364e+02
   2.7148000e+01   1.2060000e+00   2.7474000e+01   1.2563916e+02
   2.8390000e+01   1.2420000e+00   2.8720000e+01   1.2536443e+02
   2.9556000e+01   1.1660000e+00   2.9906000e+01   1.2493760e+02
   3.0526000e+01   9.7000000e-01   3.0877000e+01   1.2420538e+02
   3.1491000e+01   9.6600000e-01   3.1855000e+01   1.2689135e+02
   3.2536000e+01   1.0450000e+00   3.2877000e+01   1.3055243e+02
   3.3632000e+01   1.0960000e+00   3.3995000e+01   1.3009494e+02
   3.4828000e+01   1.1970000e+00   3.5161000e+01   1.2930141e+02
   3.6084000e+01   1.2560000e+00   3.6429000e+01   1.2566981e+02
   3.7300000e+01   1.2150000e+00   3.7654000e+01   1.2216084e+02
   3.8452000e+01   1.1520000e+00   3.8792000e+01   1.1968829e+02
   3.9511000e+01   1.0590000e+00   3.9852000e+01   1.1974960e+02
   4.0478000e+01   9.6800000e-01   4.0821000e+01   1.2368658e+02
   4.1456000e+01   9.7700000e-01   4.1795000e+01   1.2136731e+02
   4.2588000e+01   1.1330000e+00   4.2921000e+01   1.2292371e+02
   4.3843000e+01   1.2550000e+00   4.4201000e+01   1.2173283e+02
   4.5098000e+01   1.2550000e+00   4.5446000e+01   1.1892541e+02
   4.6270000e+01   1.1720000e+00   4.6630000e+01   1.1370676e+02
   4.7369000e+01   1.0990000e+00   4.7726000e+01   1.1334124e+02
   4.8411000e+01   1.0420000e+00   4.8767000e+01   1.1694218e+02
   4.9465000e+01   1.0540000e+00   4.9809000e+01   1.1700350e+02
   5.0705000e+01   1.2390000e+00   5.1029000e+01   1.1492830e+02
   5.2005000e+01   1.3000000e+00   5.2331000e+01   1.1068593e+02
   5.3279000e+01   1.2750000e+00   5.3618000e+01   1.0937360e+02
   5.4474000e+01   1.1950000e+00   5.4830000e+01   1.0821456e+02
   5.5596000e+01   1.1210000e+00   5.5989000e+01   1.0778655e+02
   5.6660000e+01   1.0640000e+00   5.7018000e+01   1.0851876e+02
   5.7792000e+01   1.1330000e+00   5.8130000e+01   1.1257837e+02
   5.9073000e+01   1.2810000e+00   5.9407000e+01   1.1102197e+02
   6.0349000e+01   1.2760000e+00   6.0701000e+01   1.0943492e+02
   6.1529000e+01   1.1810000e+00   6.1867000e+01   1.0943492e+02
   6.2626000e+01   1.0960000e+00   6.2996000e+01   1.0815324e+02
   6.3708000e+01   1.0820000e+00   6.4065000e+01   1.0858008e+02
   6.4919000e+01   1.2110000e+00   6.5253000e+01   1.1578196e+02
   6.6060000e+01   1.1410000e+00   6.6406000e+01   1.1578196e+02
   6.7078000e+01   1.0170000e+00   6.7416000e+01   1.1651535e+02
   6.8281000e+01   1.2030000e+00   6.8627000e+01   1.1620997e+02
   6.9439000e+01   1.1580000e+00   6.9778000e+01   1.1654483e+02
   7.0605000e+01   1.1660000e+00   7.0987000e+01   1.1538579e+02
   7.1858000e+01   1.2520000e+00   7.2195000e+01   1.1178484e+02
   7.3108000e+01   1.2510000e+00   7.3454000e+01   1.1016713e+02
   7.4288000e+01   1.1800000e+00   7.4633000e+01   1.0937360e+02
   7.5404000e+01   1.1160000e+00   7.5746000e+01   1.1025910e+02
   7.6475000e+01   1.0700000e+00   7.6854000e+01   1.0986175e+02
   7.7629000e+01   1.1540000e+00   7.7975000e+01   1.1694218e+02
   7.9031000e+01   1.4020000e+00   7.9363000e+01   1.1535513e+02
   8.0357000e+01   1.3260000e+00   8.0694000e+01   1.1291323e+02
   8.1576000e+01   1.2190000e+00   8.1920000e+01   1.1297455e+02
   8.2758000e+01   1.1820000e+00   8.3090000e+01   1.1456160e+02
   8.4013000e+01   1.2550000e+00   8.4365000e+01   1.1456160e+02
   8.5352000e+01   1.3380000e+00   8.5685000e+01   1.1376807e+02
   8.6626000e+01   1.2750000e+00   8.7005000e+01   1.0778655e+02
   8.7856000e+01   1.2300000e+00   8.8190000e+01   1.1413477e+02
   8.9099000e+01   1.2430000e+00   8.9431000e+01   1.1541644e+02
   9.0427000e+01   1.3280000e+00   9.0752000e+01   1.1495895e+02
   9.1763000e+01   1.3370000e+00   9.2098000e+01   1.1404280e+02
   9.3025000e+01   1.2620000e+00   9.3373000e+01   1.1459226e+02
   9.4229000e+01   1.2040000e+00   9.4583000e+01   1.1489764e+02
   9.5499000e+01   1.2700000e+00   9.5853000e+01   1.1501909e+02
   9.6820000e+01   1.3210000e+00   9.7168000e+01   1.1019779e+02
   9.8070000e+01   1.2510000e+00   9.8421000e+01   1.0580332e+02
   9.9225000e+01   1.1550000e+00   9.9587000e+01   1.0540596e+02
   1.0028800e+02   1.0630000e+00   1.0063600e+02   1.0778655e+02
   1.0127800e+02   9.9000000e-01   1.0162200e+02   1.1059396e+02
   1.0230700e+02   1.0280000e+00   1.0266000e+02   1.1370676e+02
   1.0375100e+02   1.4450000e+00   1.0408000e+02   1.1175419e+02
   1.0512500e+02   1.3740000e+00   1.0546000e+02   1.0693289e+02
   1.0640900e+02   1.2840000e+00   1.0674800e+02   1.0424692e+02
   1.0760000e+02   1.1910000e+00   1.0798800e+02   1.0137819e+02
   1.0869700e+02   1.0970000e+00   1.0906700e+02   1.0217172e+02
   1.0972900e+02   1.0320000e+00   1.1007600e+02   1.0504045e+02
   1.1082700e+02   1.0980000e+00   1.1115600e+02   1.0778655e+02
   1.1211500e+02   1.2880000e+00   1.1244800e+02   1.0739037e+02
   1.1339200e+02   1.2770000e+00   1.1372900e+02   1.0467375e+02
   1.1442300e+02   1.0310000e+00   1.1477500e+02   1.0427757e+02
   1.1537600e+02   9.5300000e-01   1.1573100e+02   1.0272118e+02
   1.1640300e+02   1.0270000e+00   1.1675600e+02   1.0690223e+02
   1.1750300e+02   1.0990000e+00   1.1783400e+02   1.0818390e+02
   1.1879000e+02   1.2870000e+00   1.1911300e+02   1.0693289e+02
   1.2007300e+02   1.2830000e+00   1.2039700e+02   1.0461362e+02
   1.2133800e+02   1.2650000e+00   1.2166900e+02   1.0256789e+02
   1.2253100e+02   1.1940000e+00   1.2287700e+02   1.0021797e+02
   1.2365400e+02   1.1230000e+00   1.2402800e+02   9.7410552e+01
   1.2469000e+02   1.0350000e+00   1.2505700e+02   1.0089005e+02
   1.2569900e+02   1.0100000e+00   1.2606800e+02   1.0531517e+02
   1.2690100e+02   1.2020000e+00   1.2720900e+02   1.0989240e+02
   1.2829100e+02   1.3900000e+00   1.2862300e+02   1.0858008e+02
   1.2960400e+02   1.3130000e+00   1.2996900e+02   1.0549793e+02
   1.3081500e+02   1.2120000e+00   1.3116700e+02   1.0348405e+02
   1.3193900e+02   1.1240000e+00   1.3230500e+02   1.0467375e+02
   1.3298400e+02   1.0450000e+00   1.3332500e+02   1.0613936e+02
   1.3409800e+02   1.1140000e+00   1.3445700e+02   1.0580332e+02
   1.3533700e+02   1.2380000e+00   1.3566600e+02   1.0940426e+02
   1.3661100e+02   1.2740000e+00   1.3698200e+02   1.0693289e+02
   1.3784500e+02   1.2340000e+00   1.3820400e+02   1.0546728e+02
   1.3901200e+02   1.1680000e+00   1.3936500e+02   1.0467375e+02
   1.4009500e+02   1.0830000e+00   1.4044500e+02   1.0546728e+02
   1.4123900e+02   1.1440000e+00   1.4157200e+02   1.0815324e+02
   1.4245100e+02   1.2120000e+00   1.4278900e+02   1.0858008e+02
   1.4376000e+02   1.3090000e+00   1.4408100e+02   1.0693289e+02
   1.4502800e+02   1.2680000e+00   1.4537400e+02   1.0458296e+02
   1.4621400e+02   1.1860000e+00   1.4654900e+02   1.0259855e+02
   1.4738600e+02   1.1720000e+00   1.4776200e+02   1.0308669e+02
   1.4859200e+02   1.2060000e+00   1.4894600e+02   1.0351470e+02
   1.4983800e+02   1.2460000e+00   1.5017700e+02   1.0461362e+02
   1.5105300e+02   1.2150000e+00   1.5138800e+02   1.0384957e+02
   1.5218400e+02   1.1310000e+00   1.5253300e+02   1.0348405e+02
   1.5332400e+02   1.1400000e+00   1.5365700e+02   1.0433889e+02
   1.5456600e+02   1.2420000e+00   1.5489800e+02   1.0351470e+02
   1.5577800e+02   1.2120000e+00   1.5611700e+02   1.0183568e+02
   1.5681900e+02   1.0410000e+00   1.5716900e+02   1.0177437e+02
   1.5775100e+02   9.3300000e-01   1.5810900e+02   1.0143950e+02
   1.5879400e+02   1.0430000e+00   1.5915600e+02   1.0272118e+02
   1.5991400e+02   1.1190000e+00   1.6024900e+02   1.0305722e+02
   1.6119000e+02   1.2760000e+00   1.6152100e+02   1.0177437e+02
   1.6242900e+02   1.2390000e+00   1.6276700e+02   9.9058921e+01
   1.6356800e+02   1.1380000e+00   1.6391600e+02   9.7807906e+01
   1.6465700e+02   1.0900000e+00   1.6502600e+02   9.7441209e+01
   1.6580200e+02   1.1450000e+00   1.6613500e+02   1.0253842e+02
   1.6705900e+02   1.2570000e+00   1.6742600e+02   9.8296049e+01
   1.6831900e+02   1.2600000e+00   1.6869800e+02   9.9883105e+01
   1.6948700e+02   1.1680000e+00   1.6984600e+02   9.4572482e+01
   1.7063900e+02   1.1530000e+00   1.7102600e+02   9.4541826e+01
   1.7183600e+02   1.1960000e+00   1.7218900e+02   9.7898696e+01
   1.7306400e+02   1.2280000e+00   1.7342600e+02   9.9120233e+01
   1.7424800e+02   1.1840000e+00   1.7459800e+02   1.1492830e+02
   1.7539200e+02   1.1440000e+00   1.7573200e+02   1.1416543e+02
   1.7653700e+02   1.1450000e+00   1.7686500e+02   1.1535513e+02
   1.7782400e+02   1.2870000e+00   1.7815200e+02   1.1248640e+02
   1.7911600e+02   1.2910000e+00   1.7945300e+02   1.1141815e+02
   1.8038300e+02   1.2680000e+00   1.8073300e+02   1.0659685e+02
   1.8154700e+02   1.1630000e+00   1.8189300e+02   1.0696236e+02
   1.8261700e+02   1.0700000e+00   1.8299200e+02   1.1032041e+02
   1.8376800e+02   1.1510000e+00   1.8409300e+02   1.1215036e+02
   1.8508600e+02   1.3180000e+00   1.8541200e+02   1.1221167e+02
   1.8639200e+02   1.3060000e+00   1.8672500e+02   1.1062462e+02
   1.8762500e+02   1.2330000e+00   1.8799200e+02   1.0537649e+02
   1.8878000e+02   1.1550000e+00   1.8911100e+02   1.1059396e+02
   1.8995600e+02   1.1760000e+00   1.9029100e+02   1.1215036e+02
   1.9116900e+02   1.2130000e+00   1.9149200e+02   1.1215036e+02
   1.9243400e+02   1.2650000e+00   1.9277600e+02   1.1141815e+02
   1.9362600e+02   1.1920000e+00   1.9399300e+02   1.0540596e+02
   1.9477000e+02   1.1440000e+00   1.9511000e+02   1.0983109e+02
   1.9590900e+02   1.1390000e+00   1.9626100e+02   1.1373742e+02
   1.9714600e+02   1.2370000e+00   1.9748200e+02   1.1288376e+02
   1.9843400e+02   1.2880000e+00   1.9879300e+02   1.0854942e+02
   1.9964700e+02   1.2130000e+00   2.0001100e+02   1.0851876e+02
   2.0081200e+02   1.1650000e+00   2.0116400e+02   1.1102197e+02
   2.0191400e+02   1.1020000e+00   2.0227900e+02   1.1248640e+02
   2.0307300e+02   1.1600000e+00   2.0340100e+02   1.1376807e+02
   2.0426400e+02   1.1910000e+00   2.0461300e+02   1.0980161e+02
   2.0543000e+02   1.1660000e+00   2.0577800e+02   1.1218102e+02
   2.0654900e+02   1.1190000e+00   2.0689900e+02   1.1224233e+02
   2.0760300e+02   1.0540000e+00   2.0798500e+02   1.1285310e+02
   2.0870200e+02   1.0990000e+00   2.0904900e+02   1.1489764e+02
   2.0988600e+02   1.1830000e+00   2.1022300e+02   1.0699302e+02
   2.1088800e+02   1.0030000e+00   2.1124100e+02   1.0705433e+02
   2.1192400e+02   1.0360000e+00   2.1227000e+02   1.0888546e+02
   2.1307800e+02   1.1540000e+00   2.1344100e+02   9.9821792e+01
   2.1421600e+02   1.1380000e+00   2.1455800e+02   1.0058466e+02
   2.1537100e+02   1.1550000e+00   2.1572200e+02   1.0351470e+02
   2.1647000e+02   1.0990000e+00   2.1683100e+02   1.0778655e+02
   2.1755100e+02   1.0810000e+00   2.1789800e+02   1.2335054e+02
   2.1858600e+02   1.0350000e+00   2.1892000e+02   1.2689135e+02
   2.1972300e+02   1.1380000e+00   2.2006900e+02   1.2676872e+02
   2.2099300e+02   1.2700000e+00   2.2130800e+02   1.2441880e+02
   2.2225700e+02   1.2640000e+00   2.2259500e+02   1.2008564e+02
   2.2344400e+02   1.1870000e+00   2.2377700e+02   1.1855990e+02
   2.2460100e+02   1.1570000e+00   2.2493400e+02   1.2048181e+02
   2.2579800e+02   1.1970000e+00   2.2612500e+02   1.2087917e+02
   2.2699400e+02   1.1960000e+00   2.2733800e+02   1.1932277e+02
   2.2816700e+02   1.1730000e+00   2.2850300e+02   1.1855990e+02
   2.2928600e+02   1.1190000e+00   2.2965700e+02   1.1892541e+02
   2.3035100e+02   1.0640000e+00   2.3069600e+02   1.2173283e+02
   2.3149500e+02   1.1440000e+00   2.3181700e+02   1.2454142e+02
   2.3278400e+02   1.2890000e+00   2.3310700e+02   1.2289305e+02
   2.3405300e+02   1.2690000e+00   2.3438200e+02   1.1923080e+02
   2.3525000e+02   1.1980000e+00   2.3560400e+02   1.1572183e+02
   2.3637400e+02   1.1230000e+00   2.3672300e+02   1.1608734e+02
   2.3745200e+02   1.0780000e+00   2.3778200e+02   1.1923080e+02
   2.3860100e+02   1.1490000e+00   2.3892500e+02   1.2170335e+02
   2.3985600e+02   1.2550000e+00   2.4018300e+02   1.2045116e+02
   2.4111900e+02   1.2630000e+00   2.4146100e+02   1.1691153e+02
   2.4231600e+02   1.1980000e+00   2.4267400e+02   1.1453094e+02
   2.4340400e+02   1.0870000e+00   2.4375400e+02   1.1501909e+02
   2.4444000e+02   1.0360000e+00   2.4477500e+02   1.1852924e+02
   2.4554000e+02   1.1000000e+00   2.4586100e+02   1.2209953e+02
   2.4676200e+02   1.2220000e+00   2.4709600e+02   1.2011630e+02
   2.4796000e+02   1.1980000e+00   2.4830300e+02   1.1846793e+02
   2.4907100e+02   1.1110000e+00   2.4941000e+02   1.1657549e+02
   2.5006200e+02   9.9200000e-01   2.5039000e+02   1.1929211e+02
   2.5094100e+02   8.7900000e-01   2.5129400e+02   1.2136731e+02
   2.5189300e+02   9.5200000e-01   2.5221400e+02   1.2615796e+02
   2.5321900e+02   1.3260000e+00   2.5355100e+02   1.2130600e+02
   2.5446400e+02   1.2450000e+00   2.5482100e+02   1.1135801e+02
   2.5560700e+02   1.1430000e+00   2.5598800e+02   1.1617931e+02
   2.5672100e+02   1.1140000e+00   2.5706900e+02   1.1855990e+02
   2.5787000e+02   1.1490000e+00   2.5823300e+02   1.1776637e+02
   2.5904800e+02   1.1780000e+00   2.5941000e+02   1.1376807e+02
   2.6019300e+02   1.1440000e+00   2.6055100e+02   1.1108328e+02
   2.6125300e+02   1.0600000e+00   2.6159900e+02   1.1733836e+02
   2.6233400e+02   1.0810000e+00   2.6267100e+02   1.1898673e+02
   2.6353100e+02   1.1970000e+00   2.6387000e+02   1.1813189e+02
   2.6473800e+02   1.2060000e+00   2.6509000e+02   1.1544710e+02
   2.6587700e+02   1.1390000e+00   2.6622200e+02   1.1492830e+02
   2.6698700e+02   1.1100000e+00   2.6731800e+02   1.1807175e+02
   2.6815000e+02   1.1630000e+00   2.6848900e+02   1.1416543e+02
   2.6934200e+02   1.1920000e+00   2.6968100e+02   1.1663680e+02
   2.7052900e+02   1.1870000e+00   2.7088900e+02   1.1416543e+02
   2.7166700e+02   1.1370000e+00   2.7204000e+02   1.0784786e+02
   2.7281000e+02   1.1430000e+00   2.7314100e+02   1.1733836e+02
   2.7400700e+02   1.1970000e+00   2.7435400e+02   1.1770506e+02
   2.7525700e+02   1.2510000e+00   2.7558600e+02   1.1498843e+02
   2.7645600e+02   1.1990000e+00   2.7680700e+02   1.1260903e+02
   2.7756300e+02   1.1070000e+00   2.7789900e+02   1.1331059e+02
   2.7862500e+02   1.0620000e+00   2.7899800e+02   1.1770506e+02
   2.7978900e+02   1.1640000e+00   2.8011500e+02   1.2008564e+02
   2.8110200e+02   1.3130000e+00   2.8142700e+02   1.1739967e+02
   2.8240900e+02   1.3070000e+00   2.8276500e+02   1.1373742e+02
   2.8357200e+02   1.1630000e+00   2.8391800e+02   1.1245575e+02
   2.8466200e+02   1.0900000e+00   2.8502700e+02   1.1578196e+02
   2.8579600e+02   1.1340000e+00   2.8613400e+02   1.1843727e+02
   2.8678100e+02   9.8500000e-01   2.8713300e+02   1.1923080e+02
   2.8776700e+02   9.8600000e-01   2.8811400e+02   1.2127534e+02
   2.8895200e+02   1.1860000e+00   2.8930600e+02   1.1968829e+02
   2.9011600e+02   1.1630000e+00   2.9046600e+02   1.1965763e+02
   2.9130100e+02   1.1850000e+00   2.9163400e+02   1.1926146e+02
   2.9252700e+02   1.2270000e+00   2.9285300e+02   1.1770506e+02
   2.9373600e+02   1.2090000e+00   2.9407300e+02   1.1404280e+02
   2.9484900e+02   1.1130000e+00   2.9518900e+02   1.1410411e+02
   2.9592300e+02   1.0740000e+00   2.9628100e+02   1.1251706e+02
   2.9707500e+02   1.1520000e+00   2.9743200e+02   1.1492830e+02
   2.9832400e+02   1.2490000e+00   2.9869300e+02   1.0540596e+02
   3.0028400e+02   1.9600000e+00   3.0062200e+02   1.0897743e+02
   3.0122900e+02   9.4500000e-01   3.0158900e+02   1.1413477e+02
   3.0235500e+02   1.1260000e+00   3.0268800e+02   1.1614866e+02
   3.0382000e+02   1.4640000e+00   3.0452900e+02   1.1660614e+02
   3.0522600e+02   1.4070000e+00   3.0557000e+02   1.2847723e+02
   3.0652400e+02   1.2970000e+00   3.0686900e+02   1.2527364e+02
   3.0775400e+02   1.2310000e+00   3.0809000e+02   1.2487628e+02
   3.0910400e+02   1.3500000e+00   3.0942900e+02   1.2331988e+02
   3.1046400e+02   1.3600000e+00   3.1080200e+02   1.2124469e+02
   3.1172500e+02   1.2620000e+00   3.1207000e+02   1.1816254e+02
   3.1290200e+02   1.1770000e+00   3.1325900e+02   1.1730888e+02
   3.1406000e+02   1.1580000e+00   3.1438700e+02   1.1962815e+02
   3.1530400e+02   1.2440000e+00   3.1564200e+02   1.2048181e+02
   3.1661100e+02   1.3070000e+00   3.1700000e+02   1.1767440e+02
   3.1784700e+02   1.2360000e+00   3.1818900e+02   1.1498843e+02
   3.1900600e+02   1.1590000e+00   3.1934500e+02   1.1624063e+02
   3.2021700e+02   1.2110000e+00   3.2057000e+02   1.1578196e+02
   3.2147600e+02   1.2600000e+00   3.2181700e+02   1.1285310e+02
   3.2271000e+02   1.2330000e+00   3.2306100e+02   1.1239443e+02
   3.2387900e+02   1.1690000e+00   3.2422900e+02   1.1105263e+02
   3.2498300e+02   1.1040000e+00   3.2531700e+02   1.1453094e+02
   3.2616900e+02   1.1860000e+00   3.2650400e+02   1.1535513e+02
   3.2743500e+02   1.2660000e+00   3.2777100e+02   1.1413477e+02
   3.2867200e+02   1.2380000e+00   3.2906600e+02   1.0693289e+02
   3.2983000e+02   1.1570000e+00   3.3017100e+02   1.1215036e+02
   3.3097100e+02   1.1410000e+00   3.3130700e+02   1.1581262e+02
   3.3216800e+02   1.1970000e+00   3.3250800e+02   1.1614866e+02
   3.3323100e+02   1.0630000e+00   3.3357300e+02   1.1578196e+02
   3.3424500e+02   1.0140000e+00   3.3457600e+02   1.1657549e+02
   3.3547800e+02   1.2320000e+00   3.3581400e+02   1.1541644e+02
   3.3671200e+02   1.2340000e+00   3.3706500e+02   1.1205957e+02
   3.3789000e+02   1.1780000e+00   3.3825400e+02   1.1209023e+02
   3.3905900e+02   1.1690000e+00   3.3939600e+02   1.1416543e+02
   3.4023100e+02   1.1720000e+00   3.4057200e+02   1.1337190e+02
   3.4140200e+02   1.1710000e+00   3.4176000e+02   1.0537649e+02
   3.4258500e+02   1.1830000e+00   3.4297500e+02   1.0781720e+02
   3.4371700e+02   1.1320000e+00   3.4407300e+02   1.0101149e+02
   3.4481300e+02   1.0960000e+00   3.4515100e+02   1.0305722e+02
   3.4597900e+02   1.1660000e+00   3.4633600e+02   1.0308669e+02
   3.4722300e+02   1.2440000e+00   3.4757800e+02   1.0345339e+02
   3.4843700e+02   1.2140000e+00   3.4879500e+02   1.2094048e+02
   3.4961200e+02   1.1750000e+00   3.4997200e+02   1.1892541e+02
   3.5072900e+02   1.1170000e+00   3.5108300e+02   1.1962815e+02
   3.5188400e+02   1.1550000e+00   3.5221700e+02   1.2173283e+02
   3.5314200e+02   1.2570000e+00   3.5349300e+02   1.2048181e+02
   3.5438000e+02   1.2390000e+00   3.5472100e+02   1.1886528e+02
   3.5557300e+02   1.1920000e+00   3.5591000e+02   1.1651535e+02
   3.5670500e+02   1.1320000e+00   3.5707500e+02   1.1965763e+02
   3.5788000e+02   1.1760000e+00   3.5822100e+02   1.2200756e+02
   3.5912000e+02   1.2400000e+00   3.5947200e+02   1.2127534e+02
   3.6034300e+02   1.2230000e+00   3.6070300e+02   1.1144880e+02
   3.6150700e+02   1.1630000e+00   3.6186000e+02   1.1773571e+02
   3.6263400e+02   1.1270000e+00   3.6299300e+02   1.1089935e+02
   3.6382600e+02   1.1920000e+00   3.6415900e+02   1.2014695e+02
   3.6505900e+02   1.2330000e+00   3.6540000e+02   1.1767440e+02
   3.6625300e+02   1.1940000e+00   3.6661200e+02   1.1367728e+02
   3.6737500e+02   1.1220000e+00   3.6771900e+02   1.1535513e+02
   3.6850000e+02   1.1250000e+00   3.6883000e+02   1.1608734e+02
   3.6955200e+02   1.0520000e+00   3.6989800e+02   1.1575248e+02
   3.7048300e+02   9.3000000e-01   3.7081000e+02   1.1608734e+02
   3.7145900e+02   9.7600000e-01   3.7179900e+02   1.1657549e+02
   3.7257200e+02   1.1130000e+00   3.7289900e+02   1.1923080e+02
   3.7379600e+02   1.2240000e+00   3.7410800e+02   1.1843727e+02
   3.7503200e+02   1.2360000e+00   3.7536500e+02   1.1608734e+02
   3.7622300e+02   1.1910000e+00   3.7655800e+02   1.1407346e+02
   3.7738700e+02   1.1640000e+00   3.7774100e+02   1.1215036e+02
   3.7849100e+02   1.1040000e+00   3.7885900e+02   1.1407346e+02
   3.7957400e+02   1.0830000e+00   3.7991400e+02   1.1733836e+02
   3.8073600e+02   1.1620000e+00   3.8106600e+02   1.1849858e+02
   3.8194000e+02   1.2040000e+00   3.8228700e+02   1.1807175e+02
   3.8314400e+02   1.2050000e+00   3.8348900e+02   1.1648470e+02
   3.8429200e+02   1.1470000e+00   3.8466300e+02   1.1181550e+02
   3.8541800e+02   1.1260000e+00   3.8577600e+02   1.1538579e+02
   3.8666600e+02   1.2480000e+00   3.8702400e+02   1.0858008e+02
   3.8796700e+02   1.3000000e+00   3.8831800e+02   1.0580332e+02
   3.8918200e+02   1.2150000e+00   3.8953600e+02   1.0699302e+02
   3.9035800e+02   1.1770000e+00   3.9072300e+02   1.1181550e+02
   3.9151900e+02   1.1600000e+00   3.9187500e+02   1.2927075e+02
   3.9268800e+02   1.1700000e+00   3.9303700e+02   1.2484563e+02
   3.9381900e+02   1.1310000e+00   3.9417800e+02   1.2563916e+02
   3.9489900e+02   1.0800000e+00   3.9522600e+02   1.2933207e+02
   3.9607700e+02   1.1780000e+00   3.9640600e+02   1.3091912e+02
   3.9736800e+02   1.2910000e+00   3.9771100e+02   1.2643268e+02
   3.9856300e+02   1.1960000e+00   3.9891200e+02   1.2289305e+02
   3.9969200e+02   1.1280000e+00   4.0006500e+02   1.2252636e+02
   4.0087500e+02   1.1830000e+00   4.0120000e+02   1.2560968e+02
   4.0212700e+02   1.2520000e+00   4.0246500e+02   1.2331988e+02
   4.0333800e+02   1.2110000e+00   4.0368300e+02   1.2051247e+02
   4.0446700e+02   1.1290000e+00   4.0481000e+02   1.2084851e+02
   4.0556300e+02   1.0960000e+00   4.0589000e+02   1.2521232e+02
   4.0665800e+02   1.0950000e+00   4.0701100e+02   1.2368658e+02
   4.0762000e+02   9.6200000e-01   4.0796500e+02   1.2933207e+02
   4.0858900e+02   9.6900000e-01   4.0892200e+02   1.3088847e+02
   4.0993000e+02   1.3410000e+00   4.1026300e+02   1.2933207e+02
   4.1119500e+02   1.2650000e+00   4.1154500e+02   1.2170335e+02
   4.1235100e+02   1.1560000e+00   4.1269000e+02   1.2258767e+02
   4.1352000e+02   1.1690000e+00   4.1383900e+02   1.2374789e+02
   4.1471700e+02   1.1970000e+00   4.1504600e+02   1.2252636e+02
   4.1588300e+02   1.1660000e+00   4.1621000e+02   1.2130600e+02
   4.1705500e+02   1.1720000e+00   4.1739800e+02   1.2118455e+02
   4.1820900e+02   1.1550000e+00   4.1856700e+02   1.2002433e+02
   4.1930500e+02   1.0950000e+00   4.1963800e+02   1.2127534e+02
   4.2039200e+02   1.0870000e+00   4.2074500e+02   1.2490694e+02
   4.2167100e+02   1.2790000e+00   4.2201900e+02   1.2127534e+02
   4.2294300e+02   1.2720000e+00   4.2328000e+02   1.2408276e+02
   4.2419300e+02   1.2510000e+00   4.2455900e+02   1.2173283e+02
   4.2539000e+02   1.1970000e+00   4.2575900e+02   1.2005498e+02
   4.2651000e+02   1.1190000e+00   4.2686000e+02   1.2048181e+02
   4.2758000e+02   1.0700000e+00   4.2792000e+02   1.2566981e+02
   4.2876700e+02   1.1870000e+00   4.2910500e+02   1.1773571e+02
   4.3009600e+02   1.3290000e+00   4.3044800e+02   1.1736902e+02
   4.3138000e+02   1.2850000e+00   4.3174300e+02   1.1617931e+02
   4.3256000e+02   1.1800000e+00   4.3292900e+02   1.1254771e+02
   4.3374300e+02   1.1820000e+00   4.3408800e+02   1.1498843e+02
   4.3501700e+02   1.2740000e+00   4.3537700e+02   1.1053383e+02
   4.3626200e+02   1.2450000e+00   4.3660600e+02   1.1611800e+02
   4.3745200e+02   1.1890000e+00   4.3779400e+02   1.1611800e+02
   4.3863700e+02   1.1860000e+00   4.3899500e+02   1.1999367e+02
   4.3985200e+02   1.2140000e+00   4.4017400e+02   1.1926146e+02
   4.4110600e+02   1.2540000e+00   4.4146200e+02   1.1813189e+02
   4.4231500e+02   1.2090000e+00   4.4266500e+02   1.1578196e+02
   4.4348900e+02   1.1740000e+00   4.4381700e+02   1.1886528e+02
   4.4475500e+02   1.2660000e+00   4.4509000e+02   1.1849858e+02
   4.4601100e+02   1.2570000e+00   4.4637400e+02   1.1572183e+02
   4.4720000e+02   1.1890000e+00   4.4757300e+02   1.1492830e+02
   4.4836200e+02   1.1620000e+00   4.4871500e+02   1.1160208e+02
   4.4959100e+02   1.2290000e+00   4.4992300e+02   1.1773571e+02
   4.5089200e+02   1.3010000e+00   4.5123500e+02   1.1617931e+02
   4.5212700e+02   1.2340000e+00   4.5246400e+02   1.1364663e+02
   4.5330800e+02   1.1810000e+00   4.5365800e+02   1.1654483e+02
   4.5451200e+02   1.2050000e+00   4.5486500e+02   1.1578196e+02
   4.5574900e+02   1.2370000e+00   4.5609500e+02   1.1444015e+02
   4.5694700e+02   1.1980000e+00   4.5730800e+02   1.1370676e+02
   4.5810600e+02   1.1590000e+00   4.5844900e+02   1.1453094e+02
   4.5931000e+02   1.2040000e+00   4.5966100e+02   1.1733836e+02
   4.6058400e+02   1.2740000e+00   4.6093000e+02   1.1532447e+02
   4.6177700e+02   1.1930000e+00   4.6214200e+02   1.1367728e+02
   4.6289900e+02   1.1220000e+00   4.6325000e+02   1.1413477e+02
   4.6399000e+02   1.0910000e+00   4.6432500e+02   1.1691153e+02
   4.6515500e+02   1.1650000e+00   4.6549200e+02   1.1764374e+02
   4.6617300e+02   1.0180000e+00   4.6652200e+02   1.1407346e+02
   4.6732500e+02   1.1520000e+00   4.6767000e+02   1.1883462e+02
   4.6861600e+02   1.2910000e+00   4.6899100e+02   1.1456160e+02
   4.6982900e+02   1.2130000e+00   4.7017000e+02   1.1331059e+02
   4.7102900e+02   1.2000000e+00   4.7137100e+02   1.1218102e+02
   4.7220000e+02   1.1710000e+00   4.7255000e+02   1.1102197e+02
   4.7335300e+02   1.1530000e+00   4.7370000e+02   1.1172353e+02
   4.7454500e+02   1.1920000e+00   4.7489000e+02   1.1410411e+02
   4.7582400e+02   1.2790000e+00   4.7617100e+02   1.1410411e+02
   4.7707300e+02   1.2490000e+00   4.7742100e+02   1.1050317e+02
   4.7821900e+02   1.1460000e+00   4.7857800e+02   1.1053383e+02
   4.7929800e+02   1.0790000e+00   4.7964000e+02   1.1410411e+02
   4.8044200e+02   1.1440000e+00   4.8078000e+02   1.1614866e+02
   4.8168800e+02   1.2460000e+00   4.8206900e+02   1.1050317e+02
   4.8293000e+02   1.2420000e+00   4.8328500e+02   1.1611800e+02
   4.8413400e+02   1.2040000e+00   4.8448900e+02   1.1703415e+02
   4.8530500e+02   1.1710000e+00   4.8564400e+02   1.1999367e+02
   4.8661600e+02   1.3110000e+00   4.8698400e+02   1.1852924e+02
   4.8862700e+02   2.0110000e+00   4.8897700e+02   1.1691153e+02
   4.8964000e+02   1.0120000e+00   4.9001400e+02   1.1535513e+02
   4.9068200e+02   1.0430000e+00   4.9104200e+02   1.1248640e+02
   4.9191600e+02   1.2340000e+00   4.9223700e+02   1.2527364e+02
   4.9330600e+02   1.3890000e+00   4.9365400e+02   1.2133665e+02
   4.9476500e+02   1.4590000e+00   4.9511800e+02   1.2090982e+02
   4.9612500e+02   1.3600000e+00   4.9648400e+02   1.1688087e+02
   4.9732000e+02   1.1950000e+00   4.9769000e+02   1.1370676e+02
   4.9850000e+02   1.1800000e+00   4.9884500e+02   1.1730888e+02
   4.9975000e+02   1.2510000e+00   5.0008400e+02   1.1688087e+02
   5.0101700e+02   1.2670000e+00   5.0135500e+02   1.1288376e+02
   5.0223100e+02   1.2140000e+00   5.0258400e+02   1.1053383e+02
   5.0335600e+02   1.1250000e+00   5.0371300e+02   1.1248640e+02
   5.0447800e+02   1.1220000e+00   5.0482000e+02   1.1416543e+02
   5.0565600e+02   1.1790000e+00   5.0601400e+02   1.1285310e+02
   5.0687000e+02   1.2130000e+00   5.0720200e+02   1.1324927e+02
   5.0803400e+02   1.1640000e+00   5.0837400e+02   1.1096066e+02
   5.0911000e+02   1.0760000e+00   5.0947200e+02   1.1172353e+02
   5.1020600e+02   1.0960000e+00   5.1054000e+02   1.1651535e+02
   5.1138400e+02   1.1780000e+00   5.1172800e+02   1.1654483e+02
   5.1263900e+02   1.2550000e+00   5.1301300e+02   1.1498843e+02
   5.1384500e+02   1.2060000e+00   5.1420000e+02   1.1291323e+02
   5.1496700e+02   1.1220000e+00   5.1531900e+02   1.1401215e+02
   5.1609600e+02   1.1290000e+00   5.1644000e+02   1.1730888e+02
   5.1725000e+02   1.1550000e+00   5.1757100e+02   1.1843727e+02
   5.1853500e+02   1.2850000e+00   5.1887900e+02   1.1770506e+02
   5.1981900e+02   1.2840000e+00   5.2016200e+02   1.1572183e+02
   5.2105500e+02   1.2360000e+00   5.2139900e+02   1.1495895e+02
   5.2220800e+02   1.1530000e+00   5.2257800e+02   1.1172353e+02
   5.2330300e+02   1.0950000e+00   5.2363800e+02   1.1578196e+02
   5.2424400e+02   9.4100000e-01   5.2457900e+02   1.1810123e+02
   5.2515200e+02   9.0900000e-01   5.2547800e+02   1.2292371e+02
   5.2655900e+02   1.4070000e+00   5.2689200e+02   1.2325975e+02
   5.2788200e+02   1.3230000e+00   5.2823000e+02   1.1736902e+02
   5.2910200e+02   1.2200000e+00   5.2947700e+02   1.0574201e+02
   5.3024100e+02   1.1390000e+00   5.3057800e+02   1.1703415e+02
   5.3140300e+02   1.1630000e+00   5.3174900e+02   1.1730888e+02
   5.3261200e+02   1.2090000e+00   5.3298900e+02   1.1614866e+02
   5.3375400e+02   1.1420000e+00   5.3411000e+02   1.1581262e+02
   5.3495000e+02   1.1960000e+00   5.3529000e+02   1.1813189e+02
   5.3620600e+02   1.2550000e+00   5.3654900e+02   1.1892541e+02
   5.3744500e+02   1.2400000e+00   5.3778900e+02   1.1773571e+02
   5.3866900e+02   1.2240000e+00   5.3904500e+02   1.1169287e+02
   5.3993300e+02   1.2640000e+00   5.4027700e+02   1.2005498e+02
   5.4120900e+02   1.2750000e+00   5.4156900e+02   1.1733836e+02
   5.4236600e+02   1.1580000e+00   5.4272900e+02   1.1807175e+02
   5.4344200e+02   1.0750000e+00   5.4378400e+02   1.2246622e+02
   5.4462700e+02   1.1850000e+00   5.4498900e+02   1.2484563e+02
   5.4589400e+02   1.2670000e+00   5.4623700e+02   1.2213018e+02
   5.4709300e+02   1.1990000e+00   5.4745600e+02   1.2011630e+02
   5.4827500e+02   1.1830000e+00   5.4861700e+02   1.2173283e+02
   5.4947400e+02   1.1990000e+00   5.4981400e+02   1.2045116e+02
   5.5062400e+02   1.1490000e+00   5.5099500e+02   1.1843727e+02
   5.5173900e+02   1.1150000e+00   5.5208400e+02   1.2246622e+02
   5.5295400e+02   1.2150000e+00   5.5328300e+02   1.2124469e+02
   5.5420000e+02   1.2460000e+00   5.5457600e+02   1.1889476e+02
   5.5538200e+02   1.1820000e+00   5.5574000e+02   1.1215036e+02
   5.5657400e+02   1.1920000e+00   5.5691200e+02   1.1654483e+02
   5.5783000e+02   1.2560000e+00   5.5819200e+02   1.1657549e+02
   5.5899400e+02   1.1640000e+00   5.5935100e+02   1.1093000e+02
   5.6012000e+02   1.1260000e+00   5.6047800e+02   1.1367728e+02
   5.6134200e+02   1.2230000e+00   5.6168200e+02   1.1611800e+02
   5.6268200e+02   1.3390000e+00   5.6303600e+02   1.1178484e+02
   5.6389400e+02   1.2130000e+00   5.6423800e+02   1.1459226e+02
   5.6511100e+02   1.2170000e+00   5.6543100e+02   1.1578196e+02
   5.6641400e+02   1.3030000e+00   5.6677100e+02   1.1413477e+02
   5.6772600e+02   1.3110000e+00   5.6805900e+02   1.1251706e+02
   5.6892400e+02   1.1990000e+00   5.6927700e+02   1.1096066e+02
   5.7003900e+02   1.1150000e+00   5.7038900e+02   1.1291323e+02
   5.7122200e+02   1.1830000e+00   5.7157500e+02   1.1251706e+02
   5.7248500e+02   1.2620000e+00   5.7281700e+02   1.1215036e+02
   5.7372000e+02   1.2360000e+00   5.7405000e+02   1.1010582e+02
   5.7488400e+02   1.1630000e+00   5.7523200e+02   1.0983109e+02
   5.7599800e+02   1.1150000e+00   5.7636100e+02   1.1138749e+02
   5.7716600e+02   1.1680000e+00   5.7750100e+02   1.1251706e+02
   5.7836900e+02   1.2030000e+00   5.7870700e+02   1.1135801e+02
   5.7942000e+02   1.0510000e+00   5.7975700e+02   1.1129670e+02
   5.8044000e+02   1.0200000e+00   5.8078900e+02   1.1059396e+02
   5.8164000e+02   1.1990000e+00   5.8200600e+02   1.0137819e+02
   5.8282400e+02   1.1850000e+00   5.8317100e+02   1.0613936e+02
   5.8394200e+02   1.1180000e+00   5.8428000e+02   1.0772641e+02
   5.8510200e+02   1.1600000e+00   5.8543000e+02   1.0739037e+02
   5.8628200e+02   1.1800000e+00   5.8662500e+02   1.0653553e+02
   5.8741000e+02   1.1280000e+00   5.8777800e+02   1.0534583e+02
   5.8856700e+02   1.1570000e+00   5.8889700e+02   1.0900809e+02
   5.8980300e+02   1.2360000e+00   5.9015000e+02   1.0858008e+02
   5.9101700e+02   1.2140000e+00   5.9135800e+02   1.0772641e+02
   5.9223600e+02   1.2190000e+00   5.9258900e+02   1.0617001e+02
   5.9349600e+02   1.2600000e+00   5.9383600e+02   1.0900809e+02
   5.9470100e+02   1.2050000e+00   5.9507800e+02   1.0806128e+02
   5.9585100e+02   1.1490000e+00   5.9620700e+02   1.0986175e+02
   5.9696600e+02   1.1150000e+00   5.9730200e+02   1.1327993e+02
   5.9824300e+02   1.2780000e+00   5.9857400e+02   1.1367728e+02
   5.9953200e+02   1.2880000e+00   5.9986100e+02   1.1135801e+02
   6.0073200e+02   1.2010000e+00   6.0108700e+02   1.0854942e+02
   6.0181700e+02   1.0850000e+00   6.0214100e+02   1.1065527e+02
   6.0294400e+02   1.1270000e+00   6.0328400e+02   1.1294389e+02
   6.0415000e+02   1.2060000e+00   6.0448600e+02   1.1376807e+02
   6.0539800e+02   1.2480000e+00   6.0573400e+02   1.1172353e+02
   6.0661200e+02   1.2140000e+00   6.0697400e+02   1.0974030e+02
   6.0774600e+02   1.1350000e+00   6.0811300e+02   1.0897743e+02
   6.0885100e+02   1.1050000e+00   6.0917300e+02   1.1205957e+02
   6.1000600e+02   1.1550000e+00   6.1034900e+02   1.1364663e+02
   6.1124000e+02   1.2340000e+00   6.1158400e+02   1.0854942e+02
   6.1242000e+02   1.1800000e+00   6.1276900e+02   1.0897743e+02
   6.1354300e+02   1.1240000e+00   6.1390300e+02   1.0726775e+02
   6.1467300e+02   1.1300000e+00   6.1503300e+02   1.1135801e+02
   6.1564000e+02   9.6700000e-01   6.1601300e+02   1.1215036e+02
   6.1660400e+02   9.6400000e-01   6.1698000e+02   1.1288376e+02
   6.1780500e+02   1.2010000e+00   6.1816400e+02   1.1144880e+02
   6.1904700e+02   1.2420000e+00   6.1937700e+02   1.1132736e+02
   6.2029700e+02   1.2500000e+00   6.2065200e+02   1.0815324e+02
   6.2145500e+02   1.1580000e+00   6.2180900e+02   1.0650488e+02
   6.2258400e+02   1.1290000e+00   6.2292700e+02   1.0815324e+02
   6.2376400e+02   1.1800000e+00   6.2411000e+02   1.0940426e+02
   6.2492600e+02   1.1620000e+00   6.2529000e+02   1.0217172e+02
   6.2608100e+02   1.1550000e+00   6.2642100e+02   1.0778655e+02
   6.2727400e+02   1.1930000e+00   6.2760000e+02   1.1016713e+02
   6.2853200e+02   1.2580000e+00   6.2887500e+02   1.0943492e+02
   6.2972600e+02   1.1940000e+00   6.3007100e+02   1.0729840e+02
   6.3086600e+02   1.1400000e+00   6.3120800e+02   1.0775589e+02
   6.3201000e+02   1.1450000e+00   6.3236200e+02   1.1099132e+02
   6.3321600e+02   1.2060000e+00   6.3355800e+02   1.1059396e+02
   6.3441900e+02   1.2030000e+00   6.3474800e+02   1.0983109e+02
   6.3562800e+02   1.2090000e+00   6.3597300e+02   1.0900809e+02
   6.3689700e+02   1.2690000e+00   6.3723700e+02   1.0900809e+02
   6.3808500e+02   1.1880000e+00   6.3844000e+02   1.0735972e+02
   6.3917900e+02   1.0940000e+00   6.3951900e+02   1.1178484e+02
   6.4019800e+02   1.0190000e+00   6.4054400e+02   1.1022844e+02
   6.4115000e+02   9.5200000e-01   6.4148800e+02   1.1572183e+02
   6.4237500e+02   1.2260000e+00   6.4271900e+02   1.1739967e+02
   6.4360400e+02   1.2290000e+00   6.4398900e+02   1.1614866e+02
   6.4481400e+02   1.2100000e+00   6.4515100e+02   1.1892541e+02
   6.4605600e+02   1.2420000e+00   6.4640800e+02   1.1608734e+02
   6.4725600e+02   1.2000000e+00   6.4760700e+02   1.1245575e+02
   6.4834200e+02   1.0870000e+00   6.4869300e+02   1.1343203e+02
   6.4939500e+02   1.0530000e+00   6.4974600e+02   1.1685022e+02
   6.5054000e+02   1.1450000e+00   6.5088300e+02   1.1920014e+02
   6.5175900e+02   1.2190000e+00   6.5209500e+02   1.1614866e+02
   6.5291300e+02   1.1540000e+00   6.5327300e+02   1.1416543e+02
   6.5401000e+02   1.0970000e+00   6.5435800e+02   1.1617931e+02
   6.5517100e+02   1.1620000e+00   6.5550400e+02   1.1773571e+02
   6.5646200e+02   1.2900000e+00   6.5680600e+02   1.1569117e+02
   6.5773000e+02   1.2690000e+00   6.5806500e+02   1.1169287e+02
   6.5889600e+02   1.1660000e+00   6.5927600e+02   1.0983109e+02
   6.6004100e+02   1.1450000e+00   6.6038400e+02   1.0931229e+02
   6.6128400e+02   1.2430000e+00   6.6162400e+02   1.1337190e+02
   6.6255900e+02   1.2750000e+00   6.6289900e+02   1.1245575e+02
   6.6373800e+02   1.1790000e+00   6.6408000e+02   1.1099132e+02
   6.6489400e+02   1.1560000e+00   6.6523200e+02   1.1572183e+02
   6.6615200e+02   1.2580000e+00   6.6647400e+02   1.1541644e+02
   6.6741400e+02   1.2620000e+00   6.6776100e+02   1.1538579e+02
   6.6867800e+02   1.2640000e+00   6.6906200e+02   1.0735972e+02
   6.6988500e+02   1.2080000e+00   6.7022200e+02   1.1459226e+02
   6.7111200e+02   1.2260000e+00   6.7145800e+02   1.1495895e+02
   6.7235900e+02   1.2470000e+00   6.7270300e+02   1.1419608e+02
   6.7354400e+02   1.1860000e+00   6.7388700e+02   1.1209023e+02
   6.7466800e+02   1.1240000e+00   6.7504300e+02   1.0858008e+02
   6.7573600e+02   1.0680000e+00   6.7606800e+02   1.1446963e+02
   6.7690300e+02   1.1670000e+00   6.7723100e+02   1.1645404e+02
   6.7819200e+02   1.2880000e+00   6.7854100e+02   1.1053383e+02
   6.7941800e+02   1.2270000e+00   6.7976200e+02   1.1178484e+02
   6.8054800e+02   1.1300000e+00   6.8090300e+02   1.1218102e+02
   6.8166400e+02   1.1150000e+00   6.8203700e+02   1.0815324e+02
   6.8290700e+02   1.2430000e+00   6.8325700e+02   1.1056448e+02
   6.8395400e+02   1.0470000e+00   6.8430800e+02   1.0262921e+02
   6.8498000e+02   1.0260000e+00   6.8533600e+02   1.0382009e+02
   6.8608600e+02   1.1060000e+00   6.8644400e+02   1.0693289e+02
   6.8722300e+02   1.1370000e+00   6.8756400e+02   1.0659685e+02
   6.8847800e+02   1.2550000e+00   6.8881100e+02   1.1132736e+02
   6.8968200e+02   1.2040000e+00   6.9004100e+02   1.0650488e+02
   6.9083200e+02   1.1500000e+00   6.9119800e+02   1.1056448e+02
   6.9190500e+02   1.0730000e+00   6.9223800e+02   1.1331059e+02
   6.9305600e+02   1.1510000e+00   6.9339000e+02   1.1413477e+02
   6.9426500e+02   1.2090000e+00   6.9459600e+02   1.1413477e+02
   6.9543100e+02   1.1670000e+00   6.9578400e+02   1.1257837e+02
   6.9653900e+02   1.1070000e+00   6.9688300e+02   1.1327993e+02
   6.9769200e+02   1.1530000e+00   6.9804400e+02   1.1099132e+02
   6.9896500e+02   1.2740000e+00   6.9929600e+02   1.1410411e+02
   7.0017900e+02   1.2140000e+00   7.0052800e+02   1.1209023e+02
   7.0134200e+02   1.1630000e+00   7.0167400e+02   1.1251706e+02
   7.0254300e+02   1.2020000e+00   7.0287800e+02   1.1367728e+02
   7.0378600e+02   1.2420000e+00   7.0413400e+02   1.1212088e+02
   7.0498000e+02   1.1940000e+00   7.0533300e+02   1.0977096e+02
   7.0611600e+02   1.1360000e+00   7.0646600e+02   1.1135801e+02
   7.0725100e+02   1.1350000e+00   7.0758500e+02   1.1288376e+02
   7.0843600e+02   1.1850000e+00   7.0879700e+02   1.1016713e+02
   7.0958200e+02   1.1460000e+00   7.0992700e+02   1.0980161e+02
   7.1068300e+02   1.1010000e+00   7.1106600e+02   1.0491782e+02
   7.1179700e+02   1.1140000e+00   7.1212400e+02   1.1321862e+02
   7.1301500e+02   1.2180000e+00   7.1335300e+02   1.1212088e+02
   7.1424900e+02   1.2340000e+00   7.1459600e+02   1.0983109e+02
   7.1541200e+02   1.1630000e+00   7.1577300e+02   1.1141815e+02
   7.1658500e+02   1.1730000e+00   7.1692000e+02   1.1053383e+02
   7.1773200e+02   1.1470000e+00   7.1807500e+02   1.1019779e+02
   7.1880200e+02   1.0700000e+00   7.1916300e+02   1.1016713e+02
   7.1986900e+02   1.0670000e+00   7.2020700e+02   1.1285310e+02
   7.2105400e+02   1.1860000e+00   7.2139400e+02   1.1453094e+02
   7.2234000e+02   1.2850000e+00   7.2267400e+02   1.1144880e+02
   7.2357800e+02   1.2380000e+00   7.2391900e+02   1.0769576e+02
   7.2471200e+02   1.1340000e+00   7.2503900e+02   1.0735972e+02
   7.2583400e+02   1.1220000e+00   7.2617300e+02   1.0897743e+02
   7.2694300e+02   1.1090000e+00   7.2728900e+02   1.0903756e+02
   7.2790400e+02   9.6200000e-01   7.2825700e+02   1.0974030e+02
   7.2889400e+02   9.9000000e-01   7.2924100e+02   1.1093000e+02
   7.3004700e+02   1.1520000e+00   7.3039200e+02   1.1019779e+02
   7.3118800e+02   1.1410000e+00   7.3152000e+02   1.1016713e+02
   7.3236900e+02   1.1820000e+00   7.3271000e+02   1.0940426e+02
   7.3355600e+02   1.1870000e+00   7.3388900e+02   1.0778655e+02
   7.3472000e+02   1.1640000e+00   7.3505000e+02   1.0653553e+02
   7.3582400e+02   1.1040000e+00   7.3617100e+02   1.0662750e+02
   7.3694600e+02   1.1220000e+00   7.3727100e+02   1.1053383e+02
   7.3819000e+02   1.2450000e+00   7.3852900e+02   1.1059396e+02
   7.3945200e+02   1.2620000e+00   7.3979900e+02   1.0894677e+02
   7.4066800e+02   1.2150000e+00   7.4103700e+02   1.0455230e+02
   7.4188900e+02   1.2210000e+00   7.4222900e+02   1.1062462e+02
   7.4316100e+02   1.2720000e+00   7.4350300e+02   1.0980161e+02
   7.4439000e+02   1.2290000e+00   7.4474600e+02   1.0769576e+02
   7.4554800e+02   1.1580000e+00   7.4588700e+02   1.1056448e+02
   7.4675300e+02   1.2050000e+00   7.4709500e+02   1.1282244e+02
   7.4799000e+02   1.2370000e+00   7.4832600e+02   1.1331059e+02
   7.4917200e+02   1.1820000e+00   7.4952800e+02   1.0732906e+02
   7.5029800e+02   1.1260000e+00   7.5065700e+02   1.1282244e+02
   7.5145500e+02   1.1560000e+00   7.5178800e+02   1.1578196e+02
   7.5272600e+02   1.2720000e+00   7.5306300e+02   1.1492830e+02
   7.5399400e+02   1.2670000e+00   7.5433500e+02   1.1248640e+02
   7.5516300e+02   1.1690000e+00   7.5552600e+02   1.1132736e+02
   7.5627900e+02   1.1160000e+00   7.5662000e+02   1.1334124e+02
   7.5749400e+02   1.2140000e+00   7.5782300e+02   1.1361597e+02
   7.5872500e+02   1.2310000e+00   7.5904400e+02   1.1248640e+02
   7.5989700e+02   1.1730000e+00   7.6025600e+02   1.1096066e+02
   7.6100500e+02   1.1070000e+00   7.6135700e+02   1.1126604e+02
   7.6217800e+02   1.1740000e+00   7.6250300e+02   1.1099132e+02
   7.6340800e+02   1.2290000e+00   7.6376400e+02   1.0980161e+02
   7.6458700e+02   1.1790000e+00   7.6494300e+02   1.0775589e+02
   7.6574800e+02   1.1610000e+00   7.6608400e+02   1.0977096e+02
   7.6698700e+02   1.2390000e+00   7.6732600e+02   1.1019779e+02
   7.6828200e+02   1.2950000e+00   7.6863400e+02   1.0900809e+02
   7.6952000e+02   1.2380000e+00   7.6987400e+02   1.0574201e+02
   7.7067600e+02   1.1560000e+00   7.7106000e+02   1.0345339e+02
   7.7184100e+02   1.1640000e+00   7.7217000e+02   1.1129670e+02
   7.7309500e+02   1.2540000e+00   7.7343400e+02   1.1248640e+02
   7.7436200e+02   1.2670000e+00   7.7471200e+02   1.1254771e+02
   7.7558700e+02   1.2250000e+00   7.7593400e+02   1.1209023e+02
   7.7680800e+02   1.2210000e+00   7.7716000e+02   1.1132736e+02
   7.7795400e+02   1.1450000e+00   7.7829600e+02   1.1178484e+02
   7.7900900e+02   1.0550000e+00   7.7936600e+02   1.1532447e+02
   7.8009900e+02   1.0910000e+00   7.8043700e+02   1.1886528e+02
   7.8110700e+02   1.0080000e+00   7.8146100e+02   1.1962815e+02
   7.8206100e+02   9.5300000e-01   7.8241200e+02   1.2292371e+02
   7.8331200e+02   1.2510000e+00   7.8364900e+02   1.2292371e+02
   7.8453300e+02   1.2210000e+00   7.8487800e+02   1.1843727e+02
   7.8576600e+02   1.2340000e+00   7.8610000e+02   1.1767440e+02
   7.8702300e+02   1.2560000e+00   7.8736700e+02   1.1486699e+02
   7.8823100e+02   1.2090000e+00   7.8857700e+02   1.1282244e+02
   7.8937400e+02   1.1420000e+00   7.8975300e+02   1.0943492e+02
   7.9051300e+02   1.1390000e+00   7.9085900e+02   1.1608734e+02
   7.9169700e+02   1.1830000e+00   7.9207100e+02   1.1059396e+02
   7.9286100e+02   1.1640000e+00   7.9320900e+02   1.1376807e+02
   7.9393800e+02   1.0770000e+00   7.9428900e+02   1.1697284e+02
   7.9509300e+02   1.1550000e+00   7.9543700e+02   1.1883462e+02
   7.9633700e+02   1.2450000e+00   7.9667800e+02   1.1730888e+02
   7.9752100e+02   1.1840000e+00   7.9785800e+02   1.1733836e+02
   7.9872000e+02   1.1990000e+00   7.9906900e+02   1.1611800e+02
   7.9988200e+02   1.1620000e+00   8.0023300e+02   1.1367728e+02
   8.0101300e+02   1.1310000e+00   8.0134600e+02   1.1450029e+02
   8.0216400e+02   1.1510000e+00   8.0251000e+02   1.1291323e+02
   8.0327900e+02   1.1150000e+00   8.0362600e+02   1.1251706e+02
   8.0435700e+02   1.0790000e+00   8.0471000e+02   1.1456160e+02
   8.0543800e+02   1.0800000e+00   8.0578400e+02   1.1291323e+02
   8.0658700e+02   1.1500000e+00   8.0691800e+02   1.1209023e+02
   8.0774100e+02   1.1530000e+00   8.0808700e+02   1.0305722e+02
   8.0883700e+02   1.0970000e+00   8.0917400e+02   1.0375878e+02
   8.0995900e+02   1.1210000e+00   8.1030800e+02   1.0696236e+02
   8.1106100e+02   1.1020000e+00   8.1140700e+02   9.9425618e+01
   8.1209200e+02   1.0310000e+00   8.1245200e+02   9.9455095e+01
   8.1319800e+02   1.1060000e+00   8.1354700e+02   1.0732906e+02
   8.1438700e+02   1.1890000e+00   8.1474700e+02   1.0617001e+02
   8.1557200e+02   1.1850000e+00   8.1591700e+02   1.1764374e+02
   8.1674200e+02   1.1710000e+00   8.1708300e+02   1.2045116e+02
   8.1786900e+02   1.1270000e+00   8.1820400e+02   1.1697284e+02
   8.1892400e+02   1.0550000e+00   8.1926600e+02   1.1660614e+02
   8.1997500e+02   1.0510000e+00   8.2031900e+02   1.1968829e+02
   8.2110300e+02   1.1280000e+00   8.2143000e+02   1.2081785e+02
   8.2222300e+02   1.1200000e+00   8.2257200e+02   1.1962815e+02
   8.2334800e+02   1.1250000e+00   8.2368200e+02   1.2133665e+02
   8.2447500e+02   1.1270000e+00   8.2479800e+02   1.1965763e+02
   8.2554900e+02   1.0740000e+00   8.2590300e+02   1.1886528e+02
   8.2661000e+02   1.0610000e+00   8.2698500e+02   1.1736902e+02
   8.2770800e+02   1.0980000e+00   8.2806400e+02   1.1730888e+02
   8.2882700e+02   1.1180000e+00   8.2915000e+02   1.2121403e+02
   8.2992700e+02   1.1000000e+00   8.3027700e+02   1.1962815e+02
   8.3104000e+02   1.1140000e+00   8.3137000e+02   1.1956684e+02
   8.3212200e+02   1.0820000e+00   8.3246600e+02   1.1657549e+02
   8.3315000e+02   1.0290000e+00   8.3349100e+02   1.1654483e+02
   8.3414800e+02   9.9700000e-01   8.3447000e+02   1.1730888e+02
   8.3505900e+02   9.1200000e-01   8.3539800e+02   1.1614866e+02
   8.3595100e+02   8.9100000e-01   8.3628100e+02   1.1651535e+02
   8.3705300e+02   1.1020000e+00   8.3738200e+02   1.1453094e+02
   8.3816400e+02   1.1110000e+00   8.3848800e+02   1.1126604e+02
   8.3929800e+02   1.1340000e+00   8.3962600e+02   1.0729840e+02
   8.4038200e+02   1.0840000e+00   8.4071100e+02   1.0421626e+02
   8.4139000e+02   1.0090000e+00   8.4172900e+02   1.0497913e+02
   8.4235100e+02   9.6100000e-01   8.4268900e+02   1.0644356e+02
   8.4334700e+02   9.9600000e-01   8.4367800e+02   1.0729840e+02
   8.4435700e+02   1.0100000e+00   8.4470000e+02   1.0854942e+02
   8.4535100e+02   9.9400000e-01   8.4568500e+02   1.0897743e+02
   8.4641800e+02   1.0670000e+00   8.4674900e+02   1.0934295e+02
   8.4754700e+02   1.1290000e+00   8.4788000e+02   1.0613936e+02
   8.4861500e+02   1.0680000e+00   8.4896500e+02   1.0580332e+02
   8.4967400e+02   1.0590000e+00   8.5001900e+02   1.0333077e+02
   8.5075900e+02   1.0850000e+00   8.5107900e+02   1.0894677e+02
   8.5184800e+02   1.0890000e+00   8.5217700e+02   1.0894677e+02
   8.5290300e+02   1.0550000e+00   8.5323700e+02   1.1053383e+02
   8.5398700e+02   1.0840000e+00   8.5430800e+02   1.1209023e+02
   8.5514100e+02   1.1540000e+00   8.5546300e+02   1.1126604e+02
   8.5634300e+02   1.2020000e+00   8.5666800e+02   1.0894677e+02
   8.5748300e+02   1.1400000e+00   8.5781600e+02   1.0897743e+02
   8.5858500e+02   1.1020000e+00   8.5891600e+02   1.0851876e+02
   8.5974700e+02   1.1620000e+00   8.6007700e+02   1.0983109e+02
   8.6092700e+02   1.1800000e+00   8.6128600e+02   1.0092070e+02
   8.6204800e+02   1.1200000e+00   8.6238500e+02   1.0977096e+02
   8.6309000e+02   1.0420000e+00   8.6343600e+02   1.1172353e+02
   8.6400000e+02   9.1100000e-01   8.6434100e+02   1.1334124e+02
   8.6488100e+02   8.8100000e-01   8.6521700e+02   1.1654483e+02
   8.6631500e+02   1.4340000e+00   8.6662400e+02   1.1407346e+02
   8.6761900e+02   1.3030000e+00   8.6794900e+02   1.0980161e+02
   8.6882400e+02   1.2060000e+00   8.6916000e+02   1.0690223e+02
   8.6992600e+02   1.1010000e+00   8.7027100e+02   1.0653553e+02
   8.7099900e+02   1.0730000e+00   8.7133600e+02   1.0778655e+02
   8.7212400e+02   1.1250000e+00   8.7246400e+02   1.0854942e+02
   8.7330600e+02   1.1820000e+00   8.7363400e+02   1.0543662e+02
   8.7445800e+02   1.1520000e+00   8.7479300e+02   1.0418561e+02
   8.7550800e+02   1.0500000e+00   8.7587200e+02   1.0418561e+02
   8.7656700e+02   1.0590000e+00   8.7689500e+02   1.0574201e+02
   8.7771500e+02   1.1480000e+00   8.7805800e+02   1.0656619e+02
   8.7871200e+02   9.9700000e-01   8.7907200e+02   9.7777250e+01
   8.7964000e+02   9.2800000e-01   8.8001000e+02   1.0693289e+02
   8.8077400e+02   1.1340000e+00   8.8111100e+02   1.0696236e+02
   8.8196700e+02   1.1930000e+00   8.8230300e+02   1.0540596e+02
   8.8314100e+02   1.1740000e+00   8.8347900e+02   1.0302656e+02
   8.8425200e+02   1.1110000e+00   8.8460300e+02   1.0098202e+02
   8.8530800e+02   1.0560000e+00   8.8567200e+02   1.0345339e+02
   8.8636600e+02   1.0580000e+00   8.8669800e+02   1.0656619e+02
   8.8753300e+02   1.1660000e+00   8.8787000e+02   1.0778655e+02
   8.8876600e+02   1.2330000e+00   8.8910900e+02   1.0775589e+02
   8.8995600e+02   1.1900000e+00   8.9031000e+02   1.0577266e+02
   8.9107200e+02   1.1160000e+00   8.9140900e+02   1.0644356e+02
   8.9223000e+02   1.1580000e+00   8.9257600e+02   1.0903756e+02
   8.9349100e+02   1.2600000e+00   8.9382000e+02   1.0845863e+02
   8.9474700e+02   1.2570000e+00   8.9509400e+02   1.0729840e+02
   8.9595700e+02   1.2100000e+00   8.9630800e+02   1.0943492e+02
