   9.0183900e+02   1.1790000e+00   9.0216100e+02   1.1008921e+02
   9.0300400e+02   1.1650000e+00   9.0332100e+02   1.1088599e+02
   9.0402100e+02   1.0170000e+00   9.0435100e+02   1.1135668e+02
   9.0490300e+02   8.8200000e-01   9.0524100e+02   1.1453221e+02
   9.0576800e+02   8.6500000e-01   9.0609100e+02   1.2000733e+02
   9.0680200e+02   1.0340000e+00   9.0711100e+02   1.2391210e+02
   9.0812900e+02   1.3270000e+00   9.0844100e+02   1.2532626e+02
   9.0909500e+02   9.6600000e-01   9.0942100e+02   1.2593203e+02
   9.1013300e+02   1.0380000e+00   9.1045100e+02   1.2689661e+02
   9.1146000e+02   1.3270000e+00   9.1178100e+02   1.2445032e+02
   9.1243800e+02   9.7700000e-01   9.1276100e+02   1.2473105e+02
   9.1334900e+02   9.1200000e-01   9.1367100e+02   1.2572940e+02
   9.1427000e+02   9.2100000e-01   9.1459100e+02   1.2404718e+02
   9.1515400e+02   8.8400000e-01   9.1547100e+02   1.2655996e+02
   9.1607100e+02   9.1700000e-01   9.1638100e+02   1.2820946e+02
   9.1726900e+02   1.1980000e+00   9.1758100e+02   1.2933129e+02
   9.1826200e+02   9.9300000e-01   9.1858100e+02   1.2694199e+02
   9.1923100e+02   9.6800000e-01   9.1954100e+02   1.2690822e+02
   9.2019000e+02   9.6000000e-01   9.2051100e+02   1.2332849e+02
   9.2106300e+02   8.7300000e-01   9.2139100e+02   1.2381079e+02
   9.2192600e+02   8.6300000e-01   9.2224100e+02   1.2455164e+02
   9.2285000e+02   9.2300000e-01   9.2316100e+02   1.2589826e+02
   9.2375000e+02   9.0000000e-01   9.2407100e+02   1.2475321e+02
   9.2459700e+02   8.4700000e-01   9.2491100e+02   1.2505609e+02
   9.2545200e+02   8.5400000e-01   9.2576100e+02   1.2753615e+02
   9.2640100e+02   9.5000000e-01   9.2671100e+02   1.2296968e+02
   9.2717600e+02   7.7500000e-01   9.2750100e+02   1.2139827e+02
   9.2790700e+02   7.3100000e-01   9.2822100e+02   1.2254332e+02
   9.2860900e+02   7.0200000e-01   9.2892100e+02   1.2157873e+02
   9.2933400e+02   7.2500000e-01   9.2964100e+02   1.2266679e+02
   9.3009400e+02   7.6000000e-01   9.3040100e+02   1.2454003e+02
   9.3090000e+02   8.0600000e-01   9.3120100e+02   1.2550567e+02
   9.3202000e+02   1.1200000e+00   9.3231100e+02   1.2648186e+02
   9.3290600e+02   8.8600000e-01   9.3322100e+02   1.2154496e+02
   9.3372400e+02   8.1800000e-01   9.3404100e+02   1.2111860e+02
   9.3458400e+02   8.6000000e-01   9.3489100e+02   1.2014241e+02
   9.3546900e+02   8.8500000e-01   9.3578100e+02   1.2018674e+02
   9.3628100e+02   8.1300000e-01   9.3660100e+02   1.1949127e+02
   9.3707400e+02   7.9300000e-01   9.3738100e+02   1.2135395e+02
   9.3796000e+02   8.8600000e-01   9.3826100e+02   1.2292430e+02
   9.3889300e+02   9.3300000e-01   9.3920100e+02   1.2211696e+02
   9.3977200e+02   8.7900000e-01   9.4008100e+02   1.2180247e+02
   9.4067600e+02   9.0400000e-01   9.4098100e+02   1.2249794e+02
   9.4158200e+02   9.0600000e-01   9.4189100e+02   1.2197132e+02
   9.4239400e+02   8.1300000e-01   9.4271100e+02   1.2060254e+02
   9.4316800e+02   7.7400000e-01   9.4348100e+02   1.2191539e+02
   9.4400200e+02   8.3300000e-01   9.4431100e+02   1.2385617e+02
   9.4489600e+02   8.9400000e-01   9.4520100e+02   1.2396803e+02
   9.4573900e+02   8.4300000e-01   9.4605100e+02   1.2381079e+02
   9.4656100e+02   8.2200000e-01   9.4687100e+02   1.2452948e+02
   9.4746700e+02   9.0700000e-01   9.4777100e+02   1.2524711e+02
   9.4835200e+02   8.8500000e-01   9.4866100e+02   1.2310371e+02
   9.4916800e+02   8.1700000e-01   9.4948100e+02   1.2243145e+02
   9.4996100e+02   7.9200000e-01   9.5027100e+02   1.2329472e+02
   9.5078600e+02   8.2500000e-01   9.5109100e+02   1.2403557e+02
   9.5160900e+02   8.2300000e-01   9.5192100e+02   1.2357544e+02
   9.5241600e+02   8.0800000e-01   9.5273100e+02   1.2459702e+02
   9.5327500e+02   8.5900000e-01   9.5358100e+02   1.2567347e+02
   9.5419300e+02   9.1800000e-01   9.5450100e+02   1.2510147e+02
   9.5505800e+02   8.6500000e-01   9.5537100e+02   1.2316069e+02
   9.5586400e+02   8.0700000e-01   9.5618100e+02   1.2299184e+02
   9.5673600e+02   8.7100000e-01   9.5704100e+02   1.2351951e+02
   9.5763700e+02   9.0100000e-01   9.5794100e+02   1.2208319e+02
   9.5849100e+02   8.5500000e-01   9.5881100e+02   1.2048962e+02
   9.5928400e+02   7.9300000e-01   9.5960100e+02   1.2099513e+02
   9.6007200e+02   7.8800000e-01   9.6038100e+02   1.2161145e+02
   9.6093500e+02   8.6200000e-01   9.6124100e+02   1.2247578e+02
   9.6191600e+02   9.8100000e-01   9.6222100e+02   1.2208319e+02
   9.6281600e+02   9.0000000e-01   9.6313100e+02   1.2031021e+02
   9.6363500e+02   8.2000000e-01   9.6395100e+02   1.1989546e+02
   9.6449200e+02   8.5700000e-01   9.6480100e+02   1.2043369e+02
   9.6549900e+02   1.0070000e+00   9.6580100e+02   1.1987330e+02
   9.6646900e+02   9.7000000e-01   9.6678100e+02   1.1772990e+02
   9.6734500e+02   8.7500000e-01   9.6766100e+02   1.1833566e+02
   9.6831200e+02   9.6700000e-01   9.6862100e+02   1.1816786e+02
   9.6946100e+02   1.1490000e+00   9.6977100e+02   1.1666400e+02
   9.7046900e+02   1.0080000e+00   9.7079100e+02   1.1427365e+02
   9.7142700e+02   9.5800000e-01   9.7174100e+02   1.1523929e+02
   9.7260200e+02   1.1750000e+00   9.7291100e+02   1.1374703e+02
   9.7364000e+02   1.0380000e+00   9.7396100e+02   1.1209753e+02
   9.7451300e+02   8.7300000e-01   9.7483100e+02   1.1245635e+02
   9.7542400e+02   9.1100000e-01   9.7574100e+02   1.1438657e+02
   9.7672100e+02   1.2980000e+00   9.7703100e+02   1.1688879e+02
   9.7781900e+02   1.0970000e+00   9.7814100e+02   1.1631574e+02
   9.7890600e+02   1.0870000e+00   9.7922100e+02   1.1807711e+02
   9.8014300e+02   1.2370000e+00   9.8046100e+02   1.1630518e+02
   9.8130500e+02   1.1630000e+00   9.8163100e+02   1.1518230e+02
   9.8237000e+02   1.0650000e+00   9.8269100e+02   1.1650675e+02
   9.8358500e+02   1.2150000e+00   9.8390100e+02   1.1611417e+02
   9.8480400e+02   1.2190000e+00   9.8512100e+02   1.1472322e+02
   9.8582700e+02   1.0230000e+00   9.8615100e+02   1.1507043e+02
   9.8699500e+02   1.1680000e+00   9.8731100e+02   1.1612577e+02
   9.8808200e+02   1.0880000e+00   9.8841100e+02   1.1659646e+02
   9.8895500e+02   8.7300000e-01   9.8928100e+02   1.2046746e+02
   9.8994700e+02   9.9200000e-01   9.9026100e+02   1.2393426e+02
   9.9116600e+02   1.2190000e+00   9.9148100e+02   1.2554999e+02
   9.9221700e+02   1.0510000e+00   9.9254100e+02   1.2486613e+02
   9.9317200e+02   9.5500000e-01   9.9349100e+02   1.2667182e+02
   9.9446900e+02   1.2970000e+00   9.9478100e+02   1.2649241e+02
   9.9575000e+02   1.2810000e+00   9.9607100e+02   1.2364299e+02
   9.9679800e+02   1.0480000e+00   9.9712100e+02   1.2281243e+02
   9.9788500e+02   1.0870000e+00   9.9820100e+02   1.2296968e+02
   9.9902900e+02   1.1430000e+00   9.9935100e+02   1.2106267e+02
   1.0000740e+03   1.0450000e+00   1.0004010e+03   1.2137611e+02
   1.0011560e+03   1.0830000e+00   1.0014710e+03   1.2412528e+02
   1.0023360e+03   1.1790000e+00   1.0026510e+03   1.2323879e+02
   1.0034190e+03   1.0830000e+00   1.0037410e+03   1.2195971e+02
   1.0045430e+03   1.1240000e+00   1.0048610e+03   1.2334010e+02
   1.0058890e+03   1.3460000e+00   1.0062110e+03   1.2194810e+02
   1.0069440e+03   1.0550000e+00   1.0072710e+03   1.2093920e+02
   1.0080860e+03   1.1420000e+00   1.0084010e+03   1.2264463e+02
   1.0093190e+03   1.2330000e+00   1.0096410e+03   1.2090543e+02
   1.0103530e+03   1.0340000e+00   1.0106810e+03   1.2192594e+02
   1.0116920e+03   1.3390000e+00   1.0120110e+03   1.2281243e+02
   1.0128830e+03   1.1910000e+00   1.0132110e+03   1.2112916e+02
   1.0139040e+03   1.0200000e+00   1.0142310e+03   1.2270056e+02
   1.0150200e+03   1.1160000e+00   1.0153410e+03   1.2211696e+02
   1.0161260e+03   1.1060000e+00   1.0164510e+03   1.2220666e+02
   1.0170870e+03   9.6200000e-01   1.0174110e+03   1.2475321e+02
   1.0182820e+03   1.1950000e+00   1.0186010e+03   1.2597635e+02
   1.0193530e+03   1.0710000e+00   1.0196810e+03   1.2386672e+02
   1.0203560e+03   1.0020000e+00   1.0206710e+03   1.2513524e+02
   1.0214290e+03   1.0730000e+00   1.0217410e+03   1.2436062e+02
   1.0224780e+03   1.0490000e+00   1.0228010e+03   1.2387833e+02
   1.0234690e+03   9.9100000e-01   1.0237910e+03   1.2440600e+02
   1.0245280e+03   1.0590000e+00   1.0248410e+03   1.2474265e+02
   1.0255600e+03   1.0320000e+00   1.0258810e+03   1.2356384e+02
   1.0265590e+03   9.9900000e-01   1.0268810e+03   1.2422659e+02
   1.0275870e+03   1.0280000e+00   1.0279010e+03   1.2367676e+02
   1.0285960e+03   1.0090000e+00   1.0289210e+03   1.2273434e+02
   1.0295600e+03   9.6400000e-01   1.0298810e+03   1.2330633e+02
   1.0305210e+03   9.6100000e-01   1.0308310e+03   1.2354167e+02
   1.0314910e+03   9.7000000e-01   1.0318110e+03   1.2258764e+02
   1.0324090e+03   9.1800000e-01   1.0327310e+03   1.2250955e+02
   1.0335060e+03   1.0980000e+00   1.0338110e+03   1.2318286e+02
   1.0346620e+03   1.1560000e+00   1.0349810e+03   1.2070280e+02
   1.0356010e+03   9.3800000e-01   1.0359210e+03   1.1981631e+02
   1.0365380e+03   9.3800000e-01   1.0368510e+03   1.1916622e+02
   1.0375220e+03   9.8400000e-01   1.0378410e+03   1.1867232e+02
   1.0383980e+03   8.7700000e-01   1.0387210e+03   1.1996300e+02
   1.0393870e+03   9.8900000e-01   1.0397010e+03   1.2276811e+02
   1.0406640e+03   1.2770000e+00   1.0409810e+03   1.2241984e+02
   1.0416070e+03   9.4300000e-01   1.0419310e+03   1.2028805e+02
   1.0424170e+03   8.1000000e-01   1.0427410e+03   1.2109539e+02
   1.0431740e+03   7.5700000e-01   1.0434910e+03   1.2057932e+02
   1.0439070e+03   7.3300000e-01   1.0442210e+03   1.2235230e+02
   1.0447190e+03   8.1200000e-01   1.0450310e+03   1.2484291e+02
   1.0459880e+03   1.2690000e+00   1.0462910e+03   1.2800789e+02
   1.0470230e+03   1.0350000e+00   1.0473310e+03   1.2681852e+02
   1.0483820e+03   1.3590000e+00   1.0486910e+03   1.2489990e+02
   1.0496130e+03   1.2300000e+00   1.0499310e+03   1.1869448e+02
   1.0506740e+03   1.0610000e+00   1.0509910e+03   1.1856045e+02
   1.0519130e+03   1.2390000e+00   1.0522310e+03   1.1674210e+02
   1.0530200e+03   1.1070000e+00   1.0533410e+03   1.1542925e+02
   1.0540360e+03   1.0160000e+00   1.0543510e+03   1.1725816e+02
   1.0553680e+03   1.3320000e+00   1.0556810e+03   1.1670832e+02
   1.0565190e+03   1.1510000e+00   1.0568410e+03   1.1482348e+02
   1.0574660e+03   9.4700000e-01   1.0577910e+03   1.1677587e+02
   1.0587920e+03   1.3260000e+00   1.0591010e+03   1.1721383e+02
   1.0601050e+03   1.3130000e+00   1.0604210e+03   1.1767396e+02
   1.0612380e+03   1.1330000e+00   1.0615610e+03   1.1730354e+02
   1.0622990e+03   1.0610000e+00   1.0626210e+03   1.1812248e+02
   1.0635390e+03   1.2400000e+00   1.0638610e+03   1.1712413e+02
   1.0647720e+03   1.2330000e+00   1.0651010e+03   1.1576590e+02
   1.0658750e+03   1.1030000e+00   1.0661910e+03   1.1695527e+02
   1.0670810e+03   1.2060000e+00   1.0674010e+03   1.1610256e+02
   1.0682220e+03   1.1410000e+00   1.0685510e+03   1.1394860e+02
   1.0693440e+03   1.1220000e+00   1.0696610e+03   1.1535115e+02
   1.0705650e+03   1.2210000e+00   1.0708810e+03   1.1523929e+02
   1.0718310e+03   1.2650000e+00   1.0721510e+03   1.1489102e+02
   1.0728990e+03   1.0690000e+00   1.0732210e+03   1.1397076e+02
   1.0740340e+03   1.1340000e+00   1.0743510e+03   1.1390322e+02
   1.0752970e+03   1.2640000e+00   1.0756110e+03   1.1320775e+02
   1.0765110e+03   1.2140000e+00   1.0768310e+03   1.1232126e+02
   1.0775770e+03   1.0660000e+00   1.0779010e+03   1.1482348e+02
   1.0788320e+03   1.2550000e+00   1.0791510e+03   1.1578912e+02
   1.0798300e+03   9.9700000e-01   1.0801710e+03   1.1536276e+02
   1.0807440e+03   9.1500000e-01   1.0810710e+03   1.2116293e+02
   1.0816510e+03   9.0700000e-01   1.0819710e+03   1.2404718e+02
   1.0829910e+03   1.3390000e+00   1.0833110e+03   1.2727759e+02
   1.0839710e+03   9.8000000e-01   1.0843010e+03   1.2654835e+02
   1.0852150e+03   1.2440000e+00   1.0855310e+03   1.2944315e+02
   1.0863670e+03   1.1510000e+00   1.0866910e+03   1.2506770e+02
   1.0873250e+03   9.5900000e-01   1.0876510e+03   1.2520278e+02
   1.0883340e+03   1.0090000e+00   1.0886510e+03   1.2454003e+02
   1.0893800e+03   1.0450000e+00   1.0897010e+03   1.2467511e+02
   1.0903450e+03   9.6600000e-01   1.0906710e+03   1.2364299e+02
   1.0912610e+03   9.1600000e-01   1.0915810e+03   1.2450626e+02
   1.0923870e+03   1.1260000e+00   1.0927010e+03   1.2563970e+02
   1.0934170e+03   1.0300000e+00   1.0937410e+03   1.2319447e+02
   1.0943490e+03   9.3200000e-01   1.0946710e+03   1.2304777e+02
   1.0954200e+03   1.0710000e+00   1.0957310e+03   1.2249794e+02
   1.0965370e+03   1.1180000e+00   1.0968510e+03   1.2127585e+02
   1.0974410e+03   9.0400000e-01   1.0977610e+03   1.2027644e+02
   1.0984700e+03   1.0290000e+00   1.0987810e+03   1.2099513e+02
   1.0994480e+03   9.7700000e-01   1.0997610e+03   1.2029966e+02
   1.1003400e+03   8.9300000e-01   1.1006610e+03   1.2130857e+02
   1.1012820e+03   9.4200000e-01   1.1015910e+03   1.2290214e+02
   1.1022920e+03   1.0100000e+00   1.1026010e+03   1.2502338e+02
   1.1032400e+03   9.4800000e-01   1.1035610e+03   1.2404718e+02
   1.1041200e+03   8.8000000e-01   1.1044410e+03   1.2483236e+02
   1.1050710e+03   9.5100000e-01   1.1053810e+03   1.2650402e+02
   1.1060960e+03   1.0250000e+00   1.1064110e+03   1.2531465e+02
   1.1070010e+03   9.0500000e-01   1.1073210e+03   1.2493262e+02
   1.1081180e+03   1.1170000e+00   1.1084310e+03   1.2613360e+02
   1.1092910e+03   1.1730000e+00   1.1096110e+03   1.2341820e+02
   1.1102050e+03   9.1400000e-01   1.1105310e+03   1.2252116e+02
   1.1111630e+03   9.5800000e-01   1.1114810e+03   1.2160090e+02
   1.1121220e+03   9.5800000e-01   1.1124410e+03   1.2100568e+02
   1.1130180e+03   8.9700000e-01   1.1133410e+03   1.2230798e+02
   1.1139940e+03   9.7600000e-01   1.1143010e+03   1.2329472e+02
   1.1151220e+03   1.1280000e+00   1.1154310e+03   1.2366515e+02
   1.1160340e+03   9.1300000e-01   1.1163610e+03   1.2136556e+02
   1.1169320e+03   8.9800000e-01   1.1172510e+03   1.2265519e+02
   1.1178770e+03   9.4500000e-01   1.1181910e+03   1.2305938e+02
   1.1188710e+03   9.9500000e-01   1.1191910e+03   1.2275650e+02
   1.1197170e+03   8.4600000e-01   1.1200410e+03   1.2273434e+02
   1.1206540e+03   9.3700000e-01   1.1209610e+03   1.2519118e+02
   1.1216030e+03   9.5000000e-01   1.1219210e+03   1.2491045e+02
   1.1225090e+03   9.0600000e-01   1.1228310e+03   1.2540435e+02
   1.1234620e+03   9.5300000e-01   1.1237710e+03   1.2645864e+02
   1.1243790e+03   9.1700000e-01   1.1246910e+03   1.2542652e+02
   1.1252820e+03   9.0300000e-01   1.1256010e+03   1.2447354e+02
   1.1261420e+03   8.6100000e-01   1.1264610e+03   1.2502338e+02
   1.1270450e+03   9.0200000e-01   1.1273510e+03   1.2584232e+02
   1.1279430e+03   8.9900000e-01   1.1282610e+03   1.2515740e+02
   1.1287860e+03   8.4200000e-01   1.1291010e+03   1.2505609e+02
   1.1296990e+03   9.1300000e-01   1.1300110e+03   1.2611143e+02
   1.1305790e+03   8.8000000e-01   1.1308910e+03   1.2517957e+02
   1.1314170e+03   8.3800000e-01   1.1317310e+03   1.2433846e+02
   1.1322230e+03   8.0600000e-01   1.1325310e+03   1.2522495e+02
   1.1331070e+03   8.8400000e-01   1.1334110e+03   1.2671720e+02
   1.1340350e+03   9.2800000e-01   1.1343410e+03   1.2638055e+02
   1.1350070e+03   9.7300000e-01   1.1353210e+03   1.2603228e+02
   1.1358670e+03   8.5900000e-01   1.1361810e+03   1.2502338e+02
   1.1368000e+03   9.3300000e-01   1.1371110e+03   1.2533681e+02
   1.1376360e+03   8.3600000e-01   1.1379510e+03   1.2239768e+02
   1.1384440e+03   8.0800000e-01   1.1387510e+03   1.2338443e+02
   1.1392830e+03   8.3900000e-01   1.1395910e+03   1.2342981e+02
   1.1400660e+03   7.8400000e-01   1.1403810e+03   1.2184785e+02
   1.1408110e+03   7.4400000e-01   1.1411210e+03   1.2298129e+02
   1.1415900e+03   7.7900000e-01   1.1418910e+03   1.2543813e+02
   1.1423440e+03   7.5500000e-01   1.1426610e+03   1.2413689e+02
   1.1430600e+03   7.1600000e-01   1.1433710e+03   1.2567347e+02
   1.1440300e+03   9.7000000e-01   1.1443210e+03   1.2699792e+02
   1.1449790e+03   9.5000000e-01   1.1452910e+03   1.2429308e+02
   1.1457810e+03   8.0200000e-01   1.1461010e+03   1.2317125e+02
   1.1466400e+03   8.5900000e-01   1.1469410e+03   1.2366515e+02
   1.1477850e+03   1.1450000e+00   1.1480910e+03   1.2342981e+02
   1.1487330e+03   9.4800000e-01   1.1490510e+03   1.2065848e+02
   1.1496840e+03   9.5100000e-01   1.1499910e+03   1.2149958e+02
   1.1509180e+03   1.2350000e+00   1.1512310e+03   1.1892982e+02
   1.1518420e+03   9.2300000e-01   1.1521610e+03   1.1725816e+02
   1.1526870e+03   8.4500000e-01   1.1530010e+03   1.1860478e+02
   1.1536410e+03   9.5400000e-01   1.1539510e+03   1.1806655e+02
   1.1546070e+03   9.6600000e-01   1.1549210e+03   1.1860478e+02
   1.1555320e+03   9.2500000e-01   1.1558510e+03   1.1775206e+02
   1.1565220e+03   9.9000000e-01   1.1568310e+03   1.1941317e+02
   1.1574760e+03   9.5500000e-01   1.1577910e+03   1.1758426e+02
   1.1583130e+03   8.3600000e-01   1.1586310e+03   1.1753888e+02
   1.1591100e+03   7.9800000e-01   1.1594210e+03   1.1753888e+02
   1.1599120e+03   8.0200000e-01   1.1602310e+03   1.1749456e+02
   1.1611520e+03   1.2400000e+00   1.1614610e+03   1.1911029e+02
   1.1622620e+03   1.1100000e+00   1.1625810e+03   1.1604662e+02
   1.1631750e+03   9.1300000e-01   1.1634910e+03   1.1485725e+02
   1.1641100e+03   9.3500000e-01   1.1644210e+03   1.1281516e+02
   1.1651290e+03   1.0190000e+00   1.1654510e+03   1.1396021e+02
   1.1660200e+03   8.9100000e-01   1.1663410e+03   1.1508204e+02
   1.1669880e+03   9.6800000e-01   1.1673010e+03   1.1779744e+02
   1.1680700e+03   1.0820000e+00   1.1683810e+03   1.1840321e+02
   1.1690480e+03   9.7800000e-01   1.1693710e+03   1.1738163e+02
   1.1699190e+03   8.7100000e-01   1.1702410e+03   1.1752833e+02
   1.1708170e+03   8.9800000e-01   1.1711310e+03   1.1922215e+02
   1.1717330e+03   9.1600000e-01   1.1720510e+03   1.1913245e+02
   1.1725860e+03   8.5400000e-01   1.1729110e+03   1.1978254e+02
   1.1734110e+03   8.2400000e-01   1.1737210e+03   1.2211696e+02
   1.1742340e+03   8.2300000e-01   1.1745510e+03   1.2369892e+02
   1.1750550e+03   8.2100000e-01   1.1753710e+03   1.2375485e+02
   1.1760450e+03   9.9000000e-01   1.1763610e+03   1.2457380e+02
   1.1769140e+03   8.7000000e-01   1.1772310e+03   1.2403557e+02
   1.1778940e+03   9.8000000e-01   1.1782010e+03   1.2501177e+02
   1.1790220e+03   1.1280000e+00   1.1793310e+03   1.2292430e+02
   1.1799350e+03   9.1300000e-01   1.1802610e+03   1.2133178e+02
   1.1808120e+03   8.7700000e-01   1.1811310e+03   1.2224044e+02
   1.1817810e+03   9.6900000e-01   1.1820910e+03   1.2340764e+02
   1.1827660e+03   9.8500000e-01   1.1830810e+03   1.2295807e+02
   1.1837080e+03   9.4200000e-01   1.1840210e+03   1.2358705e+02
   1.1849990e+03   1.2920000e+00   1.1853110e+03   1.2548245e+02
   1.1861150e+03   1.1150000e+00   1.1864410e+03   1.2210535e+02
   1.1870800e+03   9.6500000e-01   1.1874010e+03   1.2253171e+02
   1.1881570e+03   1.0770000e+00   1.1884710e+03   1.2103945e+02
   1.1892210e+03   1.0640000e+00   1.1895410e+03   1.2103945e+02
   1.1902470e+03   1.0260000e+00   1.1905610e+03   1.2197132e+02
   1.1913440e+03   1.0970000e+00   1.1916610e+03   1.2172437e+02
   1.1925060e+03   1.1610000e+00   1.1928210e+03   1.1944694e+02
   1.1935280e+03   1.0230000e+00   1.1938510e+03   1.1884012e+02
   1.1945260e+03   9.9700000e-01   1.1948410e+03   1.1936779e+02
   1.1956140e+03   1.0890000e+00   1.1959310e+03   1.2009703e+02
   1.1967850e+03   1.1710000e+00   1.1971010e+03   1.2134234e+02
   1.1979240e+03   1.1390000e+00   1.1982510e+03   1.2129801e+02
   1.1989660e+03   1.0420000e+00   1.1992910e+03   1.2272273e+02
   1.2001330e+03   1.1670000e+00   1.2004510e+03   1.2302561e+02
   1.2015330e+03   1.4000000e+00   1.2018510e+03   1.2087165e+02
   1.2027580e+03   1.2250000e+00   1.2030810e+03   1.1750511e+02
   1.2038530e+03   1.0950000e+00   1.2041710e+03   1.1851507e+02
   1.2051860e+03   1.3330000e+00   1.2055010e+03   1.1750511e+02
   1.2065360e+03   1.3510000e+00   1.2068610e+03   1.1634951e+02
   1.2077270e+03   1.1910000e+00   1.2080510e+03   1.1700065e+02
   1.2089490e+03   1.2220000e+00   1.2092710e+03   1.1757265e+02
   1.2102200e+03   1.2710000e+00   1.2105410e+03   1.1648459e+02
   1.2113130e+03   1.0920000e+00   1.2116410e+03   1.1641705e+02
   1.2124280e+03   1.1150000e+00   1.2127510e+03   1.1935618e+02
   1.2137570e+03   1.3290000e+00   1.2140710e+03   1.1903114e+02
   1.2149520e+03   1.1950000e+00   1.2152810e+03   1.1819003e+02
   1.2159920e+03   1.0400000e+00   1.2163110e+03   1.1927809e+02
   1.2171290e+03   1.1370000e+00   1.2174510e+03   1.1891927e+02
   1.2182670e+03   1.1380000e+00   1.2185910e+03   1.1891927e+02
   1.2192810e+03   1.0140000e+00   1.2196010e+03   1.2071441e+02
   1.2203830e+03   1.1020000e+00   1.2207010e+03   1.2188162e+02
   1.2214340e+03   1.0510000e+00   1.2217610e+03   1.2145526e+02
   1.2224200e+03   9.8600000e-01   1.2227410e+03   1.2346358e+02
   1.2234790e+03   1.0600000e+00   1.2237910e+03   1.2432685e+02
   1.2245800e+03   1.1010000e+00   1.2249010e+03   1.2367676e+02
   1.2256080e+03   1.0280000e+00   1.2259310e+03   1.2299184e+02
   1.2267300e+03   1.1220000e+00   1.2270510e+03   1.2248739e+02
   1.2278450e+03   1.1150000e+00   1.2281610e+03   1.2225099e+02
   1.2288830e+03   1.0380000e+00   1.2292110e+03   1.2110700e+02
   1.2299010e+03   1.0180000e+00   1.2302210e+03   1.2225099e+02
   1.2309960e+03   1.0950000e+00   1.2313110e+03   1.2292430e+02
   1.2320390e+03   1.0430000e+00   1.2323610e+03   1.2272273e+02
   1.2330850e+03   1.0460000e+00   1.2334010e+03   1.2423714e+02
   1.2342890e+03   1.2040000e+00   1.2346010e+03   1.2364299e+02
   1.2355490e+03   1.2600000e+00   1.2358710e+03   1.2056877e+02
   1.2366750e+03   1.1260000e+00   1.2369910e+03   1.2026589e+02
   1.2379070e+03   1.2320000e+00   1.2382210e+03   1.1951343e+02
   1.2390110e+03   1.1030000e+00   1.2393410e+03   1.1675370e+02
   1.2399110e+03   9.0000000e-01   1.2402410e+03   1.1790931e+02
   1.2409510e+03   1.0410000e+00   1.2412710e+03   1.2010864e+02
   1.2422760e+03   1.3250000e+00   1.2425910e+03   1.2098352e+02
   1.2432730e+03   9.9600000e-01   1.2436010e+03   1.2046746e+02
   1.2444200e+03   1.1480000e+00   1.2447410e+03   1.2233014e+02
   1.2455320e+03   1.1120000e+00   1.2458510e+03   1.2124208e+02
   1.2464990e+03   9.6700000e-01   1.2468310e+03   1.2284620e+02
   1.2474880e+03   9.8800000e-01   1.2478010e+03   1.2459702e+02
   1.2486160e+03   1.1290000e+00   1.2489310e+03   1.2618953e+02
   1.2496200e+03   1.0040000e+00   1.2499510e+03   1.2522495e+02
   1.2506620e+03   1.0430000e+00   1.2509810e+03   1.2659373e+02
   1.2517780e+03   1.1160000e+00   1.2520910e+03   1.2512363e+02
   1.2529300e+03   1.1520000e+00   1.2532510e+03   1.2359761e+02
   1.2539590e+03   1.0290000e+00   1.2542810e+03   1.2227421e+02
   1.2550330e+03   1.0740000e+00   1.2553510e+03   1.2148903e+02
   1.2561070e+03   1.0740000e+00   1.2564310e+03   1.1992923e+02
   1.2571070e+03   1.0000000e+00   1.2574310e+03   1.2171276e+02
   1.2581710e+03   1.0640000e+00   1.2584910e+03   1.2180247e+02
   1.2592960e+03   1.1250000e+00   1.2596110e+03   1.2172437e+02
   1.2603300e+03   1.0340000e+00   1.2606510e+03   1.2001894e+02
   1.2613810e+03   1.0510000e+00   1.2617010e+03   1.2096136e+02
   1.2624760e+03   1.0950000e+00   1.2627910e+03   1.2042208e+02
   1.2635110e+03   1.0350000e+00   1.2638410e+03   1.1913245e+02
   1.2645020e+03   9.9100000e-01   1.2648210e+03   1.2013080e+02
   1.2655700e+03   1.0690000e+00   1.2658810e+03   1.2045585e+02
   1.2666100e+03   1.0390000e+00   1.2669310e+03   1.1907652e+02
   1.2675660e+03   9.5700000e-01   1.2678810e+03   1.2006326e+02
   1.2685740e+03   1.0080000e+00   1.2688910e+03   1.1967067e+02
   1.2696700e+03   1.0950000e+00   1.2699910e+03   1.1833566e+02
   1.2705510e+03   8.8100000e-01   1.2708710e+03   1.1713468e+02
   1.2714490e+03   8.9900000e-01   1.2717610e+03   1.1937940e+02
   1.2724330e+03   9.8400000e-01   1.2727510e+03   1.1993979e+02
   1.2733560e+03   9.2300000e-01   1.2736810e+03   1.2011919e+02
   1.2742470e+03   8.9200000e-01   1.2745610e+03   1.2142149e+02
   1.2752600e+03   1.0130000e+00   1.2755710e+03   1.2301400e+02
   1.2763810e+03   1.1200000e+00   1.2767010e+03   1.2162306e+02
   1.2773480e+03   9.6700000e-01   1.2776710e+03   1.2171276e+02
   1.2783510e+03   1.0030000e+00   1.2786710e+03   1.2111860e+02
   1.2793910e+03   1.0400000e+00   1.2797110e+03   1.1914300e+02
   1.2802870e+03   8.9600000e-01   1.2806110e+03   1.1829028e+02
   1.2812460e+03   9.5800000e-01   1.2815610e+03   1.1978254e+02
   1.2822760e+03   1.0310000e+00   1.2825910e+03   1.1959258e+02
   1.2832110e+03   9.3500000e-01   1.2835310e+03   1.1834727e+02
   1.2840880e+03   8.7700000e-01   1.2844110e+03   1.2010864e+02
   1.2850400e+03   9.5200000e-01   1.2853510e+03   1.2144365e+02
   1.2860750e+03   1.0350000e+00   1.2863910e+03   1.2178031e+02
   1.2870330e+03   9.5700000e-01   1.2873510e+03   1.2116293e+02
   1.2880180e+03   9.8600000e-01   1.2883310e+03   1.2236391e+02
   1.2890780e+03   1.0600000e+00   1.2893910e+03   1.2061310e+02
   1.2900300e+03   9.5200000e-01   1.2903510e+03   1.1822380e+02
   1.2909670e+03   9.3700000e-01   1.2912810e+03   1.1844753e+02
   1.2921160e+03   1.1490000e+00   1.2924310e+03   1.1775206e+02
   1.2932170e+03   1.1010000e+00   1.2935310e+03   1.1520552e+02
   1.2941170e+03   9.0000000e-01   1.2944410e+03   1.1445306e+02
   1.2951210e+03   1.0040000e+00   1.2954310e+03   1.1530577e+02
   1.2962160e+03   1.0950000e+00   1.2965310e+03   1.1767396e+02
   1.2971420e+03   9.2600000e-01   1.2974710e+03   1.1927809e+02
   1.2981230e+03   9.8200000e-01   1.2984410e+03   1.2364299e+02
   1.2993930e+03   1.2700000e+00   1.2997110e+03   1.2515740e+02
   1.3003780e+03   9.8500000e-01   1.3007010e+03   1.2419282e+02
   1.3013820e+03   1.0030000e+00   1.3017010e+03   1.2630245e+02
   1.3023900e+03   1.0080000e+00   1.3027110e+03   1.2479859e+02
   1.3033600e+03   9.7000000e-01   1.3036810e+03   1.2614521e+02
   1.3043100e+03   9.5000000e-01   1.3046210e+03   1.2714356e+02
   1.3052760e+03   9.6600000e-01   1.3055910e+03   1.2765962e+02
   1.3062450e+03   9.6900000e-01   1.3065610e+03   1.2664966e+02
   1.3071300e+03   8.8500000e-01   1.3074510e+03   1.2689661e+02
   1.3079990e+03   8.7000000e-01   1.3083110e+03   1.2726704e+02
   1.3089300e+03   9.3100000e-01   1.3092410e+03   1.2682907e+02
   1.3098110e+03   8.8100000e-01   1.3101310e+03   1.2617898e+02
   1.3107080e+03   8.9700000e-01   1.3110210e+03   1.2712140e+02
   1.3119570e+03   1.2480000e+00   1.3122610e+03   1.2666127e+02
   1.3128910e+03   9.3400000e-01   1.3132110e+03   1.2275650e+02
   1.3137490e+03   8.5800000e-01   1.3140610e+03   1.2371053e+02
   1.3147090e+03   9.6000000e-01   1.3150210e+03   1.2217289e+02
   1.3156250e+03   9.1600000e-01   1.3159410e+03   1.2318286e+02
   1.3164540e+03   8.2900000e-01   1.3167710e+03   1.2312692e+02
   1.3172970e+03   8.4300000e-01   1.3176110e+03   1.2622330e+02
   1.3182300e+03   9.3300000e-01   1.3185410e+03   1.2604389e+02
   1.3190930e+03   8.6300000e-01   1.3194110e+03   1.2493262e+02
   1.3199830e+03   8.9000000e-01   1.3202910e+03   1.2699792e+02
   1.3209160e+03   9.3300000e-01   1.3212210e+03   1.2601012e+02
   1.3218590e+03   9.4300000e-01   1.3221710e+03   1.2466350e+02
   1.3226640e+03   8.0500000e-01   1.3229810e+03   1.2335066e+02
   1.3234320e+03   7.6800000e-01   1.3237510e+03   1.2403557e+02
   1.3241990e+03   7.6700000e-01   1.3245110e+03   1.2494423e+02
   1.3249700e+03   7.7100000e-01   1.3252710e+03   1.2504554e+02
   1.3262120e+03   1.2420000e+00   1.3265110e+03   1.2778310e+02
   1.3271320e+03   9.1900000e-01   1.3274510e+03   1.2390049e+02
   1.3280310e+03   8.9900000e-01   1.3283410e+03   1.2455164e+02
   1.3290570e+03   1.0260000e+00   1.3293710e+03   1.2121886e+02
   1.3300170e+03   9.6000000e-01   1.3303410e+03   1.2084949e+02
   1.3308880e+03   8.7100000e-01   1.3312010e+03   1.2047907e+02
   1.3318600e+03   9.7200000e-01   1.3321710e+03   1.2211696e+02
   1.3330080e+03   1.1490000e+00   1.3333210e+03   1.2011919e+02
   1.3339620e+03   9.5400000e-01   1.3342810e+03   1.1775206e+02
   1.3348240e+03   8.6200000e-01   1.3351410e+03   1.1880740e+02
   1.3358890e+03   1.0650000e+00   1.3362010e+03   1.2024267e+02
   1.3371480e+03   1.2590000e+00   1.3374610e+03   1.1927809e+02
   1.3382240e+03   1.0760000e+00   1.3385410e+03   1.1886334e+02
   1.3394070e+03   1.1830000e+00   1.3397210e+03   1.1869448e+02
   1.3405930e+03   1.1860000e+00   1.3409110e+03   1.1625980e+02
   1.3415630e+03   9.6900000e-01   1.3418910e+03   1.1660807e+02
   1.3425580e+03   9.9500000e-01   1.3428710e+03   1.1822380e+02
   1.3438430e+03   1.2850000e+00   1.3441610e+03   1.1861639e+02
   1.3449750e+03   1.1320000e+00   1.3453010e+03   1.1734786e+02
   1.3460050e+03   1.0300000e+00   1.3463210e+03   1.1861639e+02
   1.3471840e+03   1.1780000e+00   1.3475010e+03   1.1805494e+02
   1.3484130e+03   1.2290000e+00   1.3487410e+03   1.1698905e+02
   1.3494650e+03   1.0520000e+00   1.3497910e+03   1.1866071e+02
   1.3507890e+03   1.3230000e+00   1.3511010e+03   1.1950287e+02
   1.3520450e+03   1.2560000e+00   1.3523710e+03   1.1689934e+02
   1.3531360e+03   1.0910000e+00   1.3534610e+03   1.1740485e+02
   1.3544010e+03   1.2660000e+00   1.3547210e+03   1.1715790e+02
   1.3556320e+03   1.2300000e+00   1.3559510e+03   1.1608040e+02
   1.3565750e+03   9.4400000e-01   1.3569110e+03   1.1582184e+02
   1.3574640e+03   8.8800000e-01   1.3577910e+03   1.1797685e+02
   1.3588450e+03   1.3810000e+00   1.3591610e+03   1.2018674e+02
   1.3600450e+03   1.2010000e+00   1.3603610e+03   1.1992923e+02
   1.3613090e+03   1.2640000e+00   1.3616310e+03   1.1995140e+02
   1.3625310e+03   1.2220000e+00   1.3628610e+03   1.1751672e+02
   1.3635120e+03   9.8100000e-01   1.3638410e+03   1.1693311e+02
   1.3643760e+03   8.6400000e-01   1.3647110e+03   1.1848130e+02
   1.3652760e+03   9.0100000e-01   1.3655910e+03   1.2256548e+02
   1.3666730e+03   1.3970000e+00   1.3669810e+03   1.2521334e+02
   1.3679670e+03   1.2940000e+00   1.3682810e+03   1.2446193e+02
   1.3691930e+03   1.2260000e+00   1.3695110e+03   1.2261086e+02
   1.3704800e+03   1.2870000e+00   1.3708010e+03   1.2022051e+02
   1.3716080e+03   1.1280000e+00   1.3719410e+03   1.1710197e+02
   1.3724930e+03   8.8500000e-01   1.3728210e+03   1.1688879e+02
   1.3733380e+03   8.4500000e-01   1.3736610e+03   1.1945749e+02
   1.3746660e+03   1.3280000e+00   1.3749710e+03   1.2367676e+02
   1.3759400e+03   1.2740000e+00   1.3762510e+03   1.2201565e+02
   1.3771970e+03   1.2580000e+00   1.3775110e+03   1.2043369e+02
   1.3782710e+03   1.0730000e+00   1.3786010e+03   1.1737108e+02
   1.3791650e+03   8.9400000e-01   1.3794910e+03   1.1872825e+02
   1.3801370e+03   9.7200000e-01   1.3804510e+03   1.2221827e+02
   1.3815620e+03   1.4250000e+00   1.3818710e+03   1.2456325e+02
   1.3829340e+03   1.3720000e+00   1.3832510e+03   1.2299184e+02
   1.3842600e+03   1.3260000e+00   1.3845810e+03   1.2017618e+02
   1.3853500e+03   1.0900000e+00   1.3856810e+03   1.1725816e+02
   1.3864610e+03   1.1110000e+00   1.3867810e+03   1.1780799e+02
   1.3878320e+03   1.3710000e+00   1.3881510e+03   1.1742701e+02
   1.3891800e+03   1.3470000e+00   1.3895010e+03   1.1703443e+02
   1.3903160e+03   1.1370000e+00   1.3906410e+03   1.1570997e+02
   1.3912310e+03   9.1500000e-01   1.3915610e+03   1.1538492e+02
   1.3921090e+03   8.7800000e-01   1.3924310e+03   1.1832406e+02
   1.3934470e+03   1.3380000e+00   1.3937610e+03   1.2233014e+02
   1.3943150e+03   8.6800000e-01   1.3946410e+03   1.2126424e+02
   1.3957400e+03   1.4260000e+00   1.3960510e+03   1.2258764e+02
   1.3968070e+03   1.0670000e+00   1.3971410e+03   1.1927809e+02
   1.3977320e+03   9.2500000e-01   1.3980610e+03   1.2227421e+02
   1.3991090e+03   1.3770000e+00   1.3994210e+03   1.2034398e+02
   1.4004260e+03   1.3170000e+00   1.4007410e+03   1.1909868e+02
   1.4015660e+03   1.1410000e+00   1.4018910e+03   1.1697849e+02
   1.4024980e+03   9.3200000e-01   1.4028310e+03   1.1596853e+02
   1.4033930e+03   8.9500000e-01   1.4037210e+03   1.1734786e+02
   1.4047730e+03   1.3800000e+00   1.4050810e+03   1.2140988e+02
   1.4060980e+03   1.3250000e+00   1.4064110e+03   1.2022051e+02
   1.4073560e+03   1.2580000e+00   1.4076810e+03   1.1844753e+02
   1.4084420e+03   1.0860000e+00   1.4087710e+03   1.1559810e+02
   1.4094430e+03   1.0010000e+00   1.4097710e+03   1.1658485e+02
   1.4107470e+03   1.3050000e+00   1.4110610e+03   1.1835783e+02
   1.4120120e+03   1.2640000e+00   1.4123310e+03   1.1851507e+02
   1.4132200e+03   1.2080000e+00   1.4135410e+03   1.1803278e+02
   1.4142220e+03   1.0020000e+00   1.4145510e+03   1.1779744e+02
   1.4151890e+03   9.6700000e-01   1.4155110e+03   1.1983953e+02
   1.4165590e+03   1.3700000e+00   1.4168710e+03   1.2172437e+02
   1.4178410e+03   1.2820000e+00   1.4181610e+03   1.2074818e+02
   1.4190380e+03   1.1970000e+00   1.4193610e+03   1.1896359e+02
   1.4200220e+03   9.8400000e-01   1.4203510e+03   1.1648459e+02
   1.4209650e+03   9.4300000e-01   1.4212910e+03   1.1794308e+02
   1.4222780e+03   1.3140000e+00   1.4225910e+03   1.2088221e+02
   1.4235550e+03   1.2770000e+00   1.4238710e+03   1.2025428e+02
   1.4247710e+03   1.2160000e+00   1.4250910e+03   1.1989546e+02
   1.4258090e+03   1.0380000e+00   1.4261410e+03   1.1758426e+02
   1.4267940e+03   9.8500000e-01   1.4271210e+03   1.1940156e+02
   1.4281730e+03   1.3790000e+00   1.4284910e+03   1.2121886e+02
   1.4294790e+03   1.3060000e+00   1.4298010e+03   1.2099513e+02
   1.4306620e+03   1.1830000e+00   1.4309810e+03   1.2042208e+02
   1.4317030e+03   1.0410000e+00   1.4320310e+03   1.1878419e+02
   1.4326270e+03   9.2400000e-01   1.4329610e+03   1.1933402e+02
   1.4335300e+03   9.0300000e-01   1.4338510e+03   1.2373269e+02
   1.4350030e+03   1.4730000e+00   1.4353110e+03   1.2680691e+02
   1.4363670e+03   1.3640000e+00   1.4366810e+03   1.2479859e+02
   1.4376180e+03   1.2510000e+00   1.4379410e+03   1.2126424e+02
   1.4387160e+03   1.0980000e+00   1.4390410e+03   1.1817842e+02
   1.4396680e+03   9.5200000e-01   1.4399910e+03   1.1819003e+02
   1.4410230e+03   1.3550000e+00   1.4413310e+03   1.2052339e+02
   1.4421910e+03   1.1680000e+00   1.4425110e+03   1.1987330e+02
   1.4430310e+03   8.4000000e-01   1.4433610e+03   1.1946910e+02
   1.4438090e+03   7.7800000e-01   1.4441310e+03   1.1758426e+02
   1.4446710e+03   8.6200000e-01   1.4449910e+03   1.2007487e+02
   1.4454990e+03   8.2800000e-01   1.4458210e+03   1.2249794e+02
   1.4464030e+03   9.0400000e-01   1.4467110e+03   1.2679530e+02
   1.4477390e+03   1.3360000e+00   1.4480410e+03   1.2549406e+02
   1.4488380e+03   1.0990000e+00   1.4491610e+03   1.2080411e+02
   1.4499520e+03   1.1150000e+00   1.4502710e+03   1.2077034e+02
   1.4511590e+03   1.2070000e+00   1.4514710e+03   1.1801062e+02
   1.4523080e+03   1.1490000e+00   1.4526310e+03   1.1738163e+02
   1.4532490e+03   9.4100000e-01   1.4535810e+03   1.1677587e+02
   1.4541240e+03   8.7400000e-01   1.4544510e+03   1.1928969e+02
   1.4552470e+03   1.1230000e+00   1.4555610e+03   1.2222883e+02
   1.4565520e+03   1.3040000e+00   1.4568610e+03   1.2180247e+02
   1.4577440e+03   1.1930000e+00   1.4580610e+03   1.2171276e+02
   1.4589000e+03   1.1560000e+00   1.4592210e+03   1.2014241e+02
   1.4598430e+03   9.4200000e-01   1.4601710e+03   1.1787553e+02
   1.4606970e+03   8.5400000e-01   1.4610210e+03   1.2007487e+02
   1.4616430e+03   9.4700000e-01   1.4619510e+03   1.2356384e+02
   1.4630080e+03   1.3650000e+00   1.4633110e+03   1.2455164e+02
   1.4641120e+03   1.1040000e+00   1.4644310e+03   1.2212857e+02
   1.4650710e+03   9.5900000e-01   1.4654010e+03   1.2194810e+02
   1.4660010e+03   9.3000000e-01   1.4663210e+03   1.2195971e+02
   1.4673470e+03   1.3460000e+00   1.4676510e+03   1.2504554e+02
   1.4686040e+03   1.2580000e+00   1.4689210e+03   1.2209480e+02
   1.4696420e+03   1.0380000e+00   1.4699610e+03   1.2033237e+02
   1.4705990e+03   9.5700000e-01   1.4709210e+03   1.1743757e+02
   1.4714750e+03   8.7600000e-01   1.4718010e+03   1.1907652e+02
   1.4722920e+03   8.1700000e-01   1.4726110e+03   1.2263302e+02
   1.4730960e+03   8.0400000e-01   1.4734110e+03   1.2287997e+02
   1.4740170e+03   9.2100000e-01   1.4743210e+03   1.2661589e+02
   1.4753720e+03   1.3550000e+00   1.4756810e+03   1.2717733e+02
   1.4763780e+03   1.0060000e+00   1.4767010e+03   1.2538219e+02
   1.4774260e+03   1.0470000e+00   1.4777410e+03   1.2556160e+02
   1.4787620e+03   1.3370000e+00   1.4790710e+03   1.2284620e+02
   1.4800520e+03   1.2900000e+00   1.4803710e+03   1.2222883e+02
   1.4812570e+03   1.2040000e+00   1.4815810e+03   1.1966012e+02
   1.4822330e+03   9.7600000e-01   1.4825610e+03   1.1877363e+02
   1.4832600e+03   1.0270000e+00   1.4835810e+03   1.1961474e+02
   1.4846400e+03   1.3800000e+00   1.4849510e+03   1.2170221e+02
   1.4859770e+03   1.3370000e+00   1.4862910e+03   1.2127585e+02
   1.4872620e+03   1.2860000e+00   1.4875910e+03   1.1926648e+02
   1.4882690e+03   1.0070000e+00   1.4886010e+03   1.1723600e+02
   1.4891820e+03   9.1300000e-01   1.4895110e+03   1.1852668e+02
   1.4905780e+03   1.3960000e+00   1.4908910e+03   1.2161145e+02
   1.4919660e+03   1.3880000e+00   1.4922810e+03   1.2148903e+02
   1.4932290e+03   1.2630000e+00   1.4935510e+03   1.2132018e+02
   1.4943130e+03   1.0840000e+00   1.4946410e+03   1.1928969e+02
   1.4952250e+03   9.1200000e-01   1.4955610e+03   1.2036615e+02
   1.4961520e+03   9.2700000e-01   1.4964710e+03   1.2404718e+02
   1.4976160e+03   1.4640000e+00   1.4979210e+03   1.2713195e+02
   1.4989660e+03   1.3500000e+00   1.4992810e+03   1.2462973e+02
   1.5002540e+03   1.2880000e+00   1.5005710e+03   1.2302561e+02
   1.5015260e+03   1.2730000e+00   1.5018510e+03   1.2074818e+02
   1.5025970e+03   1.0710000e+00   1.5029310e+03   1.1941317e+02
   1.5037580e+03   1.1610000e+00   1.5040810e+03   1.2167899e+02
   1.5050810e+03   1.3230000e+00   1.5054010e+03   1.2175814e+02
   1.5063380e+03   1.2560000e+00   1.5066610e+03   1.2118509e+02
   1.5074480e+03   1.1100000e+00   1.5077810e+03   1.1897520e+02
   1.5084070e+03   9.5900000e-01   1.5087310e+03   1.1935618e+02
   1.5093450e+03   9.3800000e-01   1.5096610e+03   1.2146581e+02
   1.5107220e+03   1.3770000e+00   1.5110310e+03   1.2510147e+02
   1.5120230e+03   1.3010000e+00   1.5123410e+03   1.2377702e+02
   1.5132530e+03   1.2300000e+00   1.5135810e+03   1.2234175e+02
   1.5142960e+03   1.0430000e+00   1.5146210e+03   1.1999572e+02
   1.5152600e+03   9.6400000e-01   1.5155810e+03   1.2128640e+02
   1.5166020e+03   1.3420000e+00   1.5169110e+03   1.2342981e+02
   1.5178980e+03   1.2960000e+00   1.5182110e+03   1.2268896e+02
   1.5190100e+03   1.1120000e+00   1.5193310e+03   1.2165683e+02
   1.5200370e+03   1.0270000e+00   1.5203710e+03   1.1931186e+02
   1.5209880e+03   9.5100000e-01   1.5213110e+03   1.2006326e+02
   1.5218960e+03   9.0800000e-01   1.5222210e+03   1.2345197e+02
   1.5231680e+03   1.2710000e+00   1.5234710e+03   1.2638055e+02
   1.5240280e+03   8.6100000e-01   1.5243510e+03   1.2460757e+02
   1.5248380e+03   8.1000000e-01   1.5251610e+03   1.2531465e+02
   1.5261320e+03   1.2940000e+00   1.5264410e+03   1.2633517e+02
   1.5271110e+03   9.7900000e-01   1.5274310e+03   1.2493262e+02
   1.5280910e+03   9.8000000e-01   1.5284010e+03   1.2607766e+02
   1.5293180e+03   1.2270000e+00   1.5296310e+03   1.2344036e+02
   1.5304170e+03   1.0990000e+00   1.5307410e+03   1.2221827e+02
   1.5313100e+03   8.9300000e-01   1.5316410e+03   1.2301400e+02
   1.5322290e+03   9.1900000e-01   1.5325410e+03   1.2542652e+02
   1.5336320e+03   1.4030000e+00   1.5339410e+03   1.2736835e+02
   1.5348200e+03   1.1890000e+00   1.5351410e+03   1.2474265e+02
   1.5358880e+03   1.0670000e+00   1.5362010e+03   1.2558376e+02
   1.5371280e+03   1.2410000e+00   1.5374410e+03   1.2351951e+02
   1.5383500e+03   1.2220000e+00   1.5386710e+03   1.2192594e+02
   1.5393250e+03   9.7500000e-01   1.5396510e+03   1.2286836e+02
   1.5403360e+03   1.0120000e+00   1.5406510e+03   1.2392371e+02
   1.5416350e+03   1.2990000e+00   1.5419510e+03   1.2451787e+02
   1.5427580e+03   1.1230000e+00   1.5430810e+03   1.2275650e+02
   1.5436620e+03   9.0400000e-01   1.5439910e+03   1.2280082e+02
   1.5445600e+03   8.9700000e-01   1.5448810e+03   1.2380023e+02
   1.5459980e+03   1.4380000e+00   1.5463010e+03   1.2744644e+02
   1.5473760e+03   1.3780000e+00   1.5476910e+03   1.2599851e+02
   1.5486080e+03   1.2330000e+00   1.5489310e+03   1.2400180e+02
   1.5497600e+03   1.1520000e+00   1.5500910e+03   1.2063526e+02
   1.5507500e+03   9.9000000e-01   1.5510810e+03   1.1993979e+02
   1.5517080e+03   9.5700000e-01   1.5520310e+03   1.2142149e+02
   1.5530920e+03   1.3850000e+00   1.5534010e+03   1.2376646e+02
   1.5543810e+03   1.2890000e+00   1.5547010e+03   1.2139827e+02
   1.5556190e+03   1.2380000e+00   1.5559410e+03   1.1884012e+02
   1.5566860e+03   1.0660000e+00   1.5570110e+03   1.1559810e+02
   1.5576780e+03   9.9200000e-01   1.5580010e+03   1.1666400e+02
   1.5590030e+03   1.3260000e+00   1.5593210e+03   1.1833566e+02
   1.5602600e+03   1.2560000e+00   1.5605810e+03   1.1808871e+02
   1.5613450e+03   1.0860000e+00   1.5616710e+03   1.1788714e+02
   1.5626270e+03   1.2810000e+00   1.5629410e+03   1.1919999e+02
   1.5639500e+03   1.3230000e+00   1.5642710e+03   1.1830189e+02
   1.5652240e+03   1.2740000e+00   1.5655410e+03   1.1713468e+02
   1.5662930e+03   1.0690000e+00   1.5666210e+03   1.1523929e+02
   1.5671930e+03   9.0100000e-01   1.5675210e+03   1.1704498e+02
   1.5683630e+03   1.1700000e+00   1.5686810e+03   1.2026589e+02
   1.5697020e+03   1.3390000e+00   1.5700210e+03   1.2158929e+02
   1.5709560e+03   1.2540000e+00   1.5712810e+03   1.2096136e+02
   1.5720070e+03   1.0500000e+00   1.5723410e+03   1.1936779e+02
   1.5730970e+03   1.0910000e+00   1.5734210e+03   1.2207158e+02
   1.5743160e+03   1.2190000e+00   1.5746310e+03   1.2336227e+02
   1.5753020e+03   9.8600000e-01   1.5756310e+03   1.2302561e+02
   1.5762000e+03   8.9800000e-01   1.5765210e+03   1.2560593e+02
   1.5775640e+03   1.3640000e+00   1.5778810e+03   1.2614521e+02
   1.5785120e+03   9.4800000e-01   1.5788410e+03   1.2431630e+02
   1.5795150e+03   1.0020000e+00   1.5798310e+03   1.2635839e+02
   1.5803520e+03   8.3700000e-01   1.5806810e+03   1.2265519e+02
   1.5811680e+03   8.1600000e-01   1.5814910e+03   1.2575262e+02
   1.5821640e+03   9.9600000e-01   1.5824810e+03   1.2587609e+02
   1.5830410e+03   8.7700000e-01   1.5833610e+03   1.2758153e+02
   1.5843890e+03   1.3470000e+00   1.5846910e+03   1.2804060e+02
   1.5857100e+03   1.3220000e+00   1.5860210e+03   1.2344036e+02
   1.5868040e+03   1.0930000e+00   1.5871310e+03   1.1950287e+02
   1.5877450e+03   9.4100000e-01   1.5880710e+03   1.1914300e+02
   1.5891060e+03   1.3610000e+00   1.5894210e+03   1.2097191e+02
   1.5904050e+03   1.2990000e+00   1.5907210e+03   1.2056877e+02
   1.5915820e+03   1.1770000e+00   1.5919110e+03   1.1986169e+02
   1.5925860e+03   1.0050000e+00   1.5929110e+03   1.1931186e+02
   1.5936280e+03   1.0420000e+00   1.5939510e+03   1.2039992e+02
   1.5950190e+03   1.3910000e+00   1.5953310e+03   1.2180247e+02
   1.5963180e+03   1.2980000e+00   1.5966410e+03   1.2069225e+02
   1.5973940e+03   1.0770000e+00   1.5977210e+03   1.2171276e+02
   1.5987490e+03   1.3550000e+00   1.5990710e+03   1.2102890e+02
   1.6000600e+03   1.3110000e+00   1.6003810e+03   1.1962635e+02
   1.6013720e+03   1.3120000e+00   1.6016910e+03   1.1983953e+02
   1.6026410e+03   1.2690000e+00   1.6029710e+03   1.1972661e+02
   1.6039660e+03   1.3250000e+00   1.6042910e+03   1.1942372e+02
   1.6051670e+03   1.2010000e+00   1.6055010e+03   1.1718006e+02
   1.6061870e+03   1.0200000e+00   1.6065210e+03   1.1840321e+02
   1.6072430e+03   1.0560000e+00   1.6075610e+03   1.2091598e+02
   1.6086560e+03   1.4130000e+00   1.6089710e+03   1.2261086e+02
   1.6099390e+03   1.2840000e+00   1.6102610e+03   1.2146581e+02
   1.6111150e+03   1.1760000e+00   1.6114410e+03   1.2038936e+02
   1.6121220e+03   1.0070000e+00   1.6124510e+03   1.1807711e+02
   1.6131460e+03   1.0240000e+00   1.6134710e+03   1.2019835e+02
   1.6144400e+03   1.2940000e+00   1.6147510e+03   1.2256548e+02
   1.6157050e+03   1.2650000e+00   1.6160210e+03   1.2243145e+02
   1.6169780e+03   1.2730000e+00   1.6173010e+03   1.2144365e+02
   1.6180060e+03   1.0280000e+00   1.6183410e+03   1.1913245e+02
   1.6190630e+03   1.0570000e+00   1.6193910e+03   1.2073657e+02
   1.6203940e+03   1.3310000e+00   1.6207110e+03   1.2274489e+02
   1.6216920e+03   1.2980000e+00   1.6220210e+03   1.2247578e+02
   1.6227280e+03   1.0350000e+00   1.6230510e+03   1.2300345e+02
   1.6239340e+03   1.2060000e+00   1.6242510e+03   1.2327256e+02
   1.6250660e+03   1.1320000e+00   1.6253910e+03   1.2216128e+02
   1.6260860e+03   1.0210000e+00   1.6264210e+03   1.2367676e+02
   1.6271490e+03   1.0630000e+00   1.6274710e+03   1.2635839e+02
   1.6285090e+03   1.3600000e+00   1.6288210e+03   1.2734513e+02
   1.6298430e+03   1.3330000e+00   1.6301610e+03   1.2487668e+02
   1.6309750e+03   1.1320000e+00   1.6313010e+03   1.2197132e+02
   1.6318700e+03   8.9500000e-01   1.6322110e+03   1.1966012e+02
   1.6327130e+03   8.4300000e-01   1.6330310e+03   1.2089382e+02
   1.6340790e+03   1.3670000e+00   1.6343910e+03   1.2617898e+02
   1.6351790e+03   1.1000000e+00   1.6355010e+03   1.2304777e+02
   1.6361860e+03   1.0060000e+00   1.6365010e+03   1.2422659e+02
   1.6372950e+03   1.1100000e+00   1.6376110e+03   1.2256548e+02
   1.6383480e+03   1.0530000e+00   1.6386710e+03   1.2457380e+02
   1.6395770e+03   1.2290000e+00   1.6398910e+03   1.2556160e+02
   1.6406420e+03   1.0650000e+00   1.6409710e+03   1.2328417e+02
   1.6417170e+03   1.0740000e+00   1.6420310e+03   1.2325040e+02
   1.6425940e+03   8.7800000e-01   1.6429310e+03   1.1968228e+02
   1.6434080e+03   8.1300000e-01   1.6437410e+03   1.2215073e+02
   1.6442220e+03   8.1500000e-01   1.6445410e+03   1.2105106e+02
   1.6455450e+03   1.3220000e+00   1.6458510e+03   1.2246417e+02
   1.6467370e+03   1.1930000e+00   1.6470510e+03   1.1953665e+02
   1.6477250e+03   9.8800000e-01   1.6480410e+03   1.1795469e+02
   1.6486070e+03   8.8200000e-01   1.6489310e+03   1.1472322e+02
   1.6494760e+03   8.6900000e-01   1.6497910e+03   1.1562027e+02
   1.6507170e+03   1.2400000e+00   1.6510310e+03   1.1631574e+02
   1.6518630e+03   1.1470000e+00   1.6521810e+03   1.1574374e+02
   1.6530840e+03   1.2210000e+00   1.6534010e+03   1.1513797e+02
   1.6542650e+03   1.1800000e+00   1.6545910e+03   1.1179465e+02
   1.6554140e+03   1.1490000e+00   1.6557310e+03   1.1261359e+02
   1.6566540e+03   1.2400000e+00   1.6569710e+03   1.1296080e+02
   1.6578540e+03   1.2000000e+00   1.6581810e+03   1.1206376e+02
   1.6588620e+03   1.0080000e+00   1.6591910e+03   1.1201838e+02
   1.6600160e+03   1.1530000e+00   1.6603310e+03   1.1394860e+02
   1.6613910e+03   1.3750000e+00   1.6617110e+03   1.1408369e+02
   1.6626470e+03   1.2560000e+00   1.6629710e+03   1.1402670e+02
   1.6638660e+03   1.2190000e+00   1.6641910e+03   1.1334283e+02
   1.6650930e+03   1.2270000e+00   1.6654210e+03   1.1206376e+02
   1.6662160e+03   1.1220000e+00   1.6665510e+03   1.1029078e+02
   1.6672030e+03   9.8700000e-01   1.6675310e+03   1.1293864e+02
   1.6685440e+03   1.3410000e+00   1.6688610e+03   1.1535115e+02
   1.6698950e+03   1.3510000e+00   1.6702110e+03   1.1505988e+02
   1.6712180e+03   1.3230000e+00   1.6715410e+03   1.1477916e+02
   1.6725570e+03   1.3390000e+00   1.6728810e+03   1.1342093e+02
   1.6738520e+03   1.2940000e+00   1.6741810e+03   1.1270330e+02
   1.6749600e+03   1.1090000e+00   1.6752910e+03   1.1164795e+02
   1.6758860e+03   9.2600000e-01   1.6762110e+03   1.1314126e+02
   1.6768410e+03   9.5500000e-01   1.6771610e+03   1.1677587e+02
   1.6782890e+03   1.4490000e+00   1.6786010e+03   1.2020890e+02
   1.6793590e+03   1.0700000e+00   1.6796810e+03   1.1914300e+02
   1.6806760e+03   1.3170000e+00   1.6809910e+03   1.2112916e+02
   1.6819440e+03   1.2680000e+00   1.6822710e+03   1.1712413e+02
   1.6829430e+03   9.9900000e-01   1.6832710e+03   1.1774151e+02
   1.6840550e+03   1.1120000e+00   1.6843710e+03   1.1758426e+02
   1.6852340e+03   1.1780000e+00   1.6855610e+03   1.1654052e+02
   1.6862290e+03   9.9500000e-01   1.6865510e+03   1.1819003e+02
   1.6875130e+03   1.2840000e+00   1.6878310e+03   1.1861639e+02
   1.6885020e+03   9.8900000e-01   1.6888310e+03   1.1592315e+02
   1.6895150e+03   1.0130000e+00   1.6898310e+03   1.1952504e+02
   1.6908650e+03   1.3500000e+00   1.6911810e+03   1.1823435e+02
   1.6918700e+03   1.0050000e+00   1.6922010e+03   1.1679803e+02
   1.6928580e+03   9.8800000e-01   1.6931810e+03   1.1955881e+02
   1.6941030e+03   1.2450000e+00   1.6944210e+03   1.1781960e+02
   1.6950210e+03   9.1900000e-01   1.6953510e+03   1.1832406e+02
   1.6958930e+03   8.7200000e-01   1.6962110e+03   1.1953665e+02
   1.6967510e+03   8.5800000e-01   1.6970710e+03   1.1986169e+02
   1.6976530e+03   9.0200000e-01   1.6979710e+03   1.2161145e+02
   1.6985210e+03   8.6800000e-01   1.6988410e+03   1.2237446e+02
   1.6996410e+03   1.1200000e+00   1.6999510e+03   1.2446193e+02
   1.7009580e+03   1.3180000e+00   1.7012710e+03   1.2093920e+02
   1.7020660e+03   1.1080000e+00   1.7023910e+03   1.1761803e+02
   1.7032100e+03   1.1440000e+00   1.7035310e+03   1.1640544e+02
   1.7044370e+03   1.2260000e+00   1.7047510e+03   1.1409424e+02
   1.7057200e+03   1.2840000e+00   1.7060410e+03   1.1314126e+02
   1.7069540e+03   1.2340000e+00   1.7072810e+03   1.1280461e+02
   1.7079810e+03   1.0260000e+00   1.7083110e+03   1.1291648e+02
   1.7089550e+03   9.7400000e-01   1.7092810e+03   1.1512636e+02
   1.7103340e+03   1.3800000e+00   1.7106510e+03   1.1829028e+02
   1.7117200e+03   1.3860000e+00   1.7120410e+03   1.1906491e+02
   1.7130880e+03   1.3680000e+00   1.7134110e+03   1.1815626e+02
   1.7143940e+03   1.3060000e+00   1.7147210e+03   1.1557594e+02
   1.7155030e+03   1.1090000e+00   1.7158310e+03   1.1412801e+02
   1.7165970e+03   1.0930000e+00   1.7169210e+03   1.1530577e+02
   1.7179590e+03   1.3620000e+00   1.7182710e+03   1.1679803e+02
   1.7193720e+03   1.4130000e+00   1.7196910e+03   1.1723600e+02
   1.7206930e+03   1.3220000e+00   1.7210210e+03   1.1590099e+02
   1.7217220e+03   1.0290000e+00   1.7220610e+03   1.1430742e+02
   1.7226500e+03   9.2700000e-01   1.7229710e+03   1.1585561e+02
   1.7240970e+03   1.4470000e+00   1.7244110e+03   1.1805494e+02
   1.7254970e+03   1.4000000e+00   1.7258110e+03   1.1863855e+02
   1.7267420e+03   1.2440000e+00   1.7270610e+03   1.1778583e+02
   1.7277940e+03   1.0520000e+00   1.7281210e+03   1.1599069e+02
   1.7287150e+03   9.2200000e-01   1.7290510e+03   1.1549679e+02
   1.7296200e+03   9.0400000e-01   1.7299410e+03   1.1924431e+02
   1.7310780e+03   1.4580000e+00   1.7313910e+03   1.2349735e+02
   1.7324300e+03   1.3520000e+00   1.7327510e+03   1.2154496e+02
   1.7336380e+03   1.2080000e+00   1.7339610e+03   1.1891927e+02
   1.7346370e+03   9.9900000e-01   1.7349710e+03   1.1613633e+02
   1.7355030e+03   8.6600000e-01   1.7358310e+03   1.1603502e+02
   1.7364660e+03   9.6300000e-01   1.7367810e+03   1.2029966e+02
   1.7374400e+03   9.7400000e-01   1.7377510e+03   1.2235230e+02
   1.7382960e+03   8.5700000e-01   1.7386210e+03   1.2157873e+02
   1.7391740e+03   8.7800000e-01   1.7394910e+03   1.2276811e+02
   1.7404880e+03   1.3140000e+00   1.7408010e+03   1.2326095e+02
   1.7416070e+03   1.1190000e+00   1.7419210e+03   1.2139827e+02
   1.7428340e+03   1.2270000e+00   1.7431510e+03   1.1890766e+02
   1.7439990e+03   1.1650000e+00   1.7443210e+03   1.1398237e+02
   1.7450030e+03   1.0040000e+00   1.7453210e+03   1.1467784e+02
   1.7459610e+03   9.5800000e-01   1.7462810e+03   1.1631574e+02
   1.7473220e+03   1.3610000e+00   1.7476310e+03   1.1829028e+02
   1.7485470e+03   1.2250000e+00   1.7488610e+03   1.1725816e+02
   1.7497180e+03   1.1700000e+00   1.7500410e+03   1.1639489e+02
   1.7507280e+03   1.0110000e+00   1.7510610e+03   1.1468945e+02
   1.7516160e+03   8.8800000e-01   1.7519410e+03   1.1748295e+02
   1.7530020e+03   1.3860000e+00   1.7533110e+03   1.2086005e+02
   1.7543290e+03   1.3270000e+00   1.7546410e+03   1.1990602e+02
   1.7555990e+03   1.2690000e+00   1.7559210e+03   1.1872825e+02
   1.7567020e+03   1.1040000e+00   1.7570310e+03   1.1558649e+02
   1.7576330e+03   9.3100000e-01   1.7579610e+03   1.1597908e+02
   1.7585900e+03   9.5600000e-01   1.7589110e+03   1.1850346e+02
   1.7600770e+03   1.4870000e+00   1.7603810e+03   1.2173493e+02
   1.7614170e+03   1.3400000e+00   1.7617410e+03   1.1931186e+02
   1.7625430e+03   1.1260000e+00   1.7628610e+03   1.1960313e+02
   1.7639040e+03   1.3610000e+00   1.7642210e+03   1.1845914e+02
   1.7652180e+03   1.3130000e+00   1.7655410e+03   1.1667561e+02
   1.7663070e+03   1.0900000e+00   1.7666410e+03   1.1658485e+02
   1.7673930e+03   1.0860000e+00   1.7677110e+03   1.1850346e+02
   1.7688300e+03   1.4370000e+00   1.7691410e+03   1.1865016e+02
   1.7702050e+03   1.3750000e+00   1.7705210e+03   1.1735947e+02
   1.7714250e+03   1.2200000e+00   1.7717510e+03   1.1532899e+02
   1.7723940e+03   9.7000000e-01   1.7727310e+03   1.1413962e+02
   1.7732670e+03   8.7300000e-01   1.7736010e+03   1.1643921e+02
   1.7746560e+03   1.3890000e+00   1.7749710e+03   1.2194810e+02
   1.7760620e+03   1.4060000e+00   1.7763810e+03   1.2151119e+02
   1.7773900e+03   1.3280000e+00   1.7777110e+03   1.1990602e+02
   1.7784260e+03   1.0360000e+00   1.7787610e+03   1.1813409e+02
   1.7795800e+03   1.1540000e+00   1.7799010e+03   1.1879579e+02
   1.7809140e+03   1.3340000e+00   1.7812310e+03   1.1691095e+02
   1.7819630e+03   1.0490000e+00   1.7822910e+03   1.1702282e+02
   1.7833010e+03   1.3380000e+00   1.7836110e+03   1.1862694e+02
   1.7846670e+03   1.3660000e+00   1.7849810e+03   1.1631574e+02
   1.7860060e+03   1.3390000e+00   1.7863310e+03   1.1507043e+02
   1.7871090e+03   1.1030000e+00   1.7874410e+03   1.1462191e+02
   1.7882630e+03   1.1540000e+00   1.7885810e+03   1.1723600e+02
   1.7895170e+03   1.2550000e+00   1.7898310e+03   1.1836944e+02
   1.7908390e+03   1.3220000e+00   1.7911610e+03   1.1952504e+02
   1.7920070e+03   1.1680000e+00   1.7923310e+03   1.1861639e+02
   1.7929770e+03   9.7000000e-01   1.7933110e+03   1.1886334e+02
   1.7939270e+03   9.5000000e-01   1.7942510e+03   1.1998517e+02
   1.7952670e+03   1.3410000e+00   1.7955810e+03   1.2157873e+02
   1.7963850e+03   1.1180000e+00   1.7967110e+03   1.1933402e+02
   1.7974410e+03   1.0560000e+00   1.7977610e+03   1.2033237e+02
