   2.2783000e+02   9.3300000e-01   2.2820200e+02   1.2441942e+02
   2.2874100e+02   9.1100000e-01   2.2909200e+02   1.2866091e+02
   2.2964300e+02   9.0200000e-01   2.3003300e+02   1.2872180e+02
   2.3059000e+02   9.4700000e-01   2.3092200e+02   1.3189580e+02
   2.3157200e+02   9.8200000e-01   2.3191500e+02   1.3183491e+02
   2.3254100e+02   9.6900000e-01   2.3289400e+02   1.3351260e+02
   2.3349600e+02   9.5600000e-01   2.3384300e+02   1.3064434e+02
   2.3444000e+02   9.4400000e-01   2.3477400e+02   1.3305528e+02
   2.3536800e+02   9.2800000e-01   2.3571000e+02   1.3259797e+02
   2.3630300e+02   9.3500000e-01   2.3664200e+02   1.3799895e+02
   2.3728100e+02   9.7900000e-01   2.3761300e+02   1.3641195e+02
   2.3825100e+02   9.7000000e-01   2.3862000e+02   1.2829429e+02
   2.3920900e+02   9.5700000e-01   2.3954700e+02   1.3397121e+02
   2.4014100e+02   9.3300000e-01   2.4051100e+02   1.2194759e+02
   2.4105700e+02   9.1600000e-01   2.4143100e+02   1.2396081e+02
   2.4195400e+02   8.9700000e-01   2.4229100e+02   1.3528356e+02
   2.4287600e+02   9.2200000e-01   2.4321200e+02   1.3525247e+02
   2.4382100e+02   9.4500000e-01   2.4416900e+02   1.3439873e+02
   2.4475100e+02   9.3000000e-01   2.4510900e+02   1.3302549e+02
   2.4567200e+02   9.2100000e-01   2.4604200e+02   1.3442852e+02
   2.4659100e+02   9.1900000e-01   2.4692900e+02   1.3796915e+02
   2.4751900e+02   9.2800000e-01   2.4785100e+02   1.3644304e+02
   2.4847600e+02   9.5700000e-01   2.4879800e+02   1.3519158e+02
   2.4940600e+02   9.3000000e-01   2.4975900e+02   1.2789786e+02
   2.5032100e+02   9.1500000e-01   2.5067100e+02   1.2829429e+02
   2.5123500e+02   9.1400000e-01   2.5161000e+02   1.2747034e+02
   2.5214000e+02   9.0600000e-01   2.5246500e+02   1.3351260e+02
   2.5308700e+02   9.4700000e-01   2.5341400e+02   1.3308637e+02
   2.5404400e+02   9.5700000e-01   2.5438700e+02   1.3113275e+02
   2.5498500e+02   9.4100000e-01   2.5532800e+02   1.2356438e+02
   2.5590900e+02   9.2400000e-01   2.5630400e+02   1.2081790e+02
   2.5683000e+02   9.2100000e-01   2.5719200e+02   1.2441942e+02
   2.5773100e+02   9.0200000e-01   2.5808000e+02   1.2621888e+02
   2.5865500e+02   9.2400000e-01   2.5900200e+02   1.3232332e+02
   2.5959300e+02   9.3800000e-01   2.5993800e+02   1.2545712e+02
   2.6052400e+02   9.3100000e-01   2.6086700e+02   1.2270935e+02
   2.6143400e+02   9.1000000e-01   2.6179200e+02   1.2164185e+02
   2.6233600e+02   9.0100000e-01   2.6268400e+02   1.2878269e+02
   2.6322800e+02   8.9200000e-01   2.6357600e+02   1.2829429e+02
   2.6413500e+02   9.0700000e-01   2.6445500e+02   1.2991238e+02
   2.6507100e+02   9.3600000e-01   2.6542500e+02   1.2713480e+02
   2.6600500e+02   9.3300000e-01   2.6633900e+02   1.3113275e+02
   2.6693000e+02   9.2500000e-01   2.6730500e+02   1.3027771e+02
   2.6784400e+02   9.1300000e-01   2.6819400e+02   1.3183491e+02
   2.6875500e+02   9.1100000e-01   2.6912600e+02   1.2548692e+02
   2.6964900e+02   8.9400000e-01   2.7004700e+02   1.3641195e+02
   2.7053800e+02   8.8900000e-01   2.7090500e+02   1.3796915e+02
   2.7146600e+02   9.2800000e-01   2.7179900e+02   1.3763361e+02
   2.7242100e+02   9.5400000e-01   2.7276700e+02   1.3351260e+02
   2.7336500e+02   9.4500000e-01   2.7371700e+02   1.3036969e+02
   2.7428400e+02   9.1900000e-01   2.7463100e+02   1.3183491e+02
   2.7520700e+02   9.2300000e-01   2.7556100e+02   1.3394012e+02
   2.7612300e+02   9.1600000e-01   2.7646500e+02   1.3146828e+02
   2.7705300e+02   9.3100000e-01   2.7741300e+02   1.3436763e+02
   2.7800500e+02   9.5200000e-01   2.7834600e+02   1.3183491e+02
   2.7896900e+02   9.6400000e-01   2.7931600e+02   1.3143849e+02
   2.7991400e+02   9.4500000e-01   2.8025600e+02   1.2750143e+02
   2.8084500e+02   9.3100000e-01   2.8118500e+02   1.3073632e+02
   2.8177300e+02   9.2800000e-01   2.8210900e+02   1.3189580e+02
   2.8270700e+02   9.3400000e-01   2.8306300e+02   1.3268865e+02
   2.8369100e+02   9.8500000e-01   2.8405400e+02   1.3070523e+02
   2.8468300e+02   9.9200000e-01   2.8503100e+02   1.3345171e+02
   2.8565400e+02   9.7000000e-01   2.8601500e+02   1.2203827e+02
   2.8660000e+02   9.4700000e-01   2.8694800e+02   1.2402170e+02
   2.8753100e+02   9.3100000e-01   2.8787000e+02   1.3226243e+02
   2.8845400e+02   9.2200000e-01   2.8879000e+02   1.3403210e+02
   2.8938000e+02   9.2600000e-01   2.8973200e+02   1.3397121e+02
   2.9039200e+02   1.0130000e+00   2.9073200e+02   1.3354369e+02
   2.9138500e+02   9.9200000e-01   2.9171900e+02   1.3479515e+02
   2.9233400e+02   9.5000000e-01   2.9269000e+02   1.3433654e+02
   2.9327200e+02   9.3800000e-01   2.9361100e+02   1.3397121e+02
   2.9420600e+02   9.3400000e-01   2.9455100e+02   1.3223134e+02
   2.9513800e+02   9.3300000e-01   2.9549900e+02   1.3433654e+02
   2.9606700e+02   9.2900000e-01   2.9641100e+02   1.3677858e+02
   2.9702100e+02   9.5400000e-01   2.9736900e+02   1.3598572e+02
   2.9798500e+02   9.6400000e-01   2.9833100e+02   1.3671769e+02
   2.9893800e+02   9.5300000e-01   2.9928400e+02   1.3351260e+02
   2.9988700e+02   9.5000000e-01   3.0023200e+02   1.3394012e+02
   3.0082100e+02   9.3400000e-01   3.0116600e+02   1.3259797e+02
   3.0173500e+02   9.1400000e-01   3.0209700e+02   1.2631086e+02
   3.0263400e+02   8.9900000e-01   3.0300000e+02   1.1681996e+02
   3.0353400e+02   9.0000000e-01   3.0389700e+02   1.2713480e+02
   3.0445000e+02   9.1600000e-01   3.0482000e+02   1.2203827e+02
   3.0536200e+02   9.1300000e-01   3.0571700e+02   1.3143849e+02
   3.0627900e+02   9.1700000e-01   3.0661700e+02   1.3070523e+02
   3.0720500e+02   9.2500000e-01   3.0755500e+02   1.2988128e+02
   3.0811900e+02   9.1500000e-01   3.0846700e+02   1.2634195e+02
   3.0902900e+02   9.1000000e-01   3.0941700e+02   1.2115344e+02
   3.0993100e+02   9.0200000e-01   3.1029800e+02   1.2502960e+02
   3.1081700e+02   8.8600000e-01   3.1115900e+02   1.2838627e+02
   3.1169100e+02   8.7400000e-01   3.1206900e+02   1.2277153e+02
   3.1255500e+02   8.6400000e-01   3.1288700e+02   1.2795875e+02
   3.1339600e+02   8.4100000e-01   3.1373800e+02   1.2585355e+02
   3.1421800e+02   8.2200000e-01   3.1455700e+02   1.2792895e+02
   3.1503800e+02   8.2000000e-01   3.1540700e+02   1.2911823e+02
   3.1586300e+02   8.2600000e-01   3.1622800e+02   1.2353458e+02
   3.1668900e+02   8.2600000e-01   3.1705600e+02   1.2667749e+02
   3.1751300e+02   8.2400000e-01   3.1784700e+02   1.3674748e+02
   3.1832500e+02   8.1200000e-01   3.1867800e+02   1.3107186e+02
   3.1915100e+02   8.2600000e-01   3.1950300e+02   1.3317706e+02
   3.2000200e+02   8.5100000e-01   3.2034800e+02   1.3067543e+02
   3.2087400e+02   8.7200000e-01   3.2122800e+02   1.2658551e+02
   3.2175000e+02   8.7700000e-01   3.2210500e+02   1.2710501e+02
   3.2263000e+02   8.8000000e-01   3.2300300e+02   1.2798984e+02
   3.2350400e+02   8.7400000e-01   3.2384400e+02   1.3220154e+02
   3.2441700e+02   9.1300000e-01   3.2474700e+02   1.3348280e+02
   3.2535400e+02   9.3700000e-01   3.2570500e+02   1.3305528e+02
   3.2631500e+02   9.6100000e-01   3.2665300e+02   1.3265886e+02
   3.2727200e+02   9.5700000e-01   3.2761200e+02   1.3180382e+02
   3.2822900e+02   9.5700000e-01   3.2857300e+02   1.2588334e+02
   3.2916400e+02   9.3500000e-01   3.2952100e+02   1.2029970e+02
   3.3007900e+02   9.1600000e-01   3.3042400e+02   1.2515138e+02
   3.3098800e+02   9.0900000e-01   3.3132500e+02   1.2994217e+02
   3.3191600e+02   9.2800000e-01   3.3225000e+02   1.2960664e+02
   3.3286000e+02   9.4400000e-01   3.3322200e+02   1.2121433e+02
   3.3380700e+02   9.4700000e-01   3.3415000e+02   1.2274044e+02
   3.3475200e+02   9.4500000e-01   3.3513000e+02   1.1520316e+02
   3.3568300e+02   9.3100000e-01   3.3605300e+02   1.2154986e+02
   3.3661600e+02   9.3300000e-01   3.3695100e+02   1.2585355e+02
   3.3757600e+02   9.6000000e-01   3.3793200e+02   1.2118453e+02
   3.3853200e+02   9.5600000e-01   3.3887200e+02   1.2072592e+02
   3.3947300e+02   9.4100000e-01   3.3981900e+02   1.1788876e+02
   3.4039100e+02   9.1800000e-01   3.4074200e+02   1.1672798e+02
   3.4131800e+02   9.2600000e-01   3.4164900e+02   1.2277153e+02
   3.4225900e+02   9.4200000e-01   3.4260000e+02   1.2435853e+02
   3.4320100e+02   9.4200000e-01   3.4354100e+02   1.2194759e+02
   3.4414000e+02   9.4000000e-01   3.4448000e+02   1.2359547e+02
   3.4505700e+02   9.1700000e-01   3.4540000e+02   1.2356438e+02
   3.4598500e+02   9.2800000e-01   3.4632800e+02   1.1944466e+02
   3.4691100e+02   9.2600000e-01   3.4726100e+02   1.1953664e+02
   3.4782200e+02   9.1100000e-01   3.4818000e+02   1.2158096e+02
   3.4873500e+02   9.1300000e-01   3.4909900e+02   1.2109255e+02
   3.4961000e+02   8.7500000e-01   3.4995100e+02   1.2277153e+02
   3.5049400e+02   8.8400000e-01   3.5082100e+02   1.2713480e+02
   3.5147100e+02   9.7700000e-01   3.5182100e+02   1.2621888e+02
   3.5246500e+02   9.9400000e-01   3.5282900e+02   1.2744055e+02
   3.5342600e+02   9.6100000e-01   3.5375900e+02   1.3265886e+02
   3.5438400e+02   9.5800000e-01   3.5473800e+02   1.3101097e+02
   3.5534100e+02   9.5700000e-01   3.5570100e+02   1.3189580e+02
   3.5627800e+02   9.3700000e-01   3.5661700e+02   1.2991238e+02
   3.5720600e+02   9.2800000e-01   3.5755900e+02   1.3436763e+02
   3.5811600e+02   9.1000000e-01   3.5844800e+02   1.3729678e+02
   3.5907100e+02   9.5500000e-01   3.5940900e+02   1.3677858e+02
   3.6006700e+02   9.9600000e-01   3.6043000e+02   1.3217045e+02
   3.6107600e+02   1.0100000e+00   3.6141800e+02   1.3268865e+02
   3.6205600e+02   9.8000000e-01   3.6239000e+02   1.3345171e+02
   3.6302500e+02   9.6900000e-01   3.6336400e+02   1.3177402e+02
   3.6398800e+02   9.6200000e-01   3.6434900e+02   1.2426655e+02
   3.6493800e+02   9.5000000e-01   3.6530900e+02   1.2762321e+02
   3.6588100e+02   9.4300000e-01   3.6622700e+02   1.2860003e+02
   3.6681800e+02   9.3700000e-01   3.6715900e+02   1.3311617e+02
   3.6778500e+02   9.6700000e-01   3.6812400e+02   1.3107186e+02
   3.6875700e+02   9.7200000e-01   3.6910900e+02   1.2481584e+02
   3.6973500e+02   9.7800000e-01   3.7011800e+02   1.2621888e+02
   3.7069600e+02   9.6100000e-01   3.7105400e+02   1.2548692e+02
   3.7164900e+02   9.5200000e-01   3.7200000e+02   1.2591444e+02
   3.7261100e+02   9.6300000e-01   3.7296600e+02   1.2869201e+02
   3.7357700e+02   9.6600000e-01   3.7391600e+02   1.2911823e+02
   3.7455300e+02   9.7600000e-01   3.7490300e+02   1.2869201e+02
   3.7553900e+02   9.8600000e-01   3.7590600e+02   1.2280133e+02
   3.7650800e+02   9.6900000e-01   3.7685400e+02   1.2115344e+02
   3.7747300e+02   9.6500000e-01   3.7781300e+02   1.2396081e+02
   3.7843600e+02   9.6300000e-01   3.7880400e+02   1.1868161e+02
   3.7937900e+02   9.4300000e-01   3.7972700e+02   1.2200847e+02
   3.8033100e+02   9.5200000e-01   3.8067200e+02   1.2469407e+02
   3.8128100e+02   9.5000000e-01   3.8162600e+02   1.2469407e+02
   3.8226000e+02   9.7900000e-01   3.8262200e+02   1.2469407e+02
   3.8324000e+02   9.8100000e-01   3.8357200e+02   1.3027771e+02
   3.8419200e+02   9.5200000e-01   3.8453600e+02   1.2747034e+02
   3.8510900e+02   9.1800000e-01   3.8548600e+02   1.2240490e+02
   3.8600500e+02   8.9600000e-01   3.8635500e+02   1.2667749e+02
   3.8691400e+02   9.0900000e-01   3.8727100e+02   1.2747034e+02
   3.8785600e+02   9.4200000e-01   3.8822000e+02   1.2551801e+02
   3.8881000e+02   9.5400000e-01   3.8915200e+02   1.2945377e+02
   3.8976000e+02   9.5000000e-01   3.9010400e+02   1.2942397e+02
   3.9070500e+02   9.4500000e-01   3.9107200e+02   1.2435853e+02
   3.9163300e+02   9.2800000e-01   3.9203400e+02   1.1959753e+02
   3.9256300e+02   9.3000000e-01   3.9292300e+02   1.2829429e+02
   3.9352900e+02   9.6600000e-01   3.9387000e+02   1.3308637e+02
   3.9450100e+02   9.7100000e-01   3.9483400e+02   1.3064434e+02
   3.9545900e+02   9.5900000e-01   3.9578900e+02   1.2829429e+02
   3.9640600e+02   9.4600000e-01   3.9675100e+02   1.2624997e+02
   3.9735100e+02   9.4600000e-01   3.9772100e+02   1.1950555e+02
   3.9830500e+02   9.5400000e-01   3.9864300e+02   1.2985149e+02
   3.9927900e+02   9.7300000e-01   3.9962200e+02   1.2509049e+02
   4.0024300e+02   9.6400000e-01   4.0062000e+02   1.2365636e+02
   4.0120500e+02   9.6300000e-01   4.0156200e+02   1.2078681e+02
   4.0216600e+02   9.6100000e-01   4.0250800e+02   1.2310707e+02
   4.0311500e+02   9.4900000e-01   4.0346900e+02   1.1987218e+02
   4.0408400e+02   9.6900000e-01   4.0442000e+02   1.2505940e+02
   4.0504500e+02   9.6100000e-01   4.0539800e+02   1.2118453e+02
   4.0599400e+02   9.4900000e-01   4.0633900e+02   1.2277153e+02
   4.0691900e+02   9.2500000e-01   4.0728500e+02   1.2356438e+02
   4.0785100e+02   9.3100000e-01   4.0820000e+02   1.2429634e+02
   4.0881100e+02   9.6100000e-01   4.0915000e+02   1.2512029e+02
   4.0977200e+02   9.6100000e-01   4.1011100e+02   1.2954575e+02
   4.1071800e+02   9.4600000e-01   4.1107100e+02   1.2469407e+02
   4.1164500e+02   9.2700000e-01   4.1202000e+02   1.2628106e+02
   4.1254800e+02   9.0300000e-01   4.1292700e+02   1.1834607e+02
   4.1346200e+02   9.1300000e-01   4.1383300e+02   1.2313686e+02
   4.1437500e+02   9.1300000e-01   4.1470700e+02   1.3143849e+02
   4.1532700e+02   9.5200000e-01   4.1566800e+02   1.3189580e+02
   4.1627100e+02   9.4400000e-01   4.1664000e+02   1.3229223e+02
   4.1719600e+02   9.2500000e-01   4.1754800e+02   1.2951595e+02
   4.1810500e+02   9.0900000e-01   4.1845900e+02   1.2991238e+02
   4.1902400e+02   9.1900000e-01   4.1939900e+02   1.3097988e+02
   4.1996100e+02   9.3700000e-01   4.2029300e+02   1.3516178e+02
   4.2093300e+02   9.7200000e-01   4.2127800e+02   1.3476406e+02
   4.2189800e+02   9.6500000e-01   4.2224500e+02   1.3348280e+02
   4.2285600e+02   9.5800000e-01   4.2320500e+02   1.3152917e+02
   4.2379800e+02   9.4200000e-01   4.2415500e+02   1.2624997e+02
   4.2474600e+02   9.4800000e-01   4.2509200e+02   1.3302549e+02
   4.2570500e+02   9.5900000e-01   4.2607900e+02   1.2753123e+02
   4.2668000e+02   9.7500000e-01   4.2704600e+02   1.2664640e+02
   4.2763800e+02   9.5800000e-01   4.2803700e+02   1.2704282e+02
   4.2857200e+02   9.3300000e-01   4.2891700e+02   1.2667749e+02
   4.2949900e+02   9.2800000e-01   4.2983600e+02   1.2585355e+02
   4.3043800e+02   9.3900000e-01   4.3077300e+02   1.2914932e+02
   4.3140300e+02   9.6500000e-01   4.3173000e+02   1.2914932e+02
   4.3235000e+02   9.4700000e-01   4.3268700e+02   1.2832538e+02
   4.3328600e+02   9.3500000e-01   4.3362500e+02   1.2664640e+02
   4.3420900e+02   9.2300000e-01   4.3456400e+02   1.2472386e+02
   4.3512500e+02   9.1600000e-01   4.3546500e+02   1.2512029e+02
   4.3605100e+02   9.2700000e-01   4.3641800e+02   1.2243470e+02
   4.3698100e+02   9.3000000e-01   4.3731300e+02   1.2835517e+02
   4.3794100e+02   9.5900000e-01   4.3831200e+02   1.2393101e+02
   4.3889800e+02   9.5700000e-01   4.3924200e+02   1.2274044e+02
   4.3985600e+02   9.5800000e-01   4.4022400e+02   1.1831498e+02
   4.4081400e+02   9.5700000e-01   4.4116200e+02   1.1834607e+02
   4.4177900e+02   9.6500000e-01   4.4214300e+02   1.1910912e+02
   4.4273100e+02   9.5200000e-01   4.4310300e+02   1.1752213e+02
   4.4368000e+02   9.4900000e-01   4.4405400e+02   1.1312776e+02
   4.4461700e+02   9.3700000e-01   4.4496100e+02   1.1837587e+02
   4.4557900e+02   9.6200000e-01   4.4593200e+02   1.2283242e+02
   4.4654400e+02   9.6500000e-01   4.4688000e+02   1.2203827e+02
   4.4749800e+02   9.5400000e-01   4.4785100e+02   1.2393101e+02
   4.4842600e+02   9.2700000e-01   4.4879200e+02   1.2322884e+02
   4.4934900e+02   9.2400000e-01   4.4971900e+02   1.2582245e+02
   4.5026700e+02   9.1800000e-01   4.5061200e+02   1.2878269e+02
   4.5123300e+02   9.6600000e-01   4.5160000e+02   1.3302549e+02
   4.5218800e+02   9.5400000e-01   4.5253300e+02   1.3561910e+02
   4.5313300e+02   9.4600000e-01   4.5347300e+02   1.3394012e+02
   4.5404900e+02   9.1600000e-01   4.5440000e+02   1.3305528e+02
   4.5493800e+02   8.8900000e-01   4.5530800e+02   1.2667749e+02
   4.5584900e+02   9.1200000e-01   4.5621200e+02   1.3467337e+02
   4.5678700e+02   9.3800000e-01   4.5712700e+02   1.3549732e+02
   4.5774800e+02   9.6000000e-01   4.5809600e+02   1.3433654e+02
   4.5871200e+02   9.6500000e-01   4.5906200e+02   1.3180382e+02
   4.5965600e+02   9.4300000e-01   4.6003900e+02   1.1831498e+02
   4.6059000e+02   9.3400000e-01   4.6094900e+02   1.2869201e+02
   4.6151400e+02   9.2400000e-01   4.6185600e+02   1.3345171e+02
   4.6244200e+02   9.2800000e-01   4.6278900e+02   1.3476406e+02
   4.6338500e+02   9.4300000e-01   4.6373400e+02   1.3598572e+02
   4.6434500e+02   9.6000000e-01   4.6472000e+02   1.2747034e+02
   4.6528400e+02   9.3900000e-01   4.6562900e+02   1.3387923e+02
   4.6622000e+02   9.3600000e-01   4.6657500e+02   1.3265886e+02
   4.6713400e+02   9.1300000e-01   4.6750900e+02   1.2789786e+02
   4.6804800e+02   9.1400000e-01   4.6840900e+02   1.3177402e+02
   4.6899200e+02   9.4400000e-01   4.6933800e+02   1.3394012e+02
   4.6996100e+02   9.6900000e-01   4.7030700e+02   1.3305528e+02
   4.7091600e+02   9.5500000e-01   4.7125600e+02   1.3030880e+02
   4.7186300e+02   9.4700000e-01   4.7220900e+02   1.2670729e+02
   4.7280200e+02   9.3900000e-01   4.7315500e+02   1.2753123e+02
   4.7375300e+02   9.5100000e-01   4.7411900e+02   1.2789786e+02
   4.7473800e+02   9.8400000e-01   4.7511900e+02   1.2664640e+02
   4.7571700e+02   9.7900000e-01   4.7607500e+02   1.2356438e+02
   4.7667300e+02   9.5700000e-01   4.7704700e+02   1.2158096e+02
   4.7760100e+02   9.2800000e-01   4.7795500e+02   1.2389992e+02
   4.7853900e+02   9.3800000e-01   4.7890400e+02   1.2875290e+02
   4.7948600e+02   9.4700000e-01   4.7983500e+02   1.2704282e+02
   4.8046100e+02   9.7500000e-01   4.8080100e+02   1.2872180e+02
   4.8143500e+02   9.7400000e-01   4.8178500e+02   1.2624997e+02
   4.8239000e+02   9.5500000e-01   4.8273500e+02   1.2591444e+02
   4.8332700e+02   9.3800000e-01   4.8371500e+02   1.2072592e+02
   4.8424600e+02   9.1800000e-01   4.8463700e+02   1.1724748e+02
   4.8515000e+02   9.0400000e-01   4.8548300e+02   1.2667749e+02
   4.8605800e+02   9.0800000e-01   4.8640600e+02   1.2792895e+02
   4.8696200e+02   9.0400000e-01   4.8730300e+02   1.2988128e+02
   4.8788200e+02   9.2100000e-01   4.8823600e+02   1.3064434e+02
   4.8880000e+02   9.1800000e-01   4.8916300e+02   1.2792895e+02
   4.8970900e+02   9.0900000e-01   4.9007800e+02   1.2841736e+02
   4.9062900e+02   9.2000000e-01   4.9103400e+02   1.3256688e+02
   4.9158300e+02   9.5400000e-01   4.9192400e+02   1.3174293e+02
   4.9255500e+02   9.7200000e-01   4.9289200e+02   1.3104077e+02
   4.9351600e+02   9.6100000e-01   4.9385500e+02   1.3110165e+02
   4.9445700e+02   9.4000000e-01   4.9482400e+02   1.2399190e+02
   4.9539700e+02   9.4000000e-01   4.9574100e+02   1.2747034e+02
   4.9633900e+02   9.4200000e-01   4.9670100e+02   1.2911823e+02
   4.9728800e+02   9.4900000e-01   4.9763400e+02   1.2948486e+02
   4.9826600e+02   9.7800000e-01   4.9861000e+02   1.2875290e+02
   4.9922700e+02   9.6100000e-01   4.9957200e+02   1.2707392e+02
   5.0018000e+02   9.5300000e-01   5.0052200e+02   1.2747034e+02
   5.0112400e+02   9.4400000e-01   5.0147100e+02   1.2585355e+02
   5.0205800e+02   9.3300000e-01   5.0242200e+02   1.2313686e+02
   5.0299500e+02   9.3800000e-01   5.0334000e+02   1.2792895e+02
   5.0396100e+02   9.6600000e-01   5.0430300e+02   1.3033990e+02
   5.0492100e+02   9.6000000e-01   5.0527100e+02   1.2707392e+02
   5.0587300e+02   9.5200000e-01   5.0621000e+02   1.2469407e+02
   5.0682100e+02   9.4800000e-01   5.0716800e+02   1.2512029e+02
   5.0777100e+02   9.5000000e-01   5.0812300e+02   1.2316796e+02
   5.0873000e+02   9.5900000e-01   5.0908700e+02   1.2161075e+02
   5.0968500e+02   9.5500000e-01   5.1003900e+02   1.1794964e+02
   5.1064100e+02   9.5600000e-01   5.1097900e+02   1.2152007e+02
   5.1159500e+02   9.5400000e-01   5.1194700e+02   1.1675907e+02
   5.1254600e+02   9.5100000e-01   5.1288000e+02   1.1910912e+02
   5.1350100e+02   9.5500000e-01   5.1383100e+02   1.1831498e+02
   5.1442900e+02   9.2800000e-01   5.1480100e+02   1.1358507e+02
   5.1535800e+02   9.2800000e-01   5.1570900e+02   1.2154986e+02
   5.1629300e+02   9.3600000e-01   5.1663800e+02   1.2469407e+02
   5.1721300e+02   9.1900000e-01   5.1754900e+02   1.2948486e+02
   5.1813900e+02   9.2600000e-01   5.1850500e+02   1.2911823e+02
   5.1906200e+02   9.2300000e-01   5.1940600e+02   1.3342191e+02
   5.1998500e+02   9.2300000e-01   5.2034500e+02   1.3387923e+02
   5.2090700e+02   9.2200000e-01   5.2125700e+02   1.3525247e+02
   5.2188500e+02   9.7800000e-01   5.2222700e+02   1.3677858e+02
   5.2290900e+02   1.0240000e+00   5.2324800e+02   1.3592354e+02
   5.2391300e+02   1.0040000e+00   5.2425600e+02   1.3558800e+02
   5.2484800e+02   9.3500000e-01   5.2522900e+02   1.2710501e+02
   5.2579900e+02   9.5100000e-01   5.2615800e+02   1.3262776e+02
   5.2676600e+02   9.6700000e-01   5.2711700e+02   1.3836558e+02
   5.2776000e+02   9.9300000e-01   5.2811600e+02   1.3827359e+02
   5.2878900e+02   1.0290000e+00   5.2912600e+02   1.4004456e+02
   5.2980300e+02   1.0140000e+00   5.3013500e+02   1.3513069e+02
   5.3081200e+02   1.0090000e+00   5.3115500e+02   1.3308637e+02
   5.3179500e+02   9.8300000e-01   5.3215700e+02   1.3140739e+02
   5.3276100e+02   9.6600000e-01   5.3311600e+02   1.3070523e+02
   5.3373000e+02   9.6900000e-01   5.3410500e+02   1.3140739e+02
   5.3472600e+02   9.9600000e-01   5.3508000e+02   1.3156026e+02
   5.3573600e+02   1.0100000e+00   5.3608300e+02   1.3354369e+02
   5.3672600e+02   9.9000000e-01   5.3710400e+02   1.3146828e+02
   5.3771100e+02   9.8500000e-01   5.3807600e+02   1.2872180e+02
   5.3866800e+02   9.5700000e-01   5.3905400e+02   1.2399190e+02
   5.3962100e+02   9.5300000e-01   5.3997500e+02   1.3436763e+02
   5.4059200e+02   9.7100000e-01   5.4094000e+02   1.3519158e+02
   5.4156300e+02   9.7100000e-01   5.4191600e+02   1.3479515e+02
   5.4251700e+02   9.5400000e-01   5.4288400e+02   1.3354369e+02
   5.4346400e+02   9.4700000e-01   5.4382400e+02   1.2786806e+02
   5.4439200e+02   9.2800000e-01   5.4474400e+02   1.2869201e+02
   5.4532600e+02   9.3300000e-01   5.4567500e+02   1.3226243e+02
   5.4628400e+02   9.5800000e-01   5.4663100e+02   1.3391032e+02
   5.4724600e+02   9.6200000e-01   5.4760500e+02   1.3268865e+02
   5.4820000e+02   9.5400000e-01   5.4854000e+02   1.3110165e+02
   5.4914500e+02   9.4500000e-01   5.4949700e+02   1.2997327e+02
   5.5006800e+02   9.2300000e-01   5.5042100e+02   1.2509049e+02
   5.5099200e+02   9.2400000e-01   5.5134100e+02   1.3067543e+02
   5.5192000e+02   9.2800000e-01   5.5227000e+02   1.2667749e+02
   5.5285400e+02   9.3400000e-01   5.5323000e+02   1.2393101e+02
   5.5381200e+02   9.5800000e-01   5.5415200e+02   1.2908843e+02
   5.5475900e+02   9.4700000e-01   5.5510300e+02   1.2948486e+02
   5.5570200e+02   9.4300000e-01   5.5605800e+02   1.2792895e+02
   5.5664000e+02   9.3800000e-01   5.5696900e+02   1.3030880e+02
   5.5754300e+02   9.0300000e-01   5.5788600e+02   1.2661660e+02
   5.5844800e+02   9.0600000e-01   5.5880200e+02   1.2502960e+02
   5.5936000e+02   9.1100000e-01   5.5970300e+02   1.2838627e+02
   5.6028500e+02   9.2600000e-01   5.6062900e+02   1.2985149e+02
   5.6123700e+02   9.5200000e-01   5.6161200e+02   1.2744055e+02
   5.6218200e+02   9.4500000e-01   5.6253100e+02   1.2621888e+02
   5.6311100e+02   9.2800000e-01   5.6346000e+02   1.2512029e+02
   5.6402000e+02   9.0900000e-01   5.6438100e+02   1.1993307e+02
   5.6492500e+02   9.0500000e-01   5.6530600e+02   1.1749103e+02
   5.6582700e+02   9.0200000e-01   5.6618000e+02   1.2203827e+02
   5.6672200e+02   8.9500000e-01   5.6710800e+02   1.2148898e+02
   5.6761500e+02   8.9300000e-01   5.6802900e+02   1.2029970e+02
   5.6847500e+02   8.6000000e-01   5.6883900e+02   1.2585355e+02
   5.6930300e+02   8.2800000e-01   5.6965800e+02   1.2707392e+02
   5.7013000e+02   8.2700000e-01   5.7047600e+02   1.2954575e+02
   5.7098300e+02   8.5300000e-01   5.7134000e+02   1.2670729e+02
   5.7186800e+02   8.8500000e-01   5.7221700e+02   1.2795875e+02
   5.7274200e+02   8.7400000e-01   5.7309600e+02   1.2753123e+02
   5.7363000e+02   8.8800000e-01   5.7397600e+02   1.2881379e+02
   5.7451900e+02   8.8900000e-01   5.7486800e+02   1.2829429e+02
   5.7539100e+02   8.7300000e-01   5.7573700e+02   1.2914932e+02
   5.7628600e+02   8.9500000e-01   5.7662700e+02   1.2789786e+02
   5.7718500e+02   8.9900000e-01   5.7752800e+02   1.2914932e+02
   5.7809300e+02   9.0800000e-01   5.7844900e+02   1.2396081e+02
   5.7899600e+02   9.0300000e-01   5.7936800e+02   1.2039038e+02
   5.7990700e+02   9.1100000e-01   5.8027500e+02   1.2509049e+02
   5.8083600e+02   9.2900000e-01   5.8121500e+02   1.2792895e+02
   5.8180000e+02   9.6400000e-01   5.8214200e+02   1.2994217e+02
   5.8277400e+02   9.7400000e-01   5.8311500e+02   1.2914932e+02
   5.8374400e+02   9.7100000e-01   5.8410600e+02   1.2789786e+02
   5.8470800e+02   9.6400000e-01   5.8506600e+02   1.2304618e+02
   5.8566400e+02   9.5600000e-01   5.8603600e+02   1.1877359e+02
   5.8659800e+02   9.3400000e-01   5.8695400e+02   1.1944466e+02
   5.8753600e+02   9.3800000e-01   5.8788700e+02   1.2396081e+02
   5.8847600e+02   9.4000000e-01   5.8883400e+02   1.2356438e+02
   5.8944200e+02   9.6500000e-01   5.8980600e+02   1.2545712e+02
   5.9041500e+02   9.7300000e-01   5.9077300e+02   1.2154986e+02
   5.9137800e+02   9.6300000e-01   5.9171200e+02   1.2270935e+02
   5.9232600e+02   9.4800000e-01   5.9266000e+02   1.2112364e+02
   5.9326600e+02   9.4100000e-01   5.9361500e+02   1.1996287e+02
   5.9419000e+02   9.2400000e-01   5.9456400e+02   1.1840696e+02
   5.9511600e+02   9.2600000e-01   5.9545800e+02   1.1917001e+02
   5.9604400e+02   9.2800000e-01   5.9639600e+02   1.1681996e+02
   5.9699400e+02   9.4900000e-01   5.9735400e+02   1.1913892e+02
   5.9795800e+02   9.6500000e-01   5.9835300e+02   1.1718659e+02
   5.9891100e+02   9.5300000e-01   5.9925400e+02   1.1990198e+02
   5.9985600e+02   9.4400000e-01   6.0021800e+02   1.1904824e+02
   6.0078900e+02   9.3300000e-01   6.0113300e+02   1.1596622e+02
   6.0170800e+02   9.2000000e-01   6.0207300e+02   1.1477565e+02
   6.0263200e+02   9.2400000e-01   6.0304100e+02   1.1764390e+02
   6.0354800e+02   9.1600000e-01   6.0391300e+02   1.2158096e+02
   6.0448500e+02   9.3700000e-01   6.0484200e+02   1.2399190e+02
   6.0540200e+02   9.1700000e-01   6.0576000e+02   1.2277153e+02
   6.0630300e+02   9.0100000e-01   6.0665800e+02   1.2475495e+02
   6.0720700e+02   9.0400000e-01   6.0756000e+02   1.2945377e+02
   6.0808800e+02   8.8000000e-01   6.0843200e+02   1.3107186e+02
   6.0895600e+02   8.6800000e-01   6.0932100e+02   1.2631086e+02
   6.0983000e+02   8.7400000e-01   6.1020100e+02   1.2948486e+02
   6.1070600e+02   8.7600000e-01   6.1107000e+02   1.3177402e+02
   6.1159000e+02   8.8400000e-01   6.1193400e+02   1.3726698e+02
   6.1250200e+02   9.1200000e-01   6.1285800e+02   1.3387923e+02
   6.1342400e+02   9.2200000e-01   6.1376700e+02   1.3641195e+02
   6.1434200e+02   9.1800000e-01   6.1471200e+02   1.3302549e+02
   6.1526700e+02   9.2500000e-01   6.1560900e+02   1.3104077e+02
   6.1617800e+02   9.1100000e-01   6.1654200e+02   1.3110165e+02
   6.1710100e+02   9.2300000e-01   6.1744800e+02   1.3024791e+02
   6.1803500e+02   9.3400000e-01   6.1837900e+02   1.3638215e+02
   6.1899900e+02   9.6400000e-01   6.1936000e+02   1.3113275e+02
   6.1996600e+02   9.6700000e-01   6.2029800e+02   1.3186471e+02
   6.2093300e+02   9.6700000e-01   6.2127800e+02   1.2957684e+02
   6.2188800e+02   9.5500000e-01   6.2222800e+02   1.2661660e+02
   6.2281500e+02   9.2700000e-01   6.2317900e+02   1.2078681e+02
   6.2374800e+02   9.3300000e-01   6.2409600e+02   1.2045127e+02
   6.2469200e+02   9.4400000e-01   6.2503900e+02   1.2399190e+02
   6.2565400e+02   9.6200000e-01   6.2603900e+02   1.2835517e+02
   6.2661900e+02   9.6400000e-01   6.2696700e+02   1.2426655e+02
   6.2757500e+02   9.5700000e-01   6.2792800e+02   1.2548692e+02
   6.2851000e+02   9.3500000e-01   6.2886800e+02   1.1953664e+02
   6.2943900e+02   9.2900000e-01   6.2979700e+02   1.1953664e+02
   6.3037300e+02   9.3400000e-01   6.3072400e+02   1.2466297e+02
   6.3132700e+02   9.5400000e-01   6.3167700e+02   1.2753123e+02
   6.3229100e+02   9.6400000e-01   6.3263800e+02   1.2914932e+02
   6.3324500e+02   9.5400000e-01   6.3359800e+02   1.3067543e+02
   6.3419200e+02   9.4700000e-01   6.3453700e+02   1.2951595e+02
   6.3513100e+02   9.4000000e-01   6.3549900e+02   1.2277153e+02
   6.3606600e+02   9.3500000e-01   6.3642600e+02   1.2756232e+02
   6.3701200e+02   9.4600000e-01   6.3737400e+02   1.2786806e+02
   6.3796200e+02   9.5000000e-01   6.3831600e+02   1.3226243e+02
   6.3893200e+02   9.7000000e-01   6.3927700e+02   1.3107186e+02
   6.3990600e+02   9.7400000e-01   6.4026400e+02   1.2792895e+02
   6.4087100e+02   9.6600000e-01   6.4122200e+02   1.2914932e+02
   6.4182500e+02   9.5400000e-01   6.4221500e+02   1.2356438e+02
   6.4275900e+02   9.3300000e-01   6.4311400e+02   1.2228312e+02
   6.4369600e+02   9.3700000e-01   6.4406300e+02   1.2426655e+02
   6.4463400e+02   9.3800000e-01   6.4497600e+02   1.2579266e+02
   6.4558500e+02   9.5100000e-01   6.4592500e+02   1.2951595e+02
   6.4653400e+02   9.4800000e-01   6.4688600e+02   1.2960664e+02
   6.4747100e+02   9.3700000e-01   6.4782600e+02   1.3110165e+02
   6.4839200e+02   9.2200000e-01   6.4875200e+02   1.2789786e+02
   6.4931600e+02   9.2400000e-01   6.4968400e+02   1.2832538e+02
   6.5024900e+02   9.3300000e-01   6.5062100e+02   1.2832538e+02
   6.5120700e+02   9.5700000e-01   6.5155500e+02   1.3387923e+02
   6.5217900e+02   9.7300000e-01   6.5252900e+02   1.3302549e+02
   6.5315200e+02   9.7300000e-01   6.5351100e+02   1.3174293e+02
   6.5411200e+02   9.6000000e-01   6.5446100e+02   1.2954575e+02
   6.5505400e+02   9.4200000e-01   6.5543200e+02   1.2274044e+02
   6.5598800e+02   9.3400000e-01   6.5634400e+02   1.2829429e+02
   6.5694100e+02   9.5300000e-01   6.5728800e+02   1.3033990e+02
   6.5790000e+02   9.5900000e-01   6.5824400e+02   1.2994217e+02
   6.5885000e+02   9.4900000e-01   6.5923300e+02   1.2997327e+02
   6.5978400e+02   9.3400000e-01   6.6011900e+02   1.2597532e+02
   6.6069500e+02   9.1100000e-01   6.6108200e+02   1.2072592e+02
   6.6160600e+02   9.1100000e-01   6.6196100e+02   1.2753123e+02
   6.6252900e+02   9.2300000e-01   6.6287100e+02   1.2945377e+02
   6.6347200e+02   9.4300000e-01   6.6382000e+02   1.2783697e+02
   6.6440500e+02   9.3300000e-01   6.6475000e+02   1.2875290e+02
   6.6532300e+02   9.1800000e-01   6.6567200e+02   1.2914932e+02
   6.6621500e+02   8.9200000e-01   6.6657000e+02   1.2753123e+02
   6.6709900e+02   8.8400000e-01   6.6745900e+02   1.2359547e+02
   6.6800100e+02   9.0200000e-01   6.6836200e+02   1.2835517e+02
   6.6891400e+02   9.1300000e-01   6.6926000e+02   1.2994217e+02
   6.6984400e+02   9.3000000e-01   6.7019100e+02   1.3040078e+02
   6.7076500e+02   9.2000000e-01   6.7111100e+02   1.2951595e+02
   6.7167700e+02   9.1300000e-01   6.7204800e+02   1.2505940e+02
   6.7256700e+02   8.8900000e-01   6.7295000e+02   1.1837587e+02
   6.7346200e+02   8.9500000e-01   6.7381700e+02   1.2621888e+02
   6.7436200e+02   9.0000000e-01   6.7471600e+02   1.2658551e+02
   6.7529100e+02   9.2800000e-01   6.7562800e+02   1.2991238e+02
   6.7620800e+02   9.1700000e-01   6.7655900e+02   1.2789786e+02
   6.7711300e+02   9.0500000e-01   6.7746800e+02   1.2914932e+02
   6.7800900e+02   8.9500000e-01   6.7835300e+02   1.2792895e+02
   6.7889200e+02   8.8400000e-01   6.7923700e+02   1.2637175e+02
   6.7978800e+02   8.9500000e-01   6.8014800e+02   1.2509049e+02
   6.8067900e+02   8.9200000e-01   6.8104800e+02   1.2707392e+02
   6.8160400e+02   9.2500000e-01   6.8194900e+02   1.3229223e+02
   6.8254400e+02   9.4000000e-01   6.8291600e+02   1.3033990e+02
   6.8348200e+02   9.3800000e-01   6.8382900e+02   1.2835517e+02
   6.8441200e+02   9.3000000e-01   6.8476100e+02   1.2475495e+02
   6.8533500e+02   9.2300000e-01   6.8569600e+02   1.1917001e+02
   6.8627600e+02   9.4100000e-01   6.8662500e+02   1.2469407e+02
   6.8723400e+02   9.5700000e-01   6.8759500e+02   1.2393101e+02
   6.8817600e+02   9.4200000e-01   6.8852600e+02   1.2032949e+02
   6.8909400e+02   9.1800000e-01   6.8945300e+02   1.2032949e+02
   6.9002400e+02   9.2900000e-01   6.9037700e+02   1.2402170e+02
   6.9095700e+02   9.3300000e-01   6.9131400e+02   1.2152007e+02
   6.9190900e+02   9.5200000e-01   6.9225600e+02   1.2158096e+02
   6.9283700e+02   9.2800000e-01   6.9322200e+02   1.2115344e+02
   6.9375800e+02   9.2100000e-01   6.9411800e+02   1.1804033e+02
   6.9466700e+02   9.0900000e-01   6.9504300e+02   1.2191649e+02
   6.9556900e+02   9.0200000e-01   6.9592300e+02   1.2466297e+02
   6.9647700e+02   9.0900000e-01   6.9683000e+02   1.3183491e+02
   6.9740400e+02   9.2700000e-01   6.9775500e+02   1.3143849e+02
   6.9834800e+02   9.4300000e-01   6.9869500e+02   1.3311617e+02
   6.9929200e+02   9.4400000e-01   6.9965100e+02   1.3113275e+02
   7.0022600e+02   9.3300000e-01   7.0057600e+02   1.2914932e+02
   7.0114400e+02   9.1800000e-01   7.0153200e+02   1.2353458e+02
   7.0208700e+02   9.4300000e-01   7.0243500e+02   1.3073632e+02
   7.0305100e+02   9.6300000e-01   7.0341500e+02   1.3140739e+02
   7.0401100e+02   9.6000000e-01   7.0436400e+02   1.2948486e+02
   7.0496100e+02   9.5000000e-01   7.0533300e+02   1.2277153e+02
   7.0590300e+02   9.4200000e-01   7.0625500e+02   1.2359547e+02
   7.0683400e+02   9.3100000e-01   7.0722100e+02   1.1681996e+02
   7.0777100e+02   9.3700000e-01   7.0813100e+02   1.2356438e+02
   7.0871800e+02   9.4700000e-01   7.0908700e+02   1.2441942e+02
   7.0968800e+02   9.7000000e-01   7.1005100e+02   1.2512029e+02
   7.1064700e+02   9.5900000e-01   7.1099400e+02   1.2203827e+02
   7.1159400e+02   9.4700000e-01   7.1195300e+02   1.2588334e+02
   7.1252100e+02   9.2700000e-01   7.1288100e+02   1.2353458e+02
   7.1345100e+02   9.3000000e-01   7.1380000e+02   1.2548692e+02
   7.1438000e+02   9.2900000e-01   7.1474000e+02   1.2789786e+02
   7.1533000e+02   9.4900000e-01   7.1570300e+02   1.2988128e+02
   7.1629100e+02   9.6100000e-01   7.1663700e+02   1.3104077e+02
   7.1724000e+02   9.4900000e-01   7.1761000e+02   1.2914932e+02
   7.1818700e+02   9.4700000e-01   7.1854900e+02   1.2469407e+02
   7.1912400e+02   9.3700000e-01   7.1947200e+02   1.2631086e+02
   7.2007100e+02   9.4700000e-01   7.2043200e+02   1.2551801e+02
   7.2101900e+02   9.4800000e-01   7.2136700e+02   1.2835517e+02
   7.2195200e+02   9.3300000e-01   7.2229800e+02   1.2795875e+02
   7.2291700e+02   9.6500000e-01   7.2325500e+02   1.2750143e+02
   7.2386800e+02   9.5100000e-01   7.2420900e+02   1.2704282e+02
   7.2481300e+02   9.4600000e-01   7.2517100e+02   1.2750143e+02
   7.2575500e+02   9.4200000e-01   7.2611700e+02   1.2783697e+02
   7.2667800e+02   9.2300000e-01   7.2705700e+02   1.1950555e+02
   7.2760800e+02   9.3000000e-01   7.2797000e+02   1.2551801e+02
   7.2855000e+02   9.4200000e-01   7.2892000e+02   1.2618908e+02
   7.2950000e+02   9.5000000e-01   7.2985800e+02   1.3030880e+02
   7.3045100e+02   9.5100000e-01   7.3081900e+02   1.2469407e+02
   7.3139500e+02   9.4400000e-01   7.3174700e+02   1.2545712e+02
   7.3232000e+02   9.2500000e-01   7.3267400e+02   1.2469407e+02
   7.3325500e+02   9.3600000e-01   7.3360900e+02   1.2759342e+02
   7.3418800e+02   9.3300000e-01   7.3454500e+02   1.2911823e+02
   7.3515400e+02   9.6600000e-01   7.3550900e+02   1.2792895e+02
   7.3611700e+02   9.6300000e-01   7.3645300e+02   1.2631086e+02
   7.3707500e+02   9.5800000e-01   7.3742800e+02   1.2154986e+02
   7.3803600e+02   9.6100000e-01   7.3840800e+02   1.2197738e+02
   7.3901300e+02   9.7600000e-01   7.3936700e+02   1.2283242e+02
   7.3998200e+02   9.7000000e-01   7.4033300e+02   1.2167294e+02
   7.4094800e+02   9.6600000e-01   7.4130700e+02   1.2118453e+02
   7.4190900e+02   9.6100000e-01   7.4225600e+02   1.1871270e+02
   7.4287700e+02   9.6700000e-01   7.4323600e+02   1.1566048e+02
   7.4383200e+02   9.5500000e-01   7.4419600e+02   1.1532494e+02
   7.4477900e+02   9.4800000e-01   7.4512700e+02   1.1834607e+02
   7.4572600e+02   9.4700000e-01   7.4607600e+02   1.1562939e+02
   7.4666900e+02   9.4300000e-01   7.4703400e+02   1.1721639e+02
   7.4761300e+02   9.4400000e-01   7.4797500e+02   1.1834607e+02
   7.4856300e+02   9.5000000e-01   7.4892200e+02   1.2197738e+02
   7.4951100e+02   9.4800000e-01   7.4986000e+02   1.2356438e+02
   7.5047400e+02   9.6300000e-01   7.5083400e+02   1.2121433e+02
   7.5143500e+02   9.6100000e-01   7.5181200e+02   1.2109255e+02
   7.5240400e+02   9.6800000e-01   7.5275100e+02   1.2115344e+02
   7.5338000e+02   9.7600000e-01   7.5373400e+02   1.1953664e+02
   7.5435500e+02   9.7500000e-01   7.5470500e+02   1.2200847e+02
   7.5533000e+02   9.7600000e-01   7.5568300e+02   1.2161075e+02
   7.5630600e+02   9.7600000e-01   7.5664500e+02   1.2200847e+02
   7.5727600e+02   9.7000000e-01   7.5763400e+02   1.1913892e+02
   7.5824200e+02   9.6600000e-01   7.5862400e+02   1.1953664e+02
   7.5920800e+02   9.6600000e-01   7.5956800e+02   1.2548692e+02
   7.6017800e+02   9.7100000e-01   7.6053900e+02   1.2713480e+02
   7.6115300e+02   9.7400000e-01   7.6150200e+02   1.2792895e+02
   7.6213800e+02   9.8500000e-01   7.6253200e+02   1.2316796e+02
   7.6312600e+02   9.8800000e-01   7.6347100e+02   1.2673838e+02
   7.6410300e+02   9.7700000e-01   7.6447100e+02   1.2475495e+02
   7.6508500e+02   9.8200000e-01   7.6544000e+02   1.2631086e+02
   7.6606500e+02   9.8100000e-01   7.6642100e+02   1.2551801e+02
   7.6704300e+02   9.7800000e-01   7.6739900e+02   1.2505940e+02
   7.6801300e+02   9.7000000e-01   7.6836900e+02   1.2515138e+02
   7.6898400e+02   9.7100000e-01   7.6936000e+02   1.2475495e+02
   7.6994600e+02   9.6200000e-01   7.7032800e+02   1.2509049e+02
   7.7091800e+02   9.7200000e-01   7.7127900e+02   1.3030880e+02
   7.7190000e+02   9.8300000e-01   7.7225800e+02   1.3433654e+02
   7.7288300e+02   9.8300000e-01   7.7326200e+02   1.3152917e+02
   7.7386600e+02   9.8300000e-01   7.7422000e+02   1.3265886e+02
   7.7486100e+02   9.9500000e-01   7.7521800e+02   1.3259797e+02
   7.7585100e+02   9.9000000e-01   7.7621200e+02   1.3177402e+02
   7.7683600e+02   9.8500000e-01   7.7722100e+02   1.2713480e+02
   7.7782500e+02   9.8900000e-01   7.7821400e+02   1.3070523e+02
   7.7880500e+02   9.8000000e-01   7.7915700e+02   1.3305528e+02
   7.7977900e+02   9.7400000e-01   7.8013700e+02   1.3143849e+02
   7.8075300e+02   9.7500000e-01   7.8112400e+02   1.3146828e+02
   7.8172600e+02   9.7300000e-01   7.8209200e+02   1.3436763e+02
   7.8269800e+02   9.7200000e-01   7.8307500e+02   1.3189580e+02
   7.8366400e+02   9.6500000e-01   7.8404600e+02   1.3140739e+02
   7.8464000e+02   9.7600000e-01   7.8503000e+02   1.3430674e+02
   7.8562000e+02   9.8100000e-01   7.8597900e+02   1.3442852e+02
   7.8659600e+02   9.7600000e-01   7.8695600e+02   1.3149938e+02
   7.8757700e+02   9.8100000e-01   7.8794900e+02   1.3033990e+02
   7.8856300e+02   9.8600000e-01   7.8891500e+02   1.3308637e+02
   7.8953400e+02   9.7100000e-01   7.8992800e+02   1.2585355e+02
   7.9050600e+02   9.7200000e-01   7.9086400e+02   1.3024791e+02
   7.9146500e+02   9.5800000e-01   7.9181700e+02   1.3262776e+02
   7.9242900e+02   9.6500000e-01   7.9281700e+02   1.3104077e+02
   7.9340300e+02   9.7400000e-01   7.9375400e+02   1.3268865e+02
   7.9437500e+02   9.7200000e-01   7.9473800e+02   1.3110165e+02
   7.9534600e+02   9.7000000e-01   7.9571900e+02   1.3186471e+02
   7.9631000e+02   9.6500000e-01   7.9666400e+02   1.3140739e+02
   7.9727600e+02   9.6600000e-01   7.9764400e+02   1.2750143e+02
   7.9823800e+02   9.6200000e-01   7.9861600e+02   1.2951595e+02
   7.9921100e+02   9.7200000e-01   7.9957500e+02   1.2789786e+02
   8.0017300e+02   9.6300000e-01   8.0053600e+02   1.2661660e+02
   8.0113900e+02   9.6600000e-01   8.0151400e+02   1.2548692e+02
   8.0209000e+02   9.5100000e-01   8.0244500e+02   1.2505940e+02
   8.0304200e+02   9.5200000e-01   8.0340500e+02   1.2628106e+02
   8.0399400e+02   9.5200000e-01   8.0436400e+02   1.2466297e+02
   8.0494800e+02   9.5500000e-01   8.0530500e+02   1.2789786e+02
   8.0590900e+02   9.6000000e-01   8.0626300e+02   1.2664640e+02
   8.0687400e+02   9.6500000e-01   8.0724400e+02   1.2634195e+02
   8.0785000e+02   9.7600000e-01   8.0821300e+02   1.2670729e+02
   8.0881400e+02   9.6400000e-01   8.0918300e+02   1.2432744e+02
   8.0977300e+02   9.5900000e-01   8.1013100e+02   1.2426655e+02
   8.1071600e+02   9.4200000e-01   8.1111500e+02   1.1840696e+02
   8.1165000e+02   9.3400000e-01   8.1201500e+02   1.1840696e+02
   8.1261700e+02   9.6700000e-01   8.1296100e+02   1.2994217e+02
   8.1357800e+02   9.6200000e-01   8.1393100e+02   1.3351260e+02
   8.1452400e+02   9.4600000e-01   8.1488300e+02   1.3525247e+02
   8.1543800e+02   9.1400000e-01   8.1582100e+02   1.3397121e+02
   8.1635900e+02   9.2100000e-01   8.1673200e+02   1.3107186e+02
   8.1728700e+02   9.2800000e-01   8.1765100e+02   1.3177402e+02
   8.1824500e+02   9.5800000e-01   8.1861000e+02   1.3030880e+02
   8.1922700e+02   9.8200000e-01   8.1958100e+02   1.3351260e+02
   8.2019300e+02   9.6600000e-01   8.2055200e+02   1.2866091e+02
   8.2112300e+02   9.3000000e-01   8.2150000e+02   1.2750143e+02
   8.2206300e+02   9.4100000e-01   8.2242100e+02   1.2835517e+02
   8.2302800e+02   9.6500000e-01   8.2337100e+02   1.3183491e+02
   8.2401200e+02   9.8400000e-01   8.2436100e+02   1.3101097e+02
   8.2498400e+02   9.7200000e-01   8.2534100e+02   1.2832538e+02
   8.2593800e+02   9.5300000e-01   8.2631200e+02   1.2875290e+02
   8.2689200e+02   9.5500000e-01   8.2726800e+02   1.2359547e+02
   8.2785700e+02   9.6500000e-01   8.2822800e+02   1.2466297e+02
   8.2886500e+02   1.0080000e+00   8.2921000e+02   1.2911823e+02
   8.2985700e+02   9.9200000e-01   8.3023100e+02   1.2432744e+02
   8.3082700e+02   9.7000000e-01   8.3120700e+02   1.2621888e+02
   8.3178600e+02   9.5900000e-01   8.3215100e+02   1.2539494e+02
   8.3274900e+02   9.6300000e-01   8.3310800e+02   1.2783697e+02
   8.3373700e+02   9.8800000e-01   8.3411800e+02   1.2026861e+02
   8.3472400e+02   9.8700000e-01   8.3508900e+02   1.2548692e+02
   8.3570700e+02   9.8300000e-01   8.3607800e+02   1.2505940e+02
   8.3665800e+02   9.5100000e-01   8.3704300e+02   1.1755192e+02
   8.3761600e+02   9.5700000e-01   8.3798000e+02   1.2515138e+02
   8.3857700e+02   9.6200000e-01   8.3892900e+02   1.2469407e+02
   8.3956800e+02   9.9000000e-01   8.3992900e+02   1.2466297e+02
   8.4054700e+02   9.8000000e-01   8.4090800e+02   1.2591444e+02
   8.4151500e+02   9.6700000e-01   8.4186400e+02   1.2432744e+02
   8.4246000e+02   9.4600000e-01   8.4282800e+02   1.1596622e+02
   8.4340800e+02   9.4800000e-01   8.4376800e+02   1.1913892e+02
   8.4436700e+02   9.5900000e-01   8.4471800e+02   1.2389992e+02
   8.4535400e+02   9.8700000e-01   8.4572000e+02   1.2396081e+02
   8.4633100e+02   9.7600000e-01   8.4667700e+02   1.2078681e+02
   8.4729800e+02   9.6800000e-01   8.4764400e+02   1.1794964e+02
   8.4823000e+02   9.3200000e-01   8.4859400e+02   1.1517207e+02
   8.4917600e+02   9.4600000e-01   8.4954500e+02   1.1355528e+02
   8.5012500e+02   9.4900000e-01   8.5050500e+02   1.1602711e+02
   8.5109800e+02   9.7200000e-01   8.5145300e+02   1.1679016e+02
   8.5205200e+02   9.5400000e-01   8.5241500e+02   1.2072592e+02
   8.5299000e+02   9.3800000e-01   8.5333500e+02   1.2023751e+02
   8.5390800e+02   9.1800000e-01   8.5426600e+02   1.1721639e+02
   8.5483400e+02   9.2700000e-01   8.5522500e+02   1.1874250e+02
   8.5576800e+02   9.3400000e-01   8.5612400e+02   1.2393101e+02
   8.5670200e+02   9.3400000e-01   8.5705500e+02   1.2316796e+02
   8.5765400e+02   9.5200000e-01   8.5800900e+02   1.1880338e+02
   8.5860500e+02   9.5100000e-01   8.5894500e+02   1.2951595e+02
   8.5954800e+02   9.4400000e-01   8.5989200e+02   1.2994217e+02
   8.6048500e+02   9.3700000e-01   8.6084500e+02   1.2798984e+02
   8.6141600e+02   9.3100000e-01   8.6177000e+02   1.2914932e+02
   8.6235200e+02   9.3600000e-01   8.6273000e+02   1.2515138e+02
   8.6332300e+02   9.7100000e-01   8.6367300e+02   1.3220154e+02
   8.6431100e+02   9.8800000e-01   8.6465300e+02   1.3140739e+02
   8.6529800e+02   9.8600000e-01   8.6564200e+02   1.3064434e+02
   8.6627400e+02   9.7700000e-01   8.6663400e+02   1.2545712e+02
   8.6726800e+02   9.9300000e-01   8.6762400e+02   1.2917912e+02
   8.6823700e+02   9.6900000e-01   8.6862000e+02   1.2387012e+02
   8.6920100e+02   9.6400000e-01   8.6955700e+02   1.2115344e+02
   8.7019700e+02   9.9700000e-01   8.7054200e+02   1.2463318e+02
   8.7117000e+02   9.7200000e-01   8.7152200e+02   1.2313686e+02
   8.7212800e+02   9.5800000e-01   8.7248200e+02   1.2026861e+02
   8.7308900e+02   9.6200000e-01   8.7344300e+02   1.2026861e+02
   8.7406400e+02   9.7500000e-01   8.7442000e+02   1.2191649e+02
   8.7502200e+02   9.5800000e-01   8.7537100e+02   1.2032949e+02
   8.7599800e+02   9.7600000e-01   8.7634000e+02   1.2270935e+02
   8.7695600e+02   9.5800000e-01   8.7733200e+02   1.1236470e+02
   8.7791000e+02   9.5400000e-01   8.7828000e+02   1.1605690e+02
   8.7889700e+02   9.8700000e-01   8.7924900e+02   1.1950555e+02
   8.7987600e+02   9.7900000e-01   8.8021500e+02   1.2396081e+02
   8.8085000e+02   9.7400000e-01   8.8121800e+02   1.2542603e+02
   8.8181200e+02   9.6200000e-01   8.8217100e+02   1.2393101e+02
   8.8280800e+02   9.9600000e-01   8.8314900e+02   1.3067543e+02
   8.8380500e+02   9.9700000e-01   8.8415900e+02   1.2707392e+02
   8.8480400e+02   1.0000000e+00   8.8515700e+02   1.2667749e+02
   8.8579600e+02   9.9200000e-01   8.8615700e+02   1.2585355e+02
   8.8679200e+02   9.9600000e-01   8.8715000e+02   1.2667749e+02
   8.8778900e+02   9.9700000e-01   8.8814900e+02   1.2466297e+02
   8.8878300e+02   9.9400000e-01   8.8914000e+02   1.2310707e+02
   8.8977700e+02   9.9400000e-01   8.9011700e+02   1.2472386e+02
   8.9077400e+02   9.9700000e-01   8.9111400e+02   1.2466297e+02
   8.9176900e+02   9.9500000e-01   8.9211900e+02   1.2356438e+02
   8.9276300e+02   9.9400000e-01   8.9312700e+02   1.1831498e+02
   8.9374600e+02   9.8400000e-01   8.9411800e+02   1.2267955e+02
   8.9473400e+02   9.8800000e-01   8.9511800e+02   1.1947446e+02
   8.9568200e+02   9.4800000e-01   8.9605500e+02   1.2023751e+02
   8.9660200e+02   9.2000000e-01   8.9696700e+02   1.1562939e+02
   8.9752700e+02   9.2500000e-01   8.9787200e+02   1.2548692e+02
   8.9847100e+02   9.4400000e-01   8.9882700e+02   1.2832538e+02
   8.9945100e+02   9.8100000e-01   8.9980400e+02   1.3607641e+02
   9.0045900e+02   1.0080000e+00   9.0081000e+02   1.3720609e+02
   9.0146600e+02   1.0070000e+00   9.0183300e+02   1.3638215e+02
   9.0243300e+02   9.6600000e-01   9.0280400e+02   1.3561910e+02
   9.0340500e+02   9.7200000e-01   9.0376300e+02   1.3711411e+02
   9.0443300e+02   1.0280000e+00   9.0479700e+02   1.3726698e+02
   9.0549300e+02   1.0600000e+00   9.0583600e+02   1.3509960e+02
   9.0655100e+02   1.0580000e+00   9.0691600e+02   1.3680967e+02
   9.0754800e+02   9.9700000e-01   9.0792200e+02   1.2988128e+02
   9.0853900e+02   9.9000000e-01   9.0891300e+02   1.2954575e+02
   9.0952500e+02   9.8600000e-01   9.0990300e+02   1.3644304e+02
   9.1053100e+02   1.0050000e+00   9.1086500e+02   1.3674748e+02
   9.1157700e+02   1.0460000e+00   9.1191200e+02   1.3714521e+02
   9.1261100e+02   1.0340000e+00   9.1295300e+02   1.3482495e+02
   9.1362900e+02   1.0180000e+00   9.1398300e+02   1.3436763e+02
   9.1460400e+02   9.7600000e-01   9.1496200e+02   1.3064434e+02
   9.1557800e+02   9.7400000e-01   9.1593400e+02   1.3424586e+02
   9.1657500e+02   9.9600000e-01   9.1692200e+02   1.3265886e+02
   9.1758500e+02   1.0100000e+00   9.1792600e+02   1.3394012e+02
   9.1859700e+02   1.0120000e+00   9.1894100e+02   1.3140739e+02
   9.1959000e+02   9.9300000e-01   9.1994100e+02   1.2750143e+02
   9.2053900e+02   9.4900000e-01   9.2090000e+02   1.2591444e+02
   9.2149700e+02   9.5700000e-01   9.2185400e+02   1.3061454e+02
   9.2250300e+02   1.0060000e+00   9.2285100e+02   1.3033990e+02
   9.2351600e+02   1.0130000e+00   9.2387200e+02   1.2789786e+02
   9.2450300e+02   9.8600000e-01   9.2485000e+02   1.3006525e+02
   9.2543300e+02   9.3100000e-01   9.2581300e+02   1.2628106e+02
   9.2637000e+02   9.3700000e-01   9.2673200e+02   1.2426655e+02
   9.2731400e+02   9.4400000e-01   9.2768100e+02   1.2545712e+02
   9.2826400e+02   9.4900000e-01   9.2860900e+02   1.3003415e+02
   9.2923100e+02   9.6800000e-01   9.2957100e+02   1.3030880e+02
   9.3022200e+02   9.9100000e-01   9.3055100e+02   1.2951595e+02
   9.3120200e+02   9.7900000e-01   9.3154000e+02   1.2988128e+02
   9.3216100e+02   9.6000000e-01   9.3252800e+02   1.2435853e+02
   9.3310400e+02   9.4300000e-01   9.3347100e+02   1.2240490e+02
   9.3404800e+02   9.4400000e-01   9.3440800e+02   1.2356438e+02
   9.3500700e+02   9.5900000e-01   9.3536900e+02   1.2432744e+02
   9.3597600e+02   9.6900000e-01   9.3631800e+02   1.2789786e+02
   9.3697400e+02   9.9700000e-01   9.3732100e+02   1.2624997e+02
   9.3796200e+02   9.8800000e-01   9.3830700e+02   1.2628106e+02
   9.3894500e+02   9.8300000e-01   9.3929000e+02   1.2359547e+02
   9.3989900e+02   9.5400000e-01   9.4025800e+02   1.1596622e+02
   9.4085000e+02   9.5100000e-01   9.4120800e+02   1.1962733e+02
   9.4181100e+02   9.6100000e-01   9.4214400e+02   1.2310707e+02
   9.4281400e+02   1.0030000e+00   9.4315500e+02   1.2469407e+02
   9.4378300e+02   9.6900000e-01   9.4411900e+02   1.2387012e+02
   9.4474100e+02   9.5800000e-01   9.4506800e+02   1.2316796e+02
   9.4568600e+02   9.4600000e-01   9.4604800e+02   1.2029970e+02
   9.4662600e+02   9.4000000e-01   9.4698400e+02   1.2197738e+02
   9.4757200e+02   9.4600000e-01   9.4791600e+02   1.2389992e+02
   9.4852500e+02   9.5300000e-01   9.4889300e+02   1.2036059e+02
   9.4946900e+02   9.4400000e-01   9.4981500e+02   1.1901714e+02
   9.5042400e+02   9.5500000e-01   9.5077400e+02   1.1679016e+02
   9.5138900e+02   9.6500000e-01   9.5173500e+02   1.1953664e+02
   9.5240500e+02   1.0170000e+00   9.5274500e+02   1.2158096e+02
   9.5341500e+02   1.0100000e+00   9.5374700e+02   1.2359547e+02
   9.5440500e+02   9.9000000e-01   9.5474700e+02   1.2472386e+02
   9.5538800e+02   9.8300000e-01   9.5573700e+02   1.2505940e+02
   9.5636800e+02   9.8000000e-01   9.5671700e+02   1.2353458e+02
   9.5733800e+02   9.7000000e-01   9.5771400e+02   1.2103166e+02
   9.5829700e+02   9.5900000e-01   9.5864100e+02   1.1715550e+02
   9.5925300e+02   9.5600000e-01   9.5961300e+02   1.1474455e+02
   9.6020000e+02   9.4700000e-01   9.6055600e+02   1.1990198e+02
   9.6118800e+02   9.8900000e-01   9.6152800e+02   1.2362527e+02
   9.6217900e+02   9.9000000e-01   9.6252400e+02   1.2154986e+02
   9.6317200e+02   9.9300000e-01   9.6351300e+02   1.2280133e+02
   9.6415300e+02   9.8100000e-01   9.6449400e+02   1.2432744e+02
   9.6512600e+02   9.7300000e-01   9.6546500e+02   1.2194759e+02
   9.6607200e+02   9.4600000e-01   9.6641900e+02   1.2277153e+02
   9.6698600e+02   9.1300000e-01   9.6733500e+02   1.1834607e+02
   9.6789900e+02   9.1300000e-01   9.6826500e+02   1.1950555e+02
   9.6882300e+02   9.2400000e-01   9.6917800e+02   1.1917001e+02
   9.6973600e+02   9.1300000e-01   9.7012300e+02   1.2353458e+02
   9.7066500e+02   9.2800000e-01   9.7102000e+02   1.2835517e+02
   9.7163900e+02   9.7400000e-01   9.7197200e+02   1.2908843e+02
   9.7265100e+02   1.0120000e+00   9.7304200e+02   1.2869201e+02
   9.7363600e+02   9.8600000e-01   9.7404400e+02   1.2707392e+02
   9.7462300e+02   9.8600000e-01   9.7495900e+02   1.2954575e+02
   9.7560100e+02   9.7800000e-01   9.7595400e+02   1.2707392e+02
   9.7657200e+02   9.7200000e-01   9.7691300e+02   1.2509049e+02
   9.7753900e+02   9.6600000e-01   9.7793200e+02   1.1642353e+02
   9.7850300e+02   9.6400000e-01   9.7886000e+02   1.1788876e+02
   9.7944600e+02   9.4300000e-01   9.7983400e+02   1.1797944e+02
   9.8041200e+02   9.6600000e-01   9.8078200e+02   1.2432744e+02
   9.8138900e+02   9.7700000e-01   9.8173200e+02   1.2673838e+02
   9.8236000e+02   9.7100000e-01   9.8271300e+02   1.2078681e+02
   9.8333200e+02   9.7200000e-01   9.8367100e+02   1.2396081e+02
   9.8429800e+02   9.6600000e-01   9.8464000e+02   1.2509049e+02
   9.8526500e+02   9.6600000e-01   9.8561100e+02   1.2512029e+02
   9.8622600e+02   9.6100000e-01   9.8655800e+02   1.2426655e+02
   9.8719300e+02   9.6700000e-01   9.8754800e+02   1.2432744e+02
   9.8814100e+02   9.4800000e-01   9.8849600e+02   1.1999396e+02
   9.8909500e+02   9.5300000e-01   9.8943800e+02   1.1941357e+02
   9.9004300e+02   9.4800000e-01   9.9039300e+02   1.2396081e+02
   9.9100300e+02   9.6100000e-01   9.9135300e+02   1.2591444e+02
   9.9198600e+02   9.8300000e-01   9.9234000e+02   1.2628106e+02
   9.9299100e+02   1.0050000e+00   9.9332800e+02   1.2509049e+02
   9.9397700e+02   9.8600000e-01   9.9433300e+02   1.2316796e+02
   9.9495500e+02   9.7800000e-01   9.9532000e+02   1.1907803e+02
   9.9592800e+02   9.7200000e-01   9.9628900e+02   1.2274044e+02
   9.9689700e+02   9.7000000e-01   9.9724700e+02   1.1834607e+02
   9.9785700e+02   9.6000000e-01   9.9822800e+02   1.1279222e+02
   9.9881200e+02   9.5500000e-01   9.9915500e+02   1.1681996e+02
   9.9975500e+02   9.4200000e-01   1.0001070e+03   1.1645333e+02
   1.0007080e+03   9.5300000e-01   1.0010660e+03   1.2032949e+02
   1.0016950e+03   9.8700000e-01   1.0020580e+03   1.1950555e+02
   1.0026820e+03   9.8700000e-01   1.0030450e+03   1.1950555e+02
   1.0036640e+03   9.8200000e-01   1.0039940e+03   1.2509049e+02
   1.0046500e+03   9.8600000e-01   1.0050310e+03   1.2515138e+02
   1.0056370e+03   9.8700000e-01   1.0060350e+03   1.2240490e+02
   1.0066140e+03   9.7800000e-01   1.0069770e+03   1.1917001e+02
   1.0075780e+03   9.6300000e-01   1.0079360e+03   1.1755192e+02
   1.0085480e+03   9.7000000e-01   1.0089030e+03   1.2118453e+02
   1.0095140e+03   9.6600000e-01   1.0098550e+03   1.2118453e+02
   1.0105000e+03   9.8600000e-01   1.0108330e+03   1.2512029e+02
   1.0115140e+03   1.0140000e+00   1.0118460e+03   1.2878269e+02
   1.0125020e+03   9.8800000e-01   1.0128560e+03   1.2829429e+02
   1.0134970e+03   9.9500000e-01   1.0138370e+03   1.2991238e+02
   1.0144730e+03   9.7600000e-01   1.0148240e+03   1.2750143e+02
   1.0154430e+03   9.7000000e-01   1.0158220e+03   1.2435853e+02
   1.0164020e+03   9.5900000e-01   1.0167430e+03   1.2393101e+02
   1.0173530e+03   9.5100000e-01   1.0177230e+03   1.1566048e+02
   1.0183070e+03   9.5400000e-01   1.0186420e+03   1.2322884e+02
   1.0192530e+03   9.4600000e-01   1.0196220e+03   1.1947446e+02
   1.0202070e+03   9.5300000e-01   1.0205620e+03   1.2274044e+02
   1.0211790e+03   9.7200000e-01   1.0215220e+03   1.2319775e+02
   1.0221720e+03   9.9300000e-01   1.0225110e+03   1.2545712e+02
   1.0231680e+03   9.9600000e-01   1.0235140e+03   1.2582245e+02
   1.0241510e+03   9.8400000e-01   1.0245130e+03   1.2994217e+02
   1.0251230e+03   9.7200000e-01   1.0254740e+03   1.2869201e+02
   1.0260900e+03   9.6700000e-01   1.0264430e+03   1.2841736e+02
   1.0270480e+03   9.5800000e-01   1.0274140e+03   1.2515138e+02
   1.0280010e+03   9.5300000e-01   1.0283600e+03   1.2469407e+02
   1.0289530e+03   9.5200000e-01   1.0293320e+03   1.2154986e+02
   1.0298990e+03   9.4600000e-01   1.0302550e+03   1.2710501e+02
   1.0308750e+03   9.7600000e-01   1.0312230e+03   1.2835517e+02
   1.0318440e+03   9.6900000e-01   1.0321830e+03   1.2792895e+02
   1.0328020e+03   9.5800000e-01   1.0331520e+03   1.3143849e+02
   1.0337570e+03   9.5500000e-01   1.0341180e+03   1.3140739e+02
   1.0346780e+03   9.2000000e-01   1.0350590e+03   1.3067543e+02
   1.0355910e+03   9.1300000e-01   1.0359420e+03   1.2786806e+02
   1.0365160e+03   9.2500000e-01   1.0368780e+03   1.2505940e+02
   1.0374320e+03   9.1700000e-01   1.0378000e+03   1.2277153e+02
   1.0383530e+03   9.2100000e-01   1.0387110e+03   1.2545712e+02
   1.0392710e+03   9.1800000e-01   1.0396170e+03   1.3027771e+02
   1.0402020e+03   9.3200000e-01   1.0405500e+03   1.2911823e+02
   1.0411570e+03   9.5500000e-01   1.0415410e+03   1.2585355e+02
   1.0421300e+03   9.7300000e-01   1.0424780e+03   1.2621888e+02
   1.0431050e+03   9.7500000e-01   1.0434480e+03   1.2664640e+02
   1.0440650e+03   9.6000000e-01   1.0444290e+03   1.2914932e+02
   1.0450220e+03   9.5700000e-01   1.0453760e+03   1.2789786e+02
   1.0459710e+03   9.4900000e-01   1.0463180e+03   1.2588334e+02
   1.0469160e+03   9.4500000e-01   1.0472670e+03   1.2423546e+02
   1.0478590e+03   9.4300000e-01   1.0482160e+03   1.2072592e+02
   1.0488080e+03   9.4900000e-01   1.0491570e+03   1.2512029e+02
   1.0497560e+03   9.4700000e-01   1.0501080e+03   1.3030880e+02
   1.0507220e+03   9.6600000e-01   1.0510790e+03   1.2713480e+02
   1.0516710e+03   9.4900000e-01   1.0520330e+03   1.2152007e+02
   1.0526150e+03   9.4400000e-01   1.0529760e+03   1.2396081e+02
   1.0535510e+03   9.3500000e-01   1.0539080e+03   1.2710501e+02
   1.0544770e+03   9.2600000e-01   1.0548260e+03   1.2631086e+02
   1.0554000e+03   9.2300000e-01   1.0557370e+03   1.2499851e+02
   1.0563250e+03   9.2600000e-01   1.0566760e+03   1.2585355e+02
   1.0572420e+03   9.1700000e-01   1.0576260e+03   1.2277153e+02
   1.0581680e+03   9.2600000e-01   1.0585340e+03   1.1559959e+02
   1.0590880e+03   9.2000000e-01   1.0594350e+03   1.2234401e+02
   1.0600190e+03   9.3100000e-01   1.0603600e+03   1.2509049e+02
   1.0609570e+03   9.3800000e-01   1.0613220e+03   1.2322884e+02
   1.0619220e+03   9.6600000e-01   1.0622620e+03   1.2838627e+02
   1.0628940e+03   9.7200000e-01   1.0632360e+03   1.2829429e+02
   1.0638580e+03   9.6400000e-01   1.0642250e+03   1.2951595e+02
   1.0648290e+03   9.7100000e-01   1.0651640e+03   1.2954575e+02
   1.0657930e+03   9.6400000e-01   1.0661430e+03   1.2869201e+02
   1.0667530e+03   9.5900000e-01   1.0671130e+03   1.2829429e+02
   1.0677020e+03   9.4900000e-01   1.0681000e+03   1.1727727e+02
   1.0686510e+03   9.5000000e-01   1.0690350e+03   1.2393101e+02
   1.0695990e+03   9.4700000e-01   1.0699520e+03   1.2542603e+02
   1.0705610e+03   9.6300000e-01   1.0709020e+03   1.2753123e+02
   1.0715360e+03   9.7500000e-01   1.0718710e+03   1.2829429e+02
   1.0725200e+03   9.8400000e-01   1.0728610e+03   1.2509049e+02
   1.0735040e+03   9.8400000e-01   1.0738530e+03   1.2710501e+02
   1.0744790e+03   9.7500000e-01   1.0748280e+03   1.2829429e+02
   1.0754410e+03   9.6200000e-01   1.0758010e+03   1.2911823e+02
   1.0764040e+03   9.6300000e-01   1.0767620e+03   1.2509049e+02
   1.0773470e+03   9.4300000e-01   1.0777020e+03   1.2469407e+02
   1.0782930e+03   9.4600000e-01   1.0786420e+03   1.2869201e+02
   1.0792510e+03   9.5800000e-01   1.0796240e+03   1.2542603e+02
   1.0802210e+03   9.7000000e-01   1.0805690e+03   1.2948486e+02
   1.0812130e+03   9.9200000e-01   1.0815630e+03   1.2994217e+02
   1.0821900e+03   9.7700000e-01   1.0825390e+03   1.2631086e+02
   1.0831820e+03   9.9200000e-01   1.0835180e+03   1.2951595e+02
   1.0841710e+03   9.9000000e-01   1.0845140e+03   1.2792895e+02
   1.0851620e+03   9.9100000e-01   1.0855090e+03   1.2579266e+02
   1.0861530e+03   9.9100000e-01   1.0865100e+03   1.2307597e+02
   1.0871220e+03   9.6800000e-01   1.0875180e+03   1.1788876e+02
   1.0880770e+03   9.5600000e-01   1.0884380e+03   1.1517207e+02
   1.0890300e+03   9.5300000e-01   1.0894090e+03   1.1871270e+02
   1.0899880e+03   9.5700000e-01   1.0903490e+03   1.2188540e+02
   1.0909740e+03   9.8700000e-01   1.0913190e+03   1.2356438e+02
   1.0919610e+03   9.8600000e-01   1.0923070e+03   1.2432744e+02
   1.0929430e+03   9.8300000e-01   1.0932980e+03   1.2756232e+02
   1.0939230e+03   9.8000000e-01   1.0942810e+03   1.2951595e+02
   1.0949040e+03   9.8100000e-01   1.0952510e+03   1.2838627e+02
   1.0958530e+03   9.4800000e-01   1.0962230e+03   1.2835517e+02
   1.0967940e+03   9.4100000e-01   1.0971610e+03   1.2585355e+02
   1.0977370e+03   9.4300000e-01   1.0980910e+03   1.2466297e+02
   1.0986880e+03   9.5100000e-01   1.0990730e+03   1.2399190e+02
   1.0996390e+03   9.5100000e-01   1.1000390e+03   1.2789786e+02
   1.1005980e+03   9.5900000e-01   1.1009360e+03   1.3217045e+02
   1.1015820e+03   9.8400000e-01   1.1019260e+03   1.3027771e+02
   1.1025730e+03   9.9100000e-01   1.1029260e+03   1.3027771e+02
   1.1035590e+03   9.8700000e-01   1.1039250e+03   1.2621888e+02
   1.1045490e+03   9.9000000e-01   1.1049150e+03   1.3027771e+02
   1.1055370e+03   9.8800000e-01   1.1059160e+03   1.2664640e+02
   1.1065160e+03   9.7900000e-01   1.1068650e+03   1.2618908e+02
   1.1074840e+03   9.6800000e-01   1.1078410e+03   1.2396081e+02
   1.1084700e+03   9.8600000e-01   1.1088320e+03   1.2670729e+02
   1.1094330e+03   9.6300000e-01   1.1097900e+03   1.1523296e+02
   1.1103920e+03   9.5900000e-01   1.1107470e+03   1.2069612e+02
   1.1113550e+03   9.6300000e-01   1.1117150e+03   1.2624997e+02
   1.1123380e+03   9.8300000e-01   1.1126870e+03   1.2753123e+02
   1.1133230e+03   9.8500000e-01   1.1136760e+03   1.2911823e+02
   1.1143060e+03   9.8300000e-01   1.1146540e+03   1.2994217e+02
   1.1153020e+03   9.9500000e-01   1.1156530e+03   1.3104077e+02
   1.1162850e+03   9.8300000e-01   1.1166370e+03   1.2789786e+02
   1.1172420e+03   9.5700000e-01   1.1176140e+03   1.1947446e+02
   1.1182020e+03   9.6100000e-01   1.1185740e+03   1.2270935e+02
   1.1191530e+03   9.5100000e-01   1.1195150e+03   1.2621888e+02
   1.1201130e+03   9.5900000e-01   1.1204730e+03   1.2707392e+02
   1.1210630e+03   9.5100000e-01   1.1214360e+03   1.2545712e+02
   1.1220790e+03   1.0150000e+00   1.1224450e+03   1.3143849e+02
   1.1231040e+03   1.0260000e+00   1.1234600e+03   1.3223134e+02
   1.1241160e+03   1.0120000e+00   1.1244750e+03   1.3180382e+02
