   2.9620900e+02   7.1800000e-01   2.9651100e+02   1.2469391e+02
   2.9697400e+02   7.6600000e-01   2.9728500e+02   1.1956549e+02
   2.9773300e+02   7.5900000e-01   2.9802300e+02   1.2069473e+02
   2.9844700e+02   7.1400000e-01   2.9876300e+02   1.2023788e+02
   2.9914900e+02   7.0300000e-01   2.9945400e+02   1.1904773e+02
   2.9986700e+02   7.1800000e-01   3.0015300e+02   1.2274000e+02
   3.0059900e+02   7.3200000e-01   3.0091400e+02   1.1904773e+02
   3.0131500e+02   7.1600000e-01   3.0163200e+02   1.1752256e+02
   3.0200300e+02   6.8800000e-01   3.0234300e+02   1.1828397e+02
   3.0267600e+02   6.7300000e-01   3.0301200e+02   1.1990286e+02
   3.0335600e+02   6.8000000e-01   3.0365100e+02   1.2194813e+02
   3.0405300e+02   6.9700000e-01   3.0434200e+02   1.2313828e+02
   3.0479900e+02   7.4600000e-01   3.0512100e+02   1.1550774e+02
   3.0551700e+02   7.1800000e-01   3.0581300e+02   1.2063382e+02
   3.0620900e+02   6.9200000e-01   3.0651300e+02   1.2191768e+02
   3.0692800e+02   7.1900000e-01   3.0723700e+02   1.2307503e+02
   3.0767900e+02   7.5100000e-01   3.0799100e+02   1.2072519e+02
   3.0847300e+02   7.9400000e-01   3.0879000e+02   1.1794895e+02
   3.0925500e+02   7.8200000e-01   3.0955900e+02   1.1434805e+02
   3.1000400e+02   7.4900000e-01   3.1031800e+02   1.1517272e+02
   3.1070700e+02   7.0300000e-01   3.1101100e+02   1.1355383e+02
   3.1139900e+02   6.9200000e-01   3.1174000e+02   1.2026834e+02
   3.1210100e+02   7.0100000e-01   3.1241200e+02   1.2200905e+02
   3.1282200e+02   7.2100000e-01   3.1311100e+02   1.2304457e+02
   3.1354300e+02   7.2200000e-01   3.1385100e+02   1.1874316e+02
   3.1424900e+02   7.0600000e-01   3.1453800e+02   1.2158031e+02
   3.1493000e+02   6.8000000e-01   3.1523100e+02   1.2347331e+02
   3.1563700e+02   7.0700000e-01   3.1593000e+02   1.2429798e+02
   3.1641100e+02   7.7400000e-01   3.1674800e+02   1.1434805e+02
   3.1717900e+02   7.6800000e-01   3.1749200e+02   1.1990286e+02
   3.1792700e+02   7.4800000e-01   3.1822800e+02   1.2023788e+02
   3.1863900e+02   7.1200000e-01   3.1894600e+02   1.1868225e+02
   3.1931800e+02   6.8000000e-01   3.1961800e+02   1.2035971e+02
   3.2000100e+02   6.8300000e-01   3.2031100e+02   1.2270955e+02
   3.2068800e+02   6.8800000e-01   3.2097800e+02   1.2393015e+02
   3.2138800e+02   7.0000000e-01   3.2173800e+02   1.1874316e+02
   3.2208700e+02   7.0000000e-01   3.2239900e+02   1.1871271e+02
   3.2275600e+02   6.6800000e-01   3.2306600e+02   1.2145849e+02
   3.2341400e+02   6.5900000e-01   3.2370500e+02   1.1755302e+02
   3.2406300e+02   6.4900000e-01   3.2435200e+02   1.2274000e+02
   3.2471000e+02   6.4700000e-01   3.2503900e+02   1.2234407e+02
   3.2535100e+02   6.4200000e-01   3.2564000e+02   1.2353422e+02
   3.2602700e+02   6.7500000e-01   3.2632000e+02   1.1834489e+02
   3.2673100e+02   7.0500000e-01   3.2704800e+02   1.2023788e+02
   3.2746900e+02   7.3700000e-01   3.2779000e+02   1.1593413e+02
   3.2818500e+02   7.1700000e-01   3.2852500e+02   1.1346246e+02
   3.2887000e+02   6.8400000e-01   3.2915700e+02   1.1868225e+02
   3.2957200e+02   7.0200000e-01   3.2987700e+02   1.1785758e+02
   3.3028600e+02   7.1500000e-01   3.3059200e+02   1.2026834e+02
   3.3101900e+02   7.3200000e-01   3.3134500e+02   1.1904773e+02
   3.3175300e+02   7.3400000e-01   3.3203700e+02   1.1865180e+02
   3.3245700e+02   7.0400000e-01   3.3277600e+02   1.1511180e+02
   3.3313500e+02   6.7800000e-01   3.3345700e+02   1.1907819e+02
   3.3383000e+02   6.9500000e-01   3.3413700e+02   1.2148894e+02
   3.3457200e+02   7.4200000e-01   3.3486500e+02   1.2106255e+02
   3.3533700e+02   7.6500000e-01   3.3564500e+02   1.1550774e+02
   3.3607000e+02   7.3300000e-01   3.3641800e+02   1.1318835e+02
   3.3677300e+02   7.0300000e-01   3.3709700e+02   1.1715474e+02
   3.3747400e+02   7.0000000e-01   3.3780500e+02   1.1477444e+02
   3.3820000e+02   7.2600000e-01   3.3851400e+02   1.1788804e+02
   3.3896300e+02   7.6400000e-01   3.3927700e+02   1.1675880e+02
   3.3972900e+02   7.6500000e-01   3.4002500e+02   1.1868225e+02
   3.4048100e+02   7.5300000e-01   3.4080600e+02   1.1471353e+02
   3.4121400e+02   7.3200000e-01   3.4154500e+02   1.1865180e+02
   3.4195000e+02   7.3600000e-01   3.4225500e+02   1.1947412e+02
   3.4272800e+02   7.7800000e-01   3.4304500e+02   1.1871271e+02
   3.4350200e+02   7.7400000e-01   3.4382700e+02   1.1349292e+02
   3.4425300e+02   7.5100000e-01   3.4455000e+02   1.1602550e+02
   3.4493200e+02   6.8000000e-01   3.4524600e+02   1.1593413e+02
   3.4558700e+02   6.5500000e-01   3.4588500e+02   1.2023788e+02
   3.4623300e+02   6.4600000e-01   3.4652500e+02   1.2234407e+02
   3.4692600e+02   6.9300000e-01   3.4721700e+02   1.2502893e+02
   3.4775500e+02   8.2900000e-01   3.4803300e+02   1.2582315e+02
   3.4859200e+02   8.3700000e-01   3.4892300e+02   1.1791849e+02
   3.4946000e+02   8.6800000e-01   3.4978500e+02   1.2115392e+02
   3.5031300e+02   8.5300000e-01   3.5062200e+02   1.1428713e+02
   3.5108900e+02   7.7600000e-01   3.5142200e+02   1.0998338e+02
   3.5180800e+02   7.1900000e-01   3.5210600e+02   1.1681971e+02
   3.5251900e+02   7.1000000e-01   3.5280500e+02   1.1907819e+02
   3.5323800e+02   7.1900000e-01   3.5355200e+02   1.1788804e+02
   3.5397400e+02   7.3600000e-01   3.5429500e+02   1.1721565e+02
   3.5473200e+02   7.5800000e-01   3.5503200e+02   1.2237453e+02
   3.5551700e+02   7.8500000e-01   3.5581100e+02   1.2023788e+02
   3.5626800e+02   7.5100000e-01   3.5656300e+02   1.1904773e+02
   3.5701000e+02   7.4200000e-01   3.5732400e+02   1.1987240e+02
   3.5776500e+02   7.5400000e-01   3.5806300e+02   1.1984194e+02
   3.5852900e+02   7.6500000e-01   3.5883000e+02   1.1599504e+02
   3.5930500e+02   7.7600000e-01   3.5964100e+02   1.1709382e+02
   3.6005700e+02   7.5200000e-01   3.6035700e+02   1.1276196e+02
   3.6078500e+02   7.2800000e-01   3.6112000e+02   1.1340155e+02
   3.6153000e+02   7.4500000e-01   3.6183000e+02   1.1517272e+02
   3.6226600e+02   7.3600000e-01   3.6258100e+02   1.1831443e+02
   3.6302000e+02   7.5400000e-01   3.6331000e+02   1.2026834e+02
   3.6376900e+02   7.4900000e-01   3.6405200e+02   1.1947412e+02
   3.6449000e+02   7.2100000e-01   3.6477600e+02   1.1871271e+02
   3.6519700e+02   7.0700000e-01   3.6551600e+02   1.1828397e+02
   3.6591100e+02   7.1400000e-01   3.6623000e+02   1.1828397e+02
   3.6664100e+02   7.3100000e-01   3.6693300e+02   1.2151940e+02
   3.6738200e+02   7.4100000e-01   3.6771300e+02   1.1990286e+02
   3.6808400e+02   7.0200000e-01   3.6841800e+02   1.1797941e+02
   3.6878300e+02   6.9800000e-01   3.6909000e+02   1.2154986e+02
   3.6949300e+02   7.1000000e-01   3.6979800e+02   1.2154986e+02
   3.7022500e+02   7.3200000e-01   3.7051000e+02   1.2234407e+02
   3.7098100e+02   7.5600000e-01   3.7127200e+02   1.2115392e+02
   3.7171400e+02   7.3300000e-01   3.7203000e+02   1.1755302e+02
   3.7244500e+02   7.3100000e-01   3.7276800e+02   1.1709382e+02
   3.7320000e+02   7.5500000e-01   3.7351100e+02   1.2194813e+02
   3.7396600e+02   7.6600000e-01   3.7426800e+02   1.1834489e+02
   3.7472500e+02   7.5900000e-01   3.7503800e+02   1.1785758e+02
   3.7544700e+02   7.2300000e-01   3.7577100e+02   1.1904773e+02
   3.7613500e+02   6.8700000e-01   3.7644800e+02   1.1593413e+02
   3.7682100e+02   6.8700000e-01   3.7710900e+02   1.2310783e+02
   3.7753300e+02   7.1200000e-01   3.7783100e+02   1.2389970e+02
   3.7828600e+02   7.5300000e-01   3.7858600e+02   1.2389970e+02
   3.7902400e+02   7.3800000e-01   3.7934000e+02   1.2112346e+02
   3.7973300e+02   7.0900000e-01   3.8003800e+02   1.2274000e+02
   3.8048200e+02   7.4900000e-01   3.8082000e+02   1.1874316e+02
   3.8126900e+02   7.8700000e-01   3.8158000e+02   1.1868225e+02
   3.8206100e+02   7.9200000e-01   3.8234600e+02   1.2072519e+02
   3.8281700e+02   7.5500000e-01   3.8312800e+02   1.1901727e+02
   3.8352800e+02   7.1200000e-01   3.8382700e+02   1.1947412e+02
   3.8422900e+02   7.0000000e-01   3.8452700e+02   1.1898682e+02
   3.8494800e+02   7.1900000e-01   3.8525300e+02   1.2194813e+02
   3.8566600e+02   7.1800000e-01   3.8595800e+02   1.2316874e+02
   3.8639100e+02   7.2600000e-01   3.8669700e+02   1.2280092e+02
   3.8709700e+02   7.0600000e-01   3.8739300e+02   1.2350376e+02
   3.8777000e+02   6.7300000e-01   3.8807700e+02   1.2151940e+02
   3.8846400e+02   6.9500000e-01   3.8877400e+02   1.2316874e+02
   3.8923000e+02   7.6600000e-01   3.8954300e+02   1.1941321e+02
   3.9000600e+02   7.7600000e-01   3.9030200e+02   1.2310783e+02
   3.9076200e+02   7.5700000e-01   3.9105600e+02   1.2112346e+02
   3.9149900e+02   7.3700000e-01   3.9180600e+02   1.2060336e+02
   3.9219700e+02   6.9800000e-01   3.9250300e+02   1.2151940e+02
   3.9289200e+02   6.9400000e-01   3.9317800e+02   1.2353422e+02
   3.9359400e+02   7.0200000e-01   3.9389000e+02   1.2429798e+02
   3.9433000e+02   7.3600000e-01   3.9463600e+02   1.2426752e+02
   3.9510800e+02   7.7900000e-01   3.9542400e+02   1.1752256e+02
   3.9585600e+02   7.4800000e-01   3.9616400e+02   1.1791849e+02
   3.9658000e+02   7.2300000e-01   3.9686200e+02   1.2304457e+02
   3.9733000e+02   7.5000000e-01   3.9764400e+02   1.2112346e+02
   3.9809900e+02   7.6900000e-01   3.9842500e+02   1.1474398e+02
   3.9886100e+02   7.6200000e-01   3.9914400e+02   1.2158031e+02
   3.9960900e+02   7.4800000e-01   3.9990400e+02   1.2151940e+02
   4.0033100e+02   7.2200000e-01   4.0062600e+02   1.2151940e+02
   4.0106000e+02   7.2900000e-01   4.0137300e+02   1.2151940e+02
   4.0181500e+02   7.5500000e-01   4.0212000e+02   1.1794895e+02
   4.0258200e+02   7.6700000e-01   4.0286500e+02   1.2231361e+02
   4.0332800e+02   7.4600000e-01   4.0362300e+02   1.2072519e+02
   4.0403900e+02   7.1100000e-01   4.0433100e+02   1.2151940e+02
   4.0476900e+02   7.3100000e-01   4.0510300e+02   1.2029879e+02
   4.0554300e+02   7.7400000e-01   4.0586400e+02   1.1788804e+02
   4.0633900e+02   7.9600000e-01   4.0663500e+02   1.2069473e+02
   4.0712400e+02   7.8500000e-01   4.0741300e+02   1.1822306e+02
   4.0787400e+02   7.5000000e-01   4.0818900e+02   1.1675880e+02
   4.0858000e+02   7.0500000e-01   4.0887100e+02   1.1904773e+02
   4.0928600e+02   7.0600000e-01   4.0958200e+02   1.1398257e+02
   4.0999300e+02   7.0700000e-01   4.1030200e+02   1.1556865e+02
   4.1071300e+02   7.2000000e-01   4.1102200e+02   1.1715474e+02
   4.1144300e+02   7.3100000e-01   4.1176800e+02   1.2115392e+02
   4.1213700e+02   6.9300000e-01   4.1243100e+02   1.2072519e+02
   4.1280100e+02   6.6400000e-01   4.1312900e+02   1.2191768e+02
   4.1347100e+02   6.7100000e-01   4.1379300e+02   1.2029879e+02
   4.1417900e+02   7.0800000e-01   4.1450400e+02   1.2356468e+02
   4.1494100e+02   7.6200000e-01   4.1524000e+02   1.2026834e+02
   4.1569800e+02   7.5700000e-01   4.1601200e+02   1.1752256e+02
   4.1639400e+02   6.9500000e-01   4.1671800e+02   1.1834489e+02
   4.1707000e+02   6.7600000e-01   4.1736000e+02   1.2234407e+02
   4.1775800e+02   6.8800000e-01   4.1806100e+02   1.2188488e+02
   4.1847400e+02   7.1600000e-01   4.1878400e+02   1.1907819e+02
   4.1922000e+02   7.4700000e-01   4.1952900e+02   1.1904773e+02
   4.1998100e+02   7.6000000e-01   4.2030100e+02   1.1794895e+02
   4.2072400e+02   7.4300000e-01   4.2102700e+02   1.2145849e+02
   4.2142100e+02   6.9700000e-01   4.2174100e+02   1.2066427e+02
   4.2211600e+02   6.9500000e-01   4.2243100e+02   1.2234407e+02
   4.2283100e+02   7.1600000e-01   4.2312200e+02   1.2304457e+02
   4.2359600e+02   7.6400000e-01   4.2390600e+02   1.1758347e+02
   4.2437600e+02   7.8100000e-01   4.2469900e+02   1.2115392e+02
   4.2497600e+02   6.0000000e-01   4.2527900e+02   1.0879324e+02
   4.2584400e+02   8.6700000e-01   4.2615100e+02   1.1633241e+02
   4.2653100e+02   6.8800000e-01   4.2684900e+02   1.1950458e+02
   4.2720800e+02   6.7700000e-01   4.2754100e+02   1.2023788e+02
   4.2789200e+02   6.8400000e-01   4.2818000e+02   1.2386924e+02
   4.2856000e+02   6.6800000e-01   4.2885100e+02   1.2508985e+02
   4.2922200e+02   6.6300000e-01   4.2950100e+02   1.2621908e+02
   4.2990500e+02   6.8300000e-01   4.3019000e+02   1.2789888e+02
   4.3068200e+02   7.7700000e-01   4.3096800e+02   1.2826436e+02
   4.3160200e+02   9.2100000e-01   4.3191600e+02   1.2264864e+02
   4.3248500e+02   8.8200000e-01   4.3280000e+02   1.1590367e+02
   4.3327400e+02   7.8900000e-01   4.3357900e+02   1.1907819e+02
   4.3401800e+02   7.4400000e-01   4.3433800e+02   1.1718519e+02
   4.3475900e+02   7.4100000e-01   4.3507000e+02   1.1755302e+02
   4.3549600e+02   7.3700000e-01   4.3582000e+02   1.1800986e+02
   4.3626100e+02   7.6500000e-01   4.3655800e+02   1.2154986e+02
   4.3701000e+02   7.5000000e-01   4.3730600e+02   1.1941321e+02
   4.3773600e+02   7.2500000e-01   4.3801800e+02   1.2069473e+02
   4.3847200e+02   7.3600000e-01   4.3879400e+02   1.1837534e+02
   4.3924600e+02   7.7400000e-01   4.3954400e+02   1.1663698e+02
   4.4002900e+02   7.8400000e-01   4.4033800e+02   1.1947412e+02
   4.4080200e+02   7.7200000e-01   4.4111500e+02   1.2063382e+02
   4.4154800e+02   7.4600000e-01   4.4184600e+02   1.1904773e+02
   4.4225400e+02   7.0600000e-01   4.4256600e+02   1.1904773e+02
   4.4296600e+02   7.1200000e-01   4.4325500e+02   1.2148894e+02
   4.4371600e+02   7.5000000e-01   4.4400300e+02   1.2142803e+02
   4.4449800e+02   7.8200000e-01   4.4480300e+02   1.2112346e+02
   4.4526800e+02   7.7000000e-01   4.4557500e+02   1.1559911e+02
   4.4601000e+02   7.4200000e-01   4.4630700e+02   1.1990286e+02
   4.4671100e+02   7.0100000e-01   4.4701700e+02   1.1752256e+02
   4.4741100e+02   7.0000000e-01   4.4771800e+02   1.1907819e+02
   4.4813600e+02   7.2500000e-01   4.4841500e+02   1.2194813e+02
   4.4889200e+02   7.5600000e-01   4.4918700e+02   1.2148894e+02
   4.4961600e+02   7.2400000e-01   4.4992600e+02   1.1709382e+02
   4.5031500e+02   6.9900000e-01   4.5062000e+02   1.2072519e+02
   4.5102500e+02   7.1100000e-01   4.5133100e+02   1.1831443e+02
   4.5175400e+02   7.2900000e-01   4.5203200e+02   1.2307503e+02
   4.5249200e+02   7.3800000e-01   4.5278900e+02   1.2191768e+02
   4.5322500e+02   7.3300000e-01   4.5354300e+02   1.2020742e+02
   4.5392800e+02   7.0300000e-01   4.5421400e+02   1.1984194e+02
   4.5463600e+02   7.0800000e-01   4.5494500e+02   1.1630195e+02
   4.5536400e+02   7.2800000e-01   4.5566400e+02   1.2151940e+02
   4.5613200e+02   7.6800000e-01   4.5642500e+02   1.2307503e+02
   4.5690400e+02   7.7200000e-01   4.5722500e+02   1.1425668e+02
   4.5765400e+02   7.4900000e-01   4.5796600e+02   1.1434805e+02
   4.5834600e+02   6.9300000e-01   4.5866300e+02   1.1743119e+02
   4.5902500e+02   6.7900000e-01   4.5931300e+02   1.2115392e+02
   4.5971500e+02   6.9000000e-01   4.6002500e+02   1.1788804e+02
   4.6045400e+02   7.3900000e-01   4.6077500e+02   1.2313828e+02
   4.6121100e+02   7.5700000e-01   4.6155100e+02   1.1938275e+02
   4.6197600e+02   7.6500000e-01   4.6229100e+02   1.1675880e+02
   4.6269300e+02   7.1700000e-01   4.6301000e+02   1.1990286e+02
   4.6329400e+02   6.0100000e-01   4.6359100e+02   1.1306653e+02
   4.6418700e+02   8.9200000e-01   4.6448900e+02   1.1636287e+02
   4.6488700e+02   7.0000000e-01   4.6521300e+02   1.1389120e+02
   4.6556800e+02   6.8100000e-01   4.6586000e+02   1.1981149e+02
   4.6622700e+02   6.5900000e-01   4.6654000e+02   1.2017697e+02
   4.6689000e+02   6.6300000e-01   4.6721600e+02   1.2389970e+02
   4.6759500e+02   7.0500000e-01   4.6788000e+02   1.2743969e+02
   4.6838000e+02   7.8500000e-01   4.6870300e+02   1.2548813e+02
   4.6921700e+02   8.3700000e-01   4.6954100e+02   1.2185442e+02
   4.7002300e+02   8.0600000e-01   4.7033200e+02   1.2151940e+02
   4.7079300e+02   7.7000000e-01   4.7108800e+02   1.2023788e+02
   4.7158100e+02   7.8800000e-01   4.7189100e+02   1.2023788e+02
   4.7237800e+02   7.9600000e-01   4.7272800e+02   1.1877362e+02
   4.7317200e+02   7.9400000e-01   4.7347200e+02   1.1944367e+02
   4.7395300e+02   7.8200000e-01   4.7426000e+02   1.1865180e+02
   4.7469100e+02   7.3800000e-01   4.7501800e+02   1.1782712e+02
   4.7539100e+02   7.0000000e-01   4.7573100e+02   1.1639332e+02
   4.7608600e+02   6.9500000e-01   4.7636800e+02   1.2191768e+02
   4.7680300e+02   7.1700000e-01   4.7710900e+02   1.2310783e+02
   4.7757700e+02   7.7400000e-01   4.7787600e+02   1.2191768e+02
   4.7835100e+02   7.7400000e-01   4.7864900e+02   1.2026834e+02
   4.7910500e+02   7.5400000e-01   4.7940900e+02   1.2023788e+02
   4.7989500e+02   7.9000000e-01   4.8018900e+02   1.2032925e+02
   4.8072600e+02   8.3100000e-01   4.8101000e+02   1.1910864e+02
   4.8155200e+02   8.2600000e-01   4.8185000e+02   1.1825352e+02
   4.8235000e+02   7.9800000e-01   4.8265700e+02   1.1709382e+02
   4.8310600e+02   7.5500000e-01   4.8341100e+02   1.1788804e+02
   4.8382500e+02   7.1900000e-01   4.8414900e+02   1.1868225e+02
   4.8452300e+02   6.9800000e-01   4.8481700e+02   1.2145849e+02
   4.8522400e+02   7.0100000e-01   4.8550900e+02   1.2356468e+02
   4.8595300e+02   7.3000000e-01   4.8625600e+02   1.1907819e+02
   4.8671600e+02   7.6300000e-01   4.8702800e+02   1.2063382e+02
   4.8745800e+02   7.4200000e-01   4.8777000e+02   1.2112346e+02
   4.8815800e+02   6.9900000e-01   4.8844900e+02   1.2151940e+02
   4.8886100e+02   7.0400000e-01   4.8915700e+02   1.2234407e+02
   4.8959500e+02   7.3300000e-01   4.8987600e+02   1.2316874e+02
   4.9036300e+02   7.6800000e-01   4.9065700e+02   1.2112346e+02
   4.9113700e+02   7.7400000e-01   4.9143700e+02   1.1984194e+02
   4.9185700e+02   7.2000000e-01   4.9215600e+02   1.1913910e+02
   4.9254200e+02   6.8500000e-01   4.9283700e+02   1.1508135e+02
   4.9324400e+02   7.0200000e-01   4.9353600e+02   1.2197859e+02
   4.9397100e+02   7.2700000e-01   4.9427700e+02   1.1947412e+02
   4.9472700e+02   7.5600000e-01   4.9501400e+02   1.2029879e+02
   4.9548200e+02   7.5500000e-01   4.9579600e+02   1.1593413e+02
   4.9621000e+02   7.2800000e-01   4.9650500e+02   1.1950458e+02
   4.9691000e+02   7.0000000e-01   4.9720500e+02   1.2026834e+02
   4.9762800e+02   7.1800000e-01   4.9792500e+02   1.2023788e+02
   4.9835600e+02   7.2800000e-01   4.9864500e+02   1.2029879e+02
   4.9912000e+02   7.6400000e-01   4.9943700e+02   1.2023788e+02
   4.9988000e+02   7.6000000e-01   5.0017600e+02   1.1987240e+02
   5.0059800e+02   7.1900000e-01   5.0090500e+02   1.1862134e+02
   5.0134400e+02   7.4600000e-01   5.0163700e+02   1.1987240e+02
   5.0213900e+02   7.9500000e-01   5.0245500e+02   1.2020742e+02
   5.0293600e+02   7.9800000e-01   5.0323100e+02   1.1941321e+02
   5.0373300e+02   7.9700000e-01   5.0405700e+02   1.1117353e+02
   5.0451200e+02   7.7800000e-01   5.0483100e+02   1.1669789e+02
   5.0526000e+02   7.4900000e-01   5.0554400e+02   1.1672835e+02
   5.0597600e+02   7.1600000e-01   5.0629100e+02   1.1675880e+02
   5.0669600e+02   7.2000000e-01   5.0699700e+02   1.1871271e+02
   5.0744800e+02   7.5200000e-01   5.0776100e+02   1.1743119e+02
   5.0818400e+02   7.3600000e-01   5.0848900e+02   1.1797941e+02
   5.0891700e+02   7.3300000e-01   5.0923000e+02   1.1559911e+02
   5.0968000e+02   7.6300000e-01   5.0999300e+02   1.1749210e+02
   5.1046700e+02   7.8700000e-01   5.1079600e+02   1.1434805e+02
   5.1125400e+02   7.8600000e-01   5.1155100e+02   1.1480490e+02
   5.1202000e+02   7.6700000e-01   5.1232400e+02   1.1352338e+02
   5.1273200e+02   7.1200000e-01   5.1303300e+02   1.1907819e+02
   5.1341300e+02   6.8100000e-01   5.1374500e+02   1.1981149e+02
   5.1409600e+02   6.8300000e-01   5.1439500e+02   1.1517272e+02
   5.1480700e+02   7.1100000e-01   5.1511000e+02   1.2347331e+02
   5.1559000e+02   7.8300000e-01   5.1590900e+02   1.2310783e+02
   5.1638600e+02   7.9600000e-01   5.1671500e+02   1.2112346e+02
   5.1714000e+02   7.5400000e-01   5.1746400e+02   1.1474398e+02
   5.1784200e+02   7.0200000e-01   5.1813000e+02   1.1868225e+02
   5.1854500e+02   7.0300000e-01   5.1884900e+02   1.1715474e+02
   5.1926900e+02   7.2400000e-01   5.1956300e+02   1.2188488e+02
   5.2004500e+02   7.7600000e-01   5.2033000e+02   1.2069473e+02
   5.2080800e+02   7.6300000e-01   5.2110900e+02   1.1709382e+02
   5.2151500e+02   7.0700000e-01   5.2180300e+02   1.1938275e+02
   5.2221600e+02   7.0100000e-01   5.2252900e+02   1.1636287e+02
   5.2295100e+02   7.3500000e-01   5.2325600e+02   1.1794895e+02
   5.2373200e+02   7.8200000e-01   5.2402900e+02   1.2026834e+02
   5.2448800e+02   7.5600000e-01   5.2481100e+02   1.1465261e+02
   5.2521800e+02   7.3000000e-01   5.2551100e+02   1.1477444e+02
   5.2590500e+02   6.8800000e-01   5.2623900e+02   1.1706337e+02
   5.2655800e+02   6.5300000e-01   5.2684900e+02   1.1987240e+02
   5.2722100e+02   6.6200000e-01   5.2752200e+02   1.2106255e+02
   5.2792600e+02   7.0500000e-01   5.2821000e+02   1.2466345e+02
   5.2867600e+02   7.5000000e-01   5.2895900e+02   1.2264864e+02
   5.2942300e+02   7.4700000e-01   5.2974200e+02   1.2231361e+02
   5.3014800e+02   7.2500000e-01   5.3047100e+02   1.1636287e+02
   5.3084000e+02   6.9200000e-01   5.3113100e+02   1.2042062e+02
   5.3154800e+02   7.0800000e-01   5.3183400e+02   1.2029879e+02
   5.3227300e+02   7.2500000e-01   5.3255500e+02   1.2063382e+02
   5.3303800e+02   7.6500000e-01   5.3334700e+02   1.1755302e+02
   5.3379100e+02   7.5300000e-01   5.3410800e+02   1.1511180e+02
   5.3451800e+02   7.2700000e-01   5.3480900e+02   1.1822306e+02
   5.3521300e+02   6.9500000e-01   5.3553000e+02   1.1944367e+02
   5.3591900e+02   7.0600000e-01   5.3623700e+02   1.1981149e+02
   5.3664400e+02   7.2500000e-01   5.3695400e+02   1.1755302e+02
   5.3738000e+02   7.3600000e-01   5.3770900e+02   1.1953504e+02
   5.3809700e+02   7.1800000e-01   5.3841600e+02   1.1706337e+02
   5.3878300e+02   6.8600000e-01   5.3911000e+02   1.1981149e+02
   5.3944600e+02   6.6300000e-01   5.3975900e+02   1.2020742e+02
   5.4012900e+02   6.8300000e-01   5.4042800e+02   1.2112346e+02
   5.4089800e+02   7.6900000e-01   5.4117700e+02   1.2231361e+02
   5.4168600e+02   7.8800000e-01   5.4197000e+02   1.2310783e+02
   5.4248400e+02   7.9800000e-01   5.4279900e+02   1.1514226e+02
   5.4327200e+02   7.8800000e-01   5.4355900e+02   1.1871271e+02
   5.4405700e+02   7.8500000e-01   5.4436900e+02   1.1511180e+02
   5.4479800e+02   7.4000000e-01   5.4510500e+02   1.1514226e+02
   5.4552000e+02   7.2200000e-01   5.4582900e+02   1.1828397e+02
   5.4623600e+02   7.1600000e-01   5.4652900e+02   1.1752256e+02
   5.4698300e+02   7.4600000e-01   5.4730500e+02   1.1831443e+02
   5.4775600e+02   7.7400000e-01   5.4805100e+02   1.2072519e+02
   5.4853900e+02   7.8300000e-01   5.4882500e+02   1.2066427e+02
   5.4928800e+02   7.4900000e-01   5.4957800e+02   1.1868225e+02
   5.5000100e+02   7.1300000e-01   5.5030600e+02   1.1633241e+02
   5.5072100e+02   7.1900000e-01   5.5100600e+02   1.1834489e+02
   5.5146700e+02   7.4600000e-01   5.5179700e+02   1.1517272e+02
   5.5222600e+02   7.5900000e-01   5.5251100e+02   1.1511180e+02
   5.5296700e+02   7.4100000e-01   5.5327500e+02   1.1264014e+02
   5.5365900e+02   6.9200000e-01   5.5396700e+02   1.1868225e+02
   5.5436500e+02   7.0600000e-01   5.5465700e+02   1.1871271e+02
   5.5509100e+02   7.2600000e-01   5.5542600e+02   1.1672835e+02
   5.5587000e+02   7.8000000e-01   5.5616200e+02   1.1981149e+02
   5.5669000e+02   8.2000000e-01   5.5702700e+02   1.1599504e+02
   5.5750200e+02   8.1200000e-01   5.5779200e+02   1.1791849e+02
   5.5825700e+02   7.5500000e-01   5.5856600e+02   1.1273151e+02
   5.5897000e+02   7.1300000e-01   5.5927300e+02   1.1389120e+02
   5.5967700e+02   7.0700000e-01   5.5999700e+02   1.1755302e+02
   5.6041000e+02   7.3300000e-01   5.6075400e+02   1.1309698e+02
   5.6117600e+02   7.6500000e-01   5.6145400e+02   1.2106255e+02
   5.6195300e+02   7.7700000e-01   5.6225700e+02   1.2115392e+02
   5.6270300e+02   7.5000000e-01   5.6304200e+02   1.1978103e+02
   5.6341400e+02   7.1100000e-01   5.6374100e+02   1.2502893e+02
   5.6414100e+02   7.2700000e-01   5.6444300e+02   1.1785758e+02
   5.6488000e+02   7.3900000e-01   5.6518100e+02   1.2103209e+02
   5.6563800e+02   7.5800000e-01   5.6595500e+02   1.1511180e+02
   5.6637500e+02   7.3700000e-01   5.6667500e+02   1.1822306e+02
   5.6707200e+02   6.9800000e-01   5.6737800e+02   1.1907819e+02
   5.6773500e+02   6.6300000e-01   5.6805100e+02   1.1428713e+02
   5.6839000e+02   6.5500000e-01   5.6870100e+02   1.2072519e+02
   5.6908500e+02   6.9500000e-01   5.6939200e+02   1.1904773e+02
   5.6982900e+02   7.4400000e-01   5.7012100e+02   1.2316874e+02
   5.7061200e+02   7.8400000e-01   5.7091400e+02   1.2158031e+02
   5.7137100e+02   7.5900000e-01   5.7167800e+02   1.1868225e+02
   5.7210300e+02   7.3200000e-01   5.7241100e+02   1.1825352e+02
   5.7286000e+02   7.5700000e-01   5.7316100e+02   1.1547728e+02
   5.7362000e+02   7.6000000e-01   5.7394000e+02   1.1712428e+02
   5.7439200e+02   7.7300000e-01   5.7470100e+02   1.1636287e+02
   5.7516100e+02   7.6900000e-01   5.7545200e+02   1.1901727e+02
   5.7589200e+02   7.3100000e-01   5.7618000e+02   1.1672835e+02
   5.7662100e+02   7.2900000e-01   5.7692000e+02   1.1791849e+02
   5.7736000e+02   7.3900000e-01   5.7768000e+02   1.1712428e+02
   5.7812500e+02   7.6500000e-01   5.7841000e+02   1.1865180e+02
   5.7890500e+02   7.8000000e-01   5.7920000e+02   1.1788804e+02
   5.7967400e+02   7.6900000e-01   5.7999900e+02   1.1675880e+02
   5.8041500e+02   7.4100000e-01   5.8073500e+02   1.0809273e+02
   5.8114600e+02   7.3100000e-01   5.8144100e+02   1.1791849e+02
   5.8188400e+02   7.3800000e-01   5.8217300e+02   1.1871271e+02
   5.8262800e+02   7.4400000e-01   5.8294200e+02   1.1514226e+02
   5.8335500e+02   7.2700000e-01   5.8366900e+02   1.1990286e+02
   5.8405100e+02   6.9600000e-01   5.8434100e+02   1.1831443e+02
   5.8473300e+02   6.8200000e-01   5.8502900e+02   1.1947412e+02
   5.8545900e+02   7.2600000e-01   5.8576900e+02   1.2109301e+02
   5.8623100e+02   7.7200000e-01   5.8651500e+02   1.1987240e+02
   5.8702700e+02   7.9600000e-01   5.8733800e+02   1.1343201e+02
   5.8776300e+02   7.3500000e-01   5.8805700e+02   1.1562957e+02
   5.8844700e+02   6.8400000e-01   5.8876000e+02   1.1236368e+02
   5.8912700e+02   6.8000000e-01   5.8944000e+02   1.1871271e+02
   5.8983800e+02   7.1100000e-01   5.9014700e+02   1.1709382e+02
   5.9056400e+02   7.2600000e-01   5.9085800e+02   1.2191768e+02
   5.9130300e+02   7.3800000e-01   5.9160000e+02   1.2066427e+02
   5.9200900e+02   7.0600000e-01   5.9231700e+02   1.1981149e+02
   5.9268300e+02   6.7400000e-01   5.9299600e+02   1.1636287e+02
   5.9337000e+02   6.8700000e-01   5.9367600e+02   1.2023788e+02
   5.9409200e+02   7.2200000e-01   5.9439500e+02   1.2274000e+02
   5.9484100e+02   7.4900000e-01   5.9512800e+02   1.2228316e+02
   5.9557100e+02   7.3000000e-01   5.9586900e+02   1.1941321e+02
   5.9627700e+02   7.0700000e-01   5.9656900e+02   1.1904773e+02
   5.9699700e+02   7.2000000e-01   5.9729400e+02   1.1944367e+02
   5.9776400e+02   7.6700000e-01   5.9805500e+02   1.1984194e+02
   5.9852300e+02   7.5900000e-01   5.9881600e+02   1.2151940e+02
   5.9923600e+02   7.1300000e-01   5.9953800e+02   1.1746165e+02
   5.9991100e+02   6.7500000e-01   6.0021800e+02   1.1797941e+02
   6.0057100e+02   6.5900000e-01   6.0088900e+02   1.1865180e+02
   6.0124500e+02   6.7400000e-01   6.0152600e+02   1.2106255e+02
   6.0195500e+02   7.1000000e-01   6.0225400e+02   1.1556865e+02
   6.0270900e+02   7.5400000e-01   6.0303700e+02   1.1108216e+02
   6.0342100e+02   7.1200000e-01   6.0373500e+02   1.1822306e+02
   6.0411200e+02   6.9100000e-01   6.0440900e+02   1.1904773e+02
   6.0481700e+02   7.0400000e-01   6.0510000e+02   1.1907819e+02
   6.0556100e+02   7.4400000e-01   6.0586600e+02   1.1550774e+02
   6.0634600e+02   7.8500000e-01   6.0664900e+02   1.1474398e+02
   6.0711600e+02   7.7000000e-01   6.0741500e+02   1.1715474e+02
   6.0786000e+02   7.4300000e-01   6.0814700e+02   1.1630195e+02
   6.0856300e+02   7.0300000e-01   6.0885600e+02   1.1675880e+02
   6.0925400e+02   6.9100000e-01   6.0955400e+02   1.1471353e+02
   6.0995800e+02   7.0500000e-01   6.1024000e+02   1.1868225e+02
   6.1068900e+02   7.3100000e-01   6.1098000e+02   1.1984194e+02
   6.1146200e+02   7.7300000e-01   6.1178700e+02   1.1587322e+02
   6.1220900e+02   7.4700000e-01   6.1251500e+02   1.1800986e+02
   6.1291900e+02   7.1000000e-01   6.1323600e+02   1.1511180e+02
   6.1362800e+02   7.0800000e-01   6.1394200e+02   1.1508135e+02
   6.1433200e+02   7.0400000e-01   6.1464600e+02   1.1669789e+02
   6.1504500e+02   7.1300000e-01   6.1533600e+02   1.1907819e+02
   6.1575400e+02   7.0900000e-01   6.1606200e+02   1.1871271e+02
   6.1643200e+02   6.7800000e-01   6.1676400e+02   1.1865180e+02
   6.1707300e+02   6.4200000e-01   6.1735500e+02   1.1865180e+02
   6.1773600e+02   6.6300000e-01   6.1803700e+02   1.1871271e+02
   6.1842800e+02   6.9200000e-01   6.1874400e+02   1.2145849e+02
   6.1917700e+02   7.5000000e-01   6.1946100e+02   1.2060336e+02
   6.1996800e+02   7.9100000e-01   6.2024100e+02   1.1868225e+02
   6.2073100e+02   7.6300000e-01   6.2102200e+02   1.1593413e+02
   6.2143800e+02   7.0700000e-01   6.2176100e+02   1.1630195e+02
   6.2212700e+02   6.8800000e-01   6.2240500e+02   1.1636287e+02
   6.2282200e+02   6.9500000e-01   6.2315400e+02   1.1672835e+02
   6.2352700e+02   7.0600000e-01   6.2381300e+02   1.1904773e+02
   6.2426700e+02   7.4000000e-01   6.2455200e+02   1.1938275e+02
   6.2501600e+02   7.4900000e-01   6.2533000e+02   1.1468307e+02
   6.2574700e+02   7.3100000e-01   6.2606100e+02   1.1752256e+02
   6.2643300e+02   6.8500000e-01   6.2676100e+02   1.1984194e+02
   6.2713600e+02   7.0300000e-01   6.2744000e+02   1.1709382e+02
   6.2786500e+02   7.2900000e-01   6.2817200e+02   1.1666743e+02
   6.2861200e+02   7.4700000e-01   6.2892000e+02   1.1627150e+02
   6.2933600e+02   7.2300000e-01   6.2965300e+02   1.1788804e+02
   6.3003500e+02   7.0000000e-01   6.3032100e+02   1.1712428e+02
   6.3075700e+02   7.2200000e-01   6.3106000e+02   1.1474398e+02
   6.3149700e+02   7.4000000e-01   6.3179700e+02   1.1672835e+02
   6.3224300e+02   7.4500000e-01   6.3255300e+02   1.1309698e+02
   6.3301600e+02   7.7400000e-01   6.3330200e+02   1.1666743e+02
   6.3375600e+02   7.4000000e-01   6.3406000e+02   1.1556865e+02
   6.3447700e+02   7.2100000e-01   6.3478900e+02   1.1120399e+02
   6.3521200e+02   7.3500000e-01   6.3554100e+02   1.1593413e+02
   6.3596200e+02   7.5000000e-01   6.3626900e+02   1.1386074e+02
   6.3671500e+02   7.5300000e-01   6.3701500e+02   1.1355383e+02
   6.3746600e+02   7.5100000e-01   6.3779500e+02   1.1123445e+02
   6.3818000e+02   7.1400000e-01   6.3846900e+02   1.1782712e+02
   6.3886200e+02   6.8200000e-01   6.3915700e+02   1.1825352e+02
   6.3955100e+02   6.8800000e-01   6.3986900e+02   1.1819260e+02
   6.4027700e+02   7.2600000e-01   6.4056900e+02   1.1901727e+02
   6.4106200e+02   7.8400000e-01   6.4137000e+02   1.1749210e+02
   6.4177900e+02   7.1800000e-01   6.4207100e+02   1.1749210e+02
   6.4244800e+02   6.6900000e-01   6.4277000e+02   1.1709382e+02
   6.4310600e+02   6.5800000e-01   6.4341800e+02   1.1944367e+02
   6.4379000e+02   6.8400000e-01   6.4407800e+02   1.2066427e+02
   6.4452600e+02   7.3600000e-01   6.4483500e+02   1.1828397e+02
   6.4527800e+02   7.5200000e-01   6.4557700e+02   1.1871271e+02
   6.4602500e+02   7.4700000e-01   6.4633900e+02   1.1187638e+02
   6.4671200e+02   6.8700000e-01   6.4704000e+02   1.1303607e+02
   6.4740200e+02   6.9000000e-01   6.4773600e+02   1.0842776e+02
   6.4813700e+02   7.3500000e-01   6.4841900e+02   1.2069473e+02
   6.4889100e+02   7.5400000e-01   6.4918300e+02   1.2069473e+02
   6.4965900e+02   7.6800000e-01   6.4994600e+02   1.1639332e+02
   6.5040900e+02   7.5000000e-01   6.5073700e+02   1.1791849e+02
   6.5113200e+02   7.2300000e-01   6.5142900e+02   1.1981149e+02
   6.5181800e+02   6.8600000e-01   6.5211800e+02   1.1831443e+02
   6.5248400e+02   6.6500000e-01   6.5279900e+02   1.1596459e+02
   6.5313800e+02   6.5400000e-01   6.5341800e+02   1.1950458e+02
   6.5377200e+02   6.3400000e-01   6.5410500e+02   1.1947412e+02
   6.5441000e+02   6.3800000e-01   6.5473800e+02   1.2148894e+02
   6.5508900e+02   6.7800000e-01   6.5538500e+02   1.1907819e+02
   6.5579000e+02   7.0100000e-01   6.5611300e+02   1.2109301e+02
   6.5647800e+02   6.8800000e-01   6.5678500e+02   1.1706337e+02
   6.5715800e+02   6.8000000e-01   6.5743800e+02   1.2139757e+02
   6.5784900e+02   6.9100000e-01   6.5813800e+02   1.1981149e+02
   6.5856000e+02   7.1100000e-01   6.5884800e+02   1.2026834e+02
   6.5928200e+02   7.2200000e-01   6.5957600e+02   1.1788804e+02
   6.5998100e+02   7.0000000e-01   6.6026300e+02   1.1825352e+02
   6.6067000e+02   6.8900000e-01   6.6096700e+02   1.1944367e+02
   6.6135900e+02   6.8800000e-01   6.6165600e+02   1.1935230e+02
   6.6206000e+02   7.0100000e-01   6.6234400e+02   1.2017697e+02
   6.6279600e+02   7.3700000e-01   6.6309500e+02   1.1758347e+02
   6.6359200e+02   7.9600000e-01   6.6391500e+02   1.1440896e+02
   6.6438700e+02   7.9500000e-01   6.6467500e+02   1.1828397e+02
   6.6515400e+02   7.6800000e-01   6.6546100e+02   1.1715474e+02
   6.6587300e+02   7.1900000e-01   6.6617300e+02   1.1627150e+02
   6.6658200e+02   7.0800000e-01   6.6690200e+02   1.1309698e+02
   6.6730100e+02   7.1900000e-01   6.6765100e+02   1.1981149e+02
   6.6803900e+02   7.3800000e-01   6.6834600e+02   1.1831443e+02
   6.6880400e+02   7.6600000e-01   6.6910400e+02   1.1947412e+02
   6.6953200e+02   7.2700000e-01   6.6982400e+02   1.1749210e+02
   6.7026500e+02   7.3300000e-01   6.7054600e+02   1.1947412e+02
   6.7101200e+02   7.4700000e-01   6.7134100e+02   1.1987240e+02
   6.7178800e+02   7.7600000e-01   6.7208200e+02   1.1904773e+02
   6.7254800e+02   7.6100000e-01   6.7286300e+02   1.1553820e+02
   6.7328800e+02   7.4000000e-01   6.7359800e+02   1.1749210e+02
   6.7403900e+02   7.5000000e-01   6.7432800e+02   1.1984194e+02
   6.7480000e+02   7.6100000e-01   6.7512300e+02   1.1267059e+02
   6.7557800e+02   7.7800000e-01   6.7589300e+02   1.1859088e+02
   6.7634200e+02   7.6400000e-01   6.7664400e+02   1.1828397e+02
   6.7708200e+02   7.4000000e-01   6.7738300e+02   1.1990286e+02
   6.7781400e+02   7.3200000e-01   6.7811100e+02   1.1904773e+02
   6.7857900e+02   7.6400000e-01   6.7888600e+02   1.1553820e+02
   6.7938500e+02   8.0700000e-01   6.7968300e+02   1.1944367e+02
   6.8020700e+02   8.2100000e-01   6.8054400e+02   1.1865180e+02
   6.8096900e+02   7.6300000e-01   6.8126800e+02   1.1761393e+02
   6.8167200e+02   7.0300000e-01   6.8196000e+02   1.1718519e+02
   6.8235300e+02   6.8100000e-01   6.8264200e+02   1.2017697e+02
   6.8304300e+02   6.9000000e-01   6.8334300e+02   1.2228316e+02
   6.8379600e+02   7.5300000e-01   6.8409100e+02   1.2270955e+02
   6.8457700e+02   7.8100000e-01   6.8486800e+02   1.2145849e+02
   6.8534200e+02   7.6400000e-01   6.8564000e+02   1.1981149e+02
   6.8606900e+02   7.2700000e-01   6.8638500e+02   1.1791849e+02
   6.8679600e+02   7.2700000e-01   6.8708700e+02   1.2069473e+02
   6.8755800e+02   7.6200000e-01   6.8786000e+02   1.2115392e+02
   6.8834600e+02   7.8800000e-01   6.8865900e+02   1.1474398e+02
   6.8913000e+02   7.8400000e-01   6.8944000e+02   1.1868225e+02
   6.8989100e+02   7.6200000e-01   6.9019000e+02   1.1825352e+02
   6.9062000e+02   7.2900000e-01   6.9091800e+02   1.1749210e+02
   6.9132100e+02   7.0000000e-01   6.9163900e+02   1.1791849e+02
   6.9202400e+02   7.0400000e-01   6.9234000e+02   1.1550774e+02
   6.9274900e+02   7.2500000e-01   6.9304500e+02   1.1944367e+02
   6.9350100e+02   7.5200000e-01   6.9381100e+02   1.1938275e+02
   6.9421900e+02   7.1800000e-01   6.9451100e+02   1.1944367e+02
   6.9491400e+02   6.9500000e-01   6.9521100e+02   1.1941321e+02
   6.9563500e+02   7.2100000e-01   6.9592800e+02   1.2231361e+02
   6.9643200e+02   7.9700000e-01   6.9676500e+02   1.2069473e+02
   6.9720500e+02   7.7300000e-01   6.9750700e+02   1.1901727e+02
   6.9797000e+02   7.6500000e-01   6.9827200e+02   1.1517272e+02
   6.9870600e+02   7.3600000e-01   6.9903700e+02   1.1819260e+02
   6.9938200e+02   6.7700000e-01   6.9970500e+02   1.1984194e+02
   7.0004700e+02   6.6500000e-01   7.0035300e+02   1.1514226e+02
   7.0074100e+02   6.9300000e-01   7.0102600e+02   1.2026834e+02
   7.0149600e+02   7.5500000e-01   7.0182700e+02   1.0952654e+02
   7.0230200e+02   8.0600000e-01   7.0259700e+02   1.1901727e+02
   7.0308600e+02   7.8400000e-01   7.0337700e+02   1.1791849e+02
   7.0387300e+02   7.8800000e-01   7.0416600e+02   1.1681971e+02
   7.0464000e+02   7.6700000e-01   7.0493900e+02   1.1669789e+02
   7.0537000e+02   7.3100000e-01   7.0565400e+02   1.1785758e+02
   7.0613000e+02   7.6000000e-01   7.0643900e+02   1.1663698e+02
   7.0691200e+02   7.8200000e-01   7.0721300e+02   1.1938275e+02
   7.0771600e+02   8.0300000e-01   7.0800600e+02   1.1874316e+02
   7.0851000e+02   7.9500000e-01   7.0881500e+02   1.1868225e+02
   7.0927600e+02   7.6600000e-01   7.0959500e+02   1.1584276e+02
   7.1001900e+02   7.4300000e-01   7.1033700e+02   1.1666743e+02
   7.1076200e+02   7.4300000e-01   7.1105600e+02   1.1874316e+02
   7.1152900e+02   7.6700000e-01   7.1183600e+02   1.1511180e+02
   7.1232100e+02   7.9200000e-01   7.1261600e+02   1.1672835e+02
   7.1309900e+02   7.7800000e-01   7.1344000e+02   1.1001384e+02
   7.1383400e+02   7.3500000e-01   7.1415400e+02   1.1633241e+02
   7.1453100e+02   6.9700000e-01   7.1481400e+02   1.1907819e+02
   7.1525000e+02   7.2000000e-01   7.1554600e+02   1.2060336e+02
   7.1601700e+02   7.6700000e-01   7.1632400e+02   1.2109301e+02
   7.1683100e+02   8.1300000e-01   7.1713700e+02   1.1474398e+02
   7.1763800e+02   8.0700000e-01   7.1794400e+02   1.1303607e+02
   7.1841600e+02   7.7800000e-01   7.1874400e+02   1.1480490e+02
   7.1918600e+02   7.7000000e-01   7.1950400e+02   1.1270105e+02
   7.1995800e+02   7.7300000e-01   7.2026400e+02   1.1352338e+02
   7.2073000e+02   7.7200000e-01   7.2102500e+02   1.1550774e+02
   7.2152700e+02   7.9700000e-01   7.2182000e+02   1.1938275e+02
   7.2231000e+02   7.8200000e-01   7.2261300e+02   1.1276196e+02
   7.2302700e+02   7.1800000e-01   7.2333800e+02   1.1672835e+02
   7.2370600e+02   6.7900000e-01   7.2404500e+02   1.1788804e+02
   7.2440500e+02   6.9900000e-01   7.2474600e+02   1.1978103e+02
   7.2518800e+02   7.8400000e-01   7.2547100e+02   1.2188488e+02
   7.2604800e+02   8.5900000e-01   7.2633400e+02   1.1947412e+02
   7.2688700e+02   8.3900000e-01   7.2718500e+02   1.1712428e+02
   7.2768800e+02   8.0100000e-01   7.2798200e+02   1.1706337e+02
   7.2843500e+02   7.4700000e-01   7.2874400e+02   1.1621058e+02
   7.2918000e+02   7.4500000e-01   7.2951100e+02   1.1559911e+02
   7.2993600e+02   7.5500000e-01   7.3023800e+02   1.1910864e+02
   7.3071200e+02   7.7600000e-01   7.3102300e+02   1.1715474e+02
   7.3149400e+02   7.8200000e-01   7.3179200e+02   1.1987240e+02
   7.3225600e+02   7.6300000e-01   7.3258200e+02   1.1749210e+02
   7.3300800e+02   7.5200000e-01   7.3331900e+02   1.1993331e+02
   7.3376100e+02   7.5300000e-01   7.3406000e+02   1.2225270e+02
   7.3454200e+02   7.8100000e-01   7.3485200e+02   1.2075798e+02
   7.3532900e+02   7.8700000e-01   7.3563300e+02   1.1672835e+02
   7.3608100e+02   7.5200000e-01   7.3640200e+02   1.1901727e+02
   7.3677600e+02   6.9500000e-01   7.3709900e+02   1.1782712e+02
   7.3745900e+02   6.8300000e-01   7.3778200e+02   1.2066427e+02
   7.3818400e+02   7.2500000e-01   7.3849300e+02   1.1987240e+02
   7.3898900e+02   8.0500000e-01   7.3932100e+02   1.1749210e+02
   7.3979300e+02   8.0400000e-01   7.4011300e+02   1.1987240e+02
   7.4061500e+02   8.2200000e-01   7.4093300e+02   1.1910864e+02
   7.4139600e+02   7.8100000e-01   7.4171000e+02   1.1514226e+02
   7.4213200e+02   7.3600000e-01   7.4242800e+02   1.1788804e+02
   7.4286700e+02   7.3500000e-01   7.4315800e+02   1.1901727e+02
   7.4362800e+02   7.6100000e-01   7.4394200e+02   1.1593413e+02
   7.4444800e+02   8.2000000e-01   7.4476900e+02   1.1468307e+02
   7.4526200e+02   8.1400000e-01   7.4557000e+02   1.1547728e+02
   7.4606000e+02   7.9800000e-01   7.4634500e+02   1.1822306e+02
   7.4682700e+02   7.6700000e-01   7.4711800e+02   1.1822306e+02
   7.4760600e+02   7.7900000e-01   7.4792400e+02   1.1831443e+02
   7.4838100e+02   7.7500000e-01   7.4866900e+02   1.1825352e+02
   7.4915400e+02   7.7300000e-01   7.4944500e+02   1.1901727e+02
   7.4992300e+02   7.6900000e-01   7.5021000e+02   1.1950458e+02
   7.5069300e+02   7.6900000e-01   7.5099100e+02   1.1831443e+02
   7.5144800e+02   7.5600000e-01   7.5177000e+02   1.1505089e+02
   7.5216000e+02   7.1200000e-01   7.5245900e+02   1.2029879e+02
   7.5288700e+02   7.2600000e-01   7.5317500e+02   1.2148894e+02
   7.5365800e+02   7.7100000e-01   7.5396500e+02   1.2264864e+02
   7.5446200e+02   8.0400000e-01   7.5477700e+02   1.1785758e+02
   7.5527400e+02   8.1200000e-01   7.5556700e+02   1.1938275e+02
   7.5608200e+02   8.0900000e-01   7.5638600e+02   1.1907819e+02
   7.5685600e+02   7.7400000e-01   7.5714600e+02   1.1819260e+02
   7.5758700e+02   7.3100000e-01   7.5789200e+02   1.1752256e+02
   7.5830500e+02   7.1800000e-01   7.5860600e+02   1.1981149e+02
   7.5902700e+02   7.2200000e-01   7.5932600e+02   1.2026834e+02
   7.5977100e+02   7.4400000e-01   7.6006900e+02   1.2066427e+02
   7.6048700e+02   7.1600000e-01   7.6078900e+02   1.2060336e+02
   7.6116600e+02   6.7800000e-01   7.6147800e+02   1.2112346e+02
   7.6184800e+02   6.8200000e-01   7.6214200e+02   1.2341239e+02
   7.6256500e+02   7.1700000e-01   7.6285500e+02   1.2426752e+02
   7.6335600e+02   7.9100000e-01   7.6366700e+02   1.1950458e+02
   7.6417700e+02   8.2100000e-01   7.6448600e+02   1.1556865e+02
   7.6494100e+02   7.6400000e-01   7.6524500e+02   1.1938275e+02
   7.6565400e+02   7.1300000e-01   7.6595800e+02   1.1984194e+02
   7.6635800e+02   7.0300000e-01   7.6666300e+02   1.2103209e+02
   7.6706700e+02   7.0900000e-01   7.6738200e+02   1.1627150e+02
   7.6780500e+02   7.3800000e-01   7.6811500e+02   1.1675880e+02
   7.6854100e+02   7.3600000e-01   7.6884600e+02   1.1633241e+02
   7.6925200e+02   7.1100000e-01   7.6955500e+02   1.1825352e+02
   7.6999400e+02   7.4200000e-01   7.7029700e+02   1.1904773e+02
   7.7076600e+02   7.7300000e-01   7.7104600e+02   1.2145849e+02
   7.7158100e+02   8.1400000e-01   7.7189400e+02   1.1562957e+02
   7.7239300e+02   8.1300000e-01   7.7268700e+02   1.1273151e+02
   7.7314800e+02   7.5500000e-01   7.7344600e+02   1.1898682e+02
   7.7384900e+02   7.0100000e-01   7.7414300e+02   1.2020742e+02
   7.7454800e+02   7.0000000e-01   7.7485200e+02   1.2148894e+02
   7.7526900e+02   7.2100000e-01   7.7558200e+02   1.1782712e+02
   7.7602900e+02   7.6000000e-01   7.7634500e+02   1.2100164e+02
   7.7675400e+02   7.2400000e-01   7.7707500e+02   1.2066427e+02
   7.7745200e+02   6.9800000e-01   7.7776100e+02   1.2267909e+02
   7.7817000e+02   7.1900000e-01   7.7849200e+02   1.2270955e+02
   7.7891800e+02   7.4700000e-01   7.7923500e+02   1.2274000e+02
   7.7970900e+02   7.9200000e-01   7.8000200e+02   1.2188488e+02
   7.8044400e+02   7.3500000e-01   7.8076200e+02   1.1862134e+02
   7.8112700e+02   6.8300000e-01   7.8144200e+02   1.1978103e+02
   7.8181200e+02   6.8500000e-01   7.8214300e+02   1.2112346e+02
   7.8252300e+02   7.1100000e-01   7.8283100e+02   1.2142803e+02
   7.8328200e+02   7.5900000e-01   7.8357000e+02   1.2383878e+02
   7.8407500e+02   7.9400000e-01   7.8436200e+02   1.2231361e+02
   7.8485600e+02   7.8000000e-01   7.8517100e+02   1.2063382e+02
   7.8562300e+02   7.6800000e-01   7.8591100e+02   1.2194813e+02
   7.8642000e+02   7.9700000e-01   7.8674200e+02   1.1868225e+02
   7.8722100e+02   8.0100000e-01   7.8753100e+02   1.1749210e+02
   7.8800400e+02   7.8200000e-01   7.8831200e+02   1.2017697e+02
   7.8861200e+02   6.0900000e-01   7.8891200e+02   1.0955699e+02
   7.8947700e+02   8.6500000e-01   7.8978600e+02   1.1791849e+02
   7.9017100e+02   6.9400000e-01   7.9046100e+02   1.1871271e+02
   7.9084800e+02   6.7700000e-01   7.9116600e+02   1.2267909e+02
   7.9155200e+02   7.0400000e-01   7.9187200e+02   1.2231361e+02
   7.9227900e+02   7.2700000e-01   7.9259200e+02   1.2393015e+02
   7.9299600e+02   7.1600000e-01   7.9331800e+02   1.2389970e+02
   7.9367900e+02   6.8300000e-01   7.9396800e+02   1.2576223e+02
   7.9439600e+02   7.1600000e-01   7.9469100e+02   1.2786842e+02
   7.9541900e+02   1.0230000e+00   7.9574800e+02   1.1553820e+02
   7.9635000e+02   9.3100000e-01   7.9665800e+02   1.1868225e+02
   7.9728600e+02   9.3600000e-01   7.9760000e+02   1.1672835e+02
   7.9814100e+02   8.5500000e-01   7.9844800e+02   1.1788804e+02
   7.9895800e+02   8.1700000e-01   7.9926000e+02   1.1630195e+02
   7.9975000e+02   7.9100000e-01   8.0004900e+02   1.1975057e+02
   8.0051900e+02   7.7000000e-01   8.0084100e+02   1.1715474e+02
   8.0128700e+02   7.6800000e-01   8.0161000e+02   1.1901727e+02
   8.0203600e+02   7.4900000e-01   8.0234900e+02   1.1737028e+02
   8.0276000e+02   7.2300000e-01   8.0307800e+02   1.2191768e+02
   8.0349500e+02   7.3600000e-01   8.0382800e+02   1.2109301e+02
   8.0429900e+02   8.0300000e-01   8.0458600e+02   1.2386924e+02
   8.0511500e+02   8.1600000e-01   8.0541600e+02   1.2225270e+02
   8.0590000e+02   7.8500000e-01   8.0621000e+02   1.1596459e+02
   8.0663400e+02   7.3400000e-01   8.0695800e+02   1.1352338e+02
   8.0731500e+02   6.8200000e-01   8.0762900e+02   1.1556865e+02
   8.0797800e+02   6.6300000e-01   8.0829900e+02   1.2310783e+02
   8.0865200e+02   6.7400000e-01   8.0895800e+02   1.2383878e+02
   8.0938800e+02   7.3600000e-01   8.0970400e+02   1.2194813e+02
   8.1017300e+02   7.8500000e-01   8.1048800e+02   1.2026834e+02
   8.1096700e+02   7.9400000e-01   8.1125700e+02   1.2148894e+02
   8.1177000e+02   8.0300000e-01   8.1206500e+02   1.2023788e+02
   8.1254800e+02   7.7800000e-01   8.1285600e+02   1.1746165e+02
   8.1327600e+02   7.2800000e-01   8.1361700e+02   1.1300561e+02
   8.1396000e+02   6.8400000e-01   8.1427800e+02   1.1935230e+02
   8.1463300e+02   6.7300000e-01   8.1492700e+02   1.1828397e+02
   8.1532100e+02   6.8800000e-01   8.1562700e+02   1.1633241e+02
   8.1604800e+02   7.2700000e-01   8.1633400e+02   1.2106255e+02
   8.1679100e+02   7.4400000e-01   8.1712600e+02   1.1474398e+02
   8.1749500e+02   7.0400000e-01   8.1780700e+02   1.1981149e+02
   8.1816900e+02   6.7400000e-01   8.1848800e+02   1.1907819e+02
   8.1885100e+02   6.8200000e-01   8.1915700e+02   1.1856043e+02
   8.1952900e+02   6.7800000e-01   8.1981600e+02   1.1981149e+02
   8.2020100e+02   6.7200000e-01   8.2048500e+02   1.1981149e+02
   8.2084700e+02   6.4600000e-01   8.2113700e+02   1.2106255e+02
   8.2151100e+02   6.6300000e-01   8.2179700e+02   1.1968966e+02
   8.2220500e+02   6.9400000e-01   8.2251400e+02   1.1788804e+02
   8.2294100e+02   7.3600000e-01   8.2323800e+02   1.1944367e+02
   8.2371800e+02   7.7700000e-01   8.2403300e+02   1.1828397e+02
   8.2450000e+02   7.8200000e-01   8.2483500e+02   1.1663698e+02
   8.2522800e+02   7.2800000e-01   8.2553600e+02   1.1154136e+02
   8.2592000e+02   6.9200000e-01   8.2621400e+02   1.1712428e+02
   8.2661500e+02   6.9500000e-01   8.2690600e+02   1.1941321e+02
   8.2733200e+02   7.1700000e-01   8.2764100e+02   1.1938275e+02
   8.2808100e+02   7.4900000e-01   8.2839700e+02   1.1312744e+02
   8.2886100e+02   7.7900000e-01   8.2915500e+02   1.1984194e+02
   8.2963500e+02   7.7400000e-01   8.2992600e+02   1.1907819e+02
   8.3037000e+02   7.3500000e-01   8.3067300e+02   1.1874316e+02
   8.3107700e+02   7.0700000e-01   8.3137200e+02   1.1947412e+02
   8.3180600e+02   7.2900000e-01   8.3211400e+02   1.2106255e+02
   8.3258700e+02   7.8100000e-01   8.3287200e+02   1.1862134e+02
   8.3342000e+02   8.3200000e-01   8.3374200e+02   1.1947412e+02
   8.3421100e+02   7.9100000e-01   8.3453000e+02   1.1859088e+02
   8.3495300e+02   7.4200000e-01   8.3527300e+02   1.1236368e+02
   8.3565800e+02   7.0500000e-01   8.3594800e+02   1.1941321e+02
   8.3636500e+02   7.0700000e-01   8.3665500e+02   1.2145849e+02
   8.3711100e+02   7.4500000e-01   8.3741200e+02   1.2280092e+02
   8.3791200e+02   8.0100000e-01   8.3822200e+02   1.2225270e+02
   8.3867400e+02   7.6300000e-01   8.3897800e+02   1.2148894e+02
   8.3940900e+02   7.3500000e-01   8.3974900e+02   1.1947412e+02
   8.4018200e+02   7.7300000e-01   8.4047000e+02   1.2310783e+02
   8.4099400e+02   8.1200000e-01   8.4132200e+02   1.1630195e+02
   8.4180900e+02   8.1500000e-01   8.4213000e+02   1.1825352e+02
   8.4257700e+02   7.6900000e-01   8.4286900e+02   1.1666743e+02
   8.4334600e+02   7.6900000e-01   8.4364100e+02   1.1749210e+02
   8.4410100e+02   7.5500000e-01   8.4443300e+02   1.1196775e+02
   8.4484800e+02   7.4700000e-01   8.4515000e+02   1.1511180e+02
   8.4557200e+02   7.2400000e-01   8.4588200e+02   1.2026834e+02
   8.4626900e+02   6.9700000e-01   8.4656200e+02   1.2145849e+02
   8.4692600e+02   6.5600000e-01   8.4721000e+02   1.2307503e+02
   8.4760900e+02   6.8300000e-01   8.4788900e+02   1.2274000e+02
   8.4836700e+02   7.5900000e-01   8.4865800e+02   1.1852997e+02
   8.4927900e+02   9.1100000e-01   8.4958700e+02   1.1788804e+02
   8.5014900e+02   8.7000000e-01   8.5044800e+02   1.1868225e+02
   8.5095800e+02   8.0900000e-01   8.5124900e+02   1.1791849e+02
   8.5174200e+02   7.8400000e-01   8.5204100e+02   1.1743119e+02
   8.5251900e+02   7.7700000e-01   8.5284000e+02   1.1663698e+02
   8.5331300e+02   7.9300000e-01   8.5362700e+02   1.1636287e+02
   8.5408700e+02   7.7500000e-01   8.5443000e+02   1.1868225e+02
   8.5483700e+02   7.5000000e-01   8.5516800e+02   1.1868225e+02
   8.5555200e+02   7.1500000e-01   8.5585000e+02   1.2270955e+02
   8.5629300e+02   7.4000000e-01   8.5661200e+02   1.2148894e+02
   8.5708900e+02   7.9700000e-01   8.5738500e+02   1.2225270e+02
   8.5790000e+02   8.1100000e-01   8.5822800e+02   1.2151940e+02
   8.5851500e+02   6.1500000e-01   8.5881700e+02   1.0919151e+02
   8.5953100e+02   1.0160000e+00   8.5983000e+02   1.2072519e+02
   8.6025300e+02   7.2200000e-01   8.6057600e+02   1.1151090e+02
   8.6094700e+02   6.9500000e-01   8.6124300e+02   1.1981149e+02
   8.6164400e+02   6.9700000e-01   8.6193700e+02   1.2267909e+02
   8.6237800e+02   7.3400000e-01   8.6266900e+02   1.2429798e+02
   8.6317200e+02   7.9300000e-01   8.6347600e+02   1.2426752e+02
   8.6402100e+02   8.5000000e-01   8.6432900e+02   1.2426752e+02
   8.6465300e+02   6.3100000e-01   8.6496800e+02   1.1343201e+02
   8.6588300e+02   1.2300000e+00   8.6617000e+02   1.2270955e+02
   8.6672000e+02   8.3700000e-01   8.6702500e+02   1.1672835e+02
   8.6748600e+02   7.6700000e-01   8.6778800e+02   1.2100164e+02
   8.6819600e+02   7.1000000e-01   8.6851700e+02   1.2106255e+02
   8.6888900e+02   6.9300000e-01   8.6921600e+02   1.2350376e+02
   8.6962000e+02   7.3100000e-01   8.6993600e+02   1.2576223e+02
   8.7047600e+02   8.5600000e-01   8.7081600e+02   1.1874316e+02
   8.7134800e+02   8.7200000e-01   8.7166700e+02   1.1709382e+02
   8.7217300e+02   8.2500000e-01   8.7249000e+02   1.1639332e+02
   8.7297600e+02   8.0300000e-01   8.7327300e+02   1.2191768e+02
   8.7377800e+02   8.0300000e-01   8.7407700e+02   1.2151940e+02
   8.7459800e+02   8.2000000e-01   8.7489700e+02   1.2191768e+02
   8.7544500e+02   8.4700000e-01   8.7577700e+02   1.2145849e+02
   8.7626400e+02   8.1800000e-01   8.7658500e+02   1.1514226e+02
   8.7708600e+02   8.2200000e-01   8.7737600e+02   1.2307503e+02
   8.7797200e+02   8.8700000e-01   8.7826300e+02   1.2145849e+02
   8.7887300e+02   9.0100000e-01   8.7916300e+02   1.2017697e+02
   8.7972200e+02   8.4900000e-01   8.8001300e+02   1.1901727e+02
   8.8051100e+02   7.8900000e-01   8.8085300e+02   1.1862134e+02
   8.8125500e+02   7.4400000e-01   8.8158500e+02   1.2112346e+02
   8.8199500e+02   7.4000000e-01   8.8228400e+02   1.2307503e+02
   8.8277500e+02   7.7900000e-01   8.8306400e+02   1.2420426e+02
   8.8359800e+02   8.2300000e-01   8.8388600e+02   1.1392165e+02
   8.8440700e+02   8.0900000e-01   8.8471800e+02   1.0754217e+02
   8.8516800e+02   7.6100000e-01   8.8548400e+02   1.1593413e+02
   8.8596300e+02   7.9400000e-01   8.8626400e+02   1.1901727e+02
   8.8679900e+02   8.3700000e-01   8.8713100e+02   1.1190683e+02
   8.8763200e+02   8.3200000e-01   8.8793500e+02   1.1941321e+02
   8.8841800e+02   7.8600000e-01   8.8875300e+02   1.1508135e+02
   8.8916800e+02   7.5000000e-01   8.8949200e+02   1.2023788e+02
   8.8994400e+02   7.7600000e-01   8.9025100e+02   1.1907819e+02
   8.9074700e+02   8.0300000e-01   8.9106200e+02   1.1627150e+02
   8.9155400e+02   8.0700000e-01   8.9187200e+02   1.1434805e+02
   8.9229200e+02   7.3800000e-01   8.9260400e+02   1.1267059e+02
   8.9301000e+02   7.1800000e-01   8.9335200e+02   1.2191768e+02
   8.9376700e+02   7.5700000e-01   8.9407400e+02   1.1672835e+02
   8.9453700e+02   7.7000000e-01   8.9484300e+02   1.2231361e+02
   8.9527100e+02   7.3400000e-01   8.9557100e+02   1.2109301e+02
   8.9601500e+02   7.4300000e-01   8.9629900e+02   1.2301411e+02
   8.9682200e+02   8.0700000e-01   8.9713900e+02   1.2188488e+02
   8.9773100e+02   9.1000000e-01   8.9801800e+02   1.2060336e+02
   8.9856300e+02   8.3200000e-01   8.9888800e+02   1.1865180e+02
   8.9930400e+02   7.4100000e-01   8.9965100e+02   1.1639332e+02
   9.0000100e+02   6.9700000e-01   9.0031000e+02   1.2020742e+02
   9.0069900e+02   6.9700000e-01   9.0102000e+02   1.2270955e+02
   9.0143500e+02   7.3600000e-01   9.0175200e+02   1.2429798e+02
   9.0225600e+02   8.2100000e-01   9.0257200e+02   1.1791849e+02
   9.0309600e+02   8.4000000e-01   9.0340000e+02   1.2231361e+02
   9.0396200e+02   8.6600000e-01   9.0426700e+02   1.1822306e+02
   9.0487500e+02   9.1300000e-01   9.0518100e+02   1.2063382e+02
   9.0578000e+02   9.0500000e-01   9.0611000e+02   1.1865180e+02
   9.0667100e+02   8.9100000e-01   9.0697500e+02   1.1474398e+02
   9.0747100e+02   8.0000000e-01   9.0779500e+02   1.1233323e+02
   9.0820300e+02   7.3200000e-01   9.0851500e+02   1.1981149e+02
   9.0891200e+02   7.0800000e-01   9.0920800e+02   1.2344285e+02
   9.0965200e+02   7.4000000e-01   9.0995300e+02   1.2231361e+02
   9.1053900e+02   8.8700000e-01   9.1083800e+02   1.2432843e+02
   9.1140200e+02   8.6300000e-01   9.1175200e+02   1.2270955e+02
   9.1218900e+02   7.8800000e-01   9.1247900e+02   1.2185442e+02
   9.1302700e+02   8.3800000e-01   9.1333000e+02   1.1712428e+02
   9.1397900e+02   9.5200000e-01   9.1428800e+02   1.1511180e+02
   9.1496500e+02   9.8600000e-01   9.1526900e+02   1.1755302e+02
   9.1589300e+02   9.2800000e-01   9.1618700e+02   1.1706337e+02
   9.1672500e+02   8.3200000e-01   9.1703700e+02   1.1230277e+02
   9.1747400e+02   7.4900000e-01   9.1779300e+02   1.1346246e+02
   9.1816900e+02   6.9500000e-01   9.1849800e+02   1.1825352e+02
   9.1881900e+02   6.5000000e-01   9.1916600e+02   1.2420426e+02
   9.1956800e+02   7.4900000e-01   9.1986700e+02   1.2826436e+02
   9.2049200e+02   9.2400000e-01   9.2081900e+02   1.2301411e+02
   9.2137800e+02   8.8600000e-01   9.2171200e+02   1.1755302e+02
   9.2220600e+02   8.2800000e-01   9.2251400e+02   1.2185442e+02
   9.2307700e+02   8.7100000e-01   9.2336500e+02   1.2225270e+02
   9.2396700e+02   8.8900000e-01   9.2428600e+02   1.2069473e+02
   9.2485700e+02   8.9100000e-01   9.2515800e+02   1.1559911e+02
   9.2565600e+02   7.9800000e-01   9.2596600e+02   1.1862134e+02
   9.2639300e+02   7.3700000e-01   9.2674100e+02   1.1862134e+02
   9.2707000e+02   6.7700000e-01   9.2740700e+02   1.1593413e+02
   9.2771300e+02   6.4300000e-01   9.2801500e+02   1.2353422e+02
   9.2840300e+02   6.9000000e-01   9.2873300e+02   1.1556865e+02
   9.2919800e+02   7.9500000e-01   9.2952600e+02   1.1865180e+02
   9.3007400e+02   8.7600000e-01   9.3037500e+02   1.1901727e+02
   9.3088500e+02   8.1000000e-01   9.3119400e+02   1.1944367e+02
   9.3167600e+02   7.9100000e-01   9.3196800e+02   1.1981149e+02
   9.3249100e+02   8.1600000e-01   9.3281300e+02   1.1425668e+02
   9.3332200e+02   8.3000000e-01   9.3362400e+02   1.1932184e+02
   9.3415900e+02   8.3800000e-01   9.3447400e+02   1.1547728e+02
   9.3495100e+02   7.9100000e-01   9.3527300e+02   1.1755302e+02
   9.3573100e+02   7.8000000e-01   9.3602500e+02   1.1895636e+02
   9.3652500e+02   7.9400000e-01   9.3682100e+02   1.2017697e+02
   9.3734600e+02   8.2100000e-01   9.3764400e+02   1.2014651e+02
   9.3816700e+02   8.2200000e-01   9.3846200e+02   1.1901727e+02
   9.3896600e+02   7.9900000e-01   9.3928900e+02   1.1941321e+02
   9.3977100e+02   8.0500000e-01   9.4006300e+02   1.1935230e+02
   9.4058500e+02   8.1400000e-01   9.4088100e+02   1.2063382e+02
   9.4139400e+02   8.0800000e-01   9.4176200e+02   1.1559911e+02
   9.4221400e+02   8.2100000e-01   9.4250200e+02   1.1871271e+02
   9.4300200e+02   7.8800000e-01   9.4330400e+02   1.1828397e+02
   9.4379300e+02   7.9100000e-01   9.4408200e+02   1.1822306e+02
   9.4459600e+02   8.0300000e-01   9.4489700e+02   1.1987240e+02
   9.4542200e+02   8.2600000e-01   9.4573200e+02   1.2069473e+02
   9.4624900e+02   8.2700000e-01   9.4656400e+02   1.2057290e+02
   9.4703700e+02   7.8800000e-01   9.4734000e+02   1.1590367e+02
   9.4779100e+02   7.5400000e-01   9.4808100e+02   1.1981149e+02
   9.4855100e+02   7.6000000e-01   9.4887100e+02   1.2020742e+02
   9.4932200e+02   7.7100000e-01   9.4963300e+02   1.1938275e+02
   9.5010200e+02   7.8000000e-01   9.5042100e+02   1.1343201e+02
   9.5087200e+02   7.7000000e-01   9.5118000e+02   1.2023788e+02
   9.5159600e+02   7.2400000e-01   9.5192300e+02   1.1947412e+02
   9.5233500e+02   7.3900000e-01   9.5262000e+02   1.2267909e+02
   9.5314800e+02   8.1300000e-01   9.5343100e+02   1.2304457e+02
   9.5398100e+02   8.3200000e-01   9.5430700e+02   1.2148894e+02
   9.5477500e+02   7.9500000e-01   9.5509000e+02   1.1788804e+02
   9.5552900e+02   7.5300000e-01   9.5582900e+02   1.2020742e+02
   9.5622600e+02   6.9700000e-01   9.5653900e+02   1.2106255e+02
   9.5691400e+02   6.8800000e-01   9.5720900e+02   1.2463300e+02
   9.5761800e+02   7.0400000e-01   9.5792900e+02   1.2579269e+02
   9.5839100e+02   7.7300000e-01   9.5869100e+02   1.2621908e+02
   9.5923000e+02   8.3800000e-01   9.5954000e+02   1.1785758e+02
   9.6002000e+02   7.9000000e-01   9.6033800e+02   1.1752256e+02
   9.6074900e+02   7.2900000e-01   9.6105000e+02   1.2386924e+02
   9.6149900e+02   7.5000000e-01   9.6180800e+02   1.2463300e+02
   9.6229500e+02   7.9600000e-01   9.6260400e+02   1.2240498e+02
   9.6306400e+02   7.6900000e-01   9.6337900e+02   1.2017697e+02
   9.6381300e+02   7.5000000e-01   9.6411100e+02   1.2353422e+02
   9.6455100e+02   7.3800000e-01   9.6484800e+02   1.1901727e+02
   9.6526900e+02   7.1700000e-01   9.6555800e+02   1.2377787e+02
   9.6599500e+02   7.2600000e-01   9.6629700e+02   1.2185442e+02
   9.6675200e+02   7.5700000e-01   9.6706700e+02   1.2420426e+02
   9.6752800e+02   7.7600000e-01   9.6782600e+02   1.2356468e+02
   9.6829300e+02   7.6400000e-01   9.6858700e+02   1.2350376e+02
   9.6901500e+02   7.2200000e-01   9.6932800e+02   1.1941321e+02
   9.6974900e+02   7.3400000e-01   9.7006100e+02   1.1828397e+02
   9.7053400e+02   7.8500000e-01   9.7084700e+02   1.2426752e+02
   9.7133100e+02   7.9700000e-01   9.7164600e+02   1.2423472e+02
   9.7209100e+02   7.6000000e-01   9.7238700e+02   1.2188488e+02
   9.7282600e+02   7.3600000e-01   9.7312200e+02   1.2310783e+02
   9.7357000e+02   7.4400000e-01   9.7385500e+02   1.2429798e+02
   9.7434000e+02   7.6900000e-01   9.7463500e+02   1.2466345e+02
   9.7515400e+02   8.1500000e-01   9.7544800e+02   1.2460254e+02
   9.7595200e+02   7.9800000e-01   9.7624800e+02   1.2350376e+02
   9.7672100e+02   7.6800000e-01   9.7701800e+02   1.2350376e+02
   9.7740900e+02   6.8900000e-01   9.7770900e+02   1.2267909e+02
   9.7807700e+02   6.6700000e-01   9.7839000e+02   1.1791849e+02
   9.7872300e+02   6.4700000e-01   9.7904400e+02   1.2570132e+02
   9.7943300e+02   7.0900000e-01   9.7972600e+02   1.2902812e+02
   9.8015800e+02   7.2600000e-01   9.8046700e+02   1.2411289e+02
   9.8087800e+02   7.2000000e-01   9.8119600e+02   1.2069473e+02
   9.8157200e+02   6.9400000e-01   9.8185300e+02   1.2264864e+02
   9.8224500e+02   6.7200000e-01   9.8253600e+02   1.2383878e+02
   9.8292300e+02   6.7800000e-01   9.8323400e+02   1.2228316e+02
   9.8369300e+02   7.7000000e-01   9.8398600e+02   1.2386924e+02
   9.8450800e+02   8.1500000e-01   9.8481800e+02   1.2066427e+02
   9.8526900e+02   7.6100000e-01   9.8555400e+02   1.1907819e+02
   9.8597700e+02   7.0800000e-01   9.8630400e+02   1.1746165e+02
   9.8670200e+02   7.2400000e-01   9.8702300e+02   1.1895636e+02
   9.8748700e+02   7.8500000e-01   9.8782600e+02   1.1468307e+02
   9.8828100e+02   7.9400000e-01   9.8859300e+02   1.2185442e+02
   9.8904900e+02   7.6800000e-01   9.8936500e+02   1.1697200e+02
   9.8978400e+02   7.3500000e-01   9.9008300e+02   1.2060336e+02
   9.9054400e+02   7.6100000e-01   9.9086200e+02   1.2301411e+02
   9.9135900e+02   8.1400000e-01   9.9165500e+02   1.2112346e+02
   9.9223600e+02   8.7700000e-01   9.9252300e+02   1.2063382e+02
   9.9307700e+02   8.4200000e-01   9.9338500e+02   1.1431759e+02
   9.9386300e+02   7.8600000e-01   9.9418000e+02   1.1663698e+02
   9.9460100e+02   7.3700000e-01   9.9491000e+02   1.1938275e+02
   9.9534500e+02   7.4400000e-01   9.9565200e+02   1.1825352e+02
   9.9612400e+02   7.7900000e-01   9.9643300e+02   1.1746165e+02
   9.9694700e+02   8.2200000e-01   9.9724000e+02   1.2179351e+02
   9.9773400e+02   7.8700000e-01   9.9803200e+02   1.2026834e+02
   9.9854300e+02   8.0900000e-01   9.9885300e+02   1.1865180e+02
   9.9936000e+02   8.1700000e-01   9.9965900e+02   1.2383878e+02
   1.0001960e+03   8.3600000e-01   1.0004930e+03   1.2154986e+02
   1.0010420e+03   8.4600000e-01   1.0013330e+03   1.2270955e+02
   1.0018260e+03   7.8400000e-01   1.0021330e+03   1.2109301e+02
   1.0025560e+03   7.3100000e-01   1.0028610e+03   1.1553820e+02
   1.0033070e+03   7.5100000e-01   1.0036190e+03   1.2197859e+02
   1.0041460e+03   8.3900000e-01   1.0044600e+03   1.1825352e+02
   1.0049920e+03   8.4500000e-01   1.0052940e+03   1.1904773e+02
   1.0058260e+03   8.3500000e-01   1.0061390e+03   1.2145849e+02
   1.0066010e+03   7.7400000e-01   1.0068970e+03   1.1947412e+02
   1.0073760e+03   7.7500000e-01   1.0076720e+03   1.1941321e+02
   1.0081520e+03   7.7600000e-01   1.0084620e+03   1.1639332e+02
   1.0089730e+03   8.2100000e-01   1.0093210e+03   1.1553820e+02
   1.0097530e+03   7.7900000e-01   1.0100810e+03   1.2106255e+02
   1.0104870e+03   7.3400000e-01   1.0108310e+03   1.1074714e+02
   1.0112280e+03   7.4100000e-01   1.0115480e+03   1.1550774e+02
   1.0120070e+03   7.7900000e-01   1.0123090e+03   1.1978103e+02
   1.0128260e+03   8.1900000e-01   1.0131410e+03   1.1636287e+02
   1.0136210e+03   7.9500000e-01   1.0139090e+03   1.2344285e+02
   1.0143670e+03   7.4700000e-01   1.0146880e+03   1.2341239e+02
   1.0151470e+03   7.8000000e-01   1.0154400e+03   1.2274000e+02
   1.0159930e+03   8.4600000e-01   1.0162880e+03   1.2148894e+02
   1.0168600e+03   8.6600000e-01   1.0171590e+03   1.1474398e+02
   1.0176490e+03   7.8900000e-01   1.0179410e+03   1.2075798e+02
   1.0183900e+03   7.4000000e-01   1.0187600e+03   1.1593413e+02
   1.0191200e+03   7.3100000e-01   1.0194160e+03   1.2304457e+02
   1.0198920e+03   7.7100000e-01   1.0201770e+03   1.2423472e+02
   1.0207290e+03   8.3800000e-01   1.0210290e+03   1.2386924e+02
   1.0215300e+03   8.0000000e-01   1.0218170e+03   1.2576223e+02
   1.0222940e+03   7.6400000e-01   1.0226260e+03   1.2103209e+02
   1.0230100e+03   7.1600000e-01   1.0233470e+03   1.2066427e+02
   1.0237170e+03   7.0700000e-01   1.0240030e+03   1.2267909e+02
   1.0244360e+03   7.1900000e-01   1.0247650e+03   1.2310783e+02
   1.0252250e+03   7.8900000e-01   1.0255350e+03   1.2341239e+02
   1.0260210e+03   7.9700000e-01   1.0263390e+03   1.2536396e+02
   1.0267930e+03   7.7100000e-01   1.0271030e+03   1.2270955e+02
   1.0276210e+03   8.2800000e-01   1.0279380e+03   1.2432843e+02
   1.0284720e+03   8.5200000e-01   1.0288010e+03   1.1755302e+02
   1.0293180e+03   8.4600000e-01   1.0296280e+03   1.1596459e+02
   1.0301240e+03   8.0600000e-01   1.0304220e+03   1.2228316e+02
   1.0308930e+03   7.6900000e-01   1.0312170e+03   1.2106255e+02
   1.0316310e+03   7.3700000e-01   1.0319460e+03   1.2109301e+02
   1.0323430e+03   7.1200000e-01   1.0326470e+03   1.2347331e+02
   1.0330730e+03   7.3000000e-01   1.0333870e+03   1.2463300e+02
   1.0338630e+03   7.9100000e-01   1.0341860e+03   1.2386924e+02
   1.0346550e+03   7.9200000e-01   1.0349500e+03   1.2270955e+02
   1.0354480e+03   7.9200000e-01   1.0357750e+03   1.2188488e+02
   1.0362950e+03   8.4800000e-01   1.0365940e+03   1.2258772e+02
   1.0371720e+03   8.7700000e-01   1.0374750e+03   1.1590367e+02
   1.0380150e+03   8.4200000e-01   1.0383330e+03   1.2112346e+02
   1.0387920e+03   7.7700000e-01   1.0391300e+03   1.2069473e+02
   1.0395080e+03   7.1600000e-01   1.0398340e+03   1.1386074e+02
   1.0402000e+03   6.9300000e-01   1.0405140e+03   1.2389970e+02
   1.0408880e+03   6.8700000e-01   1.0411740e+03   1.2393015e+02
   1.0415660e+03   6.7800000e-01   1.0418540e+03   1.2548813e+02
   1.0422500e+03   6.8400000e-01   1.0425320e+03   1.2536396e+02
   1.0429120e+03   6.6200000e-01   1.0432440e+03   1.2423472e+02
   1.0436100e+03   6.9800000e-01   1.0439230e+03   1.2151940e+02
   1.0444700e+03   8.6000000e-01   1.0447820e+03   1.1895636e+02
   1.0452800e+03   8.1000000e-01   1.0455740e+03   1.2148894e+02
   1.0460130e+03   7.3300000e-01   1.0463260e+03   1.1349292e+02
   1.0467290e+03   7.1600000e-01   1.0470160e+03   1.2188488e+02
   1.0474840e+03   7.5500000e-01   1.0478140e+03   1.1715474e+02
   1.0482950e+03   8.1200000e-01   1.0485870e+03   1.2072519e+02
   1.0491280e+03   8.3300000e-01   1.0494150e+03   1.2191768e+02
   1.0499250e+03   7.9600000e-01   1.0502480e+03   1.1987240e+02
   1.0506860e+03   7.6100000e-01   1.0509830e+03   1.2020742e+02
   1.0514900e+03   8.0400000e-01   1.0518100e+03   1.1755302e+02
   1.0523240e+03   8.3400000e-01   1.0526300e+03   1.2148894e+02
   1.0531630e+03   8.3900000e-01   1.0534620e+03   1.2063382e+02
   1.0539810e+03   8.1800000e-01   1.0542820e+03   1.1941321e+02
   1.0547550e+03   7.7300000e-01   1.0550490e+03   1.1984194e+02
   1.0555250e+03   7.7100000e-01   1.0558330e+03   1.1587322e+02
   1.0563140e+03   7.8900000e-01   1.0566290e+03   1.1437850e+02
   1.0571390e+03   8.2500000e-01   1.0574360e+03   1.2106255e+02
   1.0579090e+03   7.7100000e-01   1.0582210e+03   1.2060336e+02
   1.0586240e+03   7.1500000e-01   1.0589230e+03   1.2188488e+02
   1.0593370e+03   7.1300000e-01   1.0596320e+03   1.2380833e+02
   1.0600990e+03   7.6200000e-01   1.0604290e+03   1.1947412e+02
   1.0609500e+03   8.5100000e-01   1.0612380e+03   1.2463300e+02
   1.0617780e+03   8.2800000e-01   1.0620960e+03   1.2103209e+02
   1.0625930e+03   8.1400000e-01   1.0628900e+03   1.2029879e+02
   1.0634520e+03   8.6000000e-01   1.0637580e+03   1.1825352e+02
   1.0643580e+03   9.0600000e-01   1.0646650e+03   1.2023788e+02
   1.0652090e+03   8.5100000e-01   1.0655500e+03   1.1541637e+02
   1.0659920e+03   7.8300000e-01   1.0663190e+03   1.0839730e+02
   1.0667360e+03   7.4400000e-01   1.0670590e+03   1.2063382e+02
   1.0674550e+03   7.1900000e-01   1.0677710e+03   1.2344285e+02
   1.0682140e+03   7.5900000e-01   1.0685360e+03   1.2386924e+02
   1.0690680e+03   8.5400000e-01   1.0693600e+03   1.2194813e+02
   1.0699780e+03   9.0900000e-01   1.0702770e+03   1.2188488e+02
   1.0708260e+03   8.4900000e-01   1.0711390e+03   1.1788804e+02
   1.0716240e+03   7.9800000e-01   1.0719360e+03   1.2200905e+02
   1.0724010e+03   7.7700000e-01   1.0727480e+03   1.2225270e+02
   1.0731910e+03   7.9000000e-01   1.0734880e+03   1.2185442e+02
   1.0740130e+03   8.2100000e-01   1.0743380e+03   1.2106255e+02
   1.0748320e+03   8.1900000e-01   1.0751290e+03   1.2106255e+02
   1.0756200e+03   7.8800000e-01   1.0759180e+03   1.2109301e+02
   1.0763910e+03   7.7200000e-01   1.0767490e+03   1.1593413e+02
   1.0771760e+03   7.8500000e-01   1.0774670e+03   1.2188488e+02
   1.0779700e+03   7.9400000e-01   1.0782670e+03   1.2191768e+02
   1.0787730e+03   8.0300000e-01   1.0790680e+03   1.2020742e+02
   1.0795250e+03   7.5300000e-01   1.0798350e+03   1.1392165e+02
   1.0802260e+03   7.0100000e-01   1.0805480e+03   1.1468307e+02
   1.0809170e+03   6.9000000e-01   1.0812160e+03   1.1910864e+02
   1.0816460e+03   7.3000000e-01   1.0819560e+03   1.1947412e+02
   1.0824570e+03   8.1100000e-01   1.0827660e+03   1.2182396e+02
   1.0833180e+03   8.6100000e-01   1.0836360e+03   1.2106255e+02
   1.0841440e+03   8.2600000e-01   1.0844650e+03   1.1074714e+02
   1.0849320e+03   7.8800000e-01   1.0852440e+03   1.2106255e+02
   1.0857290e+03   7.9800000e-01   1.0860440e+03   1.1474398e+02
   1.0865180e+03   7.8900000e-01   1.0868370e+03   1.2228316e+02
   1.0872860e+03   7.6800000e-01   1.0876170e+03   1.1987240e+02
   1.0880130e+03   7.2700000e-01   1.0883180e+03   1.1431759e+02
   1.0887470e+03   7.3400000e-01   1.0890440e+03   1.2386924e+02
   1.0895370e+03   7.9100000e-01   1.0898550e+03   1.1825352e+02
   1.0904850e+03   9.4800000e-01   1.0908180e+03   1.1596459e+02
   1.0914370e+03   9.5200000e-01   1.0917760e+03   1.1816215e+02
   1.0923270e+03   8.9000000e-01   1.0926350e+03   1.1749210e+02
   1.0931330e+03   8.0600000e-01   1.0934640e+03   1.1468307e+02
   1.0938810e+03   7.4700000e-01   1.0941730e+03   1.2069473e+02
   1.0946090e+03   7.2800000e-01   1.0949510e+03   1.2307503e+02
   1.0953890e+03   7.8000000e-01   1.0957450e+03   1.1791849e+02
   1.0962890e+03   9.0100000e-01   1.0965820e+03   1.2389970e+02
   1.0971230e+03   8.3400000e-01   1.0974410e+03   1.2307503e+02
   1.0978920e+03   7.6900000e-01   1.0982120e+03   1.2225270e+02
   1.0986280e+03   7.3500000e-01   1.0989340e+03   1.1950458e+02
   1.0994070e+03   7.7900000e-01   1.0997320e+03   1.2057290e+02
   1.1002340e+03   8.2700000e-01   1.1005380e+03   1.1633241e+02
   1.1010700e+03   8.3600000e-01   1.1013730e+03   1.1865180e+02
   1.1019120e+03   8.4200000e-01   1.1022200e+03   1.1782712e+02
   1.1027090e+03   7.9700000e-01   1.1030200e+03   1.1154136e+02
   1.1034760e+03   7.6700000e-01   1.1037950e+03   1.1233323e+02
   1.1042480e+03   7.7300000e-01   1.1045490e+03   1.1871271e+02
   1.1050410e+03   7.9300000e-01   1.1053400e+03   1.1901727e+02
   1.1056500e+03   6.0900000e-01   1.1059720e+03   1.0589518e+02
   1.1066700e+03   1.0210000e+00   1.1069820e+03   1.1041212e+02
   1.1073810e+03   7.1000000e-01   1.1077210e+03   1.1630195e+02
   1.1080590e+03   6.7800000e-01   1.1083700e+03   1.1791849e+02
   1.1087210e+03   6.6200000e-01   1.1090290e+03   1.1938275e+02
   1.1093760e+03   6.5500000e-01   1.1097110e+03   1.1990286e+02
   1.1100210e+03   6.4500000e-01   1.1103230e+03   1.2383878e+02
   1.1108980e+03   8.7600000e-01   1.1111870e+03   1.2502893e+02
   1.1118310e+03   9.3300000e-01   1.1121430e+03   1.1633241e+02
   1.1127440e+03   9.1400000e-01   1.1130700e+03   1.1752256e+02
   1.1136490e+03   9.0500000e-01   1.1139630e+03   1.1389120e+02
   1.1146140e+03   9.6500000e-01   1.1149270e+03   1.1517272e+02
   1.1155770e+03   9.6300000e-01   1.1158910e+03   1.1474398e+02
   1.1165210e+03   9.4500000e-01   1.1168270e+03   1.1392165e+02
   1.1173520e+03   8.3000000e-01   1.1176580e+03   1.1428713e+02
   1.1181280e+03   7.7600000e-01   1.1184310e+03   1.1273151e+02
   1.1188780e+03   7.5000000e-01   1.1192010e+03   1.1712428e+02
   1.1196300e+03   7.5200000e-01   1.1199490e+03   1.1895636e+02
   1.1204550e+03   8.2500000e-01   1.1207880e+03   1.2063382e+02
   1.1212940e+03   8.3900000e-01   1.1215950e+03   1.1941321e+02
   1.1220880e+03   7.9400000e-01   1.1224300e+03   1.1553820e+02
   1.1229240e+03   8.3600000e-01   1.1232460e+03   1.1584276e+02
   1.1238210e+03   8.9700000e-01   1.1241390e+03   1.1593413e+02
   1.1247670e+03   9.4700000e-01   1.1250690e+03   1.1630195e+02
   1.1256500e+03   8.8200000e-01   1.1259680e+03   1.1517272e+02
   1.1264360e+03   7.8700000e-01   1.1267780e+03   1.1035121e+02
   1.1272040e+03   7.6700000e-01   1.1275190e+03   1.1788804e+02
   1.1279900e+03   7.8700000e-01   1.1282840e+03   1.1901727e+02
   1.1287950e+03   8.0500000e-01   1.1291110e+03   1.1193729e+02
   1.1295990e+03   8.0400000e-01   1.1299050e+03   1.1517272e+02
   1.1304100e+03   8.1100000e-01   1.1307450e+03   1.1944367e+02
   1.1314100e+03   1.0000000e+00   1.1317460e+03   1.1828397e+02
   1.1324180e+03   1.0080000e+00   1.1327390e+03   1.1547728e+02
   1.1334100e+03   9.9100000e-01   1.1337430e+03   1.0800136e+02
   1.1343060e+03   8.9700000e-01   1.1346260e+03   1.0757263e+02
   1.1350870e+03   7.8100000e-01   1.1354070e+03   1.1474398e+02
   1.1358200e+03   7.3300000e-01   1.1361150e+03   1.1788804e+02
   1.1365520e+03   7.3300000e-01   1.1368540e+03   1.1743119e+02
   1.1373870e+03   8.3500000e-01   1.1376780e+03   1.2142803e+02
   1.1383190e+03   9.3200000e-01   1.1386160e+03   1.1984194e+02
   1.1391810e+03   8.6200000e-01   1.1394960e+03   1.1865180e+02
   1.1399720e+03   7.9100000e-01   1.1402800e+03   1.1865180e+02
   1.1408260e+03   8.5400000e-01   1.1411320e+03   1.1907819e+02
   1.1417760e+03   9.4900000e-01   1.1420750e+03   1.1788804e+02
   1.1426800e+03   9.0400000e-01   1.1429880e+03   1.1047303e+02
   1.1435190e+03   8.4000000e-01   1.1438400e+03   1.1547728e+02
   1.1443120e+03   7.9300000e-01   1.1446240e+03   1.1193729e+02
   1.1451320e+03   8.2000000e-01   1.1454340e+03   1.1901727e+02
   1.1460260e+03   8.9400000e-01   1.1463150e+03   1.1828397e+02
   1.1470600e+03   1.0340000e+00   1.1473760e+03   1.1392165e+02
   1.1480290e+03   9.6900000e-01   1.1483450e+03   1.0754217e+02
   1.1489270e+03   8.9800000e-01   1.1492550e+03   1.1077760e+02
   1.1497580e+03   8.3100000e-01   1.1500690e+03   1.1267059e+02
   1.1505580e+03   8.0000000e-01   1.1508690e+03   1.1437850e+02
   1.1513270e+03   7.6900000e-01   1.1516330e+03   1.1434805e+02
   1.1520680e+03   7.4100000e-01   1.1524130e+03   1.1794895e+02
   1.1528140e+03   7.4600000e-01   1.1531300e+03   1.2267909e+02
   1.1537170e+03   9.0300000e-01   1.1540250e+03   1.1865180e+02
   1.1547290e+03   1.0120000e+00   1.1550210e+03   1.1898682e+02
   1.1555790e+03   8.5000000e-01   1.1558900e+03   1.1712428e+02
   1.1563870e+03   8.0800000e-01   1.1567320e+03   1.1636287e+02
   1.1572270e+03   8.4000000e-01   1.1575280e+03   1.1791849e+02
   1.1581490e+03   9.2200000e-01   1.1584600e+03   1.1190683e+02
   1.1590500e+03   9.0100000e-01   1.1593770e+03   1.0964836e+02
   1.1599160e+03   8.6600000e-01   1.1602330e+03   1.1120399e+02
   1.1607700e+03   8.5400000e-01   1.1610810e+03   1.1666743e+02
   1.1615920e+03   8.2200000e-01   1.1619120e+03   1.1154136e+02
   1.1624170e+03   8.2500000e-01   1.1627330e+03   1.1828397e+02
   1.1632290e+03   8.1200000e-01   1.1635530e+03   1.1392165e+02
   1.1640720e+03   8.4200000e-01   1.1643820e+03   1.1511180e+02
   1.1649650e+03   8.9400000e-01   1.1652810e+03   1.1505089e+02
   1.1659420e+03   9.7700000e-01   1.1662600e+03   1.1471353e+02
   1.1668890e+03   9.4700000e-01   1.1672150e+03   1.1193729e+02
   1.1677690e+03   8.8000000e-01   1.1680750e+03   1.1471353e+02
   1.1685720e+03   8.0300000e-01   1.1688970e+03   1.1120399e+02
   1.1693230e+03   7.5000000e-01   1.1696310e+03   1.1752256e+02
   1.1700630e+03   7.4100000e-01   1.1703680e+03   1.1938275e+02
   1.1708430e+03   7.8000000e-01   1.1711770e+03   1.1746165e+02
   1.1717480e+03   9.0500000e-01   1.1720440e+03   1.1865180e+02
   1.1725670e+03   8.1900000e-01   1.1728580e+03   1.1746165e+02
   1.1733580e+03   7.9100000e-01   1.1736580e+03   1.1746165e+02
   1.1741890e+03   8.3100000e-01   1.1745270e+03   1.1187638e+02
   1.1750370e+03   8.4800000e-01   1.1753400e+03   1.1636287e+02
   1.1759120e+03   8.7500000e-01   1.1762100e+03   1.1114308e+02
   1.1767250e+03   8.1300000e-01   1.1770260e+03   1.1465261e+02
   1.1774760e+03   7.5100000e-01   1.1778070e+03   1.0961791e+02
   1.1782130e+03   7.3700000e-01   1.1785220e+03   1.1431759e+02
   1.1789390e+03   7.2600000e-01   1.1792410e+03   1.1712428e+02
   1.1796920e+03   7.5300000e-01   1.1799800e+03   1.1752256e+02
   1.1804700e+03   7.7800000e-01   1.1808150e+03   1.1044258e+02
   1.1812090e+03   7.3900000e-01   1.1815040e+03   1.1865180e+02
   1.1819920e+03   7.8300000e-01   1.1822870e+03   1.1828397e+02
   1.1828200e+03   8.2900000e-01   1.1831050e+03   1.1755302e+02
   1.1836260e+03   8.0600000e-01   1.1839360e+03   1.1035121e+02
   1.1844030e+03   7.7600000e-01   1.1847480e+03   1.1590367e+02
   1.1851750e+03   7.7200000e-01   1.1854660e+03   1.1752256e+02
   1.1859750e+03   8.0000000e-01   1.1862560e+03   1.1752256e+02
   1.1868010e+03   8.2600000e-01   1.1871220e+03   1.0522279e+02
   1.1875840e+03   7.8300000e-01   1.1878970e+03   1.1471353e+02
   1.1883560e+03   7.7300000e-01   1.1886620e+03   1.1553820e+02
   1.1891520e+03   7.9600000e-01   1.1894650e+03   1.1383028e+02
   1.1899990e+03   8.4700000e-01   1.1903050e+03   1.1559911e+02
   1.1908560e+03   8.5700000e-01   1.1911490e+03   1.1474398e+02
   1.1917250e+03   8.6900000e-01   1.1920150e+03   1.1505089e+02
   1.1925400e+03   8.1500000e-01   1.1928520e+03   1.0790999e+02
   1.1932860e+03   7.4600000e-01   1.1936180e+03   1.1596459e+02
   1.1940130e+03   7.2700000e-01   1.1943240e+03   1.1556865e+02
