   2.5708000e+01   1.0710000e+00   2.5714000e+01   1.4681852e+02
   2.7570000e+01   1.8620000e+00   2.8556000e+01   1.4764232e+02
   2.8933000e+01   1.3630000e+00   3.0157000e+01   1.4697151e+02
   3.0200000e+01   1.2670000e+00   3.0217000e+01   1.4633013e+02
   3.1284000e+01   1.0840000e+00   3.1618000e+01   1.4691267e+02
   3.2195000e+01   9.1100000e-01   3.2959000e+01   1.4687736e+02
   3.3426000e+01   1.2300000e+00   3.4340000e+01   1.4635955e+02
   3.4437000e+01   1.0110000e+00   3.5961000e+01   1.4657726e+02
   3.6073000e+01   1.6360000e+00   3.7302000e+01   1.4666553e+02
   3.7520000e+01   1.4470000e+00   3.8423000e+01   1.4611829e+02
   3.8816000e+01   1.2950000e+00   3.9043000e+01   1.4501793e+02
   3.9736000e+01   9.2100000e-01   3.9984000e+01   1.4681852e+02
   4.0614000e+01   8.7700000e-01   4.1485000e+01   1.4627128e+02
   4.1603000e+01   9.8900000e-01   4.1665000e+01   1.4657726e+02
   4.2531000e+01   9.2800000e-01   4.2886000e+01   1.4620656e+02
   4.3598000e+01   1.0670000e+00   4.4307000e+01   1.4624186e+02
   4.5145000e+01   1.5470000e+00   4.5708000e+01   1.4681852e+02
   4.6593000e+01   1.4490000e+00   4.7189000e+01   1.4675968e+02
   4.7770000e+01   1.1760000e+00   4.8650000e+01   1.4617713e+02
   4.8782000e+01   1.0120000e+00   4.8870000e+01   1.4700093e+02
   4.9680000e+01   8.9800000e-01   5.0271000e+01   1.4675968e+02
   5.0701000e+01   1.0210000e+00   5.1852000e+01   1.4645370e+02
   5.2081000e+01   1.3800000e+00   5.2172000e+01   1.4669495e+02
   5.3106000e+01   1.0260000e+00   5.3853000e+01   1.4700093e+02
   5.4009000e+01   9.0300000e-01   5.4053000e+01   1.4666553e+02
   5.5090000e+01   1.0810000e+00   5.5614000e+01   1.4721277e+02
   5.6538000e+01   1.4480000e+00   5.7055000e+01   1.4712450e+02
   5.7831000e+01   1.2930000e+00   5.8656000e+01   1.4638897e+02
   5.9103000e+01   1.2720000e+00   5.9997000e+01   1.4635955e+02
   6.0143000e+01   1.0400000e+00   6.0237000e+01   1.4633013e+02
   6.1050000e+01   9.0700000e-01   6.1438000e+01   1.4681852e+02
   6.2131000e+01   1.0810000e+00   6.3159000e+01   1.4651254e+02
   6.3230000e+01   1.0990000e+00   6.4560000e+01   1.4663611e+02
   6.4843000e+01   1.6120000e+00   6.5721000e+01   1.4642427e+02
   6.6332000e+01   1.4890000e+00   6.7222000e+01   1.4691267e+02
   6.7621000e+01   1.2890000e+00   6.8623000e+01   1.4654196e+02
   6.8704000e+01   1.0840000e+00   6.8823000e+01   1.4651254e+02
   6.9619000e+01   9.1500000e-01   7.0044000e+01   1.4691267e+02
   7.0587000e+01   9.6800000e-01   7.1465000e+01   1.4654196e+02
   7.1472000e+01   8.8600000e-01   7.1565000e+01   1.4660669e+02
   7.2427000e+01   9.5500000e-01   7.2886000e+01   1.4633013e+02
   7.4007000e+01   1.5790000e+00   7.4407000e+01   1.4697151e+02
   7.5349000e+01   1.3420000e+00   7.5928000e+01   1.4645370e+02
   7.6692000e+01   1.3440000e+00   7.7269000e+01   1.4712450e+02
   7.7987000e+01   1.2940000e+00   7.8610000e+01   1.4697151e+02
   7.8991000e+01   1.0040000e+00   7.9791000e+01   1.4712450e+02
   7.9880000e+01   8.8900000e-01   7.9891000e+01   1.4648312e+02
   8.0814000e+01   9.3400000e-01   8.1112000e+01   1.4697151e+02
   8.1701000e+01   8.8800000e-01   8.2573000e+01   1.4666553e+02
   8.2769000e+01   1.0680000e+00   8.3914000e+01   1.4678910e+02
   8.4195000e+01   1.4260000e+00   8.5295000e+01   1.4651254e+02
   8.5311000e+01   1.1160000e+00   8.5315000e+01   1.4562990e+02
   8.6273000e+01   9.6200000e-01   8.6476000e+01   1.4651254e+02
   8.7229000e+01   9.5600000e-01   8.7777000e+01   1.4593588e+02
   8.8082000e+01   8.5300000e-01   8.8918000e+01   1.4605356e+02
   8.8995000e+01   9.1300000e-01   8.9258000e+01   1.4599472e+02
   9.0007000e+01   1.0110000e+00   9.0379000e+01   1.4608887e+02
   9.0891000e+01   8.8500000e-01   9.1480000e+01   1.4736576e+02
   9.2287000e+01   1.3950000e+00   9.2661000e+01   1.4700093e+02
   9.3638000e+01   1.3510000e+00   9.3702000e+01   1.4700093e+02
   9.4835000e+01   1.1970000e+00   9.5824000e+01   1.4666553e+02
   9.5954000e+01   1.1200000e+00   9.5964000e+01   1.4648312e+02
   9.6917000e+01   9.6300000e-01   9.7005000e+01   1.4635955e+02
   9.7740000e+01   8.2300000e-01   9.8066000e+01   1.4642427e+02
   9.8653000e+01   9.1200000e-01   9.8927000e+01   1.4657726e+02
   1.0004800e+02   1.3950000e+00   1.0022800e+02   1.4700093e+02
   1.0103700e+02   9.8900000e-01   1.0134900e+02   1.4627128e+02
   1.0206400e+02   1.0270000e+00   1.0229000e+02   1.4642427e+02
   1.0313100e+02   1.0670000e+00   1.0333100e+02   1.4633013e+02
   1.0409400e+02   9.6300000e-01   1.0453200e+02   1.4687736e+02
   1.0526000e+02   1.1660000e+00   1.0539300e+02   1.4706566e+02
   1.0670300e+02   1.4440000e+00   1.0737500e+02   1.4684794e+02
   1.0792100e+02   1.2180000e+00   1.0843600e+02   1.4651254e+02
   1.0907200e+02   1.1510000e+00   1.0943700e+02   1.4627128e+02
   1.1022200e+02   1.1500000e+00   1.1055800e+02   1.4672437e+02
   1.1127800e+02   1.0560000e+00   1.1139900e+02   1.4675968e+02
   1.1219800e+02   9.1900000e-01   1.1230000e+02   1.4733634e+02
   1.1318700e+02   9.8900000e-01   1.1332100e+02   1.4687736e+02
   1.1462000e+02   1.4340000e+00   1.1536300e+02   1.4700093e+02
   1.1579500e+02   1.1750000e+00   1.1646400e+02   1.4709508e+02
   1.1676200e+02   9.6600000e-01   1.1754500e+02   1.4681852e+02
   1.1778600e+02   1.0250000e+00   1.1858600e+02   1.4672437e+02
   1.1892600e+02   1.1390000e+00   1.1978700e+02   1.4706566e+02
   1.1984200e+02   9.1600000e-01   1.2072800e+02   1.4617713e+02
   1.2079100e+02   9.5000000e-01   1.2084800e+02   1.4706566e+02
   1.2179600e+02   1.0050000e+00   1.2182900e+02   1.4654196e+02
   1.2269600e+02   9.0000000e-01   1.2319000e+02   1.4691267e+02
   1.2371800e+02   1.0220000e+00   1.2433100e+02   1.4648312e+02
   1.2509100e+02   1.3730000e+00   1.2541200e+02   1.4657726e+02
   1.2608600e+02   9.9500000e-01   1.2667300e+02   1.4684794e+02
   1.2702800e+02   9.4200000e-01   1.2785400e+02   1.4712450e+02
   1.2803800e+02   1.0110000e+00   1.2891500e+02   1.4593588e+02
   1.2891400e+02   8.7600000e-01   1.2905500e+02   1.4678910e+02
   1.2985500e+02   9.4100000e-01   1.3023600e+02   1.4694209e+02
   1.3129800e+02   1.4420000e+00   1.3155700e+02   1.4681852e+02
   1.3240700e+02   1.1090000e+00   1.3253800e+02   1.4657726e+02
   1.3368300e+02   1.2760000e+00   1.3476000e+02   1.4675968e+02
   1.3478300e+02   1.1000000e+00   1.3482000e+02   1.4635955e+02
   1.3568200e+02   9.0000000e-01   1.3574100e+02   1.4645370e+02
   1.3663200e+02   9.5000000e-01   1.3788300e+02   1.4654196e+02
   1.3797300e+02   1.3410000e+00   1.3812300e+02   1.4666553e+02
   1.3904300e+02   1.0700000e+00   1.3908400e+02   1.4730691e+02
   1.4013600e+02   1.0930000e+00   1.4018500e+02   1.4697151e+02
   1.4111100e+02   9.7500000e-01   1.4116600e+02   1.4721277e+02
   1.4195300e+02   8.4300000e-01   1.4224700e+02   1.4743048e+02
   1.4291700e+02   9.6400000e-01   1.4344800e+02   1.4669495e+02
   1.4396000e+02   1.0430000e+00   1.4458900e+02   1.4635955e+02
   1.4479700e+02   8.3700000e-01   1.4567000e+02   1.4675968e+02
   1.4569500e+02   8.9800000e-01   1.4651100e+02   1.4635955e+02
   1.4659500e+02   9.0000000e-01   1.4665100e+02   1.4624186e+02
   1.4752200e+02   9.2700000e-01   1.4789200e+02   1.4782473e+02
   1.4895800e+02   1.4360000e+00   1.4915300e+02   1.4782473e+02
   1.5020800e+02   1.2500000e+00   1.5133500e+02   1.4724807e+02
   1.5134300e+02   1.1350000e+00   1.5241600e+02   1.4700093e+02
   1.5241800e+02   1.0760000e+00   1.5245600e+02   1.4635955e+02
   1.5331500e+02   8.9700000e-01   1.5351700e+02   1.4715392e+02
   1.5419200e+02   8.7700000e-01   1.5473800e+02   1.4724807e+02
   1.5526300e+02   1.0710000e+00   1.5575900e+02   1.4715392e+02
   1.5634300e+02   1.0800000e+00   1.5674000e+02   1.4764232e+02
   1.5732800e+02   9.8500000e-01   1.5778100e+02   1.4740106e+02
   1.5873300e+02   1.4050000e+00   1.5978300e+02   1.4804245e+02
   1.5995600e+02   1.2220000e+00   1.6054400e+02   1.4654196e+02
   1.6104600e+02   1.0900000e+00   1.6172500e+02   1.4745991e+02
   1.6235000e+02   1.3040000e+00   1.6266600e+02   1.4733634e+02
   1.6339600e+02   1.0460000e+00   1.6372700e+02   1.4687736e+02
   1.6442900e+02   1.0330000e+00   1.6564900e+02   1.4748933e+02
   1.6579400e+02   1.3650000e+00   1.6675000e+02   1.4684794e+02
   1.6682600e+02   1.0310000e+00   1.6771100e+02   1.4773647e+02
   1.6774500e+02   9.1900000e-01   1.6775100e+02   1.4764232e+02
   1.6877500e+02   1.0300000e+00   1.6881200e+02   1.4736576e+02
   1.6977800e+02   1.0020000e+00   1.7071400e+02   1.4743048e+02
   1.7072600e+02   9.4800000e-01   1.7081400e+02   1.4736576e+02
   1.7210700e+02   1.3810000e+00   1.7275600e+02   1.4740106e+02
   1.7334200e+02   1.2350000e+00   1.7377700e+02   1.4718335e+02
   1.7426300e+02   9.2100000e-01   1.7475800e+02   1.4751875e+02
   1.7525700e+02   9.9400000e-01   1.7571900e+02   1.4727749e+02
   1.7625900e+02   1.0020000e+00   1.7672000e+02   1.4770116e+02
   1.7714300e+02   8.8400000e-01   1.7768100e+02   1.4748933e+02
   1.7816000e+02   1.0170000e+00   1.7874200e+02   1.4730691e+02
   1.7958900e+02   1.4280000e+00   1.7966300e+02   1.4748933e+02
   1.8057500e+02   9.8600000e-01   1.8066400e+02   1.4718335e+02
   1.8152100e+02   9.4600000e-01   1.8168500e+02   1.4718335e+02
   1.8261900e+02   1.0980000e+00   1.8274600e+02   1.4764232e+02
   1.8356500e+02   9.4700000e-01   1.8374700e+02   1.4733634e+02
   1.8499800e+02   1.4330000e+00   1.8594900e+02   1.4751875e+02
   1.8634900e+02   1.3500000e+00   1.8687000e+02   1.4715392e+02
   1.8739200e+02   1.0440000e+00   1.8793100e+02   1.4733634e+02
   1.8847200e+02   1.0800000e+00   1.8891200e+02   1.4724807e+02
   1.8950000e+02   1.0280000e+00   1.8991300e+02   1.4715392e+02
   1.9038600e+02   8.8600000e-01   1.9079400e+02   1.4678910e+02
   1.9133400e+02   9.4800000e-01   1.9261600e+02   1.4691267e+02
   1.9268900e+02   1.3550000e+00   1.9373700e+02   1.4755405e+02
   1.9374600e+02   1.0580000e+00   1.9385700e+02   1.4703035e+02
   1.9478600e+02   1.0400000e+00   1.9479800e+02   1.4703035e+02
   1.9591700e+02   1.1310000e+00   1.9650000e+02   1.4691267e+02
   1.9685000e+02   9.3400000e-01   1.9756100e+02   1.4727749e+02
   1.9783600e+02   9.8600000e-01   1.9844200e+02   1.4727749e+02
   1.9928800e+02   1.4520000e+00   1.9930300e+02   1.4773647e+02
   2.0062200e+02   1.3340000e+00   2.0108500e+02   1.4773647e+02
   2.0188800e+02   1.2660000e+00   2.0212600e+02   1.4740106e+02
   2.0281300e+02   9.2500000e-01   2.0300700e+02   1.4740106e+02
   2.0363400e+02   8.2100000e-01   2.0384800e+02   1.4730691e+02
   2.0459600e+02   9.6200000e-01   2.0591000e+02   1.4770116e+02
   2.0599600e+02   1.4000000e+00   2.0677100e+02   1.4730691e+02
   2.0704400e+02   1.0480000e+00   2.0783200e+02   1.4764232e+02
   2.0809200e+02   1.0480000e+00   2.0887300e+02   1.4724807e+02
   2.0912100e+02   1.0290000e+00   2.0987400e+02   1.4736576e+02
   2.1003600e+02   9.1500000e-01   2.1089500e+02   1.4730691e+02
   2.1146700e+02   1.4310000e+00   2.1175600e+02   1.4745991e+02
   2.1278900e+02   1.3220000e+00   2.1281700e+02   1.4782473e+02
   2.1385300e+02   1.0640000e+00   2.1387800e+02   1.4794830e+02
   2.1486900e+02   1.0160000e+00   2.1578000e+02   1.4782473e+02
   2.1599300e+02   1.1240000e+00   2.1676100e+02   1.4831313e+02
   2.1696500e+02   9.7200000e-01   2.1788200e+02   1.4813071e+02
   2.1796200e+02   9.9700000e-01   2.1872300e+02   1.4782473e+02
   2.1907800e+02   1.1150000e+00   2.1996400e+02   1.4748933e+02
   2.2004900e+02   9.7100000e-01   2.2098500e+02   1.4825428e+02
   2.2108200e+02   1.0330000e+00   2.2110500e+02   1.4776589e+02
   2.2247000e+02   1.3880000e+00   2.2320700e+02   1.4818956e+02
   2.2365500e+02   1.1850000e+00   2.2442800e+02   1.4727749e+02
   2.2473800e+02   1.0830000e+00   2.2566900e+02   1.4755405e+02
   2.2608700e+02   1.3490000e+00   2.2683000e+02   1.4666553e+02
   2.2715100e+02   1.0650000e+00   2.2783100e+02   1.4721277e+02
   2.2805000e+02   8.9900000e-01   2.2809100e+02   1.4617713e+02
   2.2902100e+02   9.7100000e-01   2.2925200e+02   1.4657726e+02
   2.3035800e+02   1.3380000e+00   2.3045300e+02   1.4697151e+02
   2.3137300e+02   1.0140000e+00   2.3167400e+02   1.4736576e+02
   2.3231300e+02   9.4100000e-01   2.3277500e+02   1.4779531e+02
   2.3333700e+02   1.0230000e+00   2.3399600e+02   1.4740106e+02
   2.3429700e+02   9.6100000e-01   2.3515700e+02   1.4675968e+02
   2.3532200e+02   1.0240000e+00   2.3637800e+02   1.4669495e+02
   2.3664400e+02   1.3220000e+00   2.3743900e+02   1.4602414e+02
   2.3776100e+02   1.1170000e+00   2.3860000e+02   1.4544748e+02
   2.3863300e+02   8.7200000e-01   2.3868000e+02   1.4617713e+02
   2.3956000e+02   9.2700000e-01   2.3982100e+02   1.4590057e+02
   2.4092800e+02   1.3690000e+00   2.4128200e+02   1.4638897e+02
   2.4191900e+02   9.9100000e-01   2.4242300e+02   1.4678910e+02
   2.4294000e+02   1.0210000e+00   2.4360400e+02   1.4715392e+02
   2.4415300e+02   1.2130000e+00   2.4494500e+02   1.4825428e+02
   2.4513800e+02   9.8400000e-01   2.4604600e+02   1.4745991e+02
   2.4654900e+02   1.4110000e+00   2.4774700e+02   1.4684794e+02
   2.4780900e+02   1.2600000e+00   2.4866800e+02   1.4627128e+02
   2.4876500e+02   9.5600000e-01   2.4882800e+02   1.4672437e+02
   2.4972500e+02   9.6100000e-01   2.5004900e+02   1.4700093e+02
   2.5104800e+02   1.3230000e+00   2.5161000e+02   1.4633013e+02
   2.5197300e+02   9.2500000e-01   2.5285100e+02   1.4654196e+02
   2.5288500e+02   9.1200000e-01   2.5303100e+02   1.4638897e+02
   2.5396800e+02   1.0820000e+00   2.5443200e+02   1.4715392e+02
   2.5486700e+02   8.9900000e-01   2.5571300e+02   1.4660669e+02
   2.5583000e+02   9.6400000e-01   2.5699400e+02   1.4657726e+02
   2.5700700e+02   1.1770000e+00   2.5709400e+02   1.4593588e+02
   2.5799900e+02   9.9300000e-01   2.5851500e+02   1.4638897e+02
   2.5935600e+02   1.3560000e+00   2.5971600e+02   1.4651254e+02
   2.6062500e+02   1.2700000e+00   2.6081700e+02   1.4663611e+02
   2.6153400e+02   9.0900000e-01   2.6223800e+02   1.4638897e+02
   2.6239000e+02   8.5600000e-01   2.6331900e+02   1.4608887e+02
   2.6336400e+02   9.7400000e-01   2.6359900e+02   1.4672437e+02
   2.6426900e+02   9.0500000e-01   2.6462000e+02   1.4624186e+02
   2.6541800e+02   1.1490000e+00   2.6620100e+02   1.4651254e+02
   2.6688000e+02   1.4620000e+00   2.6740200e+02   1.4635955e+02
   2.6809400e+02   1.2140000e+00   2.6876300e+02   1.4684794e+02
   2.6928800e+02   1.1940000e+00   2.6990400e+02   1.4681852e+02
   2.7039200e+02   1.1040000e+00   2.7126500e+02   1.4611829e+02
   2.7137300e+02   9.8100000e-01   2.7252600e+02   1.4568874e+02
   2.7273800e+02   1.3650000e+00   2.7390700e+02   1.4581231e+02
   2.7400000e+02   1.2620000e+00   2.7504800e+02   1.4535334e+02
   2.7504800e+02   1.0490000e+00   2.7506800e+02   1.4544748e+02
   2.7617300e+02   1.1240000e+00   2.7626900e+02   1.4550633e+02
   2.7722100e+02   1.0490000e+00   2.7757000e+02   1.4687736e+02
   2.7808600e+02   8.6500000e-01   2.7879100e+02   1.4651254e+02
   2.7906800e+02   9.8200000e-01   2.8007200e+02   1.4611829e+02
   2.8051700e+02   1.4490000e+00   2.8123300e+02   1.4666553e+02
   2.8170700e+02   1.1900000e+00   2.8261400e+02   1.4666553e+02
   2.8270500e+02   9.9800000e-01   2.8281400e+02   1.4562990e+02
   2.8364200e+02   9.3600000e-01   2.8371500e+02   1.4654196e+02
   2.8452500e+02   8.8300000e-01   2.8501600e+02   1.4715392e+02
   2.8552400e+02   9.9900000e-01   2.8645700e+02   1.4687736e+02
   2.8662800e+02   1.1040000e+00   2.8749800e+02   1.4782473e+02
   2.8761000e+02   9.8100000e-01   2.8849900e+02   1.4694209e+02
   2.8852700e+02   9.1700000e-01   2.8871900e+02   1.4755405e+02
   2.8989400e+02   1.3680000e+00   2.9002000e+02   1.4807187e+02
   2.9098100e+02   1.0860000e+00   2.9134100e+02   1.4745991e+02
   2.9192600e+02   9.4500000e-01   2.9278200e+02   1.4697151e+02
   2.9289800e+02   9.7200000e-01   2.9394300e+02   1.4608887e+02
   2.9421600e+02   1.3180000e+00   2.9430300e+02   1.4672437e+02
   2.9526300e+02   1.0470000e+00   2.9586400e+02   1.4678910e+02
   2.9621900e+02   9.5700000e-01   2.9706500e+02   1.4578289e+02
   2.9723400e+02   1.0150000e+00   2.9734500e+02   1.4697151e+02
   2.9813500e+02   9.0000000e-01   2.9894600e+02   1.4657726e+02
   2.9907700e+02   9.4200000e-01   2.9918600e+02   1.4660669e+02
   3.0047400e+02   1.3970000e+00   3.0088700e+02   1.4751875e+02
   3.0144000e+02   9.6600000e-01   3.0234800e+02   1.4624186e+02
   3.0236400e+02   9.2400000e-01   3.0260800e+02   1.4669495e+02
   3.0337800e+02   1.0140000e+00   3.0418900e+02   1.4691267e+02
   3.0428200e+02   9.0400000e-01   3.0430900e+02   1.4642427e+02
   3.0531800e+02   1.0350000e+00   3.0559000e+02   1.4743048e+02
   3.0674900e+02   1.4310000e+00   3.0719100e+02   1.4697151e+02
   3.0778400e+02   1.0360000e+00   3.0863200e+02   1.4645370e+02
   3.0872600e+02   9.4200000e-01   3.0893200e+02   1.4660669e+02
   3.0983400e+02   1.1080000e+00   3.1033300e+02   1.4608887e+02
   3.1075800e+02   9.2400000e-01   3.1171400e+02   1.4578289e+02
   3.1171900e+02   9.6000000e-01   3.1179400e+02   1.4605356e+02
   3.1276900e+02   1.0500000e+00   3.1345500e+02   1.4630070e+02
   3.1367300e+02   9.0400000e-01   3.1459600e+02   1.4507678e+02
   3.1460200e+02   9.2900000e-01   3.1515600e+02   1.4620656e+02
   3.1568600e+02   1.0840000e+00   3.1649700e+02   1.4630070e+02
   3.1666100e+02   9.7500000e-01   3.1681700e+02   1.4611829e+02
   3.1754300e+02   8.8200000e-01   3.1825800e+02   1.4614771e+02
   3.1853500e+02   9.9200000e-01   3.1853800e+02   1.4504735e+02
   3.1951300e+02   9.7800000e-01   3.2013900e+02   1.4596530e+02
   3.2040100e+02   8.8800000e-01   3.2047900e+02   1.4565932e+02
   3.2136600e+02   9.6400000e-01   3.2226000e+02   1.4538276e+02
   3.2242900e+02   1.0640000e+00   3.2288000e+02   1.4547691e+02
   3.2331800e+02   8.8900000e-01   3.2344000e+02   1.4349391e+02
   3.2421700e+02   8.9900000e-01   3.2512100e+02   1.4514150e+02
   3.2522200e+02   1.0050000e+00   3.2550100e+02   1.4562990e+02
   3.2613300e+02   9.1100000e-01   3.2614100e+02   1.4450012e+02
   3.2697700e+02   8.4400000e-01   3.2788200e+02   1.4645370e+02
   3.2790600e+02   9.2900000e-01   3.2798200e+02   1.4645370e+02
   3.2895700e+02   1.0500000e+00   3.2964300e+02   1.4532391e+02
   3.2982500e+02   8.6900000e-01   3.3058300e+02   1.4776589e+02
   3.3076000e+02   9.3500000e-01   3.3078300e+02   1.4651254e+02
   3.3183900e+02   1.0790000e+00   3.3270400e+02   1.4758348e+02
   3.3274300e+02   9.0400000e-01   3.3278400e+02   1.4755405e+02
   3.3374600e+02   1.0030000e+00   3.3474500e+02   1.4684794e+02
   3.3510900e+02   1.3630000e+00   3.3514500e+02   1.4660669e+02
   3.3614700e+02   1.0380000e+00   3.3720600e+02   1.4736576e+02
   3.3722200e+02   1.0760000e+00   3.3744600e+02   1.4691267e+02
   3.3855100e+02   1.3280000e+00   3.3950700e+02   1.4730691e+02
   3.3963500e+02   1.0840000e+00   3.3972700e+02   1.4590057e+02
   3.4071200e+02   1.0770000e+00   3.4126800e+02   1.4709508e+02
   3.4167300e+02   9.6200000e-01   3.4172800e+02   1.4700093e+02
   3.4255800e+02   8.8400000e-01   3.4336900e+02   1.4684794e+02
   3.4349800e+02   9.4000000e-01   3.4386900e+02   1.4740106e+02
   3.4494400e+02   1.4460000e+00   3.4603000e+02   1.4721277e+02
   3.4604700e+02   1.1030000e+00   3.4625000e+02   1.4779531e+02
   3.4713700e+02   1.0900000e+00   3.4829100e+02   1.4733634e+02
   3.4831400e+02   1.1760000e+00   3.4853100e+02   1.4733634e+02
   3.4932500e+02   1.0120000e+00   3.4935100e+02   1.4526507e+02
   3.5044600e+02   1.1210000e+00   3.5135200e+02   1.4751875e+02
   3.5181300e+02   1.3670000e+00   3.5193200e+02   1.4669495e+02
   3.5284000e+02   1.0260000e+00   3.5381300e+02   1.4730691e+02
   3.5388700e+02   1.0470000e+00   3.5395300e+02   1.4715392e+02
   3.5491500e+02   1.0280000e+00   3.5575400e+02   1.4544748e+02
   3.5582800e+02   9.1300000e-01   3.5669400e+02   1.4751875e+02
   3.5687500e+02   1.0470000e+00   3.5693400e+02   1.4642427e+02
   3.5836600e+02   1.4900000e+00   3.5891500e+02   1.4660669e+02
   3.5965400e+02   1.2880000e+00   3.6083600e+02   1.4560048e+02
   3.6101300e+02   1.3590000e+00   3.6121600e+02   1.4605356e+02
   3.6225600e+02   1.2430000e+00   3.6317700e+02   1.4651254e+02
   3.6319000e+02   9.3500000e-01   3.6333700e+02   1.4681852e+02
   3.6409000e+02   8.9900000e-01   3.6547800e+02   1.4562990e+02
   3.6548600e+02   1.3960000e+00   3.6585800e+02   1.4627128e+02
   3.6653600e+02   1.0500000e+00   3.6681800e+02   1.4474137e+02
   3.6749600e+02   9.6000000e-01   3.6849900e+02   1.4706566e+02
   3.6872900e+02   1.2330000e+00   3.6879900e+02   1.4654196e+02
   3.6968200e+02   9.5200000e-01   3.7076000e+02   1.4663611e+02
   3.7076000e+02   1.0780000e+00   3.7096000e+02   1.4730691e+02
   3.7192800e+02   1.1680000e+00   3.7280100e+02   1.4471195e+02
   3.7284800e+02   9.2000000e-01   3.7368100e+02   1.4736576e+02
   3.7388000e+02   1.0330000e+00   3.7396100e+02   1.4648312e+02
   3.7523800e+02   1.3580000e+00   3.7588200e+02   1.4724807e+02
   3.7646500e+02   1.2260000e+00   3.7648200e+02   1.4654196e+02
   3.7779600e+02   1.3310000e+00   3.7858300e+02   1.4715392e+02
   3.7900500e+02   1.2090000e+00   3.7912300e+02   1.4721277e+02
   3.8001000e+02   1.0050000e+00   3.8086400e+02   1.4727749e+02
   3.8095000e+02   9.4000000e-01   3.8120400e+02   1.4767174e+02
   3.8198400e+02   1.0340000e+00   3.8286500e+02   1.4599472e+02
   3.8292100e+02   9.3700000e-01   3.8328500e+02   1.4724807e+02
   3.8379300e+02   8.7300000e-01   3.8380500e+02   1.4620656e+02
   3.8474300e+02   9.5000000e-01   3.8566600e+02   1.4743048e+02
   3.8616600e+02   1.4230000e+00   3.8620600e+02   1.4657726e+02
   3.8740700e+02   1.2420000e+00   3.8776700e+02   1.4724807e+02
   3.8834600e+02   9.3900000e-01   3.8840700e+02   1.4712450e+02
   3.8920200e+02   8.5600000e-01   3.9004800e+02   1.4660669e+02
   3.9022600e+02   1.0230000e+00   3.9040800e+02   1.4712450e+02
   3.9165800e+02   1.4320000e+00   3.9274900e+02   1.4596530e+02
   3.9277700e+02   1.1190000e+00   3.9296900e+02   1.4654196e+02
   3.9377000e+02   9.9400000e-01   3.9378900e+02   1.4571816e+02
   3.9477900e+02   1.0080000e+00   3.9553000e+02   1.4571816e+02
   3.9562000e+02   8.4100000e-01   3.9627000e+02   1.4740106e+02
   3.9640900e+02   7.8900000e-01   3.9643000e+02   1.4630070e+02
   3.9746700e+02   1.0580000e+00   3.9837100e+02   1.4620656e+02
   3.9838100e+02   9.1400000e-01   3.9841100e+02   1.4709508e+02
   3.9938600e+02   1.0050000e+00   3.9939100e+02   1.4538276e+02
   4.0075700e+02   1.3720000e+00   4.0143200e+02   1.4642427e+02
   4.0196500e+02   1.2070000e+00   4.0241200e+02   1.4596530e+02
   4.0316700e+02   1.2020000e+00   4.0413300e+02   1.4651254e+02
   4.0417300e+02   1.0060000e+00   4.0501300e+02   1.4721277e+02
   4.0501500e+02   8.4200000e-01   4.0531300e+02   1.4672437e+02
   4.0595600e+02   9.4100000e-01   4.0599300e+02   1.4419413e+02
   4.0693500e+02   9.7900000e-01   4.0765400e+02   1.4599472e+02
   4.0781800e+02   8.8300000e-01   4.0847400e+02   1.4669495e+02
   4.0877300e+02   9.5500000e-01   4.0969400e+02   1.4733634e+02
   4.1017800e+02   1.4060000e+00   4.1065400e+02   1.4672437e+02
   4.1154600e+02   1.3680000e+00   4.1155400e+02   1.4517092e+02
   4.1282200e+02   1.2760000e+00   4.1375400e+02   1.4486494e+02
   4.1415000e+02   1.3270000e+00   4.1441400e+02   1.4483552e+02
   4.1526900e+02   1.1200000e+00   4.1581400e+02   1.4440597e+02
   4.1617600e+02   9.0600000e-01   4.1669400e+02   1.4395288e+02
   4.1715200e+02   9.7600000e-01   4.1739400e+02   1.4376458e+02
   4.1823900e+02   1.0870000e+00   4.1885500e+02   1.4297609e+02
   4.1918800e+02   9.5000000e-01   4.1991500e+02   1.4331149e+02
   4.2009600e+02   9.0800000e-01   4.2085500e+02   1.4346448e+02
   4.2117700e+02   1.0800000e+00   4.2245500e+02   1.4492378e+02
   4.2258000e+02   1.4040000e+00   4.2325500e+02   1.4520034e+02
   4.2356400e+02   9.8300000e-01   4.2393500e+02   1.4578289e+02
   4.2445500e+02   8.9100000e-01   4.2523500e+02   1.4675968e+02
   4.2537200e+02   9.1700000e-01   4.2587500e+02   1.4773647e+02
   4.2625800e+02   8.8700000e-01   4.2633500e+02   1.4736576e+02
   4.2723500e+02   9.7600000e-01   4.2733500e+02   1.4578289e+02
   4.2874300e+02   1.5080000e+00   4.2973600e+02   1.4565932e+02
   4.2992700e+02   1.1840000e+00   4.3109600e+02   1.4684794e+02
   4.3121600e+02   1.2890000e+00   4.3125600e+02   1.4611829e+02
   4.3235600e+02   1.1390000e+00   4.3237600e+02   1.4404114e+02
   4.3325100e+02   8.9600000e-01   4.3387700e+02   1.4465311e+02
   4.3412400e+02   8.7300000e-01   4.3507700e+02   1.4727749e+02
   4.3511600e+02   9.9200000e-01   4.3589700e+02   1.4703035e+02
   4.3599800e+02   8.8200000e-01   4.3623700e+02   1.4712450e+02
   4.3692800e+02   9.2900000e-01   4.3693700e+02   1.4617713e+02
   4.3840000e+02   1.4720000e+00   4.3849700e+02   1.4407056e+02
   4.3956000e+02   1.1610000e+00   4.3999800e+02   1.4391757e+02
   4.4063400e+02   1.0730000e+00   4.4133800e+02   1.4538276e+02
   4.4165000e+02   1.0160000e+00   4.4225800e+02   1.4565932e+02
   4.4255600e+02   9.0600000e-01   4.4259800e+02   1.4620656e+02
   4.4350400e+02   9.4800000e-01   4.4415800e+02   1.4593588e+02
   4.4453200e+02   1.0280000e+00   4.4503800e+02   1.4620656e+02
   4.4545300e+02   9.2100000e-01   4.4601800e+02   1.4587115e+02
   4.4637600e+02   9.2300000e-01   4.4695800e+02   1.4587115e+02
   4.4747900e+02   1.1030000e+00   4.4755800e+02   1.4504735e+02
   4.4845300e+02   9.7400000e-01   4.4871800e+02   1.4471195e+02
   4.4931500e+02   8.6200000e-01   4.4937800e+02   1.4404114e+02
   4.5025700e+02   9.4200000e-01   4.5131700e+02   1.4452954e+02
   4.5131600e+02   1.0590000e+00   4.5209700e+02   1.4571816e+02
   4.5220500e+02   8.8800000e-01   4.5309700e+02   1.4712450e+02
   4.5311300e+02   9.0900000e-01   4.5365700e+02   1.4715392e+02
   4.5422900e+02   1.1160000e+00   4.5441700e+02   1.4663611e+02
   4.5519200e+02   9.6300000e-01   4.5541700e+02   1.4526507e+02
   4.5603900e+02   8.4700000e-01   4.5685600e+02   1.4349391e+02
   4.5696100e+02   9.2100000e-01   4.5773600e+02   1.4565932e+02
   4.5796900e+02   1.0090000e+00   4.5817600e+02   1.4635955e+02
   4.5886600e+02   8.9700000e-01   4.5919600e+02   1.4635955e+02
   4.5974400e+02   8.7700000e-01   4.5983600e+02   1.4480610e+02
   4.6071400e+02   9.7000000e-01   4.6159500e+02   1.4398230e+02
   4.6165200e+02   9.3800000e-01   4.6211500e+02   1.4611829e+02
   4.6250100e+02   8.4900000e-01   4.6319500e+02   1.4669495e+02
   4.6338800e+02   8.8700000e-01   4.6343500e+02   1.4611829e+02
   4.6472700e+02   1.3390000e+00   4.6475500e+02   1.4437655e+02
   4.6582000e+02   1.0930000e+00   4.6661400e+02   1.4373516e+02
   4.6670500e+02   8.8500000e-01   4.6757400e+02   1.4517092e+02
   4.6766000e+02   9.5500000e-01   4.6857400e+02   1.4651254e+02
   4.6913400e+02   1.4740000e+00   4.6921400e+02   1.4681852e+02
   4.7035100e+02   1.2170000e+00   4.7051400e+02   1.4431770e+02
   4.7118700e+02   8.3700000e-01   4.7179300e+02   1.4492378e+02
   4.7205200e+02   8.6500000e-01   4.7301300e+02   1.4730691e+02
   4.7301700e+02   9.6600000e-01   4.7327300e+02   1.4770116e+02
   4.7394600e+02   9.2800000e-01   4.7403300e+02   1.4678910e+02
   4.7483500e+02   8.8900000e-01   4.7507300e+02   1.4587115e+02
   4.7590200e+02   1.0670000e+00   4.7591300e+02   1.4458838e+02
   4.7732100e+02   1.4200000e+00   4.7835200e+02   1.4489436e+02
   4.7852300e+02   1.2020000e+00   4.7941200e+02   1.4562990e+02
   4.7941900e+02   8.9600000e-01   4.7981200e+02   1.4718335e+02
   4.8027000e+02   8.5100000e-01   4.8047200e+02   1.4718335e+02
   4.8137800e+02   1.1070000e+00   4.8245200e+02   1.4730691e+02
   4.8245200e+02   1.0750000e+00   4.8295200e+02   1.4745991e+02
   4.8337800e+02   9.2500000e-01   4.8343200e+02   1.4620656e+02
   4.8430300e+02   9.2500000e-01   4.8467200e+02   1.4611829e+02
   4.8572100e+02   1.4190000e+00   4.8579200e+02   1.4422356e+02
   4.8687200e+02   1.1500000e+00   4.8711200e+02   1.4312908e+02
   4.8774500e+02   8.7300000e-01   4.8843100e+02   1.4294078e+02
   4.8862800e+02   8.8300000e-01   4.8953100e+02   1.4474137e+02
   4.8968500e+02   1.0570000e+00   4.9059100e+02   1.4578289e+02
   4.9068500e+02   1.0000000e+00   4.9115100e+02   1.4691267e+02
   4.9156600e+02   8.8100000e-01   4.9229100e+02   1.4740106e+02
   4.9262300e+02   1.0560000e+00   4.9277100e+02   1.4694209e+02
   4.9405100e+02   1.4280000e+00   4.9427100e+02   1.4526507e+02
   4.9509200e+02   1.0410000e+00   4.9605000e+02   1.4520034e+02
   4.9605300e+02   9.6100000e-01   4.9677000e+02   1.4684794e+02
   4.9744100e+02   1.3890000e+00   4.9749000e+02   1.4611829e+02
   4.9875300e+02   1.3110000e+00   4.9958900e+02   1.4495909e+02
   4.9975300e+02   1.0010000e+00   5.0018900e+02   1.4684794e+02
   5.0069300e+02   9.4000000e-01   5.0086900e+02   1.4581231e+02
   5.0169500e+02   1.0020000e+00   5.0256800e+02   1.4571816e+02
   5.0257200e+02   8.7700000e-01   5.0270800e+02   1.4642427e+02
   5.0347700e+02   9.0500000e-01   5.0486700e+02   1.4556517e+02
   5.0497800e+02   1.5010000e+00   5.0518700e+02   1.4565932e+02
   5.0615800e+02   1.1800000e+00   5.0684600e+02   1.4611829e+02
   5.0708100e+02   9.2300000e-01   5.0716600e+02   1.4687736e+02
   5.0838600e+02   1.3050000e+00   5.0964500e+02   1.4648312e+02
   5.0978400e+02   1.3970000e+00   5.0982500e+02   1.4590057e+02
   5.1103500e+02   1.2520000e+00   5.1208400e+02   1.4635955e+02
   5.1224100e+02   1.2060000e+00   5.1280400e+02   1.4697151e+02
   5.1329400e+02   1.0530000e+00   5.1336400e+02   1.4581231e+02
   5.1424700e+02   9.5300000e-01   5.1514300e+02   1.4486494e+02
   5.1531300e+02   1.0670000e+00   5.1616300e+02   1.4694209e+02
   5.1640700e+02   1.0930000e+00   5.1692300e+02   1.4727749e+02
   5.1778800e+02   1.3810000e+00   5.1780300e+02   1.4727749e+02
   5.1901000e+02   1.2230000e+00   5.1904300e+02   1.4556517e+02
   5.2012400e+02   1.1140000e+00   5.2022300e+02   1.4388815e+02
   5.2114400e+02   1.0200000e+00   5.2188200e+02   1.4486494e+02
   5.2205700e+02   9.1300000e-01   5.2288200e+02   1.4608887e+02
   5.2306800e+02   1.0110000e+00   5.2414200e+02   1.4724807e+02
   5.2418800e+02   1.1200000e+00   5.2502200e+02   1.4755405e+02
   5.2516600e+02   9.7900000e-01   5.2524200e+02   1.4715392e+02
   5.2614800e+02   9.8100000e-01   5.2672200e+02   1.4715392e+02
   5.2724200e+02   1.0940000e+00   5.2766200e+02   1.4587115e+02
   5.2856600e+02   1.3240000e+00   5.2860200e+02   1.4483552e+02
   5.2962000e+02   1.0530000e+00   5.3046100e+02   1.4395288e+02
   5.3060700e+02   9.8800000e-01   5.3168100e+02   1.4669495e+02
   5.3169900e+02   1.0910000e+00   5.3220100e+02   1.4666553e+02
   5.3269300e+02   9.9500000e-01   5.3280100e+02   1.4648312e+02
   5.3358800e+02   8.9400000e-01   5.3392100e+02   1.4474137e+02
   5.3462000e+02   1.0330000e+00   5.3596000e+02   1.4709508e+02
   5.3605800e+02   1.4380000e+00   5.3628000e+02   1.4712450e+02
   5.3734200e+02   1.2830000e+00   5.3744000e+02   1.4480610e+02
   5.3833100e+02   9.9000000e-01   5.3923900e+02   1.4611829e+02
   5.3927400e+02   9.4200000e-01   5.4033900e+02   1.4715392e+02
   5.4038600e+02   1.1120000e+00   5.4039900e+02   1.4703035e+02
   5.4144800e+02   1.0630000e+00   5.4169900e+02   1.4571816e+02
   5.4237300e+02   9.2400000e-01   5.4319800e+02   1.4425298e+02
   5.4326000e+02   8.8700000e-01   5.4447800e+02   1.4755405e+02
   5.4476200e+02   1.5020000e+00   5.4519800e+02   1.4773647e+02
   5.4608800e+02   1.3260000e+00   5.4623800e+02   1.4608887e+02
   5.4701900e+02   9.3200000e-01   5.4779700e+02   1.4395288e+02
   5.4787500e+02   8.5500000e-01   5.4859700e+02   1.4605356e+02
   5.4882500e+02   9.5000000e-01   5.4885700e+02   1.4675968e+02
   5.4978800e+02   9.6300000e-01   5.4995700e+02   1.4590057e+02
   5.5075000e+02   9.6300000e-01   5.5213600e+02   1.4654196e+02
   5.5224300e+02   1.4920000e+00   5.5241600e+02   1.4660669e+02
   5.5330900e+02   1.0660000e+00   5.5421500e+02   1.4517092e+02
   5.5424000e+02   9.3100000e-01   5.5465500e+02   1.4657726e+02
   5.5550700e+02   1.2670000e+00   5.5557500e+02   1.4517092e+02
   5.5654300e+02   1.0360000e+00   5.5723400e+02   1.4624186e+02
   5.5744300e+02   9.0000000e-01   5.5755400e+02   1.4593588e+02
   5.5845700e+02   1.0130000e+00   5.5949300e+02   1.4709508e+02
   5.5983400e+02   1.3770000e+00   5.5995300e+02   1.4660669e+02
   5.6086600e+02   1.0320000e+00   5.6169200e+02   1.4648312e+02
   5.6179800e+02   9.3300000e-01   5.6199200e+02   1.4715392e+02
   5.6283200e+02   1.0340000e+00   5.6369100e+02   1.4544748e+02
   5.6372100e+02   8.8900000e-01   5.6395100e+02   1.4691267e+02
   5.6469800e+02   9.7700000e-01   5.6595000e+02   1.4654196e+02
   5.6618100e+02   1.4830000e+00   5.6635000e+02   1.4748933e+02
   5.6723100e+02   1.0500000e+00   5.6814900e+02   1.4617713e+02
   5.6819100e+02   9.6000000e-01   5.6842900e+02   1.4709508e+02
   5.6919700e+02   1.0060000e+00   5.7008800e+02   1.4581231e+02
   5.7008700e+02   8.8900000e-01   5.7044800e+02   1.4761290e+02
   5.7105300e+02   9.6600000e-01   5.7236700e+02   1.4764232e+02
   5.7248700e+02   1.4340000e+00   5.7262700e+02   1.4800714e+02
   5.7365500e+02   1.1680000e+00   5.7442600e+02   1.4748933e+02
   5.7477500e+02   1.1200000e+00   5.7478600e+02   1.4736576e+02
   5.7582700e+02   1.0520000e+00   5.7664500e+02   1.4758348e+02
   5.7668500e+02   8.5800000e-01   5.7698500e+02   1.4785415e+02
   5.7762800e+02   9.4200000e-01   5.7854400e+02   1.4694209e+02
   5.7858300e+02   9.5500000e-01   5.7910400e+02   1.4715392e+02
   5.7938600e+02   8.0300000e-01   5.7940400e+02   1.4666553e+02
   5.8020700e+02   8.2100000e-01   5.8120300e+02   1.4700093e+02
   5.8121000e+02   1.0040000e+00   5.8148300e+02   1.4691267e+02
   5.8264400e+02   1.4330000e+00   5.8350200e+02   1.4712450e+02
   5.8374900e+02   1.1060000e+00   5.8384200e+02   1.4767174e+02
   5.8469600e+02   9.4700000e-01   5.8574100e+02   1.4648312e+02
   5.8575000e+02   1.0540000e+00   5.8600100e+02   1.4782473e+02
   5.8711900e+02   1.3690000e+00   5.8800000e+02   1.4678910e+02
   5.8807800e+02   9.5900000e-01   5.8814000e+02   1.4779531e+02
   5.8894700e+02   8.6900000e-01   5.8993900e+02   1.4538276e+02
   5.8997000e+02   1.0240000e+00   5.9039900e+02   1.4804245e+02
   5.9132800e+02   1.3580000e+00   5.9231800e+02   1.4773647e+02
   5.9232700e+02   9.9800000e-01   5.9241800e+02   1.4743048e+02
   5.9328000e+02   9.5300000e-01   5.9391700e+02   1.4794830e+02
   5.9440300e+02   1.1230000e+00   5.9443700e+02   1.4635955e+02
   5.9527400e+02   8.7100000e-01   5.9595600e+02   1.4733634e+02
   5.9618300e+02   9.0900000e-01   5.9619600e+02   1.4571816e+02
   5.9718800e+02   1.0050000e+00   5.9777500e+02   1.4672437e+02
   5.9818900e+02   1.0020000e+00   5.9909400e+02   1.4556517e+02
   5.9911900e+02   9.2900000e-01   5.9957400e+02   1.4687736e+02
   6.0021200e+02   1.0930000e+00   6.0127300e+02   1.4520034e+02
   6.0132200e+02   1.1110000e+00   6.0179300e+02   1.4654196e+02
   6.0220100e+02   8.7900000e-01   6.0231300e+02   1.4465311e+02
   6.0313000e+02   9.2800000e-01   6.0405200e+02   1.4645370e+02
   6.0412400e+02   9.9400000e-01   6.0431200e+02   1.4605356e+02
   6.0498000e+02   8.5600000e-01   6.0587100e+02   1.4593588e+02
   6.0588600e+02   9.0700000e-01   6.0623100e+02   1.4703035e+02
   6.0687300e+02   9.8600000e-01   6.0689100e+02   1.4522977e+02
   6.0773400e+02   8.6100000e-01   6.0853000e+02   1.4700093e+02
   6.0861900e+02   8.8500000e-01   6.0881000e+02   1.4770116e+02
   6.0948500e+02   8.6600000e-01   6.0953000e+02   1.4565932e+02
   6.1027900e+02   7.9400000e-01   6.1086900e+02   1.4727749e+02
   6.1104800e+02   7.6900000e-01   6.1148900e+02   1.4791888e+02
   6.1187000e+02   8.2300000e-01   6.1190900e+02   1.4642427e+02
   6.1288000e+02   1.0100000e+00   6.1368800e+02   1.4736576e+02
   6.1386000e+02   9.7900000e-01   6.1392800e+02   1.4743048e+02
   6.1472200e+02   8.6200000e-01   6.1566700e+02   1.4733634e+02
   6.1570200e+02   9.8100000e-01   6.1580700e+02   1.4736576e+02
   6.1697600e+02   1.2740000e+00   6.1786600e+02   1.4721277e+02
   6.1791300e+02   9.3700000e-01   6.1804600e+02   1.4703035e+02
   6.1881900e+02   9.0700000e-01   6.1962500e+02   1.4697151e+02
   6.1983100e+02   1.0120000e+00   6.1992500e+02   1.4703035e+02
   6.2075400e+02   9.2300000e-01   6.2162400e+02   1.4715392e+02
   6.2162500e+02   8.7000000e-01   6.2176400e+02   1.4733634e+02
   6.2267600e+02   1.0510000e+00   6.2368300e+02   1.4788946e+02
   6.2408100e+02   1.4050000e+00   6.2412300e+02   1.4663611e+02
   6.2508700e+02   1.0050000e+00   6.2554200e+02   1.4715392e+02
   6.2606800e+02   9.8100000e-01   6.2616200e+02   1.4666553e+02
   6.2707800e+02   1.0110000e+00   6.2776100e+02   1.4675968e+02
   6.2794100e+02   8.6300000e-01   6.2854100e+02   1.4764232e+02
   6.2897800e+02   1.0370000e+00   6.3044000e+02   1.4608887e+02
   6.3044700e+02   1.4690000e+00   6.3110000e+02   1.4773647e+02
   6.3148600e+02   1.0390000e+00   6.3152000e+02   1.4663611e+02
   6.3252500e+02   1.0390000e+00   6.3367900e+02   1.4627128e+02
   6.3368000e+02   1.1550000e+00   6.3383900e+02   1.4758348e+02
   6.3455500e+02   8.7500000e-01   6.3461900e+02   1.4773647e+02
   6.3542300e+02   8.6800000e-01   6.3551900e+02   1.4507678e+02
   6.3689500e+02   1.4720000e+00   6.3785800e+02   1.4645370e+02
   6.3799500e+02   1.1000000e+00   6.3845800e+02   1.4697151e+02
   6.3888100e+02   8.8600000e-01   6.3901800e+02   1.4520034e+02
   6.3987700e+02   9.9600000e-01   6.4083700e+02   1.4660669e+02
   6.4090600e+02   1.0290000e+00   6.4107700e+02   1.4758348e+02
   6.4180800e+02   9.0300000e-01   6.4189700e+02   1.4672437e+02
   6.4291900e+02   1.1110000e+00   6.4425600e+02   1.4684794e+02
   6.4427500e+02   1.3560000e+00   6.4429600e+02   1.4785415e+02
   6.4526000e+02   9.8400000e-01   6.4531600e+02   1.4736576e+02
   6.4620600e+02   9.4600000e-01   6.4647600e+02   1.4532391e+02
   6.4715200e+02   9.4600000e-01   6.4791500e+02   1.4605356e+02
   6.4800400e+02   8.5200000e-01   6.4881500e+02   1.4724807e+02
   6.4886700e+02   8.6300000e-01   6.4929500e+02   1.4764232e+02
   6.4970700e+02   8.4100000e-01   6.4971500e+02   1.4736576e+02
   6.5056500e+02   8.5800000e-01   6.5069500e+02   1.4630070e+02
   6.5195100e+02   1.3860000e+00   6.5285400e+02   1.4785415e+02
   6.5296100e+02   1.0100000e+00   6.5327400e+02   1.4800714e+02
   6.5433800e+02   1.3770000e+00   6.5441400e+02   1.4578289e+02
   6.5558500e+02   1.2470000e+00   6.5653300e+02   1.4743048e+02
   6.5657600e+02   9.9100000e-01   6.5703300e+02   1.4846612e+02
   6.5754900e+02   9.7300000e-01   6.5759300e+02   1.4791888e+02
   6.5894700e+02   1.3990000e+00   6.5975200e+02   1.4691267e+02
   6.6001500e+02   1.0680000e+00   6.6021200e+02   1.4773647e+02
   6.6102900e+02   1.0140000e+00   6.6125200e+02   1.4654196e+02
   6.6218700e+02   1.1570000e+00   6.6321100e+02   1.4767174e+02
   6.6322300e+02   1.0370000e+00   6.6357100e+02   1.4831313e+02
   6.6411600e+02   8.9300000e-01   6.6421100e+02   1.4694209e+02
   6.6511000e+02   9.9400000e-01   6.6609000e+02   1.4785415e+02
   6.6615300e+02   1.0430000e+00   6.6627000e+02   1.4767174e+02
   6.6719400e+02   1.0410000e+00   6.6729000e+02   1.4648312e+02
   6.6810200e+02   9.0800000e-01   6.6900900e+02   1.4733634e+02
   6.6911400e+02   1.0120000e+00   6.6930900e+02   1.4767174e+02
   6.7016700e+02   1.0530000e+00   6.7018900e+02   1.4608887e+02
   6.7107800e+02   9.1100000e-01   6.7190800e+02   1.4672437e+02
   6.7202100e+02   9.4200000e-01   6.7232800e+02   1.4672437e+02
   6.7311100e+02   1.0900000e+00   6.7318800e+02   1.4468253e+02
   6.7410300e+02   9.9200000e-01   6.7458700e+02   1.4709508e+02
   6.7498100e+02   8.7800000e-01   6.7518700e+02   1.4743048e+02
   6.7595700e+02   9.7500000e-01   6.7666600e+02   1.4620656e+02
   6.7693800e+02   9.8100000e-01   6.7722600e+02   1.4788946e+02
   6.7783600e+02   8.9800000e-01   6.7794600e+02   1.4602414e+02
   6.7871200e+02   8.7600000e-01   6.7970500e+02   1.4687736e+02
   6.7971500e+02   1.0030000e+00   6.7984500e+02   1.4770116e+02
   6.8076700e+02   1.0520000e+00   6.8082500e+02   1.4532391e+02
   6.8167000e+02   9.0300000e-01   6.8268400e+02   1.4657726e+02
   6.8272200e+02   1.0530000e+00   6.8272400e+02   1.4635955e+02
   6.8409000e+02   1.3680000e+00   6.8520300e+02   1.4587115e+02
   6.8522700e+02   1.1370000e+00   6.8566300e+02   1.4694209e+02
   6.8638900e+02   1.1610000e+00   6.8640300e+02   1.4620656e+02
   6.8773300e+02   1.3450000e+00   6.8786300e+02   1.4364690e+02
   6.8888600e+02   1.1530000e+00   6.8958200e+02   1.4517092e+02
   6.8978400e+02   8.9800000e-01   6.9042200e+02   1.4645370e+02
   6.9074900e+02   9.6500000e-01   6.9124200e+02   1.4703035e+02
   6.9212700e+02   1.3780000e+00   6.9226200e+02   1.4614771e+02
   6.9317800e+02   1.0510000e+00   6.9326200e+02   1.4440597e+02
   6.9420800e+02   1.0300000e+00   6.9530100e+02   1.4504735e+02
   6.9531500e+02   1.1070000e+00   6.9628100e+02   1.4785415e+02
   6.9628400e+02   9.6900000e-01   6.9686100e+02   1.4767174e+02
   6.9738000e+02   1.0960000e+00   6.9770100e+02   1.4681852e+02
   6.9858700e+02   1.2070000e+00   6.9960000e+02   1.4587115e+02
   6.9963000e+02   1.0430000e+00   7.0032000e+02   1.4745991e+02
   7.0057700e+02   9.4700000e-01   7.0096000e+02   1.4745991e+02
   7.0157800e+02   1.0020000e+00   7.0265900e+02   1.4522977e+02
   7.0265800e+02   1.0790000e+00   7.0301900e+02   1.4852496e+02
   7.0357300e+02   9.1600000e-01   7.0359900e+02   1.4620656e+02
   7.0462200e+02   1.0490000e+00   7.0519800e+02   1.4804245e+02
   7.0568400e+02   1.0620000e+00   7.0661700e+02   1.4675968e+02
   7.0664000e+02   9.5600000e-01   7.0691700e+02   1.4782473e+02
   7.0763000e+02   9.9000000e-01   7.0867600e+02   1.4740106e+02
   7.0868500e+02   1.0550000e+00   7.0869600e+02   1.4773647e+02
   7.0965200e+02   9.6600000e-01   7.1043500e+02   1.4856027e+02
   7.1058300e+02   9.3200000e-01   7.1071500e+02   1.4736576e+02
   7.1168800e+02   1.1050000e+00   7.1235400e+02   1.4706566e+02
   7.1281800e+02   1.1300000e+00   7.1375300e+02   1.4547691e+02
   7.1375600e+02   9.3800000e-01   7.1457300e+02   1.4687736e+02
   7.1473400e+02   9.7800000e-01   7.1601200e+02   1.4703035e+02
   7.1609100e+02   1.3560000e+00   7.1629200e+02   1.4745991e+02
   7.1716800e+02   1.0780000e+00   7.1807100e+02   1.4718335e+02
   7.1811300e+02   9.4400000e-01   7.1831100e+02   1.4755405e+02
   7.1910000e+02   9.8700000e-01   7.2009000e+02   1.4535334e+02
   7.2015800e+02   1.0580000e+00   7.2033000e+02   1.4627128e+02
   7.2106300e+02   9.0500000e-01   7.2113000e+02   1.4495909e+02
   7.2222100e+02   1.1590000e+00   7.2268900e+02   1.4633013e+02
   7.2364500e+02   1.4240000e+00   7.2464800e+02   1.4501793e+02
   7.2473300e+02   1.0880000e+00   7.2520800e+02   1.4642427e+02
   7.2574200e+02   1.0090000e+00   7.2586800e+02   1.4492378e+02
   7.2664200e+02   8.9900000e-01   7.2748700e+02   1.4575347e+02
   7.2751500e+02   8.7300000e-01   7.2760700e+02   1.4669495e+02
   7.2851900e+02   1.0040000e+00   7.2968600e+02   1.4590057e+02
   7.2972000e+02   1.2020000e+00   7.3004600e+02   1.4635955e+02
   7.3069000e+02   9.7000000e-01   7.3070600e+02   1.4602414e+02
   7.3171200e+02   1.0220000e+00   7.3292500e+02   1.4642427e+02
   7.3311600e+02   1.4040000e+00   7.3358500e+02   1.4706566e+02
   7.3417000e+02   1.0540000e+00   7.3424500e+02   1.4477668e+02
   7.3523300e+02   1.0630000e+00   7.3602400e+02   1.4633013e+02
   7.3622700e+02   9.9500000e-01   7.3628400e+02   1.4648312e+02
   7.3715300e+02   9.2600000e-01   7.3718400e+02   1.4517092e+02
   7.3805900e+02   9.0600000e-01   7.3918300e+02   1.4648312e+02
   7.3921100e+02   1.1520000e+00   7.3982300e+02   1.4687736e+02
   7.4060400e+02   1.3930000e+00   7.4082300e+02   1.4495909e+02
   7.4189000e+02   1.2860000e+00   7.4260200e+02   1.4700093e+02
   7.4317300e+02   1.2840000e+00   7.4400200e+02   1.4751875e+02
   7.4410100e+02   9.2800000e-01   7.4412200e+02   1.4810129e+02
   7.4498100e+02   8.8000000e-01   7.4536200e+02   1.4687736e+02
   7.4593500e+02   9.5400000e-01   7.4614200e+02   1.4568874e+02
   7.4683600e+02   9.0000000e-01   7.4712200e+02   1.4504735e+02
   7.4779100e+02   9.5600000e-01   7.4782200e+02   1.4428828e+02
   7.4890400e+02   1.1130000e+00   7.4898200e+02   1.4419413e+02
   7.4990400e+02   1.0000000e+00   7.5018200e+02   1.4327619e+02
   7.5083900e+02   9.3500000e-01   7.5220100e+02   1.4318792e+02
   7.5223500e+02   1.3960000e+00   7.5318100e+02   1.4401172e+02
   7.5345200e+02   1.2170000e+00   7.5436100e+02   1.4535334e+02
   7.5441200e+02   9.6000000e-01   7.5518100e+02   1.4578289e+02
   7.5532600e+02   9.1300000e-01   7.5616100e+02   1.4687736e+02
   7.5616000e+02   8.3400000e-01   7.5692100e+02   1.4800714e+02
   7.5692600e+02   7.6600000e-01   7.5738100e+02   1.4751875e+02
   7.5774400e+02   8.1800000e-01   7.5800100e+02   1.4733634e+02
   7.5880200e+02   1.0580000e+00   7.5916100e+02   1.4663611e+02
   7.6034300e+02   1.5410000e+00   7.6068100e+02   1.4544748e+02
   7.6138200e+02   1.0390000e+00   7.6146100e+02   1.4388815e+02
   7.6235200e+02   9.7000000e-01   7.6344000e+02   1.4388815e+02
   7.6372300e+02   1.3710000e+00   7.6496000e+02   1.4504735e+02
   7.6498900e+02   1.2660000e+00   7.6590000e+02   1.4694209e+02
   7.6594900e+02   9.6000000e-01   7.6632000e+02   1.4709508e+02
   7.6686200e+02   9.1300000e-01   7.6720000e+02   1.4684794e+02
   7.6797200e+02   1.1100000e+00   7.6798000e+02   1.4581231e+02
   7.6888200e+02   9.0900000e-01   7.6898000e+02   1.4434713e+02
   7.6988700e+02   1.0050000e+00   7.7133900e+02   1.4715392e+02
   7.7136300e+02   1.4760000e+00   7.7191900e+02   1.4740106e+02
   7.7257500e+02   1.2120000e+00   7.7259900e+02   1.4560048e+02
   7.7356000e+02   9.8600000e-01   7.7441800e+02   1.4755405e+02
   7.7452100e+02   9.6100000e-01   7.7491800e+02   1.4745991e+02
   7.7555800e+02   1.0380000e+00   7.7581800e+02   1.4514150e+02
   7.7647000e+02   9.1100000e-01   7.7719700e+02   1.4599472e+02
   7.7750000e+02   1.0310000e+00   7.7767700e+02   1.4602414e+02
   7.7893900e+02   1.4380000e+00   7.7983600e+02   1.4740106e+02
   7.8009000e+02   1.1510000e+00   7.8029600e+02   1.4700093e+02
   7.8104700e+02   9.5700000e-01   7.8187500e+02   1.4590057e+02
   7.8203400e+02   9.8800000e-01   7.8211500e+02   1.4684794e+02
   7.8300300e+02   9.6800000e-01   7.8305500e+02   1.4614771e+02
   7.8388500e+02   8.8200000e-01   7.8479400e+02   1.4712450e+02
   7.8492400e+02   1.0390000e+00   7.8529400e+02   1.4721277e+02
   7.8600600e+02   1.0820000e+00   7.8601400e+02   1.4526507e+02
   7.8692800e+02   9.2200000e-01   7.8787300e+02   1.4727749e+02
   7.8789900e+02   9.7100000e-01   7.8829300e+02   1.4721277e+02
   7.8928000e+02   1.3810000e+00   7.9049200e+02   1.4581231e+02
   7.9052700e+02   1.2460000e+00   7.9107200e+02   1.4776589e+02
   7.9151000e+02   9.8300000e-01   7.9153200e+02   1.4740106e+02
   7.9251800e+02   1.0090000e+00   7.9253200e+02   1.4520034e+02
   7.9346200e+02   9.4300000e-01   7.9419100e+02   1.4562990e+02
   7.9434700e+02   8.8500000e-01   7.9477100e+02   1.4691267e+02
   7.9530900e+02   9.6200000e-01   7.9559100e+02   1.4657726e+02
   7.9678600e+02   1.4770000e+00   7.9803000e+02   1.4465311e+02
   7.9804000e+02   1.2550000e+00   7.9895000e+02   1.4691267e+02
   7.9908500e+02   1.0450000e+00   7.9991000e+02   1.4751875e+02
   8.0002700e+02   9.4200000e-01   8.0005000e+02   1.4751875e+02
   8.0106300e+02   1.0370000e+00   8.0135000e+02   1.4681852e+02
   8.0207200e+02   1.0090000e+00   8.0255000e+02   1.4596530e+02
   8.0298000e+02   9.0800000e-01   8.0305000e+02   1.4520034e+02
   8.0381800e+02   8.3800000e-01   8.0385000e+02   1.4526507e+02
   8.0481300e+02   9.9500000e-01   8.0587000e+02   1.4547691e+02
   8.0631600e+02   1.5030000e+00   8.0661000e+02   1.4553575e+02
   8.0774200e+02   1.4260000e+00   8.0875000e+02   1.4544748e+02
   8.0902700e+02   1.2840000e+00   8.0961000e+02   1.4611829e+02
   8.1015400e+02   1.1280000e+00   8.1053000e+02   1.4593588e+02
   8.1100200e+02   8.4800000e-01   8.1117000e+02   1.4501793e+02
   8.1183800e+02   8.3600000e-01   8.1197000e+02   1.4501793e+02
   8.1281100e+02   9.7300000e-01   8.1313000e+02   1.4440597e+02
   8.1428500e+02   1.4740000e+00   8.1538900e+02   1.4522977e+02
   8.1557200e+02   1.2880000e+00   8.1626900e+02   1.4684794e+02
   8.1649400e+02   9.2200000e-01   8.1732900e+02   1.4743048e+02
   8.1733700e+02   8.4300000e-01   8.1792900e+02   1.4770116e+02
   8.1825000e+02   9.1300000e-01   8.1838900e+02   1.4700093e+02
   8.1971300e+02   1.4630000e+00   8.1982900e+02   1.4444127e+02
   8.2088900e+02   1.1750000e+00   8.2158800e+02   1.4642427e+02
   8.2176700e+02   8.7900000e-01   8.2256800e+02   1.4681852e+02
   8.2264900e+02   8.8200000e-01   8.2274800e+02   1.4715392e+02
   8.2408200e+02   1.4320000e+00   8.2428800e+02   1.4578289e+02
   8.2530900e+02   1.2270000e+00   8.2536800e+02   1.4437655e+02
   8.2622100e+02   9.1200000e-01   8.2630800e+02   1.4342918e+02
   8.2711600e+02   8.9500000e-01   8.2720800e+02   1.4346448e+02
   8.2821900e+02   1.1030000e+00   8.2822800e+02   1.4300551e+02
   8.2958600e+02   1.3670000e+00   8.3022800e+02   1.4367632e+02
   8.3058400e+02   9.9800000e-01   8.3110800e+02   1.4483552e+02
   8.3147000e+02   8.8600000e-01   8.3200800e+02   1.4654196e+02
   8.3253600e+02   1.0660000e+00   8.3356800e+02   1.4761290e+02
   8.3357900e+02   1.0430000e+00   8.3408800e+02   1.4733634e+02
   8.3452600e+02   9.4700000e-01   8.3452800e+02   1.4568874e+02
   8.3541300e+02   8.8700000e-01   8.3682900e+02   1.4678910e+02
   8.3684400e+02   1.4310000e+00   8.3788900e+02   1.4813071e+02
   8.3825200e+02   1.4090000e+00   8.3830900e+02   1.4663611e+02
   8.3956800e+02   1.3160000e+00   8.4049000e+02   1.4712450e+02
   8.4050200e+02   9.3400000e-01   8.4091000e+02   1.4764232e+02
   8.4133600e+02   8.3400000e-01   8.4137000e+02   1.4694209e+02
   8.4278600e+02   1.4510000e+00   8.4407100e+02   1.4751875e+02
   8.4409300e+02   1.3070000e+00   8.4451100e+02   1.4764232e+02
   8.4524500e+02   1.1520000e+00   8.4531100e+02   1.4605356e+02
   8.4611600e+02   8.7000000e-01   8.4695200e+02   1.4495909e+02
   8.4696400e+02   8.4900000e-01   8.4787200e+02   1.4758348e+02
   8.4810200e+02   1.1380000e+00   8.4813200e+02   1.4755405e+02
   8.4958000e+02   1.4770000e+00   8.4967200e+02   1.4605356e+02
   8.5084300e+02   1.2640000e+00   8.5085200e+02   1.4334091e+02
   8.5190000e+02   1.0570000e+00   8.5287300e+02   1.4395288e+02
   8.5288700e+02   9.8700000e-01   8.5371300e+02   1.4468253e+02
   8.5395300e+02   1.0670000e+00   8.5441300e+02   1.4562990e+02
   8.5489200e+02   9.3800000e-01   8.5501300e+02   1.4593588e+02
   8.5589400e+02   1.0020000e+00   8.5717300e+02   1.4724807e+02
   8.5733800e+02   1.4440000e+00   8.5773300e+02   1.4758348e+02
   8.5866000e+02   1.3220000e+00   8.5867300e+02   1.4620656e+02
   8.5960100e+02   9.4200000e-01   8.5963300e+02   1.4584173e+02
   8.6048700e+02   8.8500000e-01   8.6095300e+02   1.4511208e+02
   8.6155300e+02   1.0670000e+00   8.6173300e+02   1.4367632e+02
   8.6266400e+02   1.1110000e+00   8.6331400e+02   1.4450012e+02
   8.6369900e+02   1.0350000e+00   8.6453400e+02   1.4593588e+02
   8.6462600e+02   9.2700000e-01   8.6517400e+02   1.4724807e+02
   8.6607700e+02   1.4510000e+00   8.6623400e+02   1.4694209e+02
   8.6740900e+02   1.3310000e+00   8.6747400e+02   1.4666553e+02
   8.6843500e+02   1.0260000e+00   8.6903400e+02   1.4721277e+02
   8.6937100e+02   9.3600000e-01   8.7007400e+02   1.4718335e+02
   8.7072600e+02   1.3550000e+00   8.7119400e+02   1.4724807e+02
   8.7177600e+02   1.0500000e+00   8.7219400e+02   1.4678910e+02
   8.7267900e+02   9.0400000e-01   8.7359400e+02   1.4672437e+02
   8.7374600e+02   1.0670000e+00   8.7427400e+02   1.4675968e+02
   8.7500400e+02   1.2580000e+00   8.7607400e+02   1.4794830e+02
   8.7633900e+02   1.3350000e+00   8.7675400e+02   1.4745991e+02
   8.7730600e+02   9.6700000e-01   8.7775400e+02   1.4715392e+02
   8.7821500e+02   9.0900000e-01   8.7859400e+02   1.4770116e+02
   8.7916000e+02   9.4500000e-01   8.7983400e+02   1.4691267e+02
   8.8011500e+02   9.5400000e-01   8.8065400e+02   1.4740106e+02
   8.8098600e+02   8.7100000e-01   8.8107400e+02   1.4660669e+02
   8.8189900e+02   9.1300000e-01   8.8217400e+02   1.4608887e+02
   8.8336700e+02   1.4690000e+00   8.8337400e+02   1.4452954e+02
   8.8453900e+02   1.1720000e+00   8.8531400e+02   1.4391757e+02
   8.8547200e+02   9.3300000e-01   8.8605400e+02   1.4425298e+02
   8.8636000e+02   8.8700000e-01   8.8677400e+02   1.4407056e+02
   8.8715800e+02   7.9800000e-01   8.8761400e+02   1.4379989e+02
   8.8793700e+02   7.7900000e-01   8.8825500e+02   1.4388815e+02
   8.8883600e+02   8.9900000e-01   8.9011500e+02   1.4385873e+02
   8.9024200e+02   1.4070000e+00   8.9081500e+02   1.4486494e+02
   8.9131900e+02   1.0770000e+00   8.9193500e+02   1.4444127e+02
   8.9221300e+02   8.9400000e-01   8.9299500e+02   1.4431770e+02
   8.9322100e+02   1.0080000e+00   8.9331500e+02   1.4434713e+02
   8.9420300e+02   9.8200000e-01   8.9501500e+02   1.4382931e+02
   8.9506200e+02   8.5800000e-01   8.9597500e+02   1.4342918e+02
   8.9603900e+02   9.7800000e-01   8.9637500e+02   1.4339976e+02
   8.9715100e+02   1.1120000e+00   8.9733400e+02   1.4342918e+02
   8.9810300e+02   9.5200000e-01   8.9831400e+02   1.4440597e+02
   8.9896000e+02   8.5700000e-01   8.9975400e+02   1.4434713e+02
   8.9992700e+02   9.6700000e-01   9.0077400e+02   1.4486494e+02
   9.0129300e+02   1.3650000e+00   9.0137400e+02   1.4404114e+02
   9.0229100e+02   9.9900000e-01   9.0317400e+02   1.4379989e+02
   9.0320600e+02   9.1500000e-01   9.0417500e+02   1.4342918e+02
   9.0428900e+02   1.0820000e+00   9.0511500e+02   1.4358217e+02
   9.0525400e+02   9.6500000e-01   9.0593500e+02   1.4486494e+02
   9.0614300e+02   8.8900000e-01   9.0701500e+02   1.4507678e+02
   9.0716000e+02   1.0170000e+00   9.0855500e+02   1.4617713e+02
   9.0859600e+02   1.4370000e+00   9.0945500e+02   1.4666553e+02
   9.0986100e+02   1.2650000e+00   9.1033500e+02   1.4712450e+02
   9.1119100e+02   1.3300000e+00   9.1219500e+02   1.4727749e+02
   9.1220800e+02   1.0170000e+00   9.1239500e+02   1.4718335e+02
   9.1307200e+02   8.6400000e-01   9.1317500e+02   1.4651254e+02
   9.1399900e+02   9.2700000e-01   9.1417500e+02   1.4544748e+02
   9.1541200e+02   1.4130000e+00   9.1619600e+02   1.4450012e+02
   9.1636900e+02   9.5700000e-01   9.1709600e+02   1.4633013e+02
   9.1733200e+02   9.6300000e-01   9.1871600e+02   1.4755405e+02
   9.1873000e+02   1.3980000e+00   9.1919600e+02   1.4703035e+02
   9.1968700e+02   9.5700000e-01   9.1981600e+02   1.4638897e+02
   9.2063200e+02   9.4500000e-01   9.2183700e+02   1.4507678e+02
   9.2198800e+02   1.3560000e+00   9.2235700e+02   1.4660669e+02
   9.2302500e+02   1.0380000e+00   9.2309700e+02   1.4657726e+02
