   2.4736000e+01   9.1700000e-01   2.5091000e+01   1.1123554e+02
   2.5696000e+01   9.6000000e-01   2.6058000e+01   1.1236484e+02
   2.6677000e+01   9.8100000e-01   2.7033000e+01   1.1202925e+02
   2.7693000e+01   1.0160000e+00   2.8063000e+01   1.0961795e+02
   2.8627000e+01   9.3400000e-01   2.9041000e+01   1.0839810e+02
   2.9572000e+01   9.4400000e-01   2.9920000e+01   1.1117517e+02
   3.0496000e+01   9.2400000e-01   3.0853000e+01   1.1157114e+02
   3.1432000e+01   9.3700000e-01   3.1830000e+01   1.0848866e+02
   3.2377000e+01   9.4500000e-01   3.2750000e+01   1.0925217e+02
   3.3274000e+01   8.9700000e-01   3.3645000e+01   1.1236484e+02
   3.4192000e+01   9.1800000e-01   3.4543000e+01   1.1444054e+02
   3.5166000e+01   9.7400000e-01   3.5521000e+01   1.1392028e+02
   3.6224000e+01   1.0570000e+00   3.6602000e+01   1.1193691e+02
   3.7304000e+01   1.0800000e+00   3.7672000e+01   1.0940488e+02
   3.8324000e+01   1.0200000e+00   3.8688000e+01   1.0845847e+02
   3.9282000e+01   9.5900000e-01   3.9651000e+01   1.0720666e+02
   4.0253000e+01   9.7100000e-01   4.0608000e+01   1.1010625e+02
   4.1200000e+01   9.4700000e-01   4.1551000e+01   1.1001392e+02
   4.2139000e+01   9.3900000e-01   4.2488000e+01   1.1157114e+02
   4.3090000e+01   9.5200000e-01   4.3461000e+01   1.1080762e+02
   4.4014000e+01   9.2400000e-01   4.4387000e+01   1.1013643e+02
   4.4955000e+01   9.4100000e-01   4.5315000e+01   1.1309639e+02
   4.5975000e+01   1.0200000e+00   4.6351000e+01   1.1398243e+02
   4.7073000e+01   1.0980000e+00   4.7419000e+01   1.1166347e+02
   4.8117000e+01   1.0440000e+00   4.8468000e+01   1.0974047e+02
   4.9091000e+01   9.7400000e-01   4.9450000e+01   1.0809269e+02
   5.0067000e+01   9.7600000e-01   5.0436000e+01   1.0839810e+02
   5.1075000e+01   1.0080000e+00   5.1447000e+01   1.0375840e+02
   5.2047000e+01   9.7200000e-01   5.2419000e+01   1.0561925e+02
   5.2967000e+01   9.2000000e-01   5.3307000e+01   1.0565122e+02
   5.3841000e+01   8.7400000e-01   5.4206000e+01   1.0607736e+02
   5.4692000e+01   8.5100000e-01   5.5039000e+01   1.0967832e+02
   5.5614000e+01   9.2200000e-01   5.5969000e+01   1.1276080e+02
   5.6660000e+01   1.0460000e+00   5.7026000e+01   1.1444054e+02
   5.7782000e+01   1.1220000e+00   5.8137000e+01   1.1267024e+02
   5.8824000e+01   1.0420000e+00   5.9185000e+01   1.0888462e+02
   5.9819000e+01   9.9500000e-01   6.0176000e+01   1.1004588e+02
   6.0863000e+01   1.0440000e+00   6.1237000e+01   1.0604718e+02
   6.1907000e+01   1.0440000e+00   6.2264000e+01   1.0885444e+02
   6.2966000e+01   1.0590000e+00   6.3343000e+01   1.0418633e+02
   6.3919000e+01   9.5300000e-01   6.4284000e+01   1.0601699e+02
   6.4855000e+01   9.3600000e-01   6.5227000e+01   1.0604718e+02
   6.5784000e+01   9.2800000e-01   6.6137000e+01   1.0763458e+02
   6.6731000e+01   9.4700000e-01   6.7074000e+01   1.0967832e+02
   6.7715000e+01   9.8400000e-01   6.8065000e+01   1.0803055e+02
   6.8751000e+01   1.0350000e+00   6.9136000e+01   1.0678051e+02
   6.9716000e+01   9.6600000e-01   7.0074000e+01   1.0723684e+02
   7.0676000e+01   9.5900000e-01   7.1035000e+01   1.0763458e+02
   7.1665000e+01   9.8900000e-01   7.2014000e+01   1.0256874e+02
   7.2691000e+01   1.0260000e+00   7.3042000e+01   1.0442959e+02
   7.3680000e+01   9.8900000e-01   7.4035000e+01   1.0445977e+02
   7.4704000e+01   1.0240000e+00   7.5061000e+01   1.0488770e+02
   7.5633000e+01   9.3000000e-01   7.6017000e+01   1.0455211e+02
   7.6564000e+01   9.3100000e-01   7.6916000e+01   1.0574177e+02
   7.7513000e+01   9.4900000e-01   7.7865000e+01   1.0681070e+02
   7.8537000e+01   1.0230000e+00   7.8892000e+01   1.0638277e+02
   7.9561000e+01   1.0250000e+00   7.9932000e+01   1.0565122e+02
   8.0558000e+01   9.9700000e-01   8.0921000e+01   1.0174485e+02
   8.1541000e+01   9.8300000e-01   8.1892000e+01   1.0378859e+02
   8.2564000e+01   1.0230000e+00   8.2934000e+01   1.0250659e+02
   8.3585000e+01   1.0220000e+00   8.3947000e+01   1.0208044e+02
   8.4630000e+01   1.0440000e+00   8.4982000e+01   9.9669149e+01
   8.5587000e+01   9.5700000e-01   8.5960000e+01   9.6831706e+01
   8.6551000e+01   9.6300000e-01   8.6928000e+01   9.9669149e+01
   8.7509000e+01   9.5900000e-01   8.7873000e+01   1.0049304e+02
   8.8487000e+01   9.7800000e-01   8.8827000e+01   1.0174485e+02
   8.9449000e+01   9.6200000e-01   8.9832000e+01   1.0122637e+02
   9.0400000e+01   9.5100000e-01   9.0780000e+01   1.0201829e+02
   9.1323000e+01   9.2400000e-01   9.1666000e+01   1.0445977e+02
   9.2301000e+01   9.7800000e-01   9.2660000e+01   1.0403362e+02
   9.3307000e+01   1.0050000e+00   9.3649000e+01   1.0455211e+02
   9.4317000e+01   1.0100000e+00   9.4668000e+01   1.0290433e+02
   9.5308000e+01   9.9200000e-01   9.5670000e+01   1.0409400e+02
   9.6236000e+01   9.2800000e-01   9.6621000e+01   1.0528366e+02
   9.7156000e+01   9.2000000e-01   9.7518000e+01   1.0760440e+02
   9.8066000e+01   9.1000000e-01   9.8443000e+01   1.0854903e+02
   9.9006000e+01   9.4000000e-01   9.9363000e+01   1.1239502e+02
   9.9995000e+01   9.8900000e-01   1.0035800e+02   1.1199906e+02
   1.0098500e+02   9.9000000e-01   1.0134200e+02   1.1282295e+02
   1.0203300e+02   1.0480000e+00   1.0238600e+02   1.1239502e+02
   1.0313900e+02   1.1060000e+00   1.0348500e+02   1.1086976e+02
   1.0423600e+02   1.0970000e+00   1.0460000e+02   1.0687107e+02
   1.0523100e+02   9.9500000e-01   1.0560200e+02   1.0452192e+02
   1.0620000e+02   9.6800000e-01   1.0656600e+02   1.0522329e+02
   1.0716500e+02   9.6500000e-01   1.0750100e+02   1.0690125e+02
   1.0816600e+02   1.0010000e+00   1.0853900e+02   1.0641296e+02
   1.0912400e+02   9.5800000e-01   1.0948600e+02   1.0369803e+02
   1.1007300e+02   9.4900000e-01   1.1043700e+02   1.0253855e+02
   1.1097500e+02   9.0200000e-01   1.1134600e+02   1.0125655e+02
   1.1190400e+02   9.2900000e-01   1.1224400e+02   1.0449173e+02
   1.1284500e+02   9.4100000e-01   1.1319800e+02   1.0253855e+02
   1.1382000e+02   9.7500000e-01   1.1416500e+02   1.0290433e+02
   1.1475600e+02   9.3600000e-01   1.1511600e+02   1.0052322e+02
   1.1565600e+02   9.0000000e-01   1.1602400e+02   1.0293452e+02
   1.1658000e+02   9.2400000e-01   1.1691900e+02   1.0491788e+02
   1.1754600e+02   9.6600000e-01   1.1791700e+02   1.0684088e+02
   1.1856300e+02   1.0160000e+00   1.1892300e+02   1.0763458e+02
   1.1951700e+02   9.5400000e-01   1.1988200e+02   1.0668818e+02
   1.2048700e+02   9.7000000e-01   1.2084300e+02   1.0885444e+02
   1.2148500e+02   9.9800000e-01   1.2182300e+02   1.0806073e+02
   1.2251000e+02   1.0260000e+00   1.2287500e+02   1.0494807e+02
   1.2347000e+02   9.6000000e-01   1.2383400e+02   1.0452192e+02
   1.2441800e+02   9.4800000e-01   1.2478200e+02   1.0406381e+02
   1.2536900e+02   9.5100000e-01   1.2571500e+02   9.7350188e+01
   1.2636800e+02   9.9900000e-01   1.2671300e+02   1.0128674e+02
   1.2730700e+02   9.3900000e-01   1.2767500e+02   1.0089078e+02
   1.2822300e+02   9.1600000e-01   1.2857900e+02   1.0336244e+02
   1.2915000e+02   9.2800000e-01   1.2954000e+02   1.0293452e+02
   1.3013900e+02   9.8800000e-01   1.3049300e+02   1.0449173e+02
   1.3117900e+02   1.0410000e+00   1.3155000e+02   1.0211063e+02
   1.3221700e+02   1.0370000e+00   1.3258000e+02   1.0085881e+02
   1.3324000e+02   1.0230000e+00   1.3360100e+02   1.0043267e+02
   1.3431400e+02   1.0750000e+00   1.3465800e+02   1.0220296e+02
   1.3537400e+02   1.0600000e+00   1.3577200e+02   9.8937593e+01
   1.3644200e+02   1.0670000e+00   1.3682200e+02   1.0211063e+02
   1.3743800e+02   9.9600000e-01   1.3783200e+02   1.0125655e+02
   1.3840000e+02   9.6200000e-01   1.3878000e+02   1.0247641e+02
   1.3936700e+02   9.6800000e-01   1.3973300e+02   1.0455211e+02
   1.4040800e+02   1.0400000e+00   1.4077200e+02   1.0485751e+02
   1.4145600e+02   1.0480000e+00   1.4183900e+02   1.0168270e+02
   1.4247900e+02   1.0230000e+00   1.4283100e+02   1.0369803e+02
   1.4343200e+02   9.5300000e-01   1.4379000e+02   1.0491788e+02
   1.4436300e+02   9.3200000e-01   1.4474000e+02   1.0458229e+02
   1.4533400e+02   9.7000000e-01   1.4567900e+02   1.0928236e+02
   1.4634800e+02   1.0140000e+00   1.4675100e+02   1.0806073e+02
   1.4735000e+02   1.0020000e+00   1.4774900e+02   1.0714629e+02
   1.4830900e+02   9.5900000e-01   1.4867900e+02   1.0598681e+02
   1.4922600e+02   9.1700000e-01   1.4957600e+02   1.0763458e+02
   1.5017800e+02   9.5200000e-01   1.5055900e+02   1.0888462e+02
   1.5113500e+02   9.5700000e-01   1.5149000e+02   1.0806073e+02
   1.5211500e+02   9.8000000e-01   1.5249000e+02   1.0729899e+02
   1.5307400e+02   9.5900000e-01   1.5343700e+02   1.0717647e+02
   1.5399900e+02   9.2500000e-01   1.5436700e+02   1.0797018e+02
   1.5498700e+02   9.8800000e-01   1.5534400e+02   1.0925217e+02
   1.5599900e+02   1.0120000e+00   1.5636900e+02   1.0894677e+02
   1.5699900e+02   1.0000000e+00   1.5735000e+02   1.0766477e+02
   1.5792900e+02   9.2900000e-01   1.5829500e+02   1.0607736e+02
   1.5888400e+02   9.5500000e-01   1.5923600e+02   1.0687107e+02
   1.5983900e+02   9.5600000e-01   1.6020800e+02   1.0568140e+02
   1.6080400e+02   9.6500000e-01   1.6117500e+02   1.0558907e+02
   1.6170300e+02   8.9900000e-01   1.6206700e+02   1.0525348e+02
   1.6262900e+02   9.2600000e-01   1.6298700e+02   1.0607736e+02
   1.6358800e+02   9.5900000e-01   1.6394600e+02   1.0604718e+02
   1.6456500e+02   9.7700000e-01   1.6495300e+02   1.0327011e+02
   1.6550700e+02   9.4200000e-01   1.6586700e+02   1.0488770e+02
   1.6645700e+02   9.5000000e-01   1.6683800e+02   1.0629221e+02
   1.6741700e+02   9.6000000e-01   1.6781000e+02   1.0534581e+02
   1.6838500e+02   9.6800000e-01   1.6875000e+02   1.0687107e+02
   1.6930700e+02   9.2200000e-01   1.6966400e+02   1.0687107e+02
   1.7020600e+02   9.0000000e-01   1.7055600e+02   1.0958777e+02
   1.7113200e+02   9.2500000e-01   1.7149600e+02   1.1001392e+02
   1.7214100e+02   1.0100000e+00   1.7249600e+02   1.1157114e+02
   1.7318300e+02   1.0420000e+00   1.7353600e+02   1.0958777e+02
   1.7421400e+02   1.0310000e+00   1.7457300e+02   1.0879406e+02
   1.7519000e+02   9.7600000e-01   1.7554500e+02   1.0650529e+02
   1.7621900e+02   1.0290000e+00   1.7657200e+02   1.0595662e+02
   1.7724600e+02   1.0260000e+00   1.7762400e+02   1.0449173e+02
   1.7829600e+02   1.0500000e+00   1.7866100e+02   1.0455211e+02
   1.7924200e+02   9.4600000e-01   1.7962300e+02   1.0378859e+02
   1.8018300e+02   9.4100000e-01   1.8054100e+02   1.0488770e+02
   1.8111100e+02   9.2800000e-01   1.8147000e+02   1.0595662e+02
   1.8206400e+02   9.5300000e-01   1.8241900e+02   1.0607736e+02
   1.8313300e+02   1.0690000e+00   1.8347900e+02   1.0800036e+02
   1.8419800e+02   1.0650000e+00   1.8457200e+02   1.0638277e+02
   1.8523700e+02   1.0390000e+00   1.8563100e+02   1.0595662e+02
   1.8623000e+02   9.9300000e-01   1.8659500e+02   1.0604718e+02
   1.8726200e+02   1.0320000e+00   1.8760200e+02   1.0766477e+02
   1.8831600e+02   1.0540000e+00   1.8868300e+02   1.0488770e+02
   1.8935700e+02   1.0410000e+00   1.8976200e+02   1.0442959e+02
   1.9029900e+02   9.4100000e-01   1.9065400e+02   1.0372822e+02
   1.9124800e+02   9.5000000e-01   1.9159800e+02   1.0488770e+02
   1.9220800e+02   9.6000000e-01   1.9257300e+02   1.0372822e+02
   1.9320600e+02   9.9800000e-01   1.9357100e+02   1.0531562e+02
   1.9419600e+02   9.9000000e-01   1.9456000e+02   1.0638277e+02
   1.9518200e+02   9.8500000e-01   1.9555200e+02   1.0644492e+02
   1.9615900e+02   9.7700000e-01   1.9651100e+02   1.0845847e+02
   1.9718300e+02   1.0240000e+00   1.9753900e+02   1.0809269e+02
   1.9824500e+02   1.0620000e+00   1.9861800e+02   1.0558907e+02
   1.9933500e+02   1.0900000e+00   1.9969200e+02   1.0372822e+02
   2.0031500e+02   9.8100000e-01   2.0067800e+02   1.0079844e+02
   2.0127100e+02   9.5600000e-01   2.0162800e+02   1.0333048e+02
   2.0223500e+02   9.6300000e-01   2.0258800e+02   1.0287414e+02
   2.0321500e+02   9.8000000e-01   2.0357000e+02   1.0250659e+02
   2.0421200e+02   9.9800000e-01   2.0457000e+02   1.0253855e+02
   2.0519100e+02   9.7900000e-01   2.0557000e+02   1.0052322e+02
   2.0612200e+02   9.3000000e-01   2.0648800e+02   1.0125655e+02
   2.0711200e+02   9.9000000e-01   2.0745900e+02   1.0241603e+02
   2.0812800e+02   1.0160000e+00   2.0847300e+02   1.0247641e+02
   2.0917200e+02   1.0440000e+00   2.0954900e+02   1.0171466e+02
   2.1013500e+02   9.6300000e-01   2.1053400e+02   1.0006511e+02
   2.1109200e+02   9.5700000e-01   2.1144700e+02   1.0330029e+02
   2.1204300e+02   9.5200000e-01   2.1239700e+02   1.0281200e+02
   2.1303100e+02   9.8800000e-01   2.1339600e+02   1.0320974e+02
   2.1401900e+02   9.8700000e-01   2.1440400e+02   1.0412418e+02
   2.1501100e+02   9.9300000e-01   2.1538700e+02   1.0452192e+02
   2.1597700e+02   9.6500000e-01   2.1633700e+02   1.0711610e+02
   2.1700700e+02   1.0310000e+00   2.1734500e+02   1.0809269e+02
   2.1811300e+02   1.1060000e+00   2.1847400e+02   1.0668818e+02
   2.1917600e+02   1.0630000e+00   2.1953500e+02   1.0513096e+02
   2.2019600e+02   1.0200000e+00   2.2056700e+02   1.0366785e+02
   2.2113300e+02   9.3600000e-01   2.2148600e+02   1.0568140e+02
   2.2211200e+02   9.7900000e-01   2.2246400e+02   1.0766477e+02
   2.2314000e+02   1.0280000e+00   2.2350500e+02   1.0760440e+02
   2.2419600e+02   1.0560000e+00   2.2455600e+02   1.0678051e+02
   2.2518000e+02   9.8400000e-01   2.2556500e+02   1.0561925e+02
   2.2616400e+02   9.8300000e-01   2.2654600e+02   1.0607736e+02
   2.2717200e+02   1.0080000e+00   2.2754200e+02   1.0528366e+02
   2.2821900e+02   1.0470000e+00   2.2856500e+02   1.0760440e+02
   2.2923300e+02   1.0130000e+00   2.2963600e+02   1.0525348e+02
   2.3022500e+02   9.9300000e-01   2.3060400e+02   1.0565122e+02
   2.3119500e+02   9.7000000e-01   2.3155700e+02   1.0601699e+02
   2.3220000e+02   1.0050000e+00   2.3255700e+02   1.0610755e+02
   2.3320300e+02   1.0030000e+00   2.3357300e+02   1.0558907e+02
   2.3421900e+02   1.0170000e+00   2.3458200e+02   1.0409400e+02
   2.3516700e+02   9.4800000e-01   2.3554200e+02   1.0244622e+02
   2.3611000e+02   9.4200000e-01   2.3644900e+02   1.0638277e+02
   2.3706600e+02   9.5600000e-01   2.3743800e+02   1.0568140e+02
   2.3803700e+02   9.7100000e-01   2.3841800e+02   1.0891658e+02
   2.3901500e+02   9.7800000e-01   2.3937300e+02   1.0980084e+02
   2.3997400e+02   9.5900000e-01   2.4034000e+02   1.0971028e+02
   2.4090000e+02   9.2600000e-01   2.4127400e+02   1.0925217e+02
   2.4188000e+02   9.8000000e-01   2.4221800e+02   1.1120536e+02
   2.4287200e+02   9.9200000e-01   2.4321900e+02   1.1154095e+02
   2.4387300e+02   1.0010000e+00   2.4425300e+02   1.1047203e+02
   2.4482600e+02   9.5300000e-01   2.4519100e+02   1.0928236e+02
   2.4577700e+02   9.5100000e-01   2.4613700e+02   1.0964814e+02
   2.4673900e+02   9.6300000e-01   2.4711200e+02   1.1010625e+02
   2.4775400e+02   1.0140000e+00   2.4813400e+02   1.0934273e+02
   2.4876200e+02   1.0080000e+00   2.4914200e+02   1.0635259e+02
   2.4975300e+02   9.9000000e-01   2.5013100e+02   1.0641296e+02
   2.5068800e+02   9.3500000e-01   2.5104900e+02   1.0488770e+02
   2.5161800e+02   9.3000000e-01   2.5196800e+02   1.0690125e+02
   2.5255800e+02   9.4000000e-01   2.5290800e+02   1.0494807e+02
   2.5351200e+02   9.5400000e-01   2.5386200e+02   1.0720666e+02
   2.5447100e+02   9.5900000e-01   2.5484200e+02   1.0632240e+02
   2.5543400e+02   9.6300000e-01   2.5583900e+02   1.0558907e+02
   2.5635100e+02   9.1700000e-01   2.5670600e+02   1.0531562e+02
   2.5728800e+02   9.3700000e-01   2.5764700e+02   1.0671836e+02
   2.5826000e+02   9.7100000e-01   2.5862600e+02   1.0452192e+02
   2.5926900e+02   1.0090000e+00   2.5964000e+02   1.0531562e+02
   2.6022800e+02   9.5900000e-01   2.6058500e+02   1.0412418e+02
   2.6116000e+02   9.3300000e-01   2.6151100e+02   1.0092096e+02
   2.6211600e+02   9.5500000e-01   2.6245900e+02   1.0491788e+02
   2.6308600e+02   9.7000000e-01   2.6343600e+02   1.0281200e+02
   2.6404500e+02   9.5900000e-01   2.6443900e+02   1.0082863e+02
   2.6496900e+02   9.2300000e-01   2.6534700e+02   9.8937593e+01
   2.6584800e+02   8.8000000e-01   2.6622900e+02   1.0253855e+02
   2.6674800e+02   9.0000000e-01   2.6712600e+02   1.0412418e+02
   2.6768000e+02   9.3200000e-01   2.6803700e+02   1.0638277e+02
   2.6864800e+02   9.6800000e-01   2.6903500e+02   1.0882425e+02
   2.6965100e+02   1.0020000e+00   2.7002100e+02   1.0977066e+02
   2.7061100e+02   9.6000000e-01   2.7097600e+02   1.0882425e+02
   2.7160200e+02   9.9100000e-01   2.7195900e+02   1.0964814e+02
   2.7268600e+02   1.0840000e+00   2.7304600e+02   1.1096032e+02
   2.7379200e+02   1.1060000e+00   2.7416800e+02   1.1129591e+02
   2.7485800e+02   1.0650000e+00   2.7524300e+02   1.0803055e+02
   2.7586700e+02   1.0100000e+00   2.7624000e+02   1.0809269e+02
   2.7682600e+02   9.5900000e-01   2.7718100e+02   1.0800036e+02
   2.7778600e+02   9.5900000e-01   2.7814700e+02   1.0800036e+02
   2.7869700e+02   9.1100000e-01   2.7905700e+02   1.0967832e+02
   2.7962700e+02   9.3000000e-01   2.7999600e+02   1.0922199e+02
   2.8057400e+02   9.4700000e-01   2.8093600e+02   1.1126573e+02
   2.8158300e+02   1.0090000e+00   2.8193600e+02   1.1236484e+02
   2.8266200e+02   1.0790000e+00   2.8301800e+02   1.1166347e+02
   2.8376400e+02   1.1010000e+00   2.8415400e+02   1.0598681e+02
   2.8475400e+02   9.9000000e-01   2.8512600e+02   1.0296470e+02
   2.8578800e+02   1.0340000e+00   2.8615400e+02   1.0760440e+02
   2.8682800e+02   1.0410000e+00   2.8719100e+02   1.0635259e+02
   2.8789300e+02   1.0650000e+00   2.8825600e+02   1.0644492e+02
   2.8884500e+02   9.5200000e-01   2.8922300e+02   1.0571159e+02
   2.8979000e+02   9.4500000e-01   2.9015500e+02   1.0561925e+02
   2.9073000e+02   9.4000000e-01   2.9109300e+02   1.0644492e+02
   2.9168500e+02   9.5500000e-01   2.9205100e+02   1.0635259e+02
   2.9269200e+02   1.0070000e+00   2.9304900e+02   1.0516292e+02
   2.9370000e+02   1.0080000e+00   2.9407300e+02   1.0635259e+02
   2.9473200e+02   1.0320000e+00   2.9509300e+02   1.0476518e+02
   2.9581800e+02   1.0860000e+00   2.9618300e+02   1.0568140e+02
   2.9685800e+02   1.0390000e+00   2.9723800e+02   1.0208044e+02
   2.9786100e+02   1.0030000e+00   2.9824300e+02   1.0250659e+02
   2.9887500e+02   1.0150000e+00   2.9924300e+02   1.0494807e+02
   2.9991100e+02   1.0360000e+00   3.0027100e+02   1.0488770e+02
   3.0095200e+02   1.0400000e+00   3.0131600e+02   1.0125655e+02
   3.0194900e+02   9.9700000e-01   3.0233500e+02   1.0003493e+02
   3.0289300e+02   9.4400000e-01   3.0325300e+02   1.0327011e+02
   3.0386600e+02   9.7300000e-01   3.0424100e+02   1.0296470e+02
   3.0485400e+02   9.8900000e-01   3.0522900e+02   1.0522329e+02
   3.0593300e+02   1.0780000e+00   3.0629800e+02   1.0638277e+02
   3.0693200e+02   9.9900000e-01   3.0727600e+02   1.0720666e+02
   3.0795800e+02   1.0260000e+00   3.0834500e+02   1.0558907e+02
   3.0901900e+02   1.0610000e+00   3.0942000e+02   1.0644492e+02
   3.1011300e+02   1.0940000e+00   3.1046800e+02   1.0842829e+02
   3.1119600e+02   1.0830000e+00   3.1155800e+02   1.0806073e+02
   3.1226100e+02   1.0650000e+00   3.1265800e+02   1.0522329e+02
   3.1324300e+02   9.8100000e-01   3.1362700e+02   1.0720666e+02
   3.1423000e+02   9.8700000e-01   3.1458800e+02   1.0848866e+02
   3.1519500e+02   9.6500000e-01   3.1555800e+02   1.0967832e+02
   3.1617200e+02   9.7700000e-01   3.1654900e+02   1.0961795e+02
   3.1713000e+02   9.5800000e-01   3.1749500e+02   1.1041165e+02
   3.1808800e+02   9.5800000e-01   3.1845600e+02   1.1163151e+02
   3.1913100e+02   1.0430000e+00   3.1949700e+02   1.1279099e+02
   3.2026600e+02   1.1350000e+00   3.2061600e+02   1.1169365e+02
   3.2135800e+02   1.0920000e+00   3.2175300e+02   1.0882425e+02
   3.2235100e+02   9.9300000e-01   3.2271200e+02   1.0174485e+02
   3.2335100e+02   1.0000000e+00   3.2374800e+02   1.0647510e+02
   3.2436500e+02   1.0140000e+00   3.2475200e+02   1.0607736e+02
   3.2538200e+02   1.0180000e+00   3.2577000e+02   1.0336244e+02
   3.2634200e+02   9.6000000e-01   3.2675400e+02   1.0412418e+02
   3.2731900e+02   9.7600000e-01   3.2767700e+02   1.0638277e+02
   3.2832100e+02   1.0020000e+00   3.2867400e+02   1.0604718e+02
   3.2936700e+02   1.0460000e+00   3.2974500e+02   1.0403362e+02
   3.3033600e+02   9.6900000e-01   3.3075000e+02   1.0165252e+02
   3.3128400e+02   9.4700000e-01   3.3163300e+02   1.0333048e+02
   3.3226600e+02   9.8300000e-01   3.3263200e+02   1.0412418e+02
   3.3327200e+02   1.0060000e+00   3.3363500e+02   1.0845847e+02
   3.3430100e+02   1.0290000e+00   3.3465200e+02   1.0964814e+02
   3.3528600e+02   9.8600000e-01   3.3566800e+02   1.0888462e+02
   3.3631700e+02   1.0300000e+00   3.3666800e+02   1.1047203e+02
   3.3740200e+02   1.0860000e+00   3.3777600e+02   1.0803055e+02
   3.3847400e+02   1.0710000e+00   3.3882500e+02   1.0681070e+02
   3.3948800e+02   1.0140000e+00   3.3986700e+02   1.0452192e+02
   3.4047600e+02   9.8800000e-01   3.4082800e+02   1.0320974e+02
   3.4148300e+02   1.0070000e+00   3.4184200e+02   1.0330029e+02
   3.4249200e+02   1.0090000e+00   3.4283100e+02   1.0327011e+02
   3.4345900e+02   9.6700000e-01   3.4383300e+02   1.0131692e+02
   3.4439700e+02   9.3800000e-01   3.4478200e+02   1.0076826e+02
   3.4530700e+02   9.1000000e-01   3.4567100e+02   1.0293452e+02
   3.4628900e+02   9.8200000e-01   3.4664300e+02   1.0525348e+02
   3.4737000e+02   1.0820000e+00   3.4776700e+02   9.7808298e+01
   3.4838000e+02   1.0100000e+00   3.4878600e+02   1.0488770e+02
   3.4933500e+02   9.5500000e-01   3.4970700e+02   1.0488770e+02
   3.5029500e+02   9.6000000e-01   3.5065700e+02   1.0406381e+02
   3.5129600e+02   1.0010000e+00   3.5164900e+02   1.0452192e+02
   3.5229900e+02   1.0030000e+00   3.5266800e+02   1.0333048e+02
   3.5326800e+02   9.6900000e-01   3.5365300e+02   1.0171466e+02
   3.5420500e+02   9.3700000e-01   3.5457100e+02   1.0299489e+02
   3.5516800e+02   9.6400000e-01   3.5553100e+02   1.0177503e+02
   3.5617200e+02   1.0040000e+00   3.5652900e+02   1.0488770e+02
   3.5720900e+02   1.0370000e+00   3.5757100e+02   1.0528366e+02
   3.5821300e+02   1.0040000e+00   3.5859100e+02   1.0409400e+02
   3.5914400e+02   9.3200000e-01   3.5953900e+02   1.0079844e+02
   3.6008700e+02   9.4200000e-01   3.6045100e+02   1.0455211e+02
   3.6106200e+02   9.7500000e-01   3.6143800e+02   1.0406381e+02
   3.6209600e+02   1.0340000e+00   3.6245900e+02   1.0455211e+02
   3.6308000e+02   9.8300000e-01   3.6345700e+02   1.0327011e+02
   3.6401900e+02   9.4000000e-01   3.6438700e+02   1.0320974e+02
   3.6498800e+02   9.6900000e-01   3.6535600e+02   1.0601699e+02
   3.6598800e+02   1.0000000e+00   3.6635500e+02   1.0851884e+02
   3.6702200e+02   1.0330000e+00   3.6740000e+02   1.0723684e+02
   3.6804000e+02   1.0180000e+00   3.6843800e+02   1.0610755e+02
   3.6905400e+02   1.0140000e+00   3.6941800e+02   1.0571159e+02
   3.7009900e+02   1.0440000e+00   3.7044300e+02   1.0882425e+02
   3.7114400e+02   1.0450000e+00   3.7149700e+02   1.0812288e+02
   3.7213700e+02   9.9400000e-01   3.7253700e+02   1.0650529e+02
   3.7312100e+02   9.8400000e-01   3.7347700e+02   1.0766477e+02
   3.7412700e+02   1.0050000e+00   3.7448500e+02   1.0714629e+02
   3.7515800e+02   1.0310000e+00   3.7554300e+02   1.0406381e+02
   3.7619300e+02   1.0350000e+00   3.7655600e+02   1.0412418e+02
   3.7716100e+02   9.6800000e-01   3.7752400e+02   1.0409400e+02
   3.7809700e+02   9.3600000e-01   3.7847700e+02   1.0638277e+02
   3.7907100e+02   9.7400000e-01   3.7942400e+02   1.0934273e+02
   3.8010700e+02   1.0360000e+00   3.8045500e+02   1.0928236e+02
   3.8113700e+02   1.0300000e+00   3.8152500e+02   1.0723684e+02
   3.8212300e+02   9.8600000e-01   3.8247700e+02   1.0806073e+02
   3.8310900e+02   9.8600000e-01   3.8346500e+02   1.0845847e+02
   3.8412800e+02   1.0180000e+00   3.8452600e+02   1.1007606e+02
   3.8516000e+02   1.0330000e+00   3.8552200e+02   1.1126573e+02
   3.8615500e+02   9.9500000e-01   3.8652000e+02   1.0809269e+02
   3.8712100e+02   9.6600000e-01   3.8748600e+02   1.1169365e+02
   3.8813400e+02   1.0120000e+00   3.8849500e+02   1.1044184e+02
   3.8916500e+02   1.0310000e+00   3.8953000e+02   1.0925217e+02
   3.9016100e+02   9.9600000e-01   3.9052000e+02   1.0687107e+02
   3.9109400e+02   9.3300000e-01   3.9145300e+02   1.0754225e+02
   3.9203000e+02   9.3600000e-01   3.9239100e+02   1.0714629e+02
   3.9296500e+02   9.3500000e-01   3.9332500e+02   1.0726881e+02
   3.9391100e+02   9.4600000e-01   3.9427300e+02   1.0922199e+02
   3.9482000e+02   9.0900000e-01   3.9519300e+02   1.1111302e+02
   3.9577700e+02   9.5700000e-01   3.9612900e+02   1.1398243e+02
   3.9678300e+02   1.0070000e+00   3.9714100e+02   1.1318873e+02
   3.9778100e+02   9.9800000e-01   3.9814900e+02   1.1080762e+02
   3.9876500e+02   9.8400000e-01   3.9912400e+02   1.1169365e+02
   3.9978600e+02   1.0220000e+00   4.0014100e+02   1.1120536e+02
   4.0082200e+02   1.0360000e+00   4.0116200e+02   1.0928236e+02
   4.0186200e+02   1.0400000e+00   4.0221000e+02   1.0806073e+02
   4.0289400e+02   1.0320000e+00   4.0326400e+02   1.0449173e+02
   4.0384000e+02   9.4600000e-01   4.0420300e+02   1.0534581e+02
   4.0481300e+02   9.7300000e-01   4.0516300e+02   1.0607736e+02
   4.0579100e+02   9.7800000e-01   4.0613000e+02   1.0537599e+02
   4.0678800e+02   9.9800000e-01   4.0714200e+02   1.0296470e+02
   4.0774100e+02   9.5200000e-01   4.0812900e+02   1.0125655e+02
   4.0869000e+02   9.4900000e-01   4.0904900e+02   1.0211063e+02
   4.0967000e+02   9.8000000e-01   4.1004000e+02   1.0085881e+02
   4.1068900e+02   1.0190000e+00   4.1105000e+02   1.0168270e+02
   4.1167600e+02   9.8700000e-01   4.1203900e+02   1.0043267e+02
   4.1263200e+02   9.5700000e-01   4.1300100e+02   9.9241224e+01
   4.1357700e+02   9.4400000e-01   4.1393900e+02   1.0162233e+02
   4.1455700e+02   9.8000000e-01   4.1492600e+02   1.0641296e+02
   4.1556800e+02   1.0120000e+00   4.1592800e+02   1.0967832e+02
   4.1661500e+02   1.0460000e+00   4.1698100e+02   1.1041165e+02
   4.1761300e+02   9.9900000e-01   4.1798900e+02   1.1010625e+02
   4.1860800e+02   9.9500000e-01   4.1897100e+02   1.1010625e+02
   4.1967500e+02   1.0670000e+00   4.2004700e+02   1.0882425e+02
   4.2076400e+02   1.0890000e+00   4.2113100e+02   1.0729899e+02
   4.2181400e+02   1.0500000e+00   4.2218900e+02   1.0885444e+02
   4.2282900e+02   1.0150000e+00   4.2322900e+02   1.0754225e+02
   4.2382400e+02   9.9500000e-01   4.2416900e+02   1.0806073e+02
   4.2483400e+02   1.0100000e+00   4.2519300e+02   1.0598681e+02
   4.2580200e+02   9.6800000e-01   4.2617900e+02   1.0528366e+02
   4.2673600e+02   9.3300000e-01   4.2711300e+02   1.0498003e+02
   4.2765700e+02   9.2200000e-01   4.2803100e+02   1.0531562e+02
   4.2861100e+02   9.5400000e-01   4.2896500e+02   1.0671836e+02
   4.2961000e+02   9.9900000e-01   4.2996600e+02   1.0674855e+02
   4.3062600e+02   1.0160000e+00   4.3098300e+02   1.0558907e+02
   4.3161100e+02   9.8400000e-01   4.3198800e+02   1.0287414e+02
   4.3255300e+02   9.4200000e-01   4.3291600e+02   1.0528366e+02
   4.3353300e+02   9.8000000e-01   4.3387600e+02   1.0681070e+02
   4.3451000e+02   9.7700000e-01   4.3487400e+02   1.0885444e+02
   4.3549800e+02   9.8800000e-01   4.3586400e+02   1.0964814e+02
   4.3644000e+02   9.4200000e-01   4.3682700e+02   1.0797018e+02
   4.3740300e+02   9.6300000e-01   4.3778600e+02   1.0870173e+02
   4.3839400e+02   9.9100000e-01   4.3876100e+02   1.0681070e+02
   4.3946600e+02   1.0720000e+00   4.3983600e+02   1.0882425e+02
   4.4049600e+02   1.0300000e+00   4.4087900e+02   1.0415614e+02
   4.4144200e+02   9.4500000e-01   4.4183400e+02   1.0449173e+02
   4.4241300e+02   9.7100000e-01   4.4277500e+02   1.0565122e+02
   4.4339200e+02   9.7800000e-01   4.4377100e+02   1.0607736e+02
   4.4439200e+02   1.0000000e+00   4.4477200e+02   1.0766477e+02
   4.4534600e+02   9.5400000e-01   4.4571900e+02   1.0851884e+02
   4.4632700e+02   9.8100000e-01   4.4669300e+02   1.0760440e+02
   4.4732500e+02   9.9800000e-01   4.4769500e+02   1.0604718e+02
   4.4832000e+02   9.9500000e-01   4.4869200e+02   1.0485751e+02
   4.4926200e+02   9.4200000e-01   4.4965100e+02   1.0119441e+02
   4.5020900e+02   9.4700000e-01   4.5057200e+02   1.0601699e+02
   4.5115900e+02   9.5000000e-01   4.5153400e+02   1.0714629e+02
   4.5214900e+02   9.9000000e-01   4.5254400e+02   1.0803055e+02
   4.5312500e+02   9.7600000e-01   4.5348100e+02   1.0888462e+02
   4.5407500e+02   9.5000000e-01   4.5444100e+02   1.0854903e+02
   4.5507200e+02   9.9800000e-01   4.5543300e+02   1.1004588e+02
   4.5612200e+02   1.0490000e+00   4.5648200e+02   1.0928236e+02
   4.5719600e+02   1.0740000e+00   4.5755900e+02   1.0803055e+02
   4.5828000e+02   1.0840000e+00   4.5864000e+02   1.0809269e+02
   4.5931300e+02   1.0330000e+00   4.5967800e+02   1.0720666e+02
   4.6028600e+02   9.7300000e-01   4.6063900e+02   1.0726881e+02
   4.6129100e+02   1.0050000e+00   4.6163900e+02   1.0809269e+02
   4.6231400e+02   1.0240000e+00   4.6269100e+02   1.0754225e+02
   4.6329200e+02   9.7800000e-01   4.6365900e+02   1.0635259e+02
   4.6418000e+02   8.8800000e-01   4.6453900e+02   1.0720666e+02
   4.6508400e+02   9.0400000e-01   4.6544100e+02   1.0888462e+02
   4.6611500e+02   1.0310000e+00   4.6646100e+02   1.1166347e+02
   4.6727800e+02   1.1630000e+00   4.6764600e+02   1.0961795e+02
   4.6827900e+02   1.0010000e+00   4.6864700e+02   1.0885444e+02
   4.6933700e+02   1.0580000e+00   4.6968100e+02   1.0967832e+02
   4.7044200e+02   1.1050000e+00   4.7080100e+02   1.0674855e+02
   4.7149800e+02   1.0560000e+00   4.7186900e+02   1.0327011e+02
   4.7247400e+02   9.7600000e-01   4.7282100e+02   1.0406381e+02
   4.7347500e+02   1.0010000e+00   4.7381800e+02   1.0369803e+02
   4.7446800e+02   9.9300000e-01   4.7484900e+02   1.0299489e+02
   4.7544600e+02   9.7800000e-01   4.7583900e+02   1.0049304e+02
   4.7639400e+02   9.4800000e-01   4.7676600e+02   1.0079844e+02
   4.7736100e+02   9.6600000e-01   4.7772300e+02   9.9729520e+01
   4.7833200e+02   9.7100000e-01   4.7868700e+02   1.0085881e+02
   4.7931000e+02   9.7900000e-01   4.7967600e+02   9.8875446e+01
   4.8024500e+02   9.3500000e-01   4.8063800e+02   9.9273185e+01
   4.8124200e+02   9.9600000e-01   4.8160500e+02   9.9669149e+01
   4.8224100e+02   9.9900000e-01   4.8260400e+02   9.9273185e+01
   4.8321800e+02   9.7800000e-01   4.8358600e+02   9.9180853e+01
   4.8416100e+02   9.4300000e-01   4.8454600e+02   9.9669149e+01
   4.8517400e+02   1.0130000e+00   4.8554600e+02   1.0253855e+02
   4.8621700e+02   1.0420000e+00   4.8658000e+02   1.0043267e+02
   4.8722600e+02   1.0090000e+00   4.8759500e+02   1.0000474e+02
   4.8817500e+02   9.4900000e-01   4.8853800e+02   1.0171466e+02
   4.8915100e+02   9.7600000e-01   4.8953400e+02   1.0162233e+02
   4.9012500e+02   9.7500000e-01   4.9049200e+02   1.0162233e+02
   4.9110300e+02   9.7800000e-01   4.9146500e+02   1.0211063e+02
   4.9203900e+02   9.3600000e-01   4.9244200e+02   1.0122637e+02
   4.9298300e+02   9.4400000e-01   4.9334200e+02   1.0363589e+02
   4.9399100e+02   1.0080000e+00   4.9435300e+02   1.0491788e+02
   4.9504500e+02   1.0530000e+00   4.9541300e+02   1.0482733e+02
   4.9605000e+02   1.0050000e+00   4.9641400e+02   1.0253855e+02
   4.9703100e+02   9.8100000e-01   4.9738500e+02   1.0247641e+02
   4.9804700e+02   1.0160000e+00   4.9843300e+02   1.0244622e+02
   4.9907100e+02   1.0240000e+00   4.9945000e+02   1.0079844e+02
   5.0003100e+02   9.6000000e-01   5.0040100e+02   1.0079844e+02
   5.0096700e+02   9.3500000e-01   5.0135400e+02   1.0085881e+02
   5.0195200e+02   9.8500000e-01   5.0228800e+02   1.0406381e+02
   5.0296900e+02   1.0170000e+00   5.0334000e+02   1.0171466e+02
   5.0399300e+02   1.0240000e+00   5.0433800e+02   1.0211063e+02
   5.0498100e+02   9.8800000e-01   5.0533200e+02   1.0171466e+02
   5.0599000e+02   1.0100000e+00   5.0635200e+02   1.0040248e+02
   5.0700700e+02   1.0170000e+00   5.0737400e+02   1.0003493e+02
   5.0796900e+02   9.6100000e-01   5.0834200e+02   9.8204261e+01
   5.0893300e+02   9.6400000e-01   5.0927700e+02   1.0009707e+02
   5.0992500e+02   9.9300000e-01   5.1028600e+02   9.9303371e+01
   5.1094700e+02   1.0220000e+00   5.1130600e+02   9.8509668e+01
   5.1189400e+02   9.4800000e-01   5.1226300e+02   9.6952449e+01
   5.1287000e+02   9.7500000e-01   5.1324600e+02   9.8449297e+01
   5.1383400e+02   9.6400000e-01   5.1420000e+02   9.9669149e+01
   5.1482600e+02   9.9200000e-01   5.1519500e+02   9.9333556e+01
   5.1579900e+02   9.7400000e-01   5.1618000e+02   9.8600225e+01
   5.1676100e+02   9.6200000e-01   5.1714800e+02   9.8905632e+01
   5.1778800e+02   1.0270000e+00   5.1813900e+02   1.0122637e+02
   5.1885700e+02   1.0700000e+00   5.1924000e+02   1.0122637e+02
   5.1989000e+02   1.0320000e+00   5.2028200e+02   1.0293452e+02
   5.2087600e+02   9.8600000e-01   5.2122800e+02   1.0561925e+02
   5.2189300e+02   1.0170000e+00   5.2225900e+02   1.0681070e+02
   5.2296200e+02   1.0680000e+00   5.2335800e+02   1.0681070e+02
   5.2402400e+02   1.0630000e+00   5.2439900e+02   1.0327011e+02
   5.2502400e+02   1.0000000e+00   5.2538900e+02   1.0253855e+02
   5.2602000e+02   9.9600000e-01   5.2638400e+02   1.0528366e+02
   5.2703700e+02   1.0170000e+00   5.2739800e+02   1.0561925e+02
   5.2811400e+02   1.0770000e+00   5.2846700e+02   1.0720666e+02
   5.2921900e+02   1.1050000e+00   5.2957700e+02   1.0555888e+02
   5.3027400e+02   1.0560000e+00   5.3064600e+02   1.0409400e+02
   5.3126100e+02   9.8600000e-01   5.3162800e+02   1.0455211e+02
   5.3225900e+02   9.9800000e-01   5.3263700e+02   1.0360570e+02
   5.3328600e+02   1.0270000e+00   5.3365300e+02   1.0684088e+02
   5.3430500e+02   1.0190000e+00   5.3467900e+02   1.0751207e+02
   5.3530100e+02   9.9600000e-01   5.3567600e+02   1.0797018e+02
   5.3635200e+02   1.0510000e+00   5.3674100e+02   1.0931255e+02
   5.3748900e+02   1.1370000e+00   5.3783700e+02   1.0845847e+02
   5.3863000e+02   1.1410000e+00   5.3900500e+02   1.0449173e+02
   5.3965800e+02   1.0280000e+00   5.4002600e+02   1.0409400e+02
   5.4071400e+02   1.0560000e+00   5.4107400e+02   1.0369803e+02
   5.4174200e+02   1.0280000e+00   5.4214700e+02   1.0211063e+02
   5.4272800e+02   9.8600000e-01   5.4310600e+02   1.0250659e+02
   5.4366600e+02   9.3800000e-01   5.4402900e+02   1.0256874e+02
   5.4458200e+02   9.1600000e-01   5.4495600e+02   1.0641296e+02
   5.4551300e+02   9.3100000e-01   5.4587500e+02   1.1086976e+02
   5.4670200e+02   1.1890000e+00   5.4707500e+02   1.1398243e+02
   5.4775100e+02   1.0490000e+00   5.4814800e+02   1.1129591e+02
   5.4876400e+02   1.0130000e+00   5.4912500e+02   1.1273062e+02
   5.4987600e+02   1.1120000e+00   5.5024600e+02   1.1202925e+02
   5.5102100e+02   1.1450000e+00   5.5137400e+02   1.0925217e+02
   5.5210600e+02   1.0850000e+00   5.5247500e+02   1.0687107e+02
   5.5312400e+02   1.0180000e+00   5.5350300e+02   1.0479537e+02
   5.5413100e+02   1.0070000e+00   5.5449400e+02   1.0482733e+02
   5.5515600e+02   1.0250000e+00   5.5554300e+02   1.0122637e+02
   5.5615400e+02   9.9800000e-01   5.5653900e+02   9.9608777e+01
   5.5710600e+02   9.5200000e-01   5.5746800e+02   1.0165252e+02
   5.5807300e+02   9.6700000e-01   5.5845300e+02   1.0046285e+02
   5.5903400e+02   9.6100000e-01   5.5938000e+02   1.0327011e+02
   5.6001700e+02   9.8300000e-01   5.6038000e+02   1.0369803e+02
   5.6097900e+02   9.6200000e-01   5.6133900e+02   1.0561925e+02
   5.6194500e+02   9.6600000e-01   5.6231300e+02   1.0845847e+02
   5.6297400e+02   1.0290000e+00   5.6335800e+02   1.0638277e+02
   5.6400800e+02   1.0340000e+00   5.6437000e+02   1.0641296e+02
   5.6499100e+02   9.8300000e-01   5.6536000e+02   1.0488770e+02
   5.6597100e+02   9.8000000e-01   5.6635100e+02   1.0290433e+02
   5.6699600e+02   1.0250000e+00   5.6736000e+02   1.0409400e+02
   5.6805200e+02   1.0560000e+00   5.6840000e+02   1.0458229e+02
   5.6908200e+02   1.0310000e+00   5.6945100e+02   1.0287414e+02
   5.7005800e+02   9.7500000e-01   5.7043500e+02   1.0049304e+02
   5.7101600e+02   9.5900000e-01   5.7137700e+02   1.0327011e+02
   5.7197900e+02   9.6200000e-01   5.7234000e+02   1.0534581e+02
   5.7292500e+02   9.4600000e-01   5.7327900e+02   1.0729899e+02
   5.7392000e+02   9.9500000e-01   5.7427900e+02   1.0885444e+02
   5.7490200e+02   9.8100000e-01   5.7527400e+02   1.1129591e+02
   5.7603500e+02   1.1340000e+00   5.7638800e+02   1.1117517e+02
   5.7710300e+02   1.0670000e+00   5.7747000e+02   1.0958777e+02
   5.7810200e+02   1.0000000e+00   5.7847900e+02   1.0806073e+02
   5.7911300e+02   1.0100000e+00   5.7947700e+02   1.0842829e+02
   5.8015500e+02   1.0420000e+00   5.8054000e+02   1.0644492e+02
   5.8117800e+02   1.0230000e+00   5.8155700e+02   1.0885444e+02
   5.8215900e+02   9.8100000e-01   5.8251700e+02   1.0534581e+02
   5.8314400e+02   9.8600000e-01   5.8349700e+02   1.0888462e+02
   5.8417300e+02   1.0290000e+00   5.8453800e+02   1.0726881e+02
   5.8519700e+02   1.0240000e+00   5.8556600e+02   1.0485751e+02
   5.8618600e+02   9.8900000e-01   5.8655700e+02   1.0409400e+02
   5.8717900e+02   9.9400000e-01   5.8754600e+02   1.0372822e+02
   5.8816800e+02   9.8900000e-01   5.8853400e+02   1.0372822e+02
   5.8914600e+02   9.7800000e-01   5.8954300e+02   9.8143890e+01
   5.9007200e+02   9.2600000e-01   5.9043800e+02   1.0293452e+02
   5.9095200e+02   8.8000000e-01   5.9129900e+02   1.0607736e+02
   5.9181500e+02   8.6300000e-01   5.9217600e+02   1.1041165e+02
   5.9297200e+02   1.1570000e+00   5.9333700e+02   1.1480632e+02
   5.9408800e+02   1.1160000e+00   5.9445400e+02   1.1392028e+02
   5.9513700e+02   1.0490000e+00   5.9553400e+02   1.1361487e+02
   5.9624800e+02   1.1110000e+00   5.9659800e+02   1.1361487e+02
   5.9738100e+02   1.1340000e+00   5.9776300e+02   1.1007606e+02
   5.9851400e+02   1.1330000e+00   5.9888500e+02   1.0967832e+02
   5.9953500e+02   1.0210000e+00   5.9989800e+02   1.0934273e+02
   6.0053300e+02   9.9800000e-01   6.0088400e+02   1.0971028e+02
   6.0152300e+02   9.9000000e-01   6.0187900e+02   1.0891658e+02
   6.0249300e+02   9.7100000e-01   6.0285500e+02   1.0809269e+02
   6.0341300e+02   9.2000000e-01   6.0379400e+02   1.0800036e+02
   6.0432000e+02   9.0700000e-01   6.0468100e+02   1.1196710e+02
   6.0527600e+02   9.5600000e-01   6.0562200e+02   1.1309639e+02
   6.0632500e+02   1.0490000e+00   6.0668100e+02   1.1242521e+02
   6.0732200e+02   9.9700000e-01   6.0767700e+02   1.1123554e+02
   6.0829100e+02   9.6800000e-01   6.0864900e+02   1.1123554e+02
   6.0929100e+02   1.0000000e+00   6.0963600e+02   1.0974047e+02
   6.1034100e+02   1.0500000e+00   6.1069400e+02   1.0842829e+02
   6.1135800e+02   1.0170000e+00   6.1173600e+02   1.0375840e+02
   6.1234000e+02   9.8200000e-01   6.1268100e+02   1.0806073e+02
   6.1336300e+02   1.0230000e+00   6.1375100e+02   1.0717647e+02
   6.1438700e+02   1.0240000e+00   6.1475000e+02   1.0687107e+02
   6.1540400e+02   1.0170000e+00   6.1578100e+02   1.0494807e+02
   6.1638000e+02   9.7600000e-01   6.1675700e+02   1.0082863e+02
   6.1738700e+02   1.0070000e+00   6.1773500e+02   9.4938895e+01
   6.1843200e+02   1.0440000e+00   6.1878900e+02   1.0449173e+02
   6.1946300e+02   1.0320000e+00   6.1984000e+02   1.0360570e+02
   6.2045200e+02   9.8800000e-01   6.2085200e+02   9.9669149e+01
   6.2142300e+02   9.7200000e-01   6.2177900e+02   1.0561925e+02
   6.2242900e+02   1.0060000e+00   6.2281200e+02   1.0607736e+02
   6.2343800e+02   1.0090000e+00   6.2381100e+02   1.0561925e+02
   6.2442500e+02   9.8600000e-01   6.2479700e+02   1.0522329e+02
   6.2540100e+02   9.7600000e-01   6.2577000e+02   1.0607736e+02
   6.2640800e+02   1.0070000e+00   6.2677700e+02   1.0568140e+02
   6.2742300e+02   1.0150000e+00   6.2777600e+02   1.0678051e+02
   6.2844900e+02   1.0260000e+00   6.2881700e+02   1.0552870e+02
   6.2942300e+02   9.7400000e-01   6.2978900e+02   1.0452192e+02
   6.3038900e+02   9.6600000e-01   6.3076900e+02   1.0528366e+02
   6.3137200e+02   9.8300000e-01   6.3175500e+02   1.0415614e+02
   6.3239800e+02   1.0250000e+00   6.3276500e+02   1.0928236e+02
   6.3343800e+02   1.0400000e+00   6.3380800e+02   1.0763458e+02
   6.3441500e+02   9.7700000e-01   6.3481300e+02   1.0610755e+02
   6.3540400e+02   9.8900000e-01   6.3577600e+02   1.0671836e+02
   6.3642300e+02   1.0190000e+00   6.3680600e+02   1.0601699e+02
   6.3744700e+02   1.0240000e+00   6.3783600e+02   1.0482733e+02
   6.3843800e+02   9.9100000e-01   6.3879900e+02   1.0473499e+02
   6.3941400e+02   9.7600000e-01   6.3979000e+02   1.0763458e+02
   6.4041500e+02   1.0010000e+00   6.4078700e+02   1.0681070e+02
   6.4142600e+02   1.0110000e+00   6.4180800e+02   1.0763458e+02
   6.4240600e+02   9.8100000e-01   6.4279600e+02   1.0754225e+02
   6.4337500e+02   9.6900000e-01   6.4373100e+02   1.0812288e+02
   6.4437700e+02   1.0010000e+00   6.4475600e+02   1.0415614e+02
   6.4541800e+02   1.0410000e+00   6.4578500e+02   1.0760440e+02
   6.4639900e+02   9.8100000e-01   6.4677500e+02   1.0604718e+02
   6.4735400e+02   9.5400000e-01   6.4776400e+02   1.0638277e+02
   6.4832700e+02   9.7300000e-01   6.4868400e+02   1.0763458e+02
   6.4930900e+02   9.8200000e-01   6.4966600e+02   1.0925217e+02
   6.5025600e+02   9.4700000e-01   6.5064400e+02   1.0839810e+02
   6.5121800e+02   9.6200000e-01   6.5156900e+02   1.1202925e+02
   6.5221500e+02   9.9600000e-01   6.5257500e+02   1.1132610e+02
   6.5326300e+02   1.0480000e+00   6.5363100e+02   1.0928236e+02
   6.5423800e+02   9.7500000e-01   6.5459100e+02   1.0684088e+02
   6.5523600e+02   9.9800000e-01   6.5559400e+02   1.0674855e+02
   6.5625600e+02   1.0190000e+00   6.5664400e+02   1.0720666e+02
   6.5729300e+02   1.0370000e+00   6.5763800e+02   1.0723684e+02
   6.5826700e+02   9.7400000e-01   6.5864900e+02   1.0452192e+02
   6.5924400e+02   9.7700000e-01   6.5960400e+02   1.0809269e+02
   6.6024700e+02   1.0030000e+00   6.6061100e+02   1.0729899e+02
   6.6129000e+02   1.0430000e+00   6.6165100e+02   1.0681070e+02
   6.6229000e+02   1.0000000e+00   6.6264700e+02   1.0482733e+02
   6.6329500e+02   1.0050000e+00   6.6366300e+02   1.0491788e+02
   6.6429800e+02   1.0030000e+00   6.6464200e+02   1.0494807e+02
   6.6535800e+02   1.0610000e+00   6.6574200e+02   1.0409400e+02
   6.6640600e+02   1.0480000e+00   6.6678800e+02   1.0037052e+02
   6.6741900e+02   1.0140000e+00   6.6780900e+02   9.8845261e+01
   6.6841600e+02   9.9600000e-01   6.6878900e+02   1.0128674e+02
   6.6944400e+02   1.0280000e+00   6.6983200e+02   1.0406381e+02
   6.7047100e+02   1.0280000e+00   6.7085100e+02   1.0681070e+02
   6.7150500e+02   1.0330000e+00   6.7186000e+02   1.0928236e+02
   6.7250400e+02   9.9900000e-01   6.7286000e+02   1.1013643e+02
   6.7356100e+02   1.0580000e+00   6.7393100e+02   1.0961795e+02
   6.7469300e+02   1.1310000e+00   6.7504600e+02   1.1004588e+02
   6.7572100e+02   1.0290000e+00   6.7609200e+02   1.0720666e+02
   6.7673700e+02   1.0160000e+00   6.7711100e+02   1.0760440e+02
   6.7774800e+02   1.0100000e+00   6.7809700e+02   1.0848866e+02
   6.7877100e+02   1.0230000e+00   6.7913700e+02   1.0928236e+02
   6.7973600e+02   9.6600000e-01   6.8013700e+02   1.0848866e+02
   6.8073600e+02   1.0000000e+00   6.8108800e+02   1.1080762e+02
   6.8177000e+02   1.0340000e+00   6.8213000e+02   1.0961795e+02
   6.8287200e+02   1.1020000e+00   6.8323900e+02   1.0726881e+02
   6.8389300e+02   1.0210000e+00   6.8426000e+02   1.0607736e+02
   6.8495400e+02   1.0610000e+00   6.8533800e+02   1.0491788e+02
   6.8600300e+02   1.0490000e+00   6.8635800e+02   1.0537599e+02
   6.8709600e+02   1.0930000e+00   6.8746100e+02   1.0528366e+02
   6.8807400e+02   9.7800000e-01   6.8843500e+02   1.0488770e+02
   6.8908000e+02   1.0050000e+00   6.8943500e+02   1.0528366e+02
   6.9007200e+02   9.9200000e-01   6.9043800e+02   1.0607736e+02
   6.9107300e+02   1.0010000e+00   6.9145600e+02   1.0449173e+02
   6.9204500e+02   9.7200000e-01   6.9244800e+02   1.0565122e+02
   6.9306300e+02   1.0180000e+00   6.9342900e+02   1.0839810e+02
   6.9412500e+02   1.0620000e+00   6.9449300e+02   1.0726881e+02
   6.9522300e+02   1.0980000e+00   6.9558800e+02   1.0534581e+02
   6.9623900e+02   1.0160000e+00   6.9660600e+02   1.0445977e+02
   6.9729200e+02   1.0530000e+00   6.9763200e+02   1.0531562e+02
   6.9832300e+02   1.0310000e+00   6.9868400e+02   1.0366785e+02
   6.9933400e+02   1.0100000e+00   6.9970600e+02   1.0290433e+02
   7.0028900e+02   9.5500000e-01   7.0065700e+02   1.0369803e+02
   7.0125400e+02   9.6500000e-01   7.0163400e+02   1.0525348e+02
   7.0222500e+02   9.7100000e-01   7.0259500e+02   1.0644492e+02
   7.0323200e+02   1.0080000e+00   7.0360500e+02   1.0879406e+02
   7.0424500e+02   1.0130000e+00   7.0464500e+02   1.0967832e+02
   7.0530800e+02   1.0630000e+00   7.0567000e+02   1.1132610e+02
   7.0639300e+02   1.0840000e+00   7.0677500e+02   1.0800036e+02
   7.0746000e+02   1.0670000e+00   7.0785100e+02   1.0293452e+02
   7.0847800e+02   1.0180000e+00   7.0884800e+02   1.0568140e+02
   7.0951500e+02   1.0370000e+00   7.0987000e+02   1.0455211e+02
   7.1053700e+02   1.0220000e+00   7.1091200e+02   1.0211063e+02
   7.1151500e+02   9.7800000e-01   7.1188900e+02   1.0253855e+02
   7.1247900e+02   9.6500000e-01   7.1285000e+02   1.0208044e+02
   7.1345900e+02   9.8000000e-01   7.1383500e+02   1.0522329e+02
   7.1447900e+02   1.0200000e+00   7.1483200e+02   1.0638277e+02
   7.1549900e+02   1.0190000e+00   7.1585800e+02   1.0601699e+02
   7.1646700e+02   9.6900000e-01   7.1683100e+02   1.0491788e+02
   7.1745900e+02   9.9100000e-01   7.1784300e+02   1.0595662e+02
   7.1848800e+02   1.0290000e+00   7.1883100e+02   1.0641296e+02
   7.1951500e+02   1.0260000e+00   7.1988300e+02   1.0522329e+02
   7.2049800e+02   9.8300000e-01   7.2087300e+02   1.0449173e+02
   7.2146200e+02   9.6400000e-01   7.2182900e+02   1.0766477e+02
   7.2244800e+02   9.8600000e-01   7.2284200e+02   1.0720666e+02
   7.2344300e+02   9.9500000e-01   7.2382100e+02   1.0845847e+02
   7.2440300e+02   9.6000000e-01   7.2480100e+02   1.0491788e+02
   7.2536900e+02   9.6600000e-01   7.2575200e+02   1.0937292e+02
   7.2635600e+02   9.8700000e-01   7.2674700e+02   1.0803055e+02
   7.2735200e+02   9.9500000e-01   7.2776100e+02   1.0638277e+02
   7.2830000e+02   9.4800000e-01   7.2866100e+02   1.0760440e+02
   7.2926000e+02   9.6000000e-01   7.2962500e+02   1.0607736e+02
   7.3023100e+02   9.7100000e-01   7.3059100e+02   1.1047203e+02
   7.3122100e+02   9.9000000e-01   7.3159000e+02   1.1239502e+02
   7.3220600e+02   9.8500000e-01   7.3256900e+02   1.1352432e+02
   7.3325000e+02   1.0440000e+00   7.3362800e+02   1.1361487e+02
   7.3435200e+02   1.1020000e+00   7.3474900e+02   1.1208962e+02
   7.3544300e+02   1.0910000e+00   7.3582800e+02   1.0961795e+02
   7.3646600e+02   1.0230000e+00   7.3682800e+02   1.0845847e+02
   7.3753400e+02   1.0680000e+00   7.3788900e+02   1.0760440e+02
   7.3857700e+02   1.0430000e+00   7.3893900e+02   1.0494807e+02
   7.3957300e+02   9.9700000e-01   7.3995800e+02   1.0488770e+02
   7.4057000e+02   9.9700000e-01   7.4093900e+02   1.0330029e+02
   7.4157700e+02   1.0070000e+00   7.4193900e+02   1.0406381e+02
   7.4258900e+02   1.0110000e+00   7.4295800e+02   1.0162233e+02
   7.4356300e+02   9.7400000e-01   7.4392600e+02   9.9333556e+01
   7.4454000e+02   9.7700000e-01   7.4490900e+02   1.0082863e+02
   7.4552500e+02   9.8500000e-01   7.4588500e+02   1.0049304e+02
   7.4651500e+02   9.9000000e-01   7.4688600e+02   1.0049304e+02
   7.4746400e+02   9.4800000e-01   7.4785500e+02   9.8449297e+01
   7.4842800e+02   9.6400000e-01   7.4879800e+02   1.0330029e+02
   7.4943300e+02   1.0060000e+00   7.4980700e+02   1.0561925e+02
   7.5046300e+02   1.0290000e+00   7.5084500e+02   1.0681070e+02
   7.5144000e+02   9.7700000e-01   7.5183500e+02   1.0473499e+02
   7.5239400e+02   9.5400000e-01   7.5277500e+02   1.0558907e+02
   7.5340200e+02   1.0080000e+00   7.5377500e+02   1.0641296e+02
   7.5442600e+02   1.0240000e+00   7.5479600e+02   1.0726881e+02
   7.5540900e+02   9.8300000e-01   7.5579500e+02   1.0803055e+02
   7.5638700e+02   9.7800000e-01   7.5677500e+02   1.0882425e+02
   7.5740100e+02   1.0140000e+00   7.5778400e+02   1.0806073e+02
   7.5842900e+02   1.0290000e+00   7.5880600e+02   1.0641296e+02
   7.5940500e+02   9.7600000e-01   7.5977300e+02   1.0565122e+02
   7.6037700e+02   9.7200000e-01   7.6074400e+02   1.0131692e+02
   7.6136900e+02   9.9100000e-01   7.6176400e+02   1.0534581e+02
   7.6237100e+02   1.0030000e+00   7.6275600e+02   1.0095115e+02
   7.6334500e+02   9.7300000e-01   7.6370300e+02   1.0720666e+02
   7.6431400e+02   9.7000000e-01   7.6468100e+02   1.0803055e+02
   7.6530300e+02   9.8900000e-01   7.6566400e+02   1.0723684e+02
   7.6632800e+02   1.0250000e+00   7.6669300e+02   1.0720666e+02
   7.6731400e+02   9.8600000e-01   7.6769400e+02   1.0720666e+02
   7.6829400e+02   9.8000000e-01   7.6864000e+02   1.0882425e+02
   7.6931900e+02   1.0240000e+00   7.6967800e+02   1.0931255e+02
   7.7034000e+02   1.0210000e+00   7.7070200e+02   1.0684088e+02
   7.7131300e+02   9.7200000e-01   7.7168000e+02   1.0635259e+02
   7.7230800e+02   9.9600000e-01   7.7268000e+02   1.0681070e+02
   7.7332400e+02   1.0150000e+00   7.7369300e+02   1.0681070e+02
   7.7434400e+02   1.0200000e+00   7.7476900e+02   1.0598681e+02
   7.7533700e+02   9.9300000e-01   7.7569000e+02   1.0681070e+02
   7.7631300e+02   9.7700000e-01   7.7668000e+02   1.0800036e+02
   7.7733500e+02   1.0220000e+00   7.7768000e+02   1.0931255e+02
   7.7836600e+02   1.0300000e+00   7.7875200e+02   1.0967832e+02
   7.7939500e+02   1.0300000e+00   7.7977200e+02   1.0641296e+02
   7.8037400e+02   9.7800000e-01   7.8077800e+02   9.9761481e+01
   7.8136300e+02   9.8900000e-01   7.8175400e+02   1.0342281e+02
   7.8233900e+02   9.7600000e-01   7.8270800e+02   1.0681070e+02
   7.8330000e+02   9.6100000e-01   7.8364800e+02   1.0717647e+02
   7.8423500e+02   9.3500000e-01   7.8459000e+02   1.0760440e+02
   7.8515900e+02   9.2400000e-01   7.8553400e+02   1.1047203e+02
   7.8618600e+02   1.0260000e+00   7.8655100e+02   1.1169365e+02
   7.8725200e+02   1.0670000e+00   7.8763400e+02   1.1160132e+02
   7.8826100e+02   1.0090000e+00   7.8863600e+02   1.0964814e+02
   7.8930400e+02   1.0430000e+00   7.8965900e+02   1.1041165e+02
   7.9036200e+02   1.0580000e+00   7.9075600e+02   1.0876388e+02
   7.9138700e+02   1.0250000e+00   7.9176700e+02   1.0604718e+02
   7.9237500e+02   9.8800000e-01   7.9275600e+02   1.0757244e+02
   7.9340100e+02   1.0260000e+00   7.9376700e+02   1.0681070e+02
   7.9441700e+02   1.0150000e+00   7.9480900e+02   1.0299489e+02
   7.9538200e+02   9.6500000e-01   7.9576900e+02   1.0205026e+02
   7.9635100e+02   9.6900000e-01   7.9675500e+02   1.0452192e+02
   7.9736200e+02   1.0110000e+00   7.9771200e+02   1.0540618e+02
   7.9839000e+02   1.0290000e+00   7.9877300e+02   1.0201829e+02
   7.9937800e+02   9.8700000e-01   7.9977200e+02   1.0241603e+02
   8.0036700e+02   9.9000000e-01   8.0074700e+02   1.0092096e+02
   8.0140500e+02   1.0380000e+00   8.0178500e+02   1.0678051e+02
   8.0246600e+02   1.0610000e+00   8.0283400e+02   1.0717647e+02
   8.0349500e+02   1.0290000e+00   8.0385100e+02   1.0674855e+02
   8.0453200e+02   1.0360000e+00   8.0488700e+02   1.0604718e+02
   8.0559300e+02   1.0620000e+00   8.0595600e+02   1.0516292e+02
   8.0662000e+02   1.0270000e+00   8.0699100e+02   1.0281200e+02
   8.0761200e+02   9.9100000e-01   8.0797600e+02   1.0449173e+02
   8.0861800e+02   1.0060000e+00   8.0898300e+02   1.0406381e+02
   8.0963800e+02   1.0200000e+00   8.0999400e+02   1.0439940e+02
   8.1065500e+02   1.0170000e+00   8.1102500e+02   1.0498003e+02
   8.1165100e+02   9.9600000e-01   8.1204300e+02   1.0565122e+02
   8.1269400e+02   1.0430000e+00   8.1305600e+02   1.0561925e+02
   8.1372600e+02   1.0320000e+00   8.1408200e+02   1.0604718e+02
   8.1471400e+02   9.8900000e-01   8.1508500e+02   1.0568140e+02
   8.1568800e+02   9.7400000e-01   8.1606100e+02   1.0681070e+02
   8.1668300e+02   9.9500000e-01   8.1704200e+02   1.0684088e+02
   8.1770700e+02   1.0250000e+00   8.1807500e+02   1.0601699e+02
   8.1869800e+02   9.9100000e-01   8.1906000e+02   1.0684088e+02
   8.1970200e+02   1.0040000e+00   8.2006300e+02   1.0607736e+02
   8.2075700e+02   1.0550000e+00   8.2111700e+02   1.0601699e+02
   8.2180600e+02   1.0490000e+00   8.2217400e+02   1.0406381e+02
   8.2279900e+02   9.9400000e-01   8.2317100e+02   1.0439940e+02
   8.2381800e+02   1.0190000e+00   8.2415800e+02   1.0449173e+02
   8.2483200e+02   1.0140000e+00   8.2518000e+02   1.0449173e+02
   8.2587500e+02   1.0430000e+00   8.2625700e+02   1.0488770e+02
   8.2686700e+02   9.9300000e-01   8.2725800e+02   1.0491788e+02
   8.2786900e+02   1.0020000e+00   8.2826000e+02   1.0491788e+02
   8.2892000e+02   1.0510000e+00   8.2927800e+02   1.0803055e+02
   8.2996300e+02   1.0430000e+00   8.3034900e+02   1.0519310e+02
   8.3094300e+02   9.8000000e-01   8.3131200e+02   1.0757244e+02
   8.3193500e+02   9.9200000e-01   8.3228100e+02   1.0757244e+02
   8.3294400e+02   1.0090000e+00   8.3329800e+02   1.0800036e+02
   8.3393700e+02   9.9300000e-01   8.3429800e+02   1.0845847e+02
   8.3488800e+02   9.5100000e-01   8.3525100e+02   1.0839810e+02
   8.3587600e+02   9.8900000e-01   8.3623800e+02   1.0928236e+02
   8.3691300e+02   1.0370000e+00   8.3726900e+02   1.1001392e+02
   8.3791600e+02   1.0030000e+00   8.3827900e+02   1.0842829e+02
   8.3888600e+02   9.7000000e-01   8.3925700e+02   1.0717647e+02
   8.3984800e+02   9.6200000e-01   8.4021800e+02   1.0894677e+02
   8.4081300e+02   9.6400000e-01   8.4118800e+02   1.0839810e+02
   8.4176900e+02   9.5700000e-01   8.4215700e+02   1.0647510e+02
   8.4268100e+02   9.1100000e-01   8.4304800e+02   1.0800036e+02
   8.4358700e+02   9.0700000e-01   8.4395000e+02   1.0891658e+02
   8.4454200e+02   9.5400000e-01   8.4494500e+02   1.0760440e+02
   8.4546700e+02   9.2500000e-01   8.4585800e+02   1.0449173e+02
   8.4636800e+02   9.0200000e-01   8.4674600e+02   1.0717647e+02
   8.4733000e+02   9.6200000e-01   8.4768900e+02   1.0568140e+02
   8.4833700e+02   1.0060000e+00   8.4869600e+02   1.0372822e+02
   8.4924600e+02   9.0900000e-01   8.4963400e+02   1.0171466e+02
   8.5011900e+02   8.7300000e-01   8.5047600e+02   1.0293452e+02
   8.5097600e+02   8.5600000e-01   8.5132500e+02   1.0363589e+02
   8.5184300e+02   8.6800000e-01   8.5219800e+02   1.0400344e+02
   8.5270300e+02   8.6000000e-01   8.5306600e+02   1.0641296e+02
   8.5358500e+02   8.8200000e-01   8.5394500e+02   1.0717647e+02
   8.5461800e+02   1.0340000e+00   8.5497100e+02   1.0800036e+02
   8.5565200e+02   1.0340000e+00   8.5604700e+02   1.0491788e+02
   8.5660700e+02   9.5500000e-01   8.5697600e+02   1.0442959e+02
   8.5758700e+02   9.8000000e-01   8.5793600e+02   1.0485751e+02
   8.5860300e+02   1.0160000e+00   8.5895400e+02   1.0473499e+02
   8.5957000e+02   9.6700000e-01   8.5991900e+02   1.0342281e+02
   8.6051000e+02   9.4000000e-01   8.6086100e+02   1.0458229e+02
   8.6148700e+02   9.7700000e-01   8.6184600e+02   1.0406381e+02
   8.6252400e+02   1.0380000e+00   8.6287700e+02   1.0208044e+02
   8.6352800e+02   1.0030000e+00   8.6389300e+02   1.0037052e+02
   8.6446800e+02   9.4000000e-01   8.6482500e+02   1.0122637e+02
   8.6536600e+02   8.9900000e-01   8.6572300e+02   1.0009707e+02
   8.6629000e+02   9.2400000e-01   8.6664600e+02   1.0766477e+02
   8.6736100e+02   1.0710000e+00   8.6776600e+02   1.1001392e+02
   8.6843400e+02   1.0730000e+00   8.6881500e+02   1.0842829e+02
   8.6941000e+02   9.7600000e-01   8.6979300e+02   1.0882425e+02
   8.7040800e+02   9.9800000e-01   8.7078100e+02   1.0888462e+02
   8.7145900e+02   1.0510000e+00   8.7184400e+02   1.0928236e+02
   8.7250000e+02   1.0400000e+00   8.7286200e+02   1.0845847e+02
   8.7348600e+02   9.8600000e-01   8.7385400e+02   1.0888462e+02
   8.7452100e+02   1.0350000e+00   8.7489300e+02   1.0754225e+02
   8.7554300e+02   1.0220000e+00   8.7589800e+02   1.0684088e+02
   8.7653400e+02   9.9000000e-01   8.7691700e+02   1.0375840e+02
   8.7748700e+02   9.5300000e-01   8.7784000e+02   1.0522329e+02
   8.7847600e+02   9.8900000e-01   8.7883700e+02   1.0561925e+02
   8.7945400e+02   9.7800000e-01   8.7983300e+02   1.0455211e+02
   8.8040200e+02   9.4800000e-01   8.8077200e+02   1.0406381e+02
   8.8139400e+02   9.9200000e-01   8.8177700e+02   1.0330029e+02
   8.8244900e+02   1.0550000e+00   8.8284100e+02   1.0284218e+02
   8.8348900e+02   1.0400000e+00   8.8384900e+02   1.0214081e+02
   8.8448300e+02   9.9400000e-01   8.8484400e+02   1.0131692e+02
   8.8545800e+02   9.7500000e-01   8.8584200e+02   1.0076826e+02
   8.8644500e+02   9.8700000e-01   8.8681400e+02   1.0174485e+02
   8.8743300e+02   9.8800000e-01   8.8780200e+02   1.0125655e+02
   8.8841100e+02   9.7800000e-01   8.8877900e+02   1.0281200e+02
   8.8940700e+02   9.9600000e-01   8.8977800e+02   1.0320974e+02
   8.9049200e+02   1.0850000e+00   8.9084800e+02   1.0339263e+02
   8.9156300e+02   1.0720000e+00   8.9196000e+02   1.0168270e+02
   8.9259300e+02   1.0300000e+00   8.9296100e+02   1.0205026e+02
   8.9359300e+02   1.0000000e+00   8.9395800e+02   1.0247641e+02
   8.9462900e+02   1.0360000e+00   8.9497900e+02   1.0363589e+02
   8.9562600e+02   9.9700000e-01   8.9598900e+02   1.0498003e+02
   8.9660000e+02   9.7400000e-01   8.9697900e+02   1.0644492e+02
   8.9758300e+02   9.8400000e-01   8.9794700e+02   1.0678051e+02
   8.9863300e+02   1.0500000e+00   8.9898600e+02   1.0714629e+02
   8.9966400e+02   1.0310000e+00   9.0005800e+02   1.0290433e+02
   9.0069400e+02   1.0300000e+00   9.0106500e+02   1.1004588e+02
   9.0177000e+02   1.0770000e+00   9.0214500e+02   1.0336244e+02
   9.0287400e+02   1.1030000e+00   9.0324400e+02   1.0403362e+02
   9.0386800e+02   9.9500000e-01   9.0424300e+02   1.0323992e+02
   9.0479500e+02   9.2700000e-01   9.0516400e+02   1.0668818e+02
   9.0572500e+02   9.2900000e-01   9.0609700e+02   1.0809269e+02
   9.0673300e+02   1.0080000e+00   9.0709600e+02   1.0888462e+02
