   1.5834000e+01   1.0500000e+00   1.6227000e+01   1.0378902e+02
   1.6735000e+01   9.0100000e-01   1.7084000e+01   1.0418565e+02
   1.7604000e+01   8.6900000e-01   1.7958000e+01   1.0732887e+02
   1.8612000e+01   1.0090000e+00   1.8958000e+01   1.0858064e+02
   1.9659000e+01   1.0470000e+00   2.0040000e+01   1.0891614e+02
   2.0715000e+01   1.0560000e+00   2.1072000e+01   1.0821383e+02
   2.1715000e+01   1.0000000e+00   2.2074000e+01   1.0616955e+02
   2.2623000e+01   9.0800000e-01   2.2953000e+01   1.0500948e+02
   2.3461000e+01   8.3800000e-01   2.3819000e+01   1.0647447e+02
   2.4487000e+01   1.0260000e+00   2.4826000e+01   1.0620011e+02
   2.5578000e+01   1.0900000e+00   2.5934000e+01   1.0415508e+02
   2.6613000e+01   1.0350000e+00   2.6954000e+01   1.0262969e+02
   2.7549000e+01   9.3600000e-01   2.7900000e+01   1.0174473e+02
   2.8407000e+01   8.5800000e-01   2.8734000e+01   1.0259912e+02
   2.9220000e+01   8.1300000e-01   2.9544000e+01   1.0418565e+02
   3.0074000e+01   8.5400000e-01   3.0376000e+01   1.0693224e+02
   3.1182000e+01   1.1080000e+00   3.1542000e+01   1.0650504e+02
   3.2231000e+01   1.0490000e+00   3.2606000e+01   1.0613898e+02
   3.3283000e+01   1.0520000e+00   3.3629000e+01   1.0534572e+02
   3.4299000e+01   1.0160000e+00   3.4616000e+01   1.0461285e+02
   3.5285000e+01   9.8600000e-01   3.5658000e+01   1.0424678e+02
   3.6301000e+01   1.0160000e+00   3.6670000e+01   1.0464341e+02
   3.7322000e+01   1.0210000e+00   3.7706000e+01   1.0458228e+02
   3.8307000e+01   9.8500000e-01   3.8619000e+01   1.0378902e+02
   3.9199000e+01   8.9100000e-01   3.9558000e+01   1.0391129e+02
   4.0038000e+01   8.4000000e-01   4.0417000e+01   1.0574235e+02
   4.1081000e+01   1.0430000e+00   4.1455000e+01   1.0580348e+02
   4.2188000e+01   1.1070000e+00   4.2535000e+01   1.0500948e+02
   4.3261000e+01   1.0730000e+00   4.3563000e+01   1.0369731e+02
   4.4331000e+01   1.0700000e+00   4.4643000e+01   1.0299575e+02
   4.5362000e+01   1.0310000e+00   4.5685000e+01   1.0223232e+02
   4.6290000e+01   9.2800000e-01   4.6617000e+01   1.0217193e+02
   4.7125000e+01   8.3500000e-01   4.7480000e+01   1.0421621e+02
   4.8010000e+01   8.8500000e-01   4.8392000e+01   1.0696281e+02
   4.9151000e+01   1.1410000e+00   4.9513000e+01   1.0812288e+02
   5.0248000e+01   1.0980000e+00   5.0613000e+01   1.0806174e+02
   5.1321000e+01   1.0730000e+00   5.1680000e+01   1.0610841e+02
   5.2324000e+01   1.0020000e+00   5.2667000e+01   1.0342295e+02
   5.3343000e+01   1.0190000e+00   5.3655000e+01   1.0412451e+02
   5.4399000e+01   1.0560000e+00   5.4746000e+01   1.0336182e+02
   5.5376000e+01   9.7700000e-01   5.5707000e+01   1.0500948e+02
   5.6356000e+01   9.8000000e-01   5.6694000e+01   1.0467398e+02
   5.7361000e+01   1.0050000e+00   5.7675000e+01   1.0415508e+02
   5.8332000e+01   9.7100000e-01   5.8708000e+01   1.0381958e+02
   5.9233000e+01   9.0100000e-01   5.9595000e+01   1.0421621e+02
   6.0094000e+01   8.6100000e-01   6.0456000e+01   1.0613898e+02
   6.1075000e+01   9.8000000e-01   6.1448000e+01   1.0693224e+02
   6.1746000e+01   6.7100000e-01   6.2116000e+01   1.0262969e+02
   6.2978000e+01   1.2330000e+00   6.3284000e+01   1.0415508e+02
   6.3924000e+01   9.4600000e-01   6.4243000e+01   1.0140849e+02
   6.4831000e+01   9.0700000e-01   6.5130000e+01   1.0293462e+02
   6.5832000e+01   1.0010000e+00   6.6217000e+01   1.0464341e+02
   6.6802000e+01   9.7000000e-01   6.7244000e+01   1.0543667e+02
   6.7738000e+01   9.3600000e-01   6.8147000e+01   1.0613898e+02
   6.8651000e+01   9.1300000e-01   6.9040000e+01   1.0729830e+02
   6.9614000e+01   9.6300000e-01   6.9985000e+01   1.0769568e+02
   7.0740000e+01   1.1270000e+00   7.1148000e+01   1.0653561e+02
   7.1810000e+01   1.0690000e+00   7.2180000e+01   1.0620011e+02
   7.2882000e+01   1.0730000e+00   7.3240000e+01   1.0613898e+02
   7.3909000e+01   1.0260000e+00   7.4267000e+01   1.0613898e+02
   7.4805000e+01   8.9700000e-01   7.5194000e+01   1.0464341e+02
   7.5674000e+01   8.6900000e-01   7.6013000e+01   1.0772550e+02
   7.6620000e+01   9.4600000e-01   7.7008000e+01   1.0778664e+02
   7.7715000e+01   1.0950000e+00   7.8027000e+01   1.0723791e+02
   7.8711000e+01   9.9600000e-01   7.9027000e+01   1.0531515e+02
   7.9671000e+01   9.6000000e-01   8.0025000e+01   1.0534572e+02
   8.0700000e+01   1.0280000e+00   8.1049000e+01   1.0577292e+02
   8.1766000e+01   1.0670000e+00   8.2141000e+01   1.0424678e+02
   8.2752000e+01   9.8600000e-01   8.3123000e+01   1.0388072e+02
   8.3648000e+01   8.9600000e-01   8.3949000e+01   1.0568121e+02
   8.4586000e+01   9.3800000e-01   8.4969000e+01   1.0613898e+02
   8.5654000e+01   1.0680000e+00   8.5947000e+01   1.0647447e+02
   8.6666000e+01   1.0130000e+00   8.6987000e+01   1.0687111e+02
   8.7609000e+01   9.4300000e-01   8.7954000e+01   1.0693224e+02
   8.8506000e+01   8.9700000e-01   8.8863000e+01   1.0690167e+02
   8.9449000e+01   9.4300000e-01   8.9832000e+01   1.0580348e+02
   9.0531000e+01   1.0820000e+00   9.0892000e+01   1.0571178e+02
   9.1609000e+01   1.0790000e+00   9.1952000e+01   1.0424678e+02
   9.2655000e+01   1.0460000e+00   9.3006000e+01   1.0375845e+02
   9.3578000e+01   9.2200000e-01   9.3904000e+01   1.0580348e+02
   9.4432000e+01   8.5400000e-01   9.4745000e+01   1.0610841e+02
   9.5423000e+01   9.9200000e-01   9.5841000e+01   1.0656618e+02
   9.6082000e+01   6.5900000e-01   9.6434000e+01   1.0253799e+02
   9.7308000e+01   1.2270000e+00   9.7595000e+01   1.0461285e+02
   9.8284000e+01   9.7500000e-01   9.8607000e+01   1.0336182e+02
   9.9236000e+01   9.5300000e-01   9.9555000e+01   1.0305689e+02
   1.0013200e+02   8.9600000e-01   1.0051600e+02   1.0494909e+02
   1.0115600e+02   1.0230000e+00   1.0153700e+02   1.0577292e+02
   1.0217700e+02   1.0220000e+00   1.0256500e+02   1.0464341e+02
   1.0310400e+02   9.2600000e-01   1.0347600e+02   1.0537628e+02
   1.0413100e+02   1.0270000e+00   1.0451600e+02   1.0494909e+02
   1.0517200e+02   1.0410000e+00   1.0556300e+02   1.0381958e+02
   1.0609600e+02   9.2400000e-01   1.0646900e+02   1.0381958e+02
   1.0696700e+02   8.7000000e-01   1.0734000e+02   1.0497891e+02
   1.0794100e+02   9.7500000e-01   1.0831200e+02   1.0574235e+02
   1.0897000e+02   1.0290000e+00   1.0933200e+02   1.0577292e+02
   1.0997100e+02   1.0010000e+00   1.1034800e+02   1.0455171e+02
   1.1083900e+02   8.6700000e-01   1.1123100e+02   1.0421621e+02
   1.1170000e+02   8.6200000e-01   1.1203100e+02   1.0494909e+02
   1.1252700e+02   8.2700000e-01   1.1292400e+02   1.0693224e+02
   1.1356500e+02   1.0380000e+00   1.1393300e+02   1.0772550e+02
   1.1464300e+02   1.0780000e+00   1.1500700e+02   1.0653561e+02
   1.1567900e+02   1.0350000e+00   1.1602100e+02   1.0571178e+02
   1.1664200e+02   9.6300000e-01   1.1697400e+02   1.0412451e+02
   1.1754900e+02   9.0700000e-01   1.1790100e+02   1.0418565e+02
   1.1840100e+02   8.5200000e-01   1.1872100e+02   1.0497891e+02
   1.1928500e+02   8.8400000e-01   1.1962700e+02   1.0500948e+02
   1.2034000e+02   1.0550000e+00   1.2069400e+02   1.0418565e+02
   1.2140200e+02   1.0620000e+00   1.2175500e+02   1.0223232e+02
   1.2234400e+02   9.4300000e-01   1.2266700e+02   1.0092015e+02
   1.2324800e+02   9.0400000e-01   1.2362200e+02   1.0174473e+02
   1.2425300e+02   1.0050000e+00   1.2455500e+02   1.0217193e+02
   1.2519300e+02   9.4000000e-01   1.2555600e+02   1.0095072e+02
   1.2603700e+02   8.4400000e-01   1.2640100e+02   1.0220249e+02
   1.2686800e+02   8.3100000e-01   1.2724400e+02   1.0464341e+02
   1.2790300e+02   1.0350000e+00   1.2825500e+02   1.0464341e+02
   1.2895700e+02   1.0530000e+00   1.2933500e+02   1.0299575e+02
   1.2997900e+02   1.0220000e+00   1.3029000e+02   1.0168359e+02
   1.3086800e+02   8.8900000e-01   1.3123900e+02   1.0058466e+02
   1.3174900e+02   8.8100000e-01   1.3211900e+02   1.0220249e+02
   1.3279200e+02   1.0430000e+00   1.3315700e+02   1.0140849e+02
   1.3383800e+02   1.0450000e+00   1.3416100e+02   9.9760829e+01
   1.3480100e+02   9.6300000e-01   1.3512800e+02   9.8998135e+01
   1.3573500e+02   9.3400000e-01   1.3604900e+02   1.0052352e+02
   1.3677300e+02   1.0380000e+00   1.3712200e+02   1.0098129e+02
   1.3781500e+02   1.0410000e+00   1.3823000e+02   9.9852531e+01
   1.3876500e+02   9.5000000e-01   1.3911500e+02   9.9425333e+01
   1.3967200e+02   9.0800000e-01   1.3999900e+02   1.0131678e+02
   1.4067000e+02   9.9800000e-01   1.4106300e+02   1.0183568e+02
   1.4173700e+02   1.0670000e+00   1.4211500e+02   1.0049296e+02
   1.4266600e+02   9.2800000e-01   1.4305100e+02   1.0177455e+02
   1.4362600e+02   9.6000000e-01   1.4399700e+02   1.0302632e+02
   1.4463200e+02   1.0070000e+00   1.4499200e+02   1.0266026e+02
   1.4563400e+02   1.0020000e+00   1.4594500e+02   1.0217193e+02
   1.4652500e+02   8.9100000e-01   1.4690500e+02   1.0299575e+02
   1.4746100e+02   9.3500000e-01   1.4783500e+02   1.0458228e+02
   1.4847700e+02   1.0170000e+00   1.4883800e+02   1.0385015e+02
   1.4946100e+02   9.8300000e-01   1.4981300e+02   1.0180512e+02
   1.5036300e+02   9.0300000e-01   1.5072500e+02   1.0131678e+02
   1.5120700e+02   8.4400000e-01   1.5157400e+02   1.0266026e+02
   1.5203800e+02   8.3200000e-01   1.5240700e+02   1.0461285e+02
   1.5302900e+02   9.9000000e-01   1.5339500e+02   1.0620011e+02
   1.5415400e+02   1.1250000e+00   1.5451400e+02   1.0540685e+02
   1.5523500e+02   1.0810000e+00   1.5561500e+02   1.0302632e+02
   1.5619500e+02   9.5900000e-01   1.5656700e+02   1.0180512e+02
   1.5706800e+02   8.7400000e-01   1.5743500e+02   1.0134735e+02
   1.5790900e+02   8.4000000e-01   1.5827700e+02   1.0378902e+02
   1.5886400e+02   9.5600000e-01   1.5924300e+02   1.0418565e+02
   1.5995900e+02   1.0950000e+00   1.6032100e+02   1.0299575e+02
   1.6101800e+02   1.0590000e+00   1.6134200e+02   1.0168359e+02
   1.6192700e+02   9.0900000e-01   1.6227600e+02   1.0095072e+02
   1.6286000e+02   9.3300000e-01   1.6317200e+02   1.0177455e+02
   1.6384600e+02   9.8700000e-01   1.6422800e+02   1.0140849e+02
   1.6479500e+02   9.4900000e-01   1.6513400e+02   1.0131678e+02
   1.6579300e+02   9.9800000e-01   1.6616000e+02   1.0217193e+02
   1.6681900e+02   1.0250000e+00   1.6721000e+02   1.0302632e+02
   1.6785400e+02   1.0350000e+00   1.6824900e+02   1.0256856e+02
   1.6877300e+02   9.1900000e-01   1.6913400e+02   1.0220249e+02
   1.6965400e+02   8.8100000e-01   1.7005500e+02   1.0345352e+02
   1.7053100e+02   8.7700000e-01   1.7091000e+02   1.0534572e+02
   1.7144500e+02   9.1300000e-01   1.7183100e+02   1.0693224e+02
   1.7252400e+02   1.0800000e+00   1.7288500e+02   1.0650504e+02
   1.7353700e+02   1.0130000e+00   1.7392200e+02   1.0613898e+02
   1.7447900e+02   9.4200000e-01   1.7485600e+02   1.0540685e+02
   1.7533600e+02   8.5700000e-01   1.7572300e+02   1.0616955e+02
   1.7617500e+02   8.3900000e-01   1.7653700e+02   1.0735944e+02
   1.7719800e+02   1.0230000e+00   1.7756900e+02   1.0693224e+02
   1.7786300e+02   6.6500000e-01   1.7823800e+02   1.0107299e+02
   1.7907600e+02   1.2130000e+00   1.7938300e+02   1.0385015e+02
   1.7991700e+02   8.4100000e-01   1.8028300e+02   9.9821964e+01
   1.8073800e+02   8.2100000e-01   1.8111800e+02   1.0381958e+02
   1.8163200e+02   8.9400000e-01   1.8200500e+02   1.0613898e+02
   1.8230800e+02   6.7500000e-01   1.8265900e+02   1.0253799e+02
   1.8346500e+02   1.1580000e+00   1.8375300e+02   1.0415508e+02
   1.8426100e+02   7.9500000e-01   1.8463100e+02   1.0500948e+02
   1.8506000e+02   7.9900000e-01   1.8541800e+02   1.0687111e+02
   1.8605700e+02   9.9700000e-01   1.8641800e+02   1.0732887e+02
   1.8718400e+02   1.1270000e+00   1.8754600e+02   1.0769568e+02
   1.8828000e+02   1.0960000e+00   1.8862700e+02   1.0687111e+02
   1.8932800e+02   1.0480000e+00   1.8969100e+02   1.0500948e+02
   1.9030200e+02   9.7300000e-01   1.9066500e+02   1.0378902e+02
   1.9118500e+02   8.8400000e-01   1.9152700e+02   1.0534572e+02
   1.9225300e+02   1.0670000e+00   1.9261200e+02   1.0461285e+02
   1.9328400e+02   1.0310000e+00   1.9363900e+02   1.0424678e+02
   1.9427800e+02   9.9400000e-01   1.9464200e+02   1.0305689e+02
   1.9517100e+02   8.9300000e-01   1.9552600e+02   1.0378902e+02
   1.9610900e+02   9.3800000e-01   1.9645000e+02   1.0500948e+02
   1.9720000e+02   1.0910000e+00   1.9756400e+02   1.0381958e+02
   1.9812600e+02   9.2600000e-01   1.9849300e+02   1.0302632e+02
   1.9904100e+02   9.1500000e-01   1.9942700e+02   1.0381958e+02
   1.9996500e+02   9.2500000e-01   2.0033400e+02   1.0464341e+02
   2.0097500e+02   1.0100000e+00   2.0136000e+02   1.0507061e+02
   2.0204700e+02   1.0720000e+00   2.0242200e+02   1.0388072e+02
   2.0308000e+02   1.0330000e+00   2.0342600e+02   1.0220249e+02
   2.0400500e+02   9.2400000e-01   2.0432700e+02   1.0183568e+02
   2.0489600e+02   8.9200000e-01   2.0521300e+02   1.0296519e+02
   2.0585300e+02   9.5700000e-01   2.0624700e+02   1.0500948e+02
   2.0687300e+02   1.0200000e+00   2.0726000e+02   1.0616955e+02
   2.0782800e+02   9.5500000e-01   2.0821500e+02   1.0546724e+02
   2.0870500e+02   8.7700000e-01   2.0908700e+02   1.0616955e+02
   2.0958700e+02   8.8200000e-01   2.0995300e+02   1.0647447e+02
   2.1048400e+02   8.9800000e-01   2.1085700e+02   1.0693224e+02
   2.1151100e+02   1.0270000e+00   2.1184200e+02   1.0647447e+02
   2.1253400e+02   1.0230000e+00   2.1288200e+02   1.0455171e+02
   2.1344100e+02   9.0700000e-01   2.1380300e+02   1.0378902e+02
   2.1422400e+02   7.8300000e-01   2.1457900e+02   1.0458228e+02
   2.1498900e+02   7.6500000e-01   2.1534400e+02   1.0494909e+02
   2.1576700e+02   7.7800000e-01   2.1611700e+02   1.0693224e+02
   2.1655400e+02   7.8700000e-01   2.1691800e+02   1.0973997e+02
   2.1742500e+02   8.7100000e-01   2.1773200e+02   1.1053323e+02
   2.1847600e+02   1.0500000e+00   2.1883500e+02   1.0894671e+02
   2.1950500e+02   1.0290000e+00   2.1985700e+02   1.0732887e+02
   2.2041700e+02   9.1200000e-01   2.2078500e+02   1.0812288e+02
   2.2132000e+02   9.0300000e-01   2.2167000e+02   1.0729830e+02
   2.2230100e+02   9.8100000e-01   2.2262900e+02   1.0766511e+02
   2.2334500e+02   1.0430000e+00   2.2372000e+02   1.0537628e+02
   2.2428600e+02   9.4100000e-01   2.2463300e+02   1.0305689e+02
   2.2515700e+02   8.7100000e-01   2.2553300e+02   1.0378902e+02
   2.2603300e+02   8.7600000e-01   2.2639400e+02   1.0653561e+02
   2.2698800e+02   9.5400000e-01   2.2731100e+02   1.0607784e+02
   2.2802400e+02   1.0360000e+00   2.2833300e+02   1.0418565e+02
   2.2897700e+02   9.5300000e-01   2.2929100e+02   1.0375845e+02
   2.2985100e+02   8.7400000e-01   2.3016700e+02   1.0381958e+02
   2.3074500e+02   8.9400000e-01   2.3102700e+02   1.0415508e+02
   2.3167700e+02   9.3200000e-01   2.3204000e+02   1.0372788e+02
   2.3262600e+02   9.4900000e-01   2.3294300e+02   1.0336182e+02
   2.3353100e+02   9.0500000e-01   2.3390100e+02   1.0412451e+02
   2.3447300e+02   9.4100000e-01   2.3482800e+02   1.0385015e+02
   2.3535000e+02   8.7700000e-01   2.3570000e+02   1.0305689e+02
   2.3620300e+02   8.5300000e-01   2.3658200e+02   1.0574235e+02
   2.3719000e+02   9.8700000e-01   2.3754600e+02   1.0574235e+02
   2.3823000e+02   1.0400000e+00   2.3856900e+02   1.0342295e+02
   2.3917800e+02   9.4800000e-01   2.3955200e+02   1.0299575e+02
   2.4015700e+02   9.8000000e-01   2.4051600e+02   1.0610841e+02
   2.4110500e+02   9.4800000e-01   2.4149600e+02   1.0500948e+02
   2.4197900e+02   8.7400000e-01   2.4233900e+02   1.0342295e+02
   2.4280200e+02   8.2300000e-01   2.4314900e+02   1.0696281e+02
   2.4367000e+02   8.6900000e-01   2.4397000e+02   1.0723791e+02
   2.4475300e+02   1.0830000e+00   2.4505000e+02   1.0574235e+02
   2.4582600e+02   1.0720000e+00   2.4613000e+02   1.0418565e+02
   2.4681000e+02   9.8400000e-01   2.4716200e+02   1.0381958e+02
   2.4767800e+02   8.6800000e-01   2.4802900e+02   1.0418565e+02
   2.4850800e+02   8.3000000e-01   2.4885700e+02   1.0491852e+02
   2.4934200e+02   8.3300000e-01   2.4969600e+02   1.0565065e+02
   2.5039000e+02   1.0480000e+00   2.5074300e+02   1.0543667e+02
   2.5143500e+02   1.0450000e+00   2.5178900e+02   1.0500948e+02
   2.5246500e+02   1.0300000e+00   2.5284300e+02   1.0391129e+02
   2.5342100e+02   9.5600000e-01   2.5377200e+02   1.0253799e+02
   2.5430400e+02   8.8300000e-01   2.5467500e+02   1.0296519e+02
   2.5517200e+02   8.6800000e-01   2.5552900e+02   1.0461285e+02
   2.5622200e+02   1.0500000e+00   2.5658500e+02   1.0458228e+02
   2.5728700e+02   1.0650000e+00   2.5765100e+02   1.0302632e+02
   2.5828600e+02   1.0000000e+00   2.5863800e+02   1.0058466e+02
   2.5918800e+02   9.0100000e-01   2.5951700e+02   1.0012689e+02
   2.6001000e+02   8.2200000e-01   2.6041500e+02   1.0183568e+02
   2.6083400e+02   8.2400000e-01   2.6125200e+02   1.0464341e+02
   2.6186100e+02   1.0270000e+00   2.6223800e+02   1.0571178e+02
   2.6292100e+02   1.0590000e+00   2.6328500e+02   1.0418565e+02
   2.6394100e+02   1.0210000e+00   2.6432500e+02   1.0296519e+02
   2.6492600e+02   9.8400000e-01   2.6527500e+02   1.0095072e+02
   2.6580100e+02   8.7500000e-01   2.6619200e+02   1.0177455e+02
   2.6660700e+02   8.0600000e-01   2.6695200e+02   1.0574235e+02
   2.6749800e+02   8.9100000e-01   2.6786400e+02   1.1016717e+02
   2.6857200e+02   1.0750000e+00   2.6894300e+02   1.1010603e+02
   2.6958200e+02   1.0100000e+00   2.6992400e+02   1.0858064e+02
   2.7058000e+02   9.9800000e-01   2.7089600e+02   1.1016717e+02
   2.7158000e+02   1.0000000e+00   2.7192400e+02   1.0778664e+02
   2.7253300e+02   9.5200000e-01   2.7291100e+02   1.0653561e+02
   2.7340300e+02   8.7000000e-01   2.7375200e+02   1.0690167e+02
   2.7425900e+02   8.5600000e-01   2.7463200e+02   1.0818327e+02
   2.7524800e+02   9.8900000e-01   2.7561800e+02   1.0821383e+02
   2.7628900e+02   1.0400000e+00   2.7667100e+02   1.0616955e+02
   2.7723800e+02   9.5000000e-01   2.7760400e+02   1.0504004e+02
   2.7809300e+02   8.5500000e-01   2.7845200e+02   1.0537628e+02
   2.7893800e+02   8.4400000e-01   2.7929200e+02   1.0699338e+02
   2.7984700e+02   9.0900000e-01   2.8021000e+02   1.0821383e+02
   2.8078600e+02   9.3900000e-01   2.8113000e+02   1.0812288e+02
   2.8167900e+02   8.9300000e-01   2.8204300e+02   1.0690167e+02
   2.8252000e+02   8.4100000e-01   2.8290600e+02   1.0696281e+02
   2.8339900e+02   8.7900000e-01   2.8373200e+02   1.0772550e+02
   2.8441600e+02   1.0170000e+00   2.8475100e+02   1.0656618e+02
   2.8540600e+02   9.9000000e-01   2.8575100e+02   1.0504004e+02
   2.8629500e+02   8.8900000e-01   2.8665100e+02   1.0421621e+02
   2.8712700e+02   8.3200000e-01   2.8749700e+02   1.0537628e+02
   2.8803100e+02   9.0400000e-01   2.8840300e+02   1.0656618e+02
   2.8905200e+02   1.0210000e+00   2.8941000e+02   1.0687111e+02
   2.9002000e+02   9.6900000e-01   2.9039700e+02   1.0607784e+02
   2.9099200e+02   9.7100000e-01   2.9132800e+02   1.0610841e+02
   2.9173000e+02   7.3800000e-01   2.9208100e+02   1.0137792e+02
   2.9273700e+02   1.0070000e+00   2.9306900e+02   1.0574235e+02
   2.9350300e+02   7.6700000e-01   2.9385000e+02   1.0818327e+02
   2.9433600e+02   8.3200000e-01   2.9470000e+02   1.1175443e+02
   2.9535000e+02   1.0140000e+00   2.9572100e+02   1.1245599e+02
   2.9634300e+02   9.9300000e-01   2.9673400e+02   1.1282206e+02
   2.9728800e+02   9.4500000e-01   2.9766100e+02   1.1291376e+02
   2.9836300e+02   1.0760000e+00   2.9875800e+02   1.1208993e+02
   2.9943800e+02   1.0740000e+00   2.9982700e+02   1.0980110e+02
   3.0046900e+02   1.0320000e+00   3.0082400e+02   1.0735944e+02
   3.0146000e+02   9.9000000e-01   3.0182600e+02   1.0732887e+02
   3.0255200e+02   1.0920000e+00   3.0291400e+02   1.0574235e+02
   3.0358400e+02   1.0320000e+00   3.0392800e+02   1.0418565e+02
   3.0451500e+02   9.3000000e-01   3.0484700e+02   1.0299575e+02
   3.0535500e+02   8.4000000e-01   3.0568700e+02   1.0464341e+02
   3.0619800e+02   8.4300000e-01   3.0654200e+02   1.0690167e+02
   3.0731400e+02   1.1160000e+00   3.0770600e+02   1.0616955e+02
   3.0836600e+02   1.0510000e+00   3.0872700e+02   1.0339239e+02
   3.0928000e+02   9.1500000e-01   3.0964600e+02   1.0610841e+02
   3.1024800e+02   9.6800000e-01   3.1058800e+02   1.0607784e+02
   3.1126000e+02   1.0120000e+00   3.1159500e+02   1.0348409e+02
   3.1215500e+02   8.9400000e-01   3.1254600e+02   1.0458228e+02
   3.1304200e+02   8.8700000e-01   3.1338800e+02   1.0772550e+02
   3.1402700e+02   9.8400000e-01   3.1436300e+02   1.0775607e+02
   3.1502000e+02   9.9400000e-01   3.1542100e+02   1.0571178e+02
   3.1595100e+02   9.3000000e-01   3.1634700e+02   1.0568121e+02
   3.1689300e+02   9.4200000e-01   3.1723400e+02   1.0641334e+02
   3.1792500e+02   1.0320000e+00   3.1830400e+02   1.0812288e+02
   3.1893200e+02   1.0070000e+00   3.1930700e+02   1.0418565e+02
   3.1984200e+02   9.1000000e-01   3.2025500e+02   1.0500948e+02
   3.2082000e+02   9.7900000e-01   3.2117900e+02   1.0732887e+02
   3.2186900e+02   1.0490000e+00   3.2223500e+02   1.0537628e+02
   3.2283600e+02   9.6600000e-01   3.2323500e+02   1.0378902e+02
   3.2378600e+02   9.5100000e-01   3.2414100e+02   1.0653561e+02
   3.2472000e+02   9.3300000e-01   3.2503400e+02   1.0412451e+02
   3.2578500e+02   1.0650000e+00   3.2616700e+02   1.0345352e+02
   3.2682600e+02   1.0410000e+00   3.2720800e+02   1.0140849e+02
   3.2776100e+02   9.3500000e-01   3.2809500e+02   1.0183568e+02
   3.2868600e+02   9.2500000e-01   3.2900100e+02   1.0336182e+02
   3.2965100e+02   9.6500000e-01   3.3000900e+02   1.0421621e+02
   3.3056500e+02   9.1500000e-01   3.3089700e+02   1.0650504e+02
   3.3144600e+02   8.8000000e-01   3.3178800e+02   1.0653561e+02
   3.3244200e+02   9.9600000e-01   3.3280800e+02   1.0653561e+02
   3.3342600e+02   9.8500000e-01   3.3380200e+02   1.0769568e+02
   3.3432500e+02   8.9900000e-01   3.3472100e+02   1.0534572e+02
   3.3518100e+02   8.5600000e-01   3.3557300e+02   1.0610841e+02
   3.3608400e+02   9.0200000e-01   3.3641800e+02   1.0809231e+02
   3.3709000e+02   1.0070000e+00   3.3741600e+02   1.0729830e+02
   3.3805700e+02   9.6600000e-01   3.3843000e+02   1.0500948e+02
   3.3896700e+02   9.1100000e-01   3.3933000e+02   1.0497891e+02
   3.3982800e+02   8.6100000e-01   3.4021000e+02   1.0583405e+02
   3.4081700e+02   9.8900000e-01   3.4121800e+02   1.0775607e+02
   3.4182800e+02   1.0110000e+00   3.4225100e+02   1.0461285e+02
   3.4275100e+02   9.2300000e-01   3.4313600e+02   1.0296519e+02
   3.4361300e+02   8.6200000e-01   3.4396100e+02   1.0812288e+02
   3.4458300e+02   9.7000000e-01   3.4489900e+02   1.0687111e+02
   3.4558700e+02   1.0050000e+00   3.4594300e+02   1.0690167e+02
   3.4648900e+02   9.0200000e-01   3.4685700e+02   1.0494909e+02
   3.4737400e+02   8.8500000e-01   3.4769500e+02   1.0500948e+02
   3.4833700e+02   9.6300000e-01   3.4865100e+02   1.0488795e+02
   3.4929900e+02   9.6200000e-01   3.4962300e+02   1.0418565e+02
   3.5016800e+02   8.7000000e-01   3.5049800e+02   1.0418565e+02
   3.5107700e+02   9.0900000e-01   3.5147000e+02   1.0299575e+02
   3.5204000e+02   9.6300000e-01   3.5241600e+02   1.0342295e+02
   3.5293400e+02   8.9400000e-01   3.5327000e+02   1.0229345e+02
   3.5376600e+02   8.3200000e-01   3.5410700e+02   1.0461285e+02
   3.5460100e+02   8.3500000e-01   3.5491800e+02   1.0458228e+02
   3.5542200e+02   8.2100000e-01   3.5573800e+02   1.0540685e+02
   3.5650800e+02   1.0860000e+00   3.5685600e+02   1.0613898e+02
   3.5757500e+02   1.0670000e+00   3.5795000e+02   1.0577292e+02
   3.5865600e+02   1.0810000e+00   3.5895500e+02   1.0574235e+02
   3.5969500e+02   1.0390000e+00   3.6005500e+02   1.0534572e+02
   3.6070200e+02   1.0070000e+00   3.6105400e+02   1.0177455e+02
   3.6161100e+02   9.0900000e-01   3.6199100e+02   1.0226288e+02
   3.6244100e+02   8.3000000e-01   3.6282900e+02   1.0500948e+02
   3.6328100e+02   8.4100000e-01   3.6361800e+02   1.0855008e+02
   3.6437000e+02   1.0890000e+00   3.6470400e+02   1.0687111e+02
   3.6544400e+02   1.0740000e+00   3.6577600e+02   1.0497891e+02
   3.6645300e+02   1.0090000e+00   3.6678700e+02   1.0546724e+02
   3.6742500e+02   9.7100000e-01   3.6772400e+02   1.0217193e+02
   3.6829800e+02   8.7400000e-01   3.6867800e+02   1.0180512e+02
   3.6912300e+02   8.2500000e-01   3.6945300e+02   1.0644391e+02
   3.6999700e+02   8.7400000e-01   3.7037200e+02   1.0537628e+02
   3.7096700e+02   9.7000000e-01   3.7134500e+02   1.0580348e+02
   3.7203900e+02   1.0730000e+00   3.7242500e+02   1.0494909e+02
   3.7302900e+02   9.9000000e-01   3.7335300e+02   1.0534572e+02
   3.7390700e+02   8.7700000e-01   3.7431200e+02   1.0775607e+02
   3.7475000e+02   8.4300000e-01   3.7515400e+02   1.1132724e+02
   3.7574800e+02   9.9800000e-01   3.7614200e+02   1.0940447e+02
   3.7685800e+02   1.1100000e+00   3.7722700e+02   1.0735944e+02
   3.7793500e+02   1.0770000e+00   3.7828700e+02   1.0537628e+02
   3.7896500e+02   1.0300000e+00   3.7931900e+02   1.0342295e+02
   3.7991900e+02   9.5400000e-01   3.8029400e+02   1.0180512e+02
   3.8081300e+02   8.9400000e-01   3.8119500e+02   1.0430792e+02
   3.8183300e+02   1.0200000e+00   3.8218200e+02   1.0500948e+02
   3.8286300e+02   1.0310000e+00   3.8324000e+02   1.0247685e+02
   3.8386900e+02   1.0050000e+00   3.8425400e+02   1.0220249e+02
   3.8476500e+02   8.9600000e-01   3.8512000e+02   1.0220249e+02
   3.8561600e+02   8.5100000e-01   3.8596800e+02   1.0504004e+02
   3.8664000e+02   1.0240000e+00   3.8699600e+02   1.0616955e+02
   3.8772400e+02   1.0840000e+00   3.8806200e+02   1.0540685e+02
   3.8873400e+02   1.0100000e+00   3.8908400e+02   1.0497891e+02
   3.8967600e+02   9.4200000e-01   3.9005600e+02   1.0418565e+02
   3.9066300e+02   9.8600000e-01   3.9103600e+02   1.0464341e+02
   3.9169300e+02   1.0300000e+00   3.9206300e+02   1.0461285e+02
   3.9268900e+02   9.9600000e-01   3.9305000e+02   1.0458228e+02
   3.9361500e+02   9.2600000e-01   3.9395600e+02   1.0537628e+02
   3.9462300e+02   1.0090000e+00   3.9496300e+02   1.0571178e+02
   3.9567700e+02   1.0540000e+00   3.9602900e+02   1.0421621e+02
   3.9666400e+02   9.8700000e-01   3.9703700e+02   1.0381958e+02
   3.9771700e+02   1.0530000e+00   3.9806500e+02   1.0259912e+02
   3.9867300e+02   9.5700000e-01   3.9904800e+02   1.0174473e+02
   3.9956700e+02   8.9300000e-01   3.9991700e+02   1.0296519e+02
   4.0046000e+02   8.9300000e-01   4.0081700e+02   1.0534572e+02
   4.0150100e+02   1.0410000e+00   4.0184900e+02   1.0693224e+02
   4.0251500e+02   1.0140000e+00   4.0291700e+02   1.0656618e+02
   4.0347000e+02   9.5500000e-01   4.0381700e+02   1.0656618e+02
   4.0442100e+02   9.5200000e-01   4.0475800e+02   1.0616955e+02
   4.0532200e+02   9.0000000e-01   4.0570500e+02   1.0769568e+02
   4.0640400e+02   1.0830000e+00   4.0675800e+02   1.0818327e+02
   4.0750800e+02   1.1030000e+00   4.0786400e+02   1.0690167e+02
   4.0855200e+02   1.0440000e+00   4.0892500e+02   1.0613898e+02
   4.0954500e+02   9.9300000e-01   4.0991700e+02   1.0580348e+02
   4.1056300e+02   1.0180000e+00   4.1091700e+02   1.0577292e+02
   4.1150100e+02   9.3800000e-01   4.1185700e+02   1.0690167e+02
   4.1235600e+02   8.5500000e-01   4.1271700e+02   1.0980110e+02
   4.1331800e+02   9.6200000e-01   4.1367700e+02   1.1105213e+02
   4.1438800e+02   1.0710000e+00   4.1471400e+02   1.0970940e+02
   4.1535800e+02   9.6900000e-01   4.1571500e+02   1.0812288e+02
   4.1626700e+02   9.1000000e-01   4.1664600e+02   1.0851951e+02
   4.1713700e+02   8.7000000e-01   4.1752000e+02   1.0937390e+02
   4.1810400e+02   9.6700000e-01   4.1844800e+02   1.0977054e+02
   4.1917300e+02   1.0690000e+00   4.1954000e+02   1.0858064e+02
   4.2016700e+02   9.9300000e-01   4.2051500e+02   1.0687111e+02
   4.2104200e+02   8.7500000e-01   4.2138200e+02   1.0613898e+02
   4.2191200e+02   8.7000000e-01   4.2228000e+02   1.0818327e+02
   4.2287300e+02   9.6200000e-01   4.2324500e+02   1.0937390e+02
   4.2381600e+02   9.4200000e-01   4.2416800e+02   1.0973997e+02
   4.2468100e+02   8.6500000e-01   4.2503200e+02   1.1019773e+02
   4.2554500e+02   8.6300000e-01   4.2592100e+02   1.1135706e+02
   4.2665500e+02   1.1100000e+00   4.2700100e+02   1.1053323e+02
   4.2770900e+02   1.0550000e+00   4.2806600e+02   1.0818327e+02
   4.2867400e+02   9.6400000e-01   4.2900000e+02   1.0732887e+02
   4.2960500e+02   9.3100000e-01   4.2994000e+02   1.0729830e+02
   4.3060100e+02   9.9600000e-01   4.3093300e+02   1.0735944e+02
   4.3158400e+02   9.8300000e-01   4.3191300e+02   1.0772550e+02
   4.3247400e+02   8.9000000e-01   4.3283300e+02   1.0812288e+02
   4.3331400e+02   8.3900000e-01   4.3369300e+02   1.0977054e+02
   4.3414500e+02   8.3200000e-01   4.3450800e+02   1.1135706e+02
   4.3519800e+02   1.0530000e+00   4.3554600e+02   1.1135706e+02
   4.3626900e+02   1.0710000e+00   4.3663400e+02   1.0940447e+02
   4.3725100e+02   9.8100000e-01   4.3759300e+02   1.0732887e+02
   4.3818400e+02   9.3300000e-01   4.3851900e+02   1.0766511e+02
   4.3919900e+02   1.0140000e+00   4.3956000e+02   1.0693224e+02
   4.4024900e+02   1.0500000e+00   4.4056000e+02   1.0528458e+02
   4.4124000e+02   9.9100000e-01   4.4157300e+02   1.0455171e+02
   4.4213300e+02   8.9400000e-01   4.4252600e+02   1.0497891e+02
   4.4298900e+02   8.5600000e-01   4.4332600e+02   1.0690167e+02
   4.4397000e+02   9.8100000e-01   4.4432700e+02   1.0812288e+02
   4.4501600e+02   1.0460000e+00   4.4538100e+02   1.0653561e+02
   4.4604000e+02   1.0240000e+00   4.4640200e+02   1.0537628e+02
   4.4699100e+02   9.5200000e-01   4.4736200e+02   1.0415508e+02
   4.4786800e+02   8.7700000e-01   4.4823600e+02   1.0497891e+02
   4.4878900e+02   9.2100000e-01   4.4913900e+02   1.0690167e+02
   4.4987300e+02   1.0840000e+00   4.5024900e+02   1.0766511e+02
   4.5086600e+02   9.9300000e-01   4.5127000e+02   1.0769568e+02
   4.5184100e+02   9.7500000e-01   4.5219600e+02   1.0732887e+02
   4.5274100e+02   9.0000000e-01   4.5309000e+02   1.0772550e+02
   4.5357700e+02   8.3700000e-01   4.5394500e+02   1.0940447e+02
   4.5441900e+02   8.4200000e-01   4.5476400e+02   1.1056380e+02
   4.5555400e+02   1.1350000e+00   4.5591800e+02   1.1016717e+02
   4.5666100e+02   1.1080000e+00   4.5705000e+02   1.0818327e+02
   4.5775700e+02   1.0960000e+00   4.5810700e+02   1.0650504e+02
   4.5882000e+02   1.0630000e+00   4.5914500e+02   1.0415508e+02
   4.5977800e+02   9.5800000e-01   4.6011100e+02   1.0302632e+02
   4.6063000e+02   8.5200000e-01   4.6099900e+02   1.0418565e+02
   4.6145900e+02   8.2900000e-01   4.6182500e+02   1.0644391e+02
   4.6235400e+02   8.9500000e-01   4.6272000e+02   1.0858064e+02
   4.6341100e+02   1.0570000e+00   4.6372100e+02   1.0851951e+02
   4.6442800e+02   1.0170000e+00   4.6479300e+02   1.0732887e+02
   4.6538100e+02   9.5300000e-01   4.6574100e+02   1.0690167e+02
   4.6616900e+02   7.8800000e-01   4.6653400e+02   1.0739001e+02
   4.6694400e+02   7.7500000e-01   4.6728900e+02   1.0769568e+02
   4.6776000e+02   8.1600000e-01   4.6809800e+02   1.0693224e+02
   4.6858400e+02   8.2500000e-01   4.6893500e+02   1.0690167e+02
   4.6940800e+02   8.2300000e-01   4.6973600e+02   1.0769568e+02
   4.7051100e+02   1.1030000e+00   4.7085400e+02   1.0607784e+02
   4.7157600e+02   1.0650000e+00   4.7191500e+02   1.0342295e+02
   4.7264400e+02   1.0680000e+00   4.7300400e+02   1.0174473e+02
   4.7360800e+02   9.6300000e-01   4.7392800e+02   1.0092015e+02
   4.7446400e+02   8.5700000e-01   4.7479200e+02   1.0180512e+02
   4.7526500e+02   8.0000000e-01   4.7564600e+02   1.0455171e+02
   4.7619600e+02   9.3100000e-01   4.7652400e+02   1.0693224e+02
   4.7731000e+02   1.1150000e+00   4.7767700e+02   1.0534572e+02
   4.7840900e+02   1.0990000e+00   4.7874600e+02   1.0339239e+02
   4.7948200e+02   1.0730000e+00   4.7980500e+02   1.0131678e+02
   4.8045900e+02   9.7700000e-01   4.8082100e+02   1.0015746e+02
   4.8134200e+02   8.8300000e-01   4.8171700e+02   1.0134735e+02
   4.8231900e+02   9.7600000e-01   4.8267300e+02   1.0342295e+02
   4.8343400e+02   1.1150000e+00   4.8378800e+02   1.0339239e+02
   4.8452100e+02   1.0870000e+00   4.8484800e+02   1.0177455e+02
   4.8551000e+02   9.8900000e-01   4.8582300e+02   1.0174473e+02
   4.8643200e+02   9.2200000e-01   4.8682500e+02   1.0140849e+02
   4.8732300e+02   8.9100000e-01   4.8766600e+02   1.0339239e+02
   4.8829000e+02   9.6700000e-01   4.8864200e+02   1.0500948e+02
   4.8944100e+02   1.1510000e+00   4.8980100e+02   1.0336182e+02
   4.9054800e+02   1.1080000e+00   4.9093000e+02   1.0055409e+02
   4.9153500e+02   9.8700000e-01   4.9186200e+02   9.9364198e+01
   4.9244100e+02   9.0600000e-01   4.9278200e+02   1.0095072e+02
   4.9336600e+02   9.2500000e-01   4.9375600e+02   1.0345352e+02
   4.9441300e+02   1.0470000e+00   4.9476900e+02   1.0299575e+02
   4.9546700e+02   1.0550000e+00   4.9581800e+02   1.0174473e+02
   4.9642900e+02   9.6200000e-01   4.9678000e+02   1.0052352e+02
   4.9731300e+02   8.8400000e-01   4.9766500e+02   1.0174473e+02
   4.9821900e+02   9.0600000e-01   4.9857200e+02   1.0418565e+02
   4.9929300e+02   1.0740000e+00   4.9965100e+02   1.0452114e+02
   5.0034300e+02   1.0490000e+00   5.0071100e+02   1.0391129e+02
   5.0138200e+02   1.0390000e+00   5.0172500e+02   1.0302632e+02
   5.0235200e+02   9.7000000e-01   5.0272800e+02   1.0256856e+02
   5.0324700e+02   8.9500000e-01   5.0363300e+02   1.0424678e+02
   5.0424800e+02   1.0010000e+00   5.0460900e+02   1.0500948e+02
   5.0492400e+02   6.7600000e-01   5.0528100e+02   1.0131678e+02
   5.0615500e+02   1.2310000e+00   5.0651300e+02   1.0259912e+02
   5.0706600e+02   9.1100000e-01   5.0745400e+02   1.0345352e+02
   5.0804300e+02   9.7800000e-01   5.0839800e+02   1.0537628e+02
   5.0897200e+02   9.2800000e-01   5.0934600e+02   1.0610841e+02
   5.0989800e+02   9.2600000e-01   5.1028900e+02   1.0812288e+02
   5.1102300e+02   1.1250000e+00   5.1137800e+02   1.0855008e+02
   5.1213900e+02   1.1150000e+00   5.1253400e+02   1.0729830e+02
   5.1325100e+02   1.1130000e+00   5.1364700e+02   1.0525402e+02
   5.1436100e+02   1.1100000e+00   5.1473500e+02   1.0348409e+02
   5.1547900e+02   1.1180000e+00   5.1582800e+02   1.0092015e+02
   5.1655200e+02   1.0730000e+00   5.1693500e+02   9.9027957e+01
   5.1745300e+02   9.0100000e-01   5.1777600e+02   1.0092015e+02
   5.1827500e+02   8.2200000e-01   5.1865500e+02   1.0421621e+02
   5.1917000e+02   8.9500000e-01   5.1951500e+02   1.0772550e+02
   5.2033800e+02   1.1680000e+00   5.2069600e+02   1.0812288e+02
   5.2144200e+02   1.1040000e+00   5.2180300e+02   1.0769568e+02
   5.2252800e+02   1.0860000e+00   5.2289000e+02   1.0613898e+02
   5.2352800e+02   1.0000000e+00   5.2391500e+02   1.0461285e+02
   5.2442100e+02   8.9300000e-01   5.2477700e+02   1.0464341e+02
   5.2525000e+02   8.2900000e-01   5.2564800e+02   1.0690167e+02
   5.2622700e+02   9.7700000e-01   5.2657800e+02   1.0894671e+02
   5.2735900e+02   1.1310000e+00   5.2770900e+02   1.0769568e+02
   5.2840400e+02   1.0450000e+00   5.2877600e+02   1.0693224e+02
   5.2940400e+02   1.0000000e+00   5.2974900e+02   1.0537628e+02
   5.3035300e+02   9.4900000e-01   5.3074100e+02   1.0418565e+02
   5.3122300e+02   8.7000000e-01   5.3160500e+02   1.0461285e+02
   5.3211700e+02   8.9400000e-01   5.3247000e+02   1.0610841e+02
   5.3316300e+02   1.0450000e+00   5.3347700e+02   1.0580348e+02
   5.3421100e+02   1.0480000e+00   5.3456400e+02   1.0497891e+02
   5.3518700e+02   9.7600000e-01   5.3553100e+02   1.0378902e+02
   5.3606300e+02   8.7700000e-01   5.3643100e+02   1.0418565e+02
   5.3695700e+02   8.9400000e-01   5.3731000e+02   1.0534572e+02
   5.3801700e+02   1.0600000e+00   5.3835800e+02   1.0494909e+02
   5.3908400e+02   1.0670000e+00   5.3943100e+02   1.0259912e+02
   5.4003200e+02   9.4700000e-01   5.4037200e+02   1.0131678e+02
   5.4092300e+02   8.9200000e-01   5.4129100e+02   1.0290405e+02
   5.4189500e+02   9.7100000e-01   5.4225100e+02   1.0415508e+02
   5.4287800e+02   9.8300000e-01   5.4325200e+02   1.0458228e+02
   5.4377800e+02   9.0000000e-01   5.4414000e+02   1.0461285e+02
   5.4463700e+02   8.5900000e-01   5.4501800e+02   1.0613898e+02
   5.4559900e+02   9.6200000e-01   5.4595100e+02   1.0729830e+02
   5.4663500e+02   1.0350000e+00   5.4696900e+02   1.0497891e+02
   5.4757900e+02   9.4500000e-01   5.4793200e+02   1.0342295e+02
   5.4845500e+02   8.7600000e-01   5.4880700e+02   1.0381958e+02
   5.4934600e+02   8.9100000e-01   5.4968100e+02   1.0497891e+02
   5.5033100e+02   9.8500000e-01   5.5067800e+02   1.0494909e+02
   5.5134200e+02   1.0100000e+00   5.5168000e+02   1.0342295e+02
   5.5231200e+02   9.7100000e-01   5.5268100e+02   1.0137792e+02
   5.5318500e+02   8.7300000e-01   5.5352100e+02   1.0217193e+02
   5.5411300e+02   9.2800000e-01   5.5443300e+02   1.0302632e+02
   5.5511700e+02   1.0040000e+00   5.5544000e+02   1.0256856e+02
   5.5608100e+02   9.6400000e-01   5.5642900e+02   1.0171416e+02
   5.5694700e+02   8.6600000e-01   5.5729000e+02   1.0259912e+02
   5.5777300e+02   8.2500000e-01   5.5815500e+02   1.0467398e+02
   5.5857900e+02   8.0600000e-01   5.5896800e+02   1.0812288e+02
   5.5942100e+02   8.4200000e-01   5.5980300e+02   1.1132724e+02
   5.6055500e+02   1.1340000e+00   5.6090800e+02   1.1175443e+02
   5.6167300e+02   1.1170000e+00   5.6205000e+02   1.0983167e+02
   5.6278000e+02   1.1080000e+00   5.6313500e+02   1.0812288e+02
   5.6384600e+02   1.0660000e+00   5.6425200e+02   1.0613898e+02
   5.6480700e+02   9.6000000e-01   5.6516500e+02   1.0537628e+02
   5.6567100e+02   8.6500000e-01   5.6604500e+02   1.0690167e+02
   5.6674000e+02   1.0690000e+00   5.6710600e+02   1.0809231e+02
   5.6780800e+02   1.0670000e+00   5.6816700e+02   1.0693224e+02
   5.6877200e+02   9.6400000e-01   5.6910600e+02   1.0690167e+02
   5.6963700e+02   8.6500000e-01   5.7003300e+02   1.0690167e+02
   5.7046700e+02   8.3000000e-01   5.7083200e+02   1.0897727e+02
   5.7130100e+02   8.3400000e-01   5.7165300e+02   1.1092986e+02
   5.7242200e+02   1.1210000e+00   5.7274800e+02   1.1099100e+02
   5.7351700e+02   1.0960000e+00   5.7384500e+02   1.0855008e+02
   5.7460400e+02   1.0870000e+00   5.7498800e+02   1.0693224e+02
   5.7563700e+02   1.0340000e+00   5.7598800e+02   1.0458228e+02
   5.7662500e+02   9.8800000e-01   5.7698100e+02   1.0381958e+02
   5.7760100e+02   9.7600000e-01   5.7797300e+02   1.0455171e+02
   5.7864200e+02   1.0410000e+00   5.7897700e+02   1.0418565e+02
   5.7965400e+02   1.0120000e+00   5.8001400e+02   1.0378902e+02
   5.8059500e+02   9.4100000e-01   5.8094700e+02   1.0415508e+02
   5.8155300e+02   9.5900000e-01   5.8191000e+02   1.0574235e+02
   5.8252700e+02   9.7300000e-01   5.8284300e+02   1.0613898e+02
   5.8348900e+02   9.6200000e-01   5.8384100e+02   1.0732887e+02
   5.8458300e+02   1.0950000e+00   5.8494200e+02   1.0653561e+02
   5.8568300e+02   1.1000000e+00   5.8602800e+02   1.0455171e+02
   5.8675500e+02   1.0720000e+00   5.8710700e+02   1.0378902e+02
   5.8781800e+02   1.0630000e+00   5.8817000e+02   1.0256856e+02
   5.8882700e+02   1.0090000e+00   5.8921600e+02   1.0137792e+02
   5.8976800e+02   9.4100000e-01   5.9011100e+02   1.0302632e+02
   5.9074400e+02   9.7600000e-01   5.9110200e+02   1.0342295e+02
   5.9173300e+02   9.8900000e-01   5.9207000e+02   1.0342295e+02
   5.9264800e+02   9.1500000e-01   5.9300700e+02   1.0415508e+02
   5.9348600e+02   8.3700000e-01   5.9385100e+02   1.0650504e+02
   5.9431300e+02   8.2700000e-01   5.9468600e+02   1.0815345e+02
   5.9518600e+02   8.7300000e-01   5.9551900e+02   1.1016717e+02
   5.9628200e+02   1.0960000e+00   5.9661700e+02   1.0894671e+02
   5.9733000e+02   1.0480000e+00   5.9768400e+02   1.0732887e+02
   5.9835900e+02   1.0290000e+00   5.9872300e+02   1.0574235e+02
   5.9932500e+02   9.6600000e-01   5.9968300e+02   1.0415508e+02
   6.0022000e+02   8.9500000e-01   6.0061600e+02   1.0494909e+02
   6.0118100e+02   9.6100000e-01   6.0149700e+02   1.0647447e+02
   6.0210300e+02   9.2200000e-01   6.0245600e+02   1.0729830e+02
   6.0302500e+02   9.2200000e-01   6.0336500e+02   1.0891614e+02
   6.0388700e+02   8.6200000e-01   6.0424700e+02   1.0882444e+02
   6.0471800e+02   8.3100000e-01   6.0509900e+02   1.1053323e+02
   6.0564900e+02   9.3100000e-01   6.0603900e+02   1.1092986e+02
   6.0674400e+02   1.0950000e+00   6.0706400e+02   1.1016717e+02
   6.0777500e+02   1.0310000e+00   6.0811900e+02   1.0812288e+02
   6.0870700e+02   9.3200000e-01   6.0905300e+02   1.0778664e+02
   6.0964100e+02   9.3500000e-01   6.1000500e+02   1.0815345e+02
   6.1063300e+02   9.9200000e-01   6.1097400e+02   1.0690167e+02
   6.1155200e+02   9.1900000e-01   6.1191200e+02   1.0610841e+02
   6.1239300e+02   8.4100000e-01   6.1272400e+02   1.0644391e+02
   6.1320400e+02   8.1100000e-01   6.1352500e+02   1.0806174e+02
   6.1407300e+02   8.6900000e-01   6.1441400e+02   1.0937390e+02
   6.1503400e+02   9.6100000e-01   6.1540200e+02   1.0900784e+02
   6.1600700e+02   9.7300000e-01   6.1635400e+02   1.0894671e+02
   6.1692300e+02   9.1700000e-01   6.1727400e+02   1.0851951e+02
   6.1778900e+02   8.6500000e-01   6.1812600e+02   1.0815345e+02
   6.1879000e+02   1.0020000e+00   6.1914800e+02   1.0812288e+02
   6.1984200e+02   1.0520000e+00   6.2019500e+02   1.0613898e+02
   6.2082000e+02   9.7800000e-01   6.2116700e+02   1.0537628e+02
   6.2177600e+02   9.5600000e-01   6.2212700e+02   1.0464341e+02
   6.2269900e+02   9.2300000e-01   6.2301600e+02   1.0534572e+02
   6.2353900e+02   8.3900000e-01   6.2388700e+02   1.0650504e+02
   6.2439700e+02   8.5900000e-01   6.2475700e+02   1.0937390e+02
   6.2537500e+02   9.7800000e-01   6.2573600e+02   1.0977054e+02
   6.2624800e+02   8.7300000e-01   6.2658900e+02   1.0977054e+02
   6.2708800e+02   8.4000000e-01   6.2745600e+02   1.1050266e+02
   6.2806200e+02   9.7400000e-01   6.2844300e+02   1.1092986e+02
   6.2912800e+02   1.0660000e+00   6.2945700e+02   1.0943504e+02
   6.3006800e+02   9.3900000e-01   6.3041700e+02   1.0858064e+02
   6.3095800e+02   8.9100000e-01   6.3130300e+02   1.0894671e+02
   6.3187500e+02   9.1700000e-01   6.3222400e+02   1.0934334e+02
   6.3285000e+02   9.7400000e-01   6.3317200e+02   1.0855008e+02
   6.3373100e+02   8.8100000e-01   6.3410300e+02   1.0848894e+02
   6.3461400e+02   8.8400000e-01   6.3495800e+02   1.0937390e+02
   6.3562000e+02   1.0050000e+00   6.3596600e+02   1.0855008e+02
   6.3656900e+02   9.5000000e-01   6.3693100e+02   1.0687111e+02
   6.3742500e+02   8.5600000e-01   6.3775600e+02   1.0766511e+02
   6.3836800e+02   9.4300000e-01   6.3872400e+02   1.0812288e+02
   6.3943200e+02   1.0640000e+00   6.3975100e+02   1.0818327e+02
   6.4044700e+02   1.0150000e+00   6.4077100e+02   1.0723791e+02
   6.4135900e+02   9.1200000e-01   6.4171700e+02   1.0650504e+02
   6.4221500e+02   8.5600000e-01   6.4257000e+02   1.0769568e+02
   6.4305800e+02   8.4300000e-01   6.4343000e+02   1.0934334e+02
   6.4401700e+02   9.5900000e-01   6.4433000e+02   1.1013660e+02
   6.4512200e+02   1.1050000e+00   6.4543800e+02   1.0894671e+02
   6.4611000e+02   9.8800000e-01   6.4645900e+02   1.0735944e+02
   6.4705000e+02   9.4000000e-01   6.4743200e+02   1.0772550e+02
   6.4807000e+02   1.0200000e+00   6.4841100e+02   1.0766511e+02
   6.4909600e+02   1.0260000e+00   6.4943200e+02   1.0610841e+02
   6.5000400e+02   9.0800000e-01   6.5035200e+02   1.0537628e+02
   6.5082700e+02   8.2300000e-01   6.5116100e+02   1.0644391e+02
   6.5161600e+02   7.8800000e-01   6.5193300e+02   1.0900784e+02
   6.5259900e+02   9.8300000e-01   6.5292000e+02   1.1016717e+02
   6.5371000e+02   1.1110000e+00   6.5403200e+02   1.0851951e+02
   6.5475000e+02   1.0390000e+00   6.5508700e+02   1.0732887e+02
   6.5566200e+02   9.1300000e-01   6.5602000e+02   1.0726774e+02
   6.5668100e+02   1.0190000e+00   6.5703600e+02   1.0693224e+02
   6.5770400e+02   1.0230000e+00   6.5804500e+02   1.0540685e+02
   6.5862000e+02   9.1600000e-01   6.5896100e+02   1.0504004e+02
   6.5951700e+02   8.9700000e-01   6.5984200e+02   1.0650504e+02
   6.6054200e+02   1.0240000e+00   6.6087200e+02   1.0607784e+02
   6.6148500e+02   9.4300000e-01   6.6182100e+02   1.0574235e+02
   6.6235400e+02   8.6900000e-01   6.6272600e+02   1.0687111e+02
   6.6327600e+02   9.2200000e-01   6.6359500e+02   1.0815345e+02
   6.6439100e+02   1.1150000e+00   6.6472900e+02   1.0772550e+02
   6.6540100e+02   1.0100000e+00   6.6574800e+02   1.0537628e+02
   6.6634400e+02   9.4200000e-01   6.6670900e+02   1.0540685e+02
   6.6734000e+02   9.9600000e-01   6.6767500e+02   1.0574235e+02
   6.6828800e+02   9.4800000e-01   6.6863000e+02   1.0537628e+02
   6.6918700e+02   8.9900000e-01   6.6954400e+02   1.0613898e+02
   6.7015400e+02   9.6700000e-01   6.7047600e+02   1.0650504e+02
   6.7125000e+02   1.0960000e+00   6.7161600e+02   1.0504004e+02
   6.7217600e+02   9.2600000e-01   6.7251600e+02   1.0467398e+02
   6.7310000e+02   9.2300000e-01   6.7343600e+02   1.0534572e+02
   6.7409000e+02   9.9000000e-01   6.7442400e+02   1.0610841e+02
   6.7503800e+02   9.4800000e-01   6.7540300e+02   1.0574235e+02
   6.7596700e+02   9.2900000e-01   6.7634400e+02   1.0574235e+02
   6.7704600e+02   1.0800000e+00   6.7742500e+02   1.0540685e+02
   6.7809800e+02   1.0520000e+00   6.7844200e+02   1.0458228e+02
   6.7903600e+02   9.3800000e-01   6.7940500e+02   1.0418565e+02
   6.7999800e+02   9.6200000e-01   6.8035200e+02   1.0537628e+02
   6.8100900e+02   1.0100000e+00   6.8132600e+02   1.0464341e+02
   6.8192700e+02   9.1800000e-01   6.8227100e+02   1.0461285e+02
   6.8287300e+02   9.4600000e-01   6.8325400e+02   1.0616955e+02
   6.8389700e+02   1.0240000e+00   6.8424800e+02   1.0613898e+02
   6.8482000e+02   9.2300000e-01   6.8516600e+02   1.0571178e+02
   6.8572500e+02   9.0500000e-01   6.8606100e+02   1.0653561e+02
   6.8670600e+02   9.8100000e-01   6.8703800e+02   1.0613898e+02
   6.8768100e+02   9.7500000e-01   6.8801500e+02   1.0528458e+02
   6.8857400e+02   8.9300000e-01   6.8893400e+02   1.0534572e+02
   6.8956200e+02   9.8800000e-01   6.8993500e+02   1.0543667e+02
   6.9052900e+02   9.6600000e-01   6.9090200e+02   1.0461285e+02
   6.9141000e+02   8.8200000e-01   6.9174900e+02   1.0571178e+02
   6.9237000e+02   9.6000000e-01   6.9271000e+02   1.0574235e+02
   6.9332300e+02   9.5300000e-01   6.9368200e+02   1.0418565e+02
   6.9422600e+02   9.0300000e-01   6.9459200e+02   1.0418565e+02
   6.9503700e+02   8.1100000e-01   6.9539700e+02   1.0583405e+02
   6.9612700e+02   1.0900000e+00   6.9644400e+02   1.0644391e+02
   6.9721000e+02   1.0830000e+00   6.9754700e+02   1.0537628e+02
   6.9819300e+02   9.8300000e-01   6.9855100e+02   1.0497891e+02
   6.9906700e+02   8.7400000e-01   6.9940300e+02   1.0580348e+02
   6.9997800e+02   9.1100000e-01   7.0031900e+02   1.0732887e+02
   7.0096200e+02   9.8400000e-01   7.0132300e+02   1.0732887e+02
   7.0186000e+02   8.9800000e-01   7.0223800e+02   1.0769568e+02
   7.0285900e+02   9.9900000e-01   7.0320400e+02   1.0815345e+02
   7.0384300e+02   9.8500000e-01   7.0424200e+02   1.0723791e+02
   7.0485700e+02   1.0140000e+00   7.0523400e+02   1.0613898e+02
   7.0578200e+02   9.2500000e-01   7.0616900e+02   1.0610841e+02
   7.0679700e+02   1.0150000e+00   7.0711300e+02   1.0693224e+02
   7.0787300e+02   1.0760000e+00   7.0824000e+02   1.0613898e+02
   7.0893100e+02   1.0580000e+00   7.0931300e+02   1.0464341e+02
   7.0990900e+02   9.7900000e-01   7.1026500e+02   1.0418565e+02
   7.1095000e+02   1.0400000e+00   7.1127800e+02   1.0421621e+02
   7.1194100e+02   9.9100000e-01   7.1228200e+02   1.0415508e+02
   7.1284600e+02   9.0500000e-01   7.1320200e+02   1.0580348e+02
   7.1379300e+02   9.4700000e-01   7.1414000e+02   1.0778664e+02
   7.1485900e+02   1.0670000e+00   7.1522500e+02   1.0809231e+02
   7.1580100e+02   9.4200000e-01   7.1612800e+02   1.0729830e+02
   7.1670200e+02   9.0000000e-01   7.1706600e+02   1.0851951e+02
   7.1770700e+02   1.0060000e+00   7.1803300e+02   1.0894671e+02
   7.1869800e+02   9.9000000e-01   7.1905400e+02   1.0766511e+02
   7.1970200e+02   1.0040000e+00   7.2008000e+02   1.0690167e+02
   7.2061700e+02   9.1500000e-01   7.2097500e+02   1.0687111e+02
   7.2160100e+02   9.8500000e-01   7.2193500e+02   1.0775607e+02
   7.2262300e+02   1.0220000e+00   7.2296300e+02   1.0766511e+02
   7.2363500e+02   1.0120000e+00   7.2400800e+02   1.0693224e+02
   7.2454800e+02   9.1300000e-01   7.2490900e+02   1.0726774e+02
   7.2539400e+02   8.4600000e-01   7.2575500e+02   1.0778664e+02
   7.2624500e+02   8.5100000e-01   7.2657500e+02   1.0973997e+02
   7.2737500e+02   1.1300000e+00   7.2773400e+02   1.0855008e+02
   7.2845800e+02   1.0830000e+00   7.2880700e+02   1.0647447e+02
   7.2945500e+02   9.9600000e-01   7.2981200e+02   1.0574235e+02
   7.3049300e+02   1.0380000e+00   7.3082900e+02   1.0537628e+02
   7.3150400e+02   1.0110000e+00   7.3184200e+02   1.0378902e+02
   7.3243000e+02   9.2600000e-01   7.3277500e+02   1.0375845e+02
   7.3330200e+02   8.7200000e-01   7.3364800e+02   1.0497891e+02
   7.3420700e+02   9.0500000e-01   7.3452600e+02   1.0574235e+02
   7.3529700e+02   1.0900000e+00   7.3563600e+02   1.0497891e+02
   7.3632200e+02   1.0250000e+00   7.3664700e+02   1.0375845e+02
   7.3730300e+02   9.8100000e-01   7.3763600e+02   1.0256856e+02
   7.3817000e+02   8.6700000e-01   7.3851300e+02   1.0217193e+02
   7.3901000e+02   8.4000000e-01   7.3935600e+02   1.0418565e+02
   7.4004500e+02   1.0360000e+00   7.4037600e+02   1.0378902e+02
   7.4113000e+02   1.0840000e+00   7.4144400e+02   1.0208022e+02
   7.4215300e+02   1.0240000e+00   7.4247600e+02   1.0088959e+02
   7.4316100e+02   1.0080000e+00   7.4347800e+02   1.0012689e+02
   7.4419900e+02   1.0380000e+00   7.4452300e+02   9.9303063e+01
   7.4516700e+02   9.6800000e-01   7.4553100e+02   1.0046239e+02
   7.4601900e+02   8.5200000e-01   7.4637500e+02   1.0375845e+02
   7.4703500e+02   1.0160000e+00   7.4737000e+02   1.0571178e+02
   7.4816800e+02   1.1320000e+00   7.4851700e+02   1.0497891e+02
   7.4926500e+02   1.0970000e+00   7.4963300e+02   1.0339239e+02
   7.5038000e+02   1.1160000e+00   7.5072200e+02   1.0253799e+02
   7.5136800e+02   9.8800000e-01   7.5171800e+02   1.0134735e+02
   7.5227300e+02   9.0400000e-01   7.5262900e+02   1.0375845e+02
   7.5333700e+02   1.0650000e+00   7.5367100e+02   1.0497891e+02
   7.5442500e+02   1.0880000e+00   7.5477300e+02   1.0534572e+02
   7.5541400e+02   9.8900000e-01   7.5577700e+02   1.0574235e+02
   7.5631700e+02   9.0200000e-01   7.5665700e+02   1.0693224e+02
   7.5722600e+02   9.1000000e-01   7.5759300e+02   1.0848894e+02
   7.5825300e+02   1.0260000e+00   7.5861700e+02   1.0894671e+02
   7.5937100e+02   1.1180000e+00   7.5972800e+02   1.0720735e+02
   7.6043200e+02   1.0610000e+00   7.6079600e+02   1.0571178e+02
   7.6142100e+02   9.9000000e-01   7.6178400e+02   1.0494909e+02
   7.6236600e+02   9.4500000e-01   7.6270900e+02   1.0613898e+02
   7.6342900e+02   1.0630000e+00   7.6377500e+02   1.0571178e+02
   7.6438200e+02   9.5200000e-01   7.6473700e+02   1.0455171e+02
   7.6529800e+02   9.1600000e-01   7.6565600e+02   1.0610841e+02
   7.6635700e+02   1.0600000e+00   7.6668000e+02   1.0613898e+02
   7.6731000e+02   9.5300000e-01   7.6766100e+02   1.0574235e+02
   7.6825200e+02   9.4200000e-01   7.6863400e+02   1.0732887e+02
   7.6926300e+02   1.0100000e+00   7.6960700e+02   1.0772550e+02
   7.7022300e+02   9.6000000e-01   7.7055500e+02   1.0775607e+02
   7.7116800e+02   9.4500000e-01   7.7153600e+02   1.0772550e+02
   7.7222600e+02   1.0580000e+00   7.7255900e+02   1.0693224e+02
   7.7324000e+02   1.0140000e+00   7.7358800e+02   1.0497891e+02
   7.7415800e+02   9.1800000e-01   7.7453500e+02   1.0537628e+02
   7.7513800e+02   9.8100000e-01   7.7545500e+02   1.0574235e+02
   7.7612700e+02   9.8900000e-01   7.7644900e+02   1.0491852e+02
   7.7701700e+02   8.8900000e-01   7.7737400e+02   1.0574235e+02
   7.7792200e+02   9.0500000e-01   7.7827300e+02   1.0729830e+02
   7.7893900e+02   1.0170000e+00   7.7927900e+02   1.0720735e+02
   7.7988400e+02   9.4500000e-01   7.8024200e+02   1.0726774e+02
   7.8085900e+02   9.7500000e-01   7.8120100e+02   1.0732887e+02
   7.8184500e+02   9.8600000e-01   7.8216300e+02   1.0650504e+02
   7.8276600e+02   9.2100000e-01   7.8309500e+02   1.0647447e+02
   7.8375000e+02   9.8400000e-01   7.8407100e+02   1.0647447e+02
   7.8471200e+02   9.6200000e-01   7.8505500e+02   1.0494909e+02
   7.8559600e+02   8.8400000e-01   7.8595600e+02   1.0537628e+02
   7.8647000e+02   8.7400000e-01   7.8680200e+02   1.0693224e+02
   7.8743400e+02   9.6500000e-01   7.8774400e+02   1.0766511e+02
   7.8834500e+02   9.1100000e-01   7.8870000e+02   1.0690167e+02
   7.8919500e+02   8.5000000e-01   7.8953600e+02   1.0769568e+02
   7.9021800e+02   1.0230000e+00   7.9054300e+02   1.0732887e+02
   7.9119000e+02   9.7200000e-01   7.9154600e+02   1.0644391e+02
   7.9205400e+02   8.6400000e-01   7.9241400e+02   1.0684054e+02
   7.9289100e+02   8.3700000e-01   7.9324300e+02   1.0726774e+02
   7.9372100e+02   8.2900000e-01   7.9409700e+02   1.0900784e+02
   7.9485300e+02   1.1320000e+00   7.9523000e+02   1.0897727e+02
   7.9594300e+02   1.0900000e+00   7.9629600e+02   1.0647447e+02
   7.9692500e+02   9.8300000e-01   7.9727600e+02   1.0565065e+02
   7.9782200e+02   8.9700000e-01   7.9815900e+02   1.0684054e+02
   7.9882400e+02   1.0020000e+00   7.9915800e+02   1.0726774e+02
   7.9979200e+02   9.6700000e-01   8.0011100e+02   1.0732887e+02
   8.0064800e+02   8.5600000e-01   8.0103600e+02   1.0855008e+02
   8.0160800e+02   9.6000000e-01   8.0200400e+02   1.0897727e+02
   8.0264500e+02   1.0370000e+00   8.0300700e+02   1.0815345e+02
   8.0356500e+02   9.2000000e-01   8.0391200e+02   1.0778664e+02
   8.0450700e+02   9.4200000e-01   8.0483700e+02   1.0851951e+02
   8.0553200e+02   1.0250000e+00   8.0586700e+02   1.0775607e+02
   8.0645700e+02   9.2500000e-01   8.0682100e+02   1.0693224e+02
   8.0742500e+02   9.6800000e-01   8.0776000e+02   1.0815345e+02
   8.0847800e+02   1.0530000e+00   8.0882000e+02   1.0729830e+02
   8.0943000e+02   9.5200000e-01   8.0977200e+02   1.0607784e+02
   8.1030100e+02   8.7100000e-01   8.1065200e+02   1.0763455e+02
   8.1125800e+02   9.5700000e-01   8.1156800e+02   1.0851951e+02
   8.1228400e+02   1.0260000e+00   8.1261800e+02   1.0851951e+02
   8.1322400e+02   9.4000000e-01   8.1357000e+02   1.0845837e+02
   8.1411700e+02   8.9300000e-01   8.1445800e+02   1.0851951e+02
   8.1496500e+02   8.4800000e-01   8.1532600e+02   1.0931277e+02
   8.1605000e+02   1.0860000e+00   8.1636900e+02   1.0888557e+02
   8.1718200e+02   1.1310000e+00   8.1751400e+02   1.0693224e+02
   8.1823000e+02   1.0480000e+00   8.1856100e+02   1.0568121e+02
   8.1916400e+02   9.3300000e-01   8.1951500e+02   1.0574235e+02
   8.2009100e+02   9.2800000e-01   8.2043600e+02   1.0647447e+02
   8.2106600e+02   9.7500000e-01   8.2142400e+02   1.0693224e+02
   8.2194200e+02   8.7500000e-01   8.2228300e+02   1.0775607e+02
   8.2281900e+02   8.7800000e-01   8.2315700e+02   1.0891614e+02
   8.2359200e+02   7.7300000e-01   8.2395000e+02   1.0894671e+02
   8.2436300e+02   7.7100000e-01   8.2470600e+02   1.0967883e+02
   8.2515400e+02   7.9100000e-01   8.2549000e+02   1.0973997e+02
   8.2591700e+02   7.6300000e-01   8.2627100e+02   1.1010603e+02
   8.2675500e+02   8.3800000e-01   8.2710700e+02   1.1092986e+02
   8.2785600e+02   1.1010000e+00   8.2818100e+02   1.0934334e+02
   8.2892300e+02   1.0670000e+00   8.2926600e+02   1.0607784e+02
   8.2987300e+02   9.5100000e-01   8.3020600e+02   1.0537628e+02
   8.3080400e+02   9.3100000e-01   8.3111700e+02   1.0568121e+02
   8.3178000e+02   9.7600000e-01   8.3209800e+02   1.0497891e+02
   8.3267700e+02   8.9700000e-01   8.3300600e+02   1.0500948e+02
   8.3351800e+02   8.4100000e-01   8.3387500e+02   1.0644391e+02
   8.3435700e+02   8.3900000e-01   8.3471300e+02   1.0769568e+02
   8.3526300e+02   9.0600000e-01   8.3560800e+02   1.0855008e+02
   8.3641100e+02   1.1480000e+00   8.3672000e+02   1.0769568e+02
   8.3748600e+02   1.0750000e+00   8.3780300e+02   1.0537628e+02
   8.3847500e+02   9.8900000e-01   8.3880500e+02   1.0534572e+02
   8.3951300e+02   1.0380000e+00   8.3983700e+02   1.0494909e+02
   8.4055100e+02   1.0380000e+00   8.4088200e+02   1.0375845e+02
   8.4144200e+02   8.9100000e-01   8.4177800e+02   1.0342295e+02
   8.4227200e+02   8.3000000e-01   8.4261000e+02   1.0577292e+02
   8.4317300e+02   9.0200000e-01   8.4354300e+02   1.0940447e+02
   8.4420200e+02   1.0290000e+00   8.4455000e+02   1.1056380e+02
   8.4512400e+02   9.2100000e-01   8.4549900e+02   1.1096043e+02
   8.4605700e+02   9.3300000e-01   8.4643100e+02   1.1212050e+02
   8.4719300e+02   1.1360000e+00   8.4753400e+02   1.1096043e+02
   8.4826500e+02   1.0720000e+00   8.4862000e+02   1.0894671e+02
   8.4923800e+02   9.7300000e-01   8.4957900e+02   1.0891614e+02
   8.5028500e+02   1.0470000e+00   8.5061000e+02   1.0809231e+02
   8.5128800e+02   1.0020000e+00   8.5163500e+02   1.0607784e+02
   8.5219600e+02   9.0800000e-01   8.5255600e+02   1.0650504e+02
   8.5321900e+02   1.0240000e+00   8.5355700e+02   1.0726774e+02
   8.5425000e+02   1.0310000e+00   8.5458900e+02   1.0650504e+02
   8.5517900e+02   9.2900000e-01   8.5551700e+02   1.0690167e+02
   8.5620500e+02   1.0250000e+00   8.5652300e+02   1.0772550e+02
   8.5720400e+02   9.9900000e-01   8.5754300e+02   1.0687111e+02
   8.5813300e+02   9.2900000e-01   8.5849100e+02   1.0653561e+02
   8.5907600e+02   9.4200000e-01   8.5943800e+02   1.0693224e+02
   8.6007700e+02   1.0010000e+00   8.6041900e+02   1.0693224e+02
   8.6098600e+02   9.0900000e-01   8.6132300e+02   1.0723791e+02
   8.6187000e+02   8.8500000e-01   8.6226700e+02   1.0891614e+02
   8.6289600e+02   1.0260000e+00   8.6326500e+02   1.0894671e+02
   8.6388800e+02   9.9200000e-01   8.6424700e+02   1.0726774e+02
   8.6476200e+02   8.7400000e-01   8.6511200e+02   1.0815345e+02
   8.6570700e+02   9.4500000e-01   8.6606100e+02   1.0940447e+02
   8.6676200e+02   1.0550000e+00   8.6708900e+02   1.0812288e+02
   8.6775000e+02   9.8700000e-01   8.6811200e+02   1.0775607e+02
   8.6867500e+02   9.2600000e-01   8.6900000e+02   1.0772550e+02
   8.6953300e+02   8.5800000e-01   8.6988900e+02   1.0855008e+02
   8.7057700e+02   1.0440000e+00   8.7089500e+02   1.0858064e+02
   8.7160100e+02   1.0240000e+00   8.7192900e+02   1.0687111e+02
   8.7249800e+02   8.9700000e-01   8.7283500e+02   1.0656618e+02
   8.7335600e+02   8.5800000e-01   8.7370800e+02   1.0726774e+02
   8.7421900e+02   8.6200000e-01   8.7456200e+02   1.0894671e+02
   8.7533700e+02   1.1180000e+00   8.7565500e+02   1.0937390e+02
   8.7640400e+02   1.0670000e+00   8.7674900e+02   1.0815345e+02
   8.7733000e+02   9.2600000e-01   8.7767700e+02   1.0812288e+02
   8.7828800e+02   9.5700000e-01   8.7862500e+02   1.0943504e+02
   8.7937200e+02   1.0850000e+00   8.7972500e+02   1.0937390e+02
   8.8038400e+02   1.0110000e+00   8.8073100e+02   1.0769568e+02
   8.8134600e+02   9.6200000e-01   8.8171100e+02   1.0855008e+02
   8.8224300e+02   8.9700000e-01   8.8257300e+02   1.0934334e+02
   8.8333700e+02   1.0950000e+00   8.8365800e+02   1.0937390e+02
   8.8440900e+02   1.0720000e+00   8.8477900e+02   1.0937390e+02
   8.8535400e+02   9.4400000e-01   8.8571900e+02   1.0815345e+02
   8.8634400e+02   9.9000000e-01   8.8667200e+02   1.0973997e+02
   8.8740400e+02   1.0600000e+00   8.8774700e+02   1.0848894e+02
   8.8835900e+02   9.5500000e-01   8.8870800e+02   1.0729830e+02
   8.8924000e+02   8.8100000e-01   8.8957300e+02   1.0726774e+02
   8.9019200e+02   9.5200000e-01   8.9052900e+02   1.0894671e+02
   8.9128600e+02   1.0940000e+00   8.9161400e+02   1.0729830e+02
   8.9234100e+02   1.0550000e+00   8.9268600e+02   1.0571178e+02
   8.9343300e+02   1.0920000e+00   8.9376200e+02   1.0610841e+02
   8.9456900e+02   1.1360000e+00   8.9491600e+02   1.0415508e+02
   8.9561000e+02   1.0410000e+00   8.9594200e+02   1.0491852e+02
   8.9655200e+02   9.4200000e-01   8.9690900e+02   1.0546724e+02
   8.9766100e+02   1.1090000e+00   8.9802500e+02   1.0613898e+02
   8.9877400e+02   1.1130000e+00   8.9913000e+02   1.0540685e+02
   8.9976600e+02   9.9200000e-01   9.0013300e+02   1.0415508e+02
   9.0064500e+02   8.7900000e-01   9.0098400e+02   1.0650504e+02
   9.0154100e+02   8.9600000e-01   9.0190500e+02   1.0897727e+02
   9.0268400e+02   1.1430000e+00   9.0301300e+02   1.0940447e+02
   9.0374000e+02   1.0550000e+00   9.0410600e+02   1.0845837e+02
   9.0474100e+02   1.0010000e+00   9.0509500e+02   1.0855008e+02
   9.0579200e+02   1.0510000e+00   9.0615700e+02   1.0897727e+02
   9.0690900e+02   1.1170000e+00   9.0725800e+02   1.0772550e+02
   9.0795200e+02   1.0430000e+00   9.0832500e+02   1.0687111e+02
   9.0897500e+02   1.0230000e+00   9.0931700e+02   1.0723791e+02
   9.1007000e+02   1.0960000e+00   9.1039500e+02   1.0729830e+02
   9.1104000e+02   9.7000000e-01   9.1138900e+02   1.0729830e+02
   9.1201900e+02   9.7900000e-01   9.1238900e+02   1.0855008e+02
