   4.8481000e+01   8.5300000e-01   4.8798000e+01   9.5488132e+01
   4.9395000e+01   9.1300000e-01   4.9718000e+01   9.7442091e+01
   5.0352000e+01   9.5800000e-01   5.0678000e+01   9.5031211e+01
   5.1230000e+01   8.7700000e-01   5.1577000e+01   9.2131841e+01
   5.2069000e+01   8.4000000e-01   5.2393000e+01   9.7442091e+01
   5.2968000e+01   8.9900000e-01   5.3293000e+01   9.7044985e+01
   5.3862000e+01   8.9400000e-01   5.4167000e+01   9.8448978e+01
   5.4668000e+01   8.0600000e-01   5.5027000e+01   9.8875992e+01
   5.5486000e+01   8.1900000e-01   5.5813000e+01   9.9577157e+01
   5.6364000e+01   8.7800000e-01   5.6684000e+01   9.9517342e+01
   5.7309000e+01   9.4400000e-01   5.7634000e+01   9.8814515e+01
   5.8148000e+01   8.3900000e-01   5.8477000e+01   9.9150144e+01
   5.9021000e+01   8.7300000e-01   5.9374000e+01   9.9273097e+01
   5.9940000e+01   9.1900000e-01   6.0271000e+01   9.7928919e+01
   6.0788000e+01   8.4900000e-01   6.1115000e+01   9.6862217e+01
   6.1617000e+01   8.2800000e-01   6.1942000e+01   9.8661654e+01
   6.2528000e+01   9.1200000e-01   6.2855000e+01   9.8387502e+01
   6.3495000e+01   9.6700000e-01   6.3801000e+01   9.7563383e+01
   6.4400000e+01   9.0500000e-01   6.4736000e+01   9.7227754e+01
   6.5314000e+01   9.1400000e-01   6.5639000e+01   9.7289230e+01
   6.6284000e+01   9.6900000e-01   6.6640000e+01   9.4419768e+01
   6.7251000e+01   9.6700000e-01   6.7595000e+01   9.4572629e+01
   6.8132000e+01   8.8200000e-01   6.8475000e+01   9.4938165e+01
   6.8987000e+01   8.5400000e-01   6.9341000e+01   9.3992755e+01
   6.9872000e+01   8.8500000e-01   7.0209000e+01   9.3504265e+01
   7.0749000e+01   8.7700000e-01   7.1071000e+01   9.6403635e+01
   7.1549000e+01   8.0000000e-01   7.1886000e+01   9.4389860e+01
   7.2406000e+01   8.5700000e-01   7.2733000e+01   9.6770833e+01
   7.3338000e+01   9.3100000e-01   7.3662000e+01   9.6770833e+01
   7.4272000e+01   9.3400000e-01   7.4602000e+01   9.5853668e+01
   7.5121000e+01   8.4900000e-01   7.5471000e+01   9.5579516e+01
   7.5989000e+01   8.6700000e-01   7.6330000e+01   9.6862217e+01
   7.6922000e+01   9.3300000e-01   7.7260000e+01   9.5762284e+01
   7.7878000e+01   9.5600000e-01   7.8213000e+01   9.3504265e+01
   7.8721000e+01   8.4300000e-01   7.9053000e+01   9.4298476e+01
   7.9557000e+01   8.3600000e-01   7.9880000e+01   9.3748510e+01
   8.0430000e+01   8.7300000e-01   8.0772000e+01   9.7593290e+01
   8.1353000e+01   9.2400000e-01   8.1681000e+01   9.5031211e+01
   8.2225000e+01   8.7100000e-01   8.2573000e+01   9.5091026e+01
   8.3023000e+01   7.9800000e-01   8.3351000e+01   9.6739264e+01
   8.3833000e+01   8.1000000e-01   8.4158000e+01   9.7197846e+01
   8.4737000e+01   9.0400000e-01   8.5080000e+01   9.7197846e+01
   8.5739000e+01   1.0020000e+00   8.6098000e+01   9.5182410e+01
   8.6718000e+01   9.7800000e-01   8.7066000e+01   9.5853668e+01
   8.7630000e+01   9.1200000e-01   8.7964000e+01   9.2376086e+01
   8.8487000e+01   8.5700000e-01   8.8822000e+01   9.5670900e+01
   8.9383000e+01   8.9600000e-01   8.9721000e+01   9.5640993e+01
   9.0305000e+01   9.2200000e-01   9.0641000e+01   9.4266907e+01
   9.1172000e+01   8.6700000e-01   9.1498000e+01   9.7106462e+01
   9.1987000e+01   8.1500000e-01   9.2308000e+01   9.5915145e+01
   9.2841000e+01   8.5500000e-01   9.3168000e+01   9.6433542e+01
   9.3780000e+01   9.3900000e-01   9.4106000e+01   9.7654767e+01
   9.4748000e+01   9.6800000e-01   9.5048000e+01   9.5579516e+01
   9.5672000e+01   9.2400000e-01   9.6010000e+01   9.2405994e+01
   9.6523000e+01   8.5100000e-01   9.6887000e+01   9.1643351e+01
   9.7378000e+01   8.5500000e-01   9.7671000e+01   9.5122595e+01
   9.8282000e+01   9.0400000e-01   9.8613000e+01   9.3412881e+01
   9.9209000e+01   9.2600000e-01   9.9532000e+01   9.3200205e+01
   1.0010000e+02   8.9100000e-01   1.0040700e+02   9.4634105e+01
   1.0094400e+02   8.4400000e-01   1.0127600e+02   9.3504265e+01
   1.0176900e+02   8.2500000e-01   1.0211700e+02   9.3962847e+01
   1.0265200e+02   8.8300000e-01   1.0297800e+02   9.5152503e+01
   1.0361400e+02   9.6200000e-01   1.0397800e+02   9.2008888e+01
   1.0462300e+02   1.0090000e+00   1.0496400e+02   9.5488132e+01
   1.0556600e+02   9.4200000e-01   1.0591700e+02   9.1184769e+01
   1.0640600e+02   8.4100000e-01   1.0673800e+02   9.3565742e+01
   1.0726600e+02   8.6000000e-01   1.0759800e+02   9.5122595e+01
   1.0818800e+02   9.2100000e-01   1.0850500e+02   9.4755397e+01
   1.0912800e+02   9.4100000e-01   1.0947600e+02   9.5061119e+01
   1.0997800e+02   8.5000000e-01   1.1032500e+02   9.4359953e+01
   1.1079900e+02   8.2100000e-01   1.1113000e+02   9.6862217e+01
   1.1170400e+02   9.0500000e-01   1.1207300e+02   9.7380614e+01
   1.1266200e+02   9.5800000e-01   1.1296500e+02   9.5640993e+01
   1.1353600e+02   8.7400000e-01   1.1390500e+02   9.2803099e+01
   1.1435800e+02   8.2200000e-01   1.1469300e+02   9.4725489e+01
   1.1523000e+02   8.7200000e-01   1.1557300e+02   9.5518039e+01
   1.1613700e+02   9.0700000e-01   1.1645000e+02   9.4786966e+01
   1.1704200e+02   9.0600000e-01   1.1737200e+02   9.3474357e+01
   1.1787300e+02   8.3100000e-01   1.1820500e+02   9.3412881e+01
   1.1868300e+02   8.1000000e-01   1.1901300e+02   9.2803099e+01
   1.1952500e+02   8.4200000e-01   1.1987400e+02   9.5182410e+01
   1.2045600e+02   9.3000000e-01   1.2079300e+02   9.4389860e+01
   1.2139500e+02   9.4000000e-01   1.2175400e+02   9.5213979e+01
   1.2223600e+02   8.4000000e-01   1.2259200e+02   9.5611085e+01
   1.2310600e+02   8.7000000e-01   1.2346000e+02   9.7990396e+01
   1.2405100e+02   9.4500000e-01   1.2438200e+02   9.6220867e+01
   1.2504300e+02   9.9300000e-01   1.2537500e+02   9.3992755e+01
   1.2594700e+02   9.0400000e-01   1.2628700e+02   9.2588762e+01
   1.2677400e+02   8.2600000e-01   1.2710000e+02   9.3871463e+01
   1.2764600e+02   8.7300000e-01   1.2796400e+02   9.4695582e+01
   1.2853500e+02   8.8900000e-01   1.2884100e+02   9.4359953e+01
   1.2939100e+02   8.5600000e-01   1.2975000e+02   9.1002001e+01
   1.3017700e+02   7.8600000e-01   1.3049300e+02   9.3809986e+01
   1.3094600e+02   7.6900000e-01   1.3128100e+02   9.4664013e+01
   1.3175600e+02   8.1000000e-01   1.3208200e+02   9.4786966e+01
   1.3267300e+02   9.1700000e-01   1.3298900e+02   9.6312251e+01
   1.3359800e+02   9.2400000e-01   1.3392200e+02   9.2771530e+01
   1.3448700e+02   8.8900000e-01   1.3482200e+02   9.2344517e+01
   1.3531200e+02   8.2500000e-01   1.3565000e+02   8.9842253e+01
   1.3613600e+02   8.2500000e-01   1.3646700e+02   9.3871463e+01
   1.3700200e+02   8.6600000e-01   1.3732100e+02   9.3871463e+01
   1.3795300e+02   9.5100000e-01   1.3828100e+02   9.3412881e+01
   1.3891100e+02   9.5800000e-01   1.3928700e+02   8.9629577e+01
   1.3982600e+02   9.1500000e-01   1.4016200e+02   9.2985868e+01
   1.4064200e+02   8.1600000e-01   1.4096900e+02   9.3565742e+01
   1.4143000e+02   7.8800000e-01   1.4176800e+02   9.5213979e+01
   1.4223200e+02   8.0200000e-01   1.4256900e+02   9.4786966e+01
   1.4312600e+02   8.9400000e-01   1.4345000e+02   9.2405994e+01
   1.4408000e+02   9.5400000e-01   1.4437600e+02   9.4207092e+01
   1.4502500e+02   9.4500000e-01   1.4537700e+02   9.2223225e+01
   1.4589800e+02   8.7300000e-01   1.4622900e+02   9.2344517e+01
   1.4678300e+02   8.8500000e-01   1.4711500e+02   9.0453696e+01
   1.4771800e+02   9.3500000e-01   1.4803000e+02   9.2376086e+01
   1.4868200e+02   9.6400000e-01   1.4899900e+02   8.9536531e+01
   1.4959800e+02   9.1600000e-01   1.4995600e+02   9.0025021e+01
   1.5043500e+02   8.3800000e-01   1.5077000e+02   9.1460583e+01
   1.5128400e+02   8.4900000e-01   1.5160900e+02   9.2955960e+01
   1.5218400e+02   9.0000000e-01   1.5250700e+02   9.4237000e+01
   1.5311000e+02   9.2500000e-01   1.5344500e+02   9.4572629e+01
   1.5399900e+02   8.8900000e-01   1.5433700e+02   9.4846781e+01
   1.5482400e+02   8.2600000e-01   1.5515700e+02   9.3901371e+01
   1.5565000e+02   8.2600000e-01   1.5601600e+02   9.3504265e+01
   1.5655100e+02   9.0100000e-01   1.5687900e+02   9.3504265e+01
   1.5751600e+02   9.6500000e-01   1.5783900e+02   9.3962847e+01
   1.5849500e+02   9.8000000e-01   1.5884300e+02   9.0330743e+01
   1.5937600e+02   8.8100000e-01   1.5972400e+02   9.0789325e+01
   1.6021400e+02   8.3700000e-01   1.6058200e+02   8.9262379e+01
   1.6106500e+02   8.5100000e-01   1.6139600e+02   9.4634105e+01
   1.6197100e+02   9.0600000e-01   1.6228400e+02   9.3931278e+01
   1.6290900e+02   9.3800000e-01   1.6328200e+02   9.1978980e+01
   1.6378900e+02   8.8000000e-01   1.6414300e+02   9.6068006e+01
   1.6460200e+02   8.1300000e-01   1.6496600e+02   9.7654767e+01
   1.6543500e+02   8.3300000e-01   1.6578300e+02   9.8051873e+01
   1.6639800e+02   9.6300000e-01   1.6672700e+02   9.8113349e+01
   1.6741500e+02   1.0170000e+00   1.6773200e+02   9.5885237e+01
   1.6840000e+02   9.8600000e-01   1.6873300e+02   9.3871463e+01
   1.6938100e+02   9.8100000e-01   1.6972800e+02   9.3168636e+01
   1.7025700e+02   8.7600000e-01   1.7059400e+02   9.3138728e+01
   1.7111600e+02   8.5900000e-01   1.7147400e+02   9.3504265e+01
   1.7200500e+02   8.8900000e-01   1.7232900e+02   9.3565742e+01
   1.7296500e+02   9.6000000e-01   1.7328300e+02   9.4175523e+01
   1.7382800e+02   8.6300000e-01   1.7417300e+02   9.3230112e+01
   1.7465800e+02   8.3000000e-01   1.7496100e+02   9.4999642e+01
   1.7556800e+02   9.1000000e-01   1.7587300e+02   9.3962847e+01
   1.7650400e+02   9.3600000e-01   1.7685400e+02   9.3595649e+01
   1.7738700e+02   8.8300000e-01   1.7775300e+02   8.9568100e+01
   1.7822400e+02   8.3700000e-01   1.7857600e+02   9.4359953e+01
   1.7915400e+02   9.3100000e-01   1.7947300e+02   9.3931278e+01
   1.8011100e+02   9.5700000e-01   1.8041300e+02   9.4389860e+01
   1.8097700e+02   8.6600000e-01   1.8131700e+02   9.3931278e+01
   1.8181700e+02   8.4000000e-01   1.8217600e+02   9.4328384e+01
   1.8271900e+02   9.0100000e-01   1.8305800e+02   9.5213979e+01
   1.8369400e+02   9.7500000e-01   1.8401100e+02   9.3474357e+01
   1.8466600e+02   9.7200000e-01   1.8498100e+02   9.3200205e+01
   1.8553400e+02   8.6800000e-01   1.8587800e+02   9.1551967e+01
   1.8634700e+02   8.1300000e-01   1.8667900e+02   9.2771530e+01
   1.8715000e+02   8.0300000e-01   1.8748600e+02   9.3412881e+01
   1.8803900e+02   8.8900000e-01   1.8836700e+02   9.4725489e+01
   1.8904900e+02   1.0100000e+00   1.8936700e+02   9.1429014e+01
   1.9007100e+02   1.0220000e+00   1.9036800e+02   9.3412881e+01
   1.9108200e+02   1.0110000e+00   1.9140200e+02   9.1643351e+01
   1.9204900e+02   9.6800000e-01   1.9236800e+02   8.9965206e+01
   1.9292200e+02   8.7300000e-01   1.9324200e+02   9.1093385e+01
   1.9376400e+02   8.4200000e-01   1.9410000e+02   8.9903729e+01
   1.9463000e+02   8.6600000e-01   1.9494700e+02   9.6006529e+01
   1.9552900e+02   8.9900000e-01   1.9589000e+02   9.7654767e+01
   1.9639400e+02   8.6500000e-01   1.9676700e+02   9.6922032e+01
   1.9720200e+02   8.0800000e-01   1.9756500e+02   9.8417409e+01
   1.9799700e+02   7.9400000e-01   1.9834900e+02   9.8844422e+01
   1.9882200e+02   8.2500000e-01   1.9914700e+02   9.9273097e+01
   1.9975600e+02   9.3400000e-01   2.0008700e+02   9.8051873e+01
   2.0073200e+02   9.7600000e-01   2.0107500e+02   9.5458224e+01
   2.0167200e+02   9.3900000e-01   2.0201000e+02   9.2771530e+01
   2.0252900e+02   8.5800000e-01   2.0287300e+02   9.2344517e+01
   2.0337100e+02   8.4100000e-01   2.0368900e+02   9.3474357e+01
   2.0425300e+02   8.8200000e-01   2.0458900e+02   9.4725489e+01
   2.0518300e+02   9.3100000e-01   2.0555600e+02   9.5213979e+01
   2.0613000e+02   9.4700000e-01   2.0645000e+02   9.5946714e+01
   2.0702900e+02   8.9900000e-01   2.0737100e+02   9.4389860e+01
   2.0784300e+02   8.1400000e-01   2.0818800e+02   9.5031211e+01
   2.0864600e+02   8.0300000e-01   2.0899700e+02   9.6038098e+01
   2.0948000e+02   8.3400000e-01   2.0981300e+02   9.8844422e+01
   2.1036200e+02   8.8200000e-01   2.1066800e+02   1.0610863e+02
   2.1127500e+02   9.1300000e-01   2.1160800e+02   9.6647880e+01
   2.1209600e+02   8.2100000e-01   2.1241700e+02   9.6465111e+01
   2.1292200e+02   8.2600000e-01   2.1324200e+02   9.6709356e+01
   2.1380900e+02   8.8700000e-01   2.1418200e+02   9.4695582e+01
   2.1471800e+02   9.0800000e-01   2.1505700e+02   9.3931278e+01
   2.1554300e+02   8.2600000e-01   2.1587700e+02   9.2376086e+01
   2.1640200e+02   8.5900000e-01   2.1674300e+02   9.5152503e+01
   2.1730900e+02   9.0700000e-01   2.1763600e+02   9.4755397e+01
   2.1816900e+02   8.6000000e-01   2.1853700e+02   9.2040457e+01
   2.1896600e+02   7.9700000e-01   2.1930400e+02   9.2741623e+01
   2.1978600e+02   8.2000000e-01   2.2010100e+02   9.4298476e+01
   2.2065400e+02   8.6800000e-01   2.2097700e+02   9.3474357e+01
   2.2159000e+02   9.3600000e-01   2.2190100e+02   9.3901371e+01
   2.2245500e+02   8.6500000e-01   2.2280000e+02   9.3168636e+01
   2.2333200e+02   8.7700000e-01   2.2364300e+02   9.4816874e+01
   2.2424300e+02   9.1000000e-01   2.2458200e+02   9.3992755e+01
   2.2516800e+02   9.2600000e-01   2.2550500e+02   9.3992755e+01
   2.2604100e+02   8.7300000e-01   2.2638100e+02   9.0819232e+01
   2.2685900e+02   8.1800000e-01   2.2718200e+02   9.2100272e+01
   2.2771800e+02   8.5900000e-01   2.2805200e+02   9.2650238e+01
   2.2863700e+02   9.1900000e-01   2.2894800e+02   9.2040457e+01
   2.2956100e+02   9.2400000e-01   2.2988500e+02   9.1216338e+01
   2.3044000e+02   8.7900000e-01   2.3080500e+02   8.9109518e+01
   2.3124100e+02   8.0000000e-01   2.3158800e+02   9.0819232e+01
   2.3207500e+02   8.3400000e-01   2.3239000e+02   9.0789325e+01
   2.3296800e+02   8.9300000e-01   2.3329000e+02   9.0757756e+01
   2.3384900e+02   8.8100000e-01   2.3418400e+02   8.9415239e+01
   2.3467200e+02   8.2300000e-01   2.3500900e+02   8.8346876e+01
   2.3554500e+02   8.7300000e-01   2.3587000e+02   8.9933637e+01
   2.3646000e+02   9.1500000e-01   2.3677100e+02   8.9141087e+01
   2.3733800e+02   8.7800000e-01   2.3765200e+02   8.9598008e+01
   2.3816300e+02   8.2500000e-01   2.3849300e+02   8.9141087e+01
   2.3906500e+02   9.0300000e-01   2.3939300e+02   9.0422127e+01
   2.4002300e+02   9.5700000e-01   2.4037200e+02   8.7889955e+01
   2.4090700e+02   8.8400000e-01   2.4125200e+02   8.9141087e+01
   2.4174900e+02   8.4200000e-01   2.4207200e+02   8.8316968e+01
   2.4262600e+02   8.7700000e-01   2.4295900e+02   9.0300835e+01
   2.4352800e+02   9.0100000e-01   2.4387800e+02   8.8835365e+01
   2.4436100e+02   8.3300000e-01   2.4469100e+02   8.8225584e+01
   2.4516000e+02   7.9900000e-01   2.4549500e+02   8.9141087e+01
   2.4602900e+02   8.6900000e-01   2.4635900e+02   9.0453696e+01
   2.4693700e+02   9.0700000e-01   2.4728400e+02   8.8316968e+01
   2.4779800e+02   8.6200000e-01   2.4811100e+02   8.8164107e+01
   2.4860200e+02   8.0400000e-01   2.4896700e+02   8.6118764e+01
   2.4944500e+02   8.4300000e-01   2.4975900e+02   9.0025021e+01
   2.5036800e+02   9.2300000e-01   2.5069000e+02   8.8896842e+01
   2.5130200e+02   9.3300000e-01   2.5166100e+02   8.7522757e+01
   2.5216000e+02   8.5800000e-01   2.5249900e+02   8.8743981e+01
   2.5296800e+02   8.0800000e-01   2.5329900e+02   8.9141087e+01
   2.5382600e+02   8.5800000e-01   2.5416400e+02   9.0819232e+01
   2.5471500e+02   8.8900000e-01   2.5504600e+02   9.0056590e+01
   2.5559200e+02   8.7600000e-01   2.5592500e+02   8.8773889e+01
   2.5639200e+02   8.0000000e-01   2.5672700e+02   8.8682505e+01
   2.5723600e+02   8.4400000e-01   2.5756300e+02   9.1216338e+01
   2.5810000e+02   8.6400000e-01   2.5842600e+02   9.3565742e+01
   2.5897100e+02   8.7100000e-01   2.5932400e+02   9.4389860e+01
   2.5979200e+02   8.2100000e-01   2.6014600e+02   9.5640993e+01
   2.6068500e+02   8.9200000e-01   2.6102800e+02   9.6892125e+01
   2.6162400e+02   9.3900000e-01   2.6196600e+02   9.5213979e+01
   2.6253100e+02   9.0700000e-01   2.6288900e+02   9.3535834e+01
   2.6340500e+02   8.7500000e-01   2.6375500e+02   9.3077252e+01
   2.6431000e+02   9.0400000e-01   2.6464700e+02   9.3535834e+01
   2.6522800e+02   9.1800000e-01   2.6557500e+02   9.0666372e+01
   2.6607000e+02   8.4200000e-01   2.6643200e+02   9.0819232e+01
   2.6692100e+02   8.5100000e-01   2.6726800e+02   9.0392219e+01
   2.6780500e+02   8.8500000e-01   2.6813300e+02   9.0453696e+01
   2.6866100e+02   8.5600000e-01   2.6901400e+02   8.8346876e+01
   2.6946600e+02   8.0500000e-01   2.6980700e+02   9.0604895e+01
   2.7031500e+02   8.4900000e-01   2.7065600e+02   9.1246246e+01
   2.7122400e+02   9.0900000e-01   2.7157300e+02   9.2040457e+01
   2.7216800e+02   9.4500000e-01   2.7249400e+02   9.0025021e+01
   2.7303100e+02   8.6200000e-01   2.7333600e+02   9.0819232e+01
   2.7388700e+02   8.5700000e-01   2.7421800e+02   9.1673259e+01
   2.7483400e+02   9.4600000e-01   2.7515400e+02   9.1154861e+01
   2.7577000e+02   9.3600000e-01   2.7613800e+02   8.8346876e+01
   2.7666500e+02   8.9500000e-01   2.7698300e+02   9.0422127e+01
   2.7749700e+02   8.3200000e-01   2.7780100e+02   9.0789325e+01
   2.7839500e+02   8.9800000e-01   2.7869900e+02   9.2405994e+01
   2.7932400e+02   9.2900000e-01   2.7967500e+02   9.0727848e+01
   2.8021000e+02   8.8600000e-01   2.8053500e+02   9.2650238e+01
   2.8103300e+02   8.2300000e-01   2.8137500e+02   9.2680146e+01
   2.8189000e+02   8.5700000e-01   2.8224100e+02   8.9200902e+01
   2.8282000e+02   9.3000000e-01   2.8316200e+02   8.8835365e+01
   2.8372100e+02   9.0200000e-01   2.8408300e+02   9.1246246e+01
   2.8457000e+02   8.4800000e-01   2.8488300e+02   9.0789325e+01
   2.8549000e+02   9.2000000e-01   2.8584000e+02   9.1704828e+01
   2.8643800e+02   9.4800000e-01   2.8678200e+02   9.0392219e+01
   2.8740400e+02   9.6600000e-01   2.8774300e+02   8.8865273e+01
   2.8832700e+02   9.2400000e-01   2.8868600e+02   8.8316968e+01
   2.8918500e+02   8.5800000e-01   2.8956600e+02   8.6668730e+01
   2.9000500e+02   8.2000000e-01   2.9034700e+02   9.0696279e+01
   2.9083700e+02   8.3100000e-01   2.9116700e+02   9.1124954e+01
   2.9173900e+02   9.0300000e-01   2.9208300e+02   9.1581875e+01
   2.9268900e+02   9.5000000e-01   2.9304800e+02   9.3504265e+01
   2.9365300e+02   9.6400000e-01   2.9400800e+02   9.3535834e+01
   2.9456800e+02   9.1500000e-01   2.9493300e+02   9.2771530e+01
   2.9540600e+02   8.3800000e-01   2.9578200e+02   9.2680146e+01
   2.9624300e+02   8.3700000e-01   2.9659000e+02   9.3504265e+01
   2.9719000e+02   9.4700000e-01   2.9756800e+02   9.1643351e+01
   2.9818500e+02   9.9500000e-01   2.9857000e+02   9.0086498e+01
   2.9913500e+02   9.5000000e-01   2.9947000e+02   8.9536531e+01
   3.0001200e+02   8.7700000e-01   3.0034900e+02   9.0789325e+01
   3.0088700e+02   8.7500000e-01   3.0125000e+02   9.1246246e+01
   3.0180700e+02   9.2000000e-01   3.0213100e+02   9.3138728e+01
   3.0272300e+02   9.1600000e-01   3.0305700e+02   8.7889955e+01
   3.0359400e+02   8.7100000e-01   3.0391500e+02   9.0422127e+01
   3.0440000e+02   8.0700000e-01   3.0471500e+02   9.1551967e+01
   3.0528800e+02   8.8700000e-01   3.0561000e+02   8.9780776e+01
   3.0622600e+02   9.3800000e-01   3.0656900e+02   9.0636464e+01
   3.0712800e+02   9.0200000e-01   3.0743600e+02   9.0453696e+01
   3.0792300e+02   7.9600000e-01   3.0827900e+02   9.0453696e+01
   3.0872900e+02   8.0500000e-01   3.0906000e+02   8.9200902e+01
   3.0948600e+02   7.5700000e-01   3.0979800e+02   9.0392219e+01
   3.1025900e+02   7.7400000e-01   3.1058500e+02   9.1154861e+01
   3.1108200e+02   8.2200000e-01   3.1140500e+02   8.9903729e+01
   3.1187900e+02   7.9700000e-01   3.1221900e+02   9.2771530e+01
   3.1271400e+02   8.3500000e-01   3.1305700e+02   9.3077252e+01
   3.1365700e+02   9.4300000e-01   3.1402100e+02   9.3230112e+01
   3.1460700e+02   9.5000000e-01   3.1494500e+02   9.2070364e+01
   3.1550400e+02   8.9700000e-01   3.1584800e+02   9.1643351e+01
   3.1631300e+02   8.0900000e-01   3.1668400e+02   9.2467470e+01
   3.1711700e+02   8.0500000e-01   3.1744700e+02   9.3992755e+01
   3.1795800e+02   8.4100000e-01   3.1829200e+02   9.6250774e+01
   3.1888200e+02   9.2400000e-01   3.1920600e+02   9.4359953e+01
   3.1984900e+02   9.6600000e-01   3.2016800e+02   9.3565742e+01
   3.2077000e+02   9.2100000e-01   3.2110600e+02   9.1643351e+01
   3.2160100e+02   8.3100000e-01   3.2194900e+02   9.2376086e+01
   3.2247500e+02   8.7400000e-01   3.2278900e+02   9.3200205e+01
   3.2340200e+02   9.2800000e-01   3.2369600e+02   9.4237000e+01
   3.2431600e+02   9.1400000e-01   3.2467300e+02   9.3992755e+01
   3.2514000e+02   8.2400000e-01   3.2547300e+02   9.6006529e+01
   3.2597900e+02   8.3900000e-01   3.2631300e+02   9.6526588e+01
   3.2693200e+02   9.5200000e-01   3.2727100e+02   9.6526588e+01
   3.2788600e+02   9.5400000e-01   3.2825500e+02   9.5243887e+01
   3.2875600e+02   8.7000000e-01   3.2909400e+02   9.4786966e+01
   3.2958700e+02   8.3200000e-01   3.2995600e+02   9.5275456e+01
   3.3049000e+02   9.0200000e-01   3.3083400e+02   9.6068006e+01
   3.3144400e+02   9.5400000e-01   3.3175500e+02   9.5579516e+01
   3.3233400e+02   8.9000000e-01   3.3267400e+02   9.4786966e+01
   3.3317700e+02   8.4300000e-01   3.3351500e+02   9.5579516e+01
   3.3409500e+02   9.1800000e-01   3.3440100e+02   9.4816874e+01
   3.3503500e+02   9.4000000e-01   3.3537700e+02   9.3535834e+01
   3.3591100e+02   8.7500000e-01   3.3626100e+02   9.2376086e+01
   3.3672400e+02   8.1300000e-01   3.3705800e+02   9.4359953e+01
   3.3755900e+02   8.3600000e-01   3.3788000e+02   9.6862217e+01
   3.3845000e+02   8.9000000e-01   3.3878200e+02   9.6892125e+01
   3.3931400e+02   8.6400000e-01   3.3966400e+02   9.7257661e+01
   3.4013700e+02   8.2300000e-01   3.4048100e+02   9.6862217e+01
   3.4102500e+02   8.8900000e-01   3.4136900e+02   9.7106462e+01
   3.4197000e+02   9.4500000e-01   3.4230200e+02   9.5640993e+01
   3.4288100e+02   9.1100000e-01   3.4324700e+02   9.3962847e+01
   3.4372100e+02   8.3900000e-01   3.4406600e+02   9.5213979e+01
   3.4464100e+02   9.2000000e-01   3.4496300e+02   9.5182410e+01
   3.4559800e+02   9.5700000e-01   3.4594700e+02   9.3535834e+01
   3.4650400e+02   9.0600000e-01   3.4684400e+02   9.1643351e+01
   3.4733000e+02   8.2700000e-01   3.4766800e+02   9.4786966e+01
   3.4819500e+02   8.6500000e-01   3.4854700e+02   9.4115708e+01
   3.4909400e+02   8.9800000e-01   3.4942600e+02   9.5640993e+01
   3.4996700e+02   8.7400000e-01   3.5031000e+02   9.6495019e+01
   3.5077200e+02   8.0400000e-01   3.5111000e+02   9.6038098e+01
   3.5162000e+02   8.4900000e-01   3.5197100e+02   9.7319138e+01
   3.5252800e+02   9.0800000e-01   3.5286800e+02   9.5640993e+01
   3.5342500e+02   8.9700000e-01   3.5377000e+02   9.3657126e+01
   3.5429300e+02   8.6800000e-01   3.5464100e+02   9.2985868e+01
   3.5522700e+02   9.3400000e-01   3.5557400e+02   9.1917504e+01
   3.5623700e+02   1.0100000e+00   3.5659100e+02   9.3200205e+01
   3.5722300e+02   9.8600000e-01   3.5755400e+02   9.4419768e+01
   3.5815700e+02   9.3400000e-01   3.5849300e+02   9.3931278e+01
   3.5902300e+02   8.6600000e-01   3.5935600e+02   9.3901371e+01
   3.5994800e+02   9.2500000e-01   3.6027500e+02   9.4328384e+01
   3.6093600e+02   9.8800000e-01   3.6126900e+02   9.2680146e+01
   3.6186200e+02   9.2600000e-01   3.6218200e+02   9.3015775e+01
   3.6272000e+02   8.5800000e-01   3.6304300e+02   9.1460583e+01
   3.6364800e+02   9.2800000e-01   3.6395800e+02   9.1520398e+01
   3.6462600e+02   9.7800000e-01   3.6497400e+02   8.7919862e+01
   3.6554500e+02   9.1900000e-01   3.6587500e+02   8.7492849e+01
   3.6641100e+02   8.6600000e-01   3.6675500e+02   8.9200902e+01
   3.6731800e+02   9.0600000e-01   3.6763600e+02   8.8316968e+01
   3.6828700e+02   9.6900000e-01   3.6862000e+02   8.7095744e+01
   3.6918000e+02   8.9300000e-01   3.6951600e+02   8.8408352e+01
   3.7002700e+02   8.4600000e-01   3.7037800e+02   8.7889955e+01
   3.7096200e+02   9.3600000e-01   3.7129800e+02   8.7949770e+01
   3.7192300e+02   9.6100000e-01   3.7225700e+02   8.7889955e+01
   3.7279900e+02   8.7600000e-01   3.7315700e+02   8.7034267e+01
   3.7368400e+02   8.8500000e-01   3.7400700e+02   8.6333101e+01
   3.7461300e+02   9.2900000e-01   3.7497500e+02   8.7767002e+01
   3.7553300e+02   9.2000000e-01   3.7586400e+02   8.7492849e+01
   3.7637700e+02   8.4400000e-01   3.7668700e+02   8.8346876e+01
   3.7725100e+02   8.7500000e-01   3.7758200e+02   8.7492849e+01
   3.7816400e+02   9.1200000e-01   3.7848400e+02   8.8805458e+01
   3.7903200e+02   8.6900000e-01   3.7936300e+02   8.7554326e+01
   3.7984800e+02   8.1500000e-01   3.8016300e+02   8.8773889e+01
   3.8073500e+02   8.8700000e-01   3.8105400e+02   8.8561213e+01
   3.8170000e+02   9.6600000e-01   3.8202600e+02   8.9200902e+01
   3.8266200e+02   9.6200000e-01   3.8297100e+02   8.9079610e+01
   3.8354000e+02   8.7700000e-01   3.8388400e+02   8.7889955e+01
   3.8438500e+02   8.4500000e-01   3.8471200e+02   9.1154861e+01
   3.8529200e+02   9.0700000e-01   3.8560400e+02   9.1031908e+01
   3.8623100e+02   9.3900000e-01   3.8656600e+02   9.1643351e+01
   3.8710400e+02   8.7400000e-01   3.8746900e+02   8.9965206e+01
   3.8793600e+02   8.3200000e-01   3.8826500e+02   9.0757756e+01
   3.8881100e+02   8.7500000e-01   3.8914700e+02   9.0849140e+01
   3.8974400e+02   9.3300000e-01   3.9006200e+02   8.9018134e+01
   3.9061000e+02   8.6500000e-01   3.9097000e+02   8.8743981e+01
   3.9143600e+02   8.2600000e-01   3.9176700e+02   8.9200902e+01
   3.9231400e+02   8.7800000e-01   3.9266600e+02   8.9598008e+01
   3.9321600e+02   9.0200000e-01   3.9360300e+02   9.3047344e+01
   3.9407600e+02   8.6000000e-01   3.9442900e+02   9.3962847e+01
   3.9488800e+02   8.1300000e-01   3.9521100e+02   9.6038098e+01
   3.9578000e+02   8.9200000e-01   3.9609600e+02   9.5853668e+01
   3.9673900e+02   9.5900000e-01   3.9704900e+02   9.4786966e+01
   3.9767200e+02   9.3300000e-01   3.9798800e+02   9.3535834e+01
   3.9852300e+02   8.5100000e-01   3.9886900e+02   9.2771530e+01
   3.9941700e+02   8.9400000e-01   3.9975700e+02   9.1031908e+01
   4.0033300e+02   9.1600000e-01   4.0067800e+02   9.0666372e+01
   4.0122300e+02   8.8900000e-01   4.0157700e+02   8.9476716e+01
   4.0203600e+02   8.1300000e-01   4.0237500e+02   8.9903729e+01
   4.0289100e+02   8.5500000e-01   4.0323200e+02   9.0422127e+01
   4.0379900e+02   9.0800000e-01   4.0415800e+02   8.9568100e+01
   4.0476900e+02   9.7000000e-01   4.0507600e+02   8.9476716e+01
   4.0565800e+02   8.8900000e-01   4.0597200e+02   8.7401465e+01
   4.0651300e+02   8.5500000e-01   4.0685100e+02   8.9079610e+01
   4.0741900e+02   9.0600000e-01   4.0775100e+02   8.9629577e+01
   4.0835100e+02   9.3200000e-01   4.0867700e+02   8.8773889e+01
   4.0924000e+02   8.8900000e-01   4.0958900e+02   8.8225584e+01
   4.1010700e+02   8.6800000e-01   4.1044900e+02   8.7798571e+01
   4.1103200e+02   9.2500000e-01   4.1137600e+02   9.0360650e+01
   4.1197700e+02   9.4500000e-01   4.1226900e+02   8.8591121e+01
   4.1285300e+02   8.7600000e-01   4.1319600e+02   8.7492849e+01
   4.1368400e+02   8.3100000e-01   4.1403000e+02   8.8225584e+01
   4.1457900e+02   8.9500000e-01   4.1489600e+02   8.8285399e+01
   4.1552000e+02   9.4100000e-01   4.1586600e+02   8.8102631e+01
   4.1642100e+02   9.0000000e-01   4.1676600e+02   8.6180240e+01
   4.1724800e+02   8.2800000e-01   4.1759500e+02   8.6851499e+01
   4.1811100e+02   8.6300000e-01   4.1843400e+02   8.7492849e+01
   4.1900900e+02   8.9800000e-01   4.1932300e+02   8.7798571e+01
   4.1989300e+02   8.8400000e-01   4.2027700e+02   8.8316968e+01
   4.2070500e+02   8.1100000e-01   4.2107600e+02   9.1611782e+01
   4.2155900e+02   8.5400000e-01   4.2189700e+02   9.2405994e+01
   4.2250800e+02   9.5000000e-01   4.2284200e+02   9.1154861e+01
   4.2343400e+02   9.2500000e-01   4.2378200e+02   8.8773889e+01
   4.2426900e+02   8.3500000e-01   4.2462200e+02   8.8805458e+01
   4.2515000e+02   8.8100000e-01   4.2550600e+02   8.7828478e+01
   4.2611600e+02   9.6600000e-01   4.2643800e+02   8.7095744e+01
   4.2702300e+02   9.0700000e-01   4.2734500e+02   8.7065836e+01
   4.2787200e+02   8.4900000e-01   4.2819600e+02   8.7369896e+01
   4.2876300e+02   8.9200000e-01   4.2909900e+02   8.8652597e+01
   4.2966500e+02   9.0200000e-01   4.2997700e+02   8.8225584e+01
   4.3053000e+02   8.6500000e-01   4.3086300e+02   8.7522757e+01
   4.3137300e+02   8.4300000e-01   4.3170600e+02   8.7004359e+01
   4.3228000e+02   9.0700000e-01   4.3260200e+02   8.5203261e+01
   4.3317700e+02   8.9700000e-01   4.3350600e+02   8.6363009e+01
   4.3402300e+02   8.4600000e-01   4.3437000e+02   8.5326214e+01
   4.3482600e+02   8.0300000e-01   4.3517400e+02   8.6942883e+01
   4.3565600e+02   8.3000000e-01   4.3596900e+02   8.7737094e+01
   4.3653100e+02   8.7500000e-01   4.3688300e+02   8.7584233e+01
   4.3740800e+02   8.7700000e-01   4.3774400e+02   8.8316968e+01
   4.3823600e+02   8.2800000e-01   4.3856900e+02   8.9079610e+01
   4.3908100e+02   8.4500000e-01   4.3940300e+02   8.9568100e+01
   4.3998700e+02   9.0600000e-01   4.4036500e+02   8.9995113e+01
   4.4096400e+02   9.7600000e-01   4.4132500e+02   8.8773889e+01
   4.4185200e+02   8.8900000e-01   4.4219000e+02   8.7310081e+01
   4.4271000e+02   8.5800000e-01   4.4304400e+02   8.7949770e+01
   4.4361400e+02   9.0400000e-01   4.4394200e+02   8.8346876e+01
   4.4455800e+02   9.4300000e-01   4.4488600e+02   8.5935996e+01
   4.4545200e+02   8.9400000e-01   4.4579000e+02   8.5814704e+01
   4.4628300e+02   8.3100000e-01   4.4663000e+02   8.5417598e+01
   4.4714900e+02   8.6500000e-01   4.4748300e+02   8.8714074e+01
   4.4805300e+02   9.0400000e-01   4.4838100e+02   8.8652597e+01
   4.4896300e+02   9.1000000e-01   4.4930300e+02   8.8285399e+01
   4.4979700e+02   8.3400000e-01   4.5014200e+02   8.7614141e+01
   4.5067000e+02   8.7300000e-01   4.5098600e+02   8.9049703e+01
   4.5158000e+02   9.0900000e-01   4.5188800e+02   8.8285399e+01
   4.5246000e+02   8.8000000e-01   4.5280700e+02   8.7462942e+01
   4.5327600e+02   8.1600000e-01   4.5362800e+02   8.5997472e+01
   4.5415900e+02   8.8300000e-01   4.5449000e+02   8.6698638e+01
   4.5509100e+02   9.3200000e-01   4.5542000e+02   8.7798571e+01
   4.5599800e+02   9.0600000e-01   4.5636000e+02   8.4623387e+01
   4.5683800e+02   8.4000000e-01   4.5718100e+02   8.6942883e+01
   4.5768500e+02   8.4700000e-01   4.5800800e+02   8.7889955e+01
   4.5858700e+02   9.0300000e-01   4.5890800e+02   8.9536531e+01
   4.5959200e+02   1.0050000e+00   4.5997100e+02   8.8773889e+01
   4.6053400e+02   9.4200000e-01   4.6085700e+02   8.8591121e+01
   4.6138700e+02   8.5300000e-01   4.6172700e+02   8.6790022e+01
   4.6228800e+02   9.0100000e-01   4.6264700e+02   8.5997472e+01
   4.6325700e+02   9.6900000e-01   4.6358800e+02   8.5538890e+01
   4.6420500e+02   9.4900000e-01   4.6456500e+02   8.5997472e+01
   4.6504600e+02   8.4000000e-01   4.6537400e+02   8.7858386e+01
   4.6593100e+02   8.8600000e-01   4.6624900e+02   8.6363009e+01
   4.6687700e+02   9.4600000e-01   4.6718600e+02   8.7065836e+01
   4.6782700e+02   9.5000000e-01   4.6814900e+02   8.7462942e+01
   4.6868700e+02   8.6000000e-01   4.6901200e+02   8.7462942e+01
   4.6957100e+02   8.8400000e-01   4.6989500e+02   8.7798571e+01
   4.7052400e+02   9.5300000e-01   4.7086700e+02   8.8346876e+01
   4.7146400e+02   9.4000000e-01   4.7179300e+02   8.7767002e+01
   4.7231700e+02   8.5300000e-01   4.7267300e+02   8.9109518e+01
   4.7319400e+02   8.7700000e-01   4.7350800e+02   8.5111877e+01
   4.7414000e+02   9.4500000e-01   4.7446600e+02   8.7828478e+01
   4.7508700e+02   9.4800000e-01   4.7539100e+02   8.7889955e+01
   4.7596800e+02   8.8000000e-01   4.7629800e+02   8.5570459e+01
   4.7689800e+02   9.3000000e-01   4.7727300e+02   8.6760114e+01
   4.7784600e+02   9.4800000e-01   4.7817500e+02   9.1246246e+01
   4.7879400e+02   9.4800000e-01   4.7915500e+02   8.9629577e+01
   4.7965900e+02   8.6500000e-01   4.8003200e+02   9.0392219e+01
   4.8053100e+02   8.7100000e-01   4.8089500e+02   9.2405994e+01
   4.8146900e+02   9.3800000e-01   4.8183500e+02   9.2435901e+01
   4.8243300e+02   9.6500000e-01   4.8279800e+02   9.1978980e+01
   4.8334600e+02   9.1300000e-01   4.8370100e+02   9.1154861e+01
   4.8427500e+02   9.2900000e-01   4.8463600e+02   9.0025021e+01
   4.8523700e+02   9.6200000e-01   4.8557800e+02   8.8378445e+01
   4.8617300e+02   9.3600000e-01   4.8652200e+02   8.6638823e+01
   4.8701600e+02   8.4300000e-01   4.8737500e+02   8.7858386e+01
   4.8789100e+02   8.7500000e-01   4.8820300e+02   8.8346876e+01
   4.8883100e+02   9.4000000e-01   4.8917900e+02   8.8652597e+01
   4.8976900e+02   9.3800000e-01   4.9009500e+02   8.7889955e+01
   4.9061600e+02   8.4700000e-01   4.9096300e+02   8.8346876e+01
   4.9148600e+02   8.6900000e-01   4.9179800e+02   8.8743981e+01
   4.9239100e+02   9.0500000e-01   4.9271500e+02   8.9933637e+01
   4.9329100e+02   9.0000000e-01   4.9364000e+02   8.7919862e+01
   4.9412000e+02   8.2900000e-01   4.9446000e+02   8.9689392e+01
   4.9498100e+02   8.6200000e-01   4.9531700e+02   8.7949770e+01
   4.9593300e+02   9.5100000e-01   4.9628000e+02   8.7949770e+01
   4.9685200e+02   9.1900000e-01   4.9719200e+02   8.5814704e+01
   4.9769700e+02   8.4500000e-01   4.9804100e+02   8.6027380e+01
   4.9860700e+02   9.1000000e-01   4.9892100e+02   8.7125651e+01
   4.9957600e+02   9.6900000e-01   4.9991200e+02   8.7310081e+01
   5.0051000e+02   9.3400000e-01   5.0085800e+02   8.7522757e+01
   5.0137000e+02   8.5900000e-01   5.0170000e+02   8.7554326e+01
   5.0227100e+02   9.0100000e-01   5.0259900e+02   8.6760114e+01
   5.0323700e+02   9.6600000e-01   5.0358100e+02   8.7554326e+01
   5.0416900e+02   9.3200000e-01   5.0448600e+02   8.7401465e+01
   5.0504000e+02   8.7100000e-01   5.0535800e+02   8.6760114e+01
   5.0590100e+02   8.6100000e-01   5.0619900e+02   8.7492849e+01
   5.0682600e+02   9.2500000e-01   5.0712500e+02   8.7828478e+01
   5.0778100e+02   9.5400000e-01   5.0808600e+02   8.7767002e+01
   5.0871500e+02   9.3400000e-01   5.0905800e+02   8.7065836e+01
   5.0957400e+02   8.5900000e-01   5.0994100e+02   8.5294645e+01
   5.1048300e+02   9.0900000e-01   5.1081200e+02   8.5387691e+01
   5.1142400e+02   9.4100000e-01   5.1176400e+02   8.7004359e+01
   5.1238900e+02   9.6500000e-01   5.1269900e+02   8.7981339e+01
   5.1328500e+02   8.9600000e-01   5.1363800e+02   8.5264737e+01
   5.1413300e+02   8.4800000e-01   5.1446500e+02   8.7401465e+01
   5.1502800e+02   8.9500000e-01   5.1536600e+02   8.7034267e+01
   5.1595700e+02   9.2900000e-01   5.1632000e+02   8.4807817e+01
   5.1688200e+02   9.2500000e-01   5.1723900e+02   8.6790022e+01
   5.1774200e+02   8.6100000e-01   5.1808000e+02   8.6424485e+01
   5.1864600e+02   9.0400000e-01   5.1898600e+02   8.4623387e+01
   5.1957700e+02   9.3200000e-01   5.1989900e+02   8.7095744e+01
   5.2051300e+02   9.3600000e-01   5.2087800e+02   8.1817063e+01
   5.2135400e+02   8.4100000e-01   5.2169700e+02   8.6821591e+01
   5.2219200e+02   8.3800000e-01   5.2250200e+02   8.7522757e+01
   5.2307300e+02   8.8100000e-01   5.2339900e+02   8.6760114e+01
   5.2395600e+02   8.8300000e-01   5.2426900e+02   8.7034267e+01
   5.2479300e+02   8.3800000e-01   5.2512100e+02   8.7065836e+01
   5.2558700e+02   7.9300000e-01   5.2593800e+02   8.7492849e+01
   5.2637100e+02   7.8400000e-01   5.2670300e+02   8.7858386e+01
   5.2718300e+02   8.1100000e-01   5.2748500e+02   8.8714074e+01
   5.2807100e+02   8.8800000e-01   5.2839600e+02   8.9476716e+01
   5.2900000e+02   9.2900000e-01   5.2936100e+02   9.0025021e+01
   5.2990800e+02   9.0800000e-01   5.3026200e+02   8.8773889e+01
   5.3073700e+02   8.2900000e-01   5.3108600e+02   8.7828478e+01
   5.3154500e+02   8.0800000e-01   5.3189700e+02   8.8346876e+01
   5.3238500e+02   8.4100000e-01   5.3272100e+02   8.8773889e+01
   5.3329600e+02   9.1100000e-01   5.3362000e+02   8.8773889e+01
   5.3428200e+02   9.8600000e-01   5.3464200e+02   8.8835365e+01
   5.3525800e+02   9.7600000e-01   5.3559700e+02   8.8346876e+01
   5.3615400e+02   8.9600000e-01   5.3648100e+02   8.8743981e+01
   5.3702000e+02   8.6600000e-01   5.3738200e+02   8.7462942e+01
   5.3792000e+02   8.9900000e-01   5.3826100e+02   8.6730207e+01
   5.3887000e+02   9.5100000e-01   5.3919400e+02   8.8621028e+01
   5.3983600e+02   9.6500000e-01   5.4015400e+02   8.8194015e+01
   5.4073600e+02   9.0000000e-01   5.4107500e+02   8.4593479e+01
   5.4157600e+02   8.4100000e-01   5.4191400e+02   8.6515870e+01
   5.4244600e+02   8.7000000e-01   5.4277500e+02   8.5844611e+01
   5.4336000e+02   9.1400000e-01   5.4367500e+02   8.8225584e+01
   5.4428500e+02   9.2500000e-01   5.4461500e+02   8.5356122e+01
   5.4515700e+02   8.7200000e-01   5.4548200e+02   8.6790022e+01
   5.4607700e+02   9.2000000e-01   5.4638800e+02   8.6974452e+01
   5.4701500e+02   9.3800000e-01   5.4737100e+02   8.5417598e+01
   5.4787000e+02   8.5500000e-01   5.4820200e+02   8.5203261e+01
   5.4875500e+02   8.8600000e-01   5.4910000e+02   8.5143446e+01
   5.4972200e+02   9.6700000e-01   5.5008400e+02   8.4440618e+01
   5.5068000e+02   9.5800000e-01   5.5104600e+02   8.3860745e+01
   5.5153700e+02   8.5600000e-01   5.5188100e+02   8.6394578e+01
   5.5241700e+02   8.8000000e-01   5.5276000e+02   8.4349234e+01
   5.5337200e+02   9.5500000e-01   5.5370300e+02   8.6698638e+01
   5.5434200e+02   9.7100000e-01   5.5464600e+02   8.5874519e+01
   5.5525500e+02   9.1300000e-01   5.5560200e+02   8.3098102e+01
   5.5609600e+02   8.4100000e-01   5.5644200e+02   8.6333101e+01
   5.5696100e+02   8.6500000e-01   5.5734500e+02   8.7125651e+01
   5.5788000e+02   9.1900000e-01   5.5824600e+02   9.0453696e+01
   5.5882200e+02   9.4200000e-01   5.5918600e+02   9.1581875e+01
   5.5976100e+02   9.4000000e-01   5.6012800e+02   9.0880709e+01
   5.6062700e+02   8.6500000e-01   5.6098500e+02   9.0819232e+01
   5.6145500e+02   8.2800000e-01   5.6182400e+02   9.1216338e+01
   5.6233800e+02   8.8300000e-01   5.6266700e+02   9.1581875e+01
   5.6327200e+02   9.3400000e-01   5.6360800e+02   9.2008888e+01
   5.6424600e+02   9.7400000e-01   5.6460600e+02   9.1947411e+01
   5.6517800e+02   9.3200000e-01   5.6552500e+02   9.1246246e+01
   5.6603400e+02   8.5600000e-01   5.6635700e+02   9.1460583e+01
   5.6686700e+02   8.3300000e-01   5.6718700e+02   9.2405994e+01
   5.6777200e+02   9.0500000e-01   5.6812900e+02   9.0849140e+01
   5.6875800e+02   9.8600000e-01   5.6910800e+02   9.0025021e+01
   5.6969000e+02   9.3200000e-01   5.7001500e+02   8.7889955e+01
   5.7053000e+02   8.4000000e-01   5.7088800e+02   8.7065836e+01
   5.7136300e+02   8.3300000e-01   5.7173100e+02   8.7095744e+01
   5.7223800e+02   8.7500000e-01   5.7258800e+02   8.7614141e+01
   5.7314600e+02   9.0800000e-01   5.7347600e+02   8.6241717e+01
   5.7403600e+02   8.8900000e-01   5.7437700e+02   8.7004359e+01
   5.7486200e+02   8.2600000e-01   5.7517700e+02   8.7034267e+01
   5.7567600e+02   8.1400000e-01   5.7600800e+02   8.7889955e+01
   5.7652600e+02   8.5100000e-01   5.7687500e+02   8.6698638e+01
   5.7739900e+02   8.7300000e-01   5.7773300e+02   8.6790022e+01
   5.7827600e+02   8.7700000e-01   5.7861000e+02   8.4746340e+01
   5.7909200e+02   8.1600000e-01   5.7943400e+02   8.7095744e+01
   5.7993800e+02   8.4600000e-01   5.8027400e+02   8.7889955e+01
   5.8086400e+02   9.2600000e-01   5.8119400e+02   8.9200902e+01
   5.8183400e+02   9.7000000e-01   5.8219400e+02   9.0880709e+01
   5.8276600e+02   9.3300000e-01   5.8313700e+02   9.0025021e+01
   5.8364400e+02   8.7700000e-01   5.8399300e+02   9.0422127e+01
   5.8456300e+02   9.1900000e-01   5.8487600e+02   8.9689392e+01
   5.8550700e+02   9.4500000e-01   5.8585400e+02   8.9598008e+01
   5.8638600e+02   8.7900000e-01   5.8676100e+02   8.9170995e+01
   5.8719900e+02   8.1300000e-01   5.8757400e+02   9.0056590e+01
   5.8803900e+02   8.4000000e-01   5.8837500e+02   9.1246246e+01
   5.8897600e+02   9.3800000e-01   5.8929500e+02   9.0819232e+01
   5.8992200e+02   9.4500000e-01   5.9028000e+02   8.9598008e+01
   5.9081000e+02   8.8800000e-01   5.9117700e+02   8.8652597e+01
   5.9163700e+02   8.2700000e-01   5.9200000e+02   8.8805458e+01
   5.9250700e+02   8.7000000e-01   5.9282000e+02   9.0696279e+01
   5.9342600e+02   9.1900000e-01   5.9378100e+02   9.0392219e+01
   5.9435500e+02   9.2900000e-01   5.9471800e+02   8.8438260e+01
   5.9522100e+02   8.6500000e-01   5.9558300e+02   8.7492849e+01
   5.9602100e+02   8.0100000e-01   5.9638200e+02   8.9141087e+01
   5.9683400e+02   8.1300000e-01   5.9716300e+02   8.9170995e+01
   5.9772400e+02   8.9000000e-01   5.9807500e+02   8.9018134e+01
   5.9864700e+02   9.2300000e-01   5.9896000e+02   8.7492849e+01
   5.9954400e+02   8.9700000e-01   5.9988100e+02   8.5538890e+01
   6.0035700e+02   8.1300000e-01   6.0068000e+02   8.7492849e+01
   6.0114800e+02   7.9000000e-01   6.0148100e+02   8.6760114e+01
   6.0196400e+02   8.1700000e-01   6.0228100e+02   8.8805458e+01
   6.0283200e+02   8.6800000e-01   6.0318100e+02   9.1673259e+01
   6.0372900e+02   8.9700000e-01   6.0406000e+02   8.9629577e+01
   6.0457500e+02   8.4600000e-01   6.0494000e+02   8.9689392e+01
   6.0539400e+02   8.1900000e-01   6.0576000e+02   8.9232471e+01
   6.0626900e+02   8.7500000e-01   6.0660100e+02   8.8835365e+01
   6.0722600e+02   9.5700000e-01   6.0758000e+02   8.9629577e+01
   6.0819000e+02   9.6300000e-01   6.0856000e+02   8.9293948e+01
   6.0909700e+02   9.0800000e-01   6.0948800e+02   8.3403824e+01
   6.0991900e+02   8.2200000e-01   6.1028200e+02   8.6790022e+01
   6.1072300e+02   8.0400000e-01   6.1104300e+02   8.8773889e+01
   6.1156700e+02   8.4400000e-01   6.1188200e+02   8.8346876e+01
   6.1247100e+02   9.0400000e-01   6.1277900e+02   8.6760114e+01
   6.1341100e+02   9.4100000e-01   6.1374500e+02   8.9200902e+01
   6.1430100e+02   8.9000000e-01   6.1464800e+02   8.7310081e+01
   6.1511700e+02   8.1600000e-01   6.1546100e+02   8.7858386e+01
   6.1597100e+02   8.5400000e-01   6.1630800e+02   8.8743981e+01
   6.1692500e+02   9.5400000e-01   6.1728000e+02   8.9141087e+01
   6.1789400e+02   9.6900000e-01   6.1824300e+02   8.6790022e+01
   6.1883800e+02   9.4400000e-01   6.1916400e+02   8.7034267e+01
   6.1969400e+02   8.5600000e-01   6.2004000e+02   8.5935996e+01
   6.2052000e+02   8.2600000e-01   6.2086100e+02   8.7492849e+01
   6.2140200e+02   8.8200000e-01   6.2176000e+02   8.6760114e+01
   6.2237500e+02   9.7200000e-01   6.2270200e+02   8.8714074e+01
   6.2335100e+02   9.7600000e-01   6.2368500e+02   8.6730207e+01
   6.2431500e+02   9.6400000e-01   6.2465900e+02   8.5997472e+01
   6.2519300e+02   8.7800000e-01   6.2557900e+02   8.5630274e+01
   6.2602300e+02   8.3000000e-01   6.2634700e+02   8.7431373e+01
   6.2685100e+02   8.2900000e-01   6.2720700e+02   8.6668730e+01
   6.2778400e+02   9.3300000e-01   6.2815900e+02   8.9995113e+01
   6.2879800e+02   1.0140000e+00   6.2915900e+02   9.0025021e+01
   6.2982000e+02   1.0210000e+00   6.3018100e+02   8.9141087e+01
   6.3078900e+02   9.6900000e-01   6.3116100e+02   8.7095744e+01
   6.3167400e+02   8.8500000e-01   6.3199800e+02   8.7065836e+01
   6.3252100e+02   8.4700000e-01   6.3287800e+02   8.7401465e+01
   6.3342800e+02   9.0700000e-01   6.3376100e+02   8.6698638e+01
   6.3439200e+02   9.6400000e-01   6.3474000e+02   8.7949770e+01
   6.3537000e+02   9.7800000e-01   6.3573800e+02   8.8773889e+01
   6.3631300e+02   9.4300000e-01   6.3664300e+02   8.7889955e+01
   6.3718400e+02   8.7100000e-01   6.3755700e+02   8.8378445e+01
   6.3801500e+02   8.3100000e-01   6.3835700e+02   8.9200902e+01
   6.3889300e+02   8.7800000e-01   6.3922400e+02   8.8255491e+01
   6.3982000e+02   9.2800000e-01   6.4018300e+02   8.8285399e+01
   6.4081200e+02   9.9200000e-01   6.4113800e+02   8.9598008e+01
   6.4179600e+02   9.8400000e-01   6.4211700e+02   8.7828478e+01
   6.4267300e+02   8.7800000e-01   6.4304100e+02   8.4746340e+01
   6.4351000e+02   8.3600000e-01   6.4386000e+02   8.7095744e+01
   6.4434900e+02   8.4000000e-01   6.4468600e+02   9.0789325e+01
   6.4529600e+02   9.4700000e-01   6.4562200e+02   8.9109518e+01
   6.4629300e+02   9.9800000e-01   6.4666100e+02   8.7949770e+01
   6.4723100e+02   9.3800000e-01   6.4759400e+02   8.6210148e+01
   6.4809000e+02   8.5900000e-01   6.4845500e+02   8.6241717e+01
   6.4894700e+02   8.5800000e-01   6.4925900e+02   8.7492849e+01
   6.4983100e+02   8.8400000e-01   6.5018200e+02   8.5997472e+01
   6.5079300e+02   9.6200000e-01   6.5111900e+02   8.6668730e+01
   6.5179600e+02   1.0030000e+00   6.5213500e+02   8.5052062e+01
   6.5277800e+02   9.8200000e-01   6.5310300e+02   8.4837724e+01
   6.5367100e+02   8.9300000e-01   6.5401100e+02   8.5020492e+01
   6.5452600e+02   8.5500000e-01   6.5489300e+02   8.2915334e+01
   6.5539600e+02   8.7000000e-01   6.5574000e+02   8.4837724e+01
   6.5630300e+02   9.0700000e-01   6.5662200e+02   8.7492849e+01
   6.5725600e+02   9.5300000e-01   6.5760700e+02   9.0757756e+01
   6.5818500e+02   9.2900000e-01   6.5856600e+02   8.9476716e+01
   6.5903500e+02   8.5000000e-01   6.5938300e+02   9.0025021e+01
   6.5986100e+02   8.2600000e-01   6.6022600e+02   9.0819232e+01
   6.6068900e+02   8.2700000e-01   6.6104400e+02   9.1978980e+01
   6.6163700e+02   9.4800000e-01   6.6198200e+02   9.3200205e+01
   6.6266800e+02   1.0300000e+00   6.6302600e+02   9.2771530e+01
   6.6367300e+02   1.0050000e+00   6.6404200e+02   9.1551967e+01
   6.6457700e+02   9.0400000e-01   6.6490100e+02   9.0392219e+01
   6.6552100e+02   9.4400000e-01   6.6584800e+02   8.9995113e+01
   6.6654300e+02   1.0220000e+00   6.6684900e+02   9.0025021e+01
   6.6752900e+02   9.8600000e-01   6.6786600e+02   8.9200902e+01
   6.6841900e+02   8.9000000e-01   6.6878900e+02   8.9109518e+01
   6.6938500e+02   9.6600000e-01   6.6973900e+02   8.8652597e+01
   6.7040100e+02   1.0160000e+00   6.7076100e+02   8.7522757e+01
   6.7135500e+02   9.5400000e-01   6.7170400e+02   8.5538890e+01
   6.7222900e+02   8.7400000e-01   6.7258100e+02   8.6363009e+01
   6.7313500e+02   9.0500000e-01   6.7349700e+02   8.8285399e+01
   6.7408200e+02   9.4700000e-01   6.7442300e+02   8.9995113e+01
   6.7499700e+02   9.1500000e-01   6.7532200e+02   9.0789325e+01
   6.7584000e+02   8.4200000e-01   6.7618600e+02   9.0727848e+01
   6.7669400e+02   8.5500000e-01   6.7702200e+02   9.1978980e+01
   6.7768000e+02   9.8600000e-01   6.7799900e+02   9.1093385e+01
   6.7870400e+02   1.0240000e+00   6.7900500e+02   9.0360650e+01
   6.7965600e+02   9.5200000e-01   6.7998500e+02   8.8378445e+01
   6.8053700e+02   8.8100000e-01   6.8087900e+02   8.7889955e+01
   6.8140900e+02   8.7200000e-01   6.8174300e+02   8.8773889e+01
   6.8230600e+02   8.9700000e-01   6.8266400e+02   8.7095744e+01
   6.8330600e+02   1.0000000e+00   6.8365800e+02   8.6668730e+01
   6.8429000e+02   9.8400000e-01   6.8464000e+02   8.5997472e+01
   6.8520600e+02   9.1600000e-01   6.8556300e+02   8.5935996e+01
   6.8604200e+02   8.3600000e-01   6.8637700e+02   8.5143446e+01
   6.8686000e+02   8.1800000e-01   6.8719400e+02   8.6730207e+01
   6.8771800e+02   8.5800000e-01   6.8805800e+02   8.7889955e+01
   6.8863600e+02   9.1800000e-01   6.8894200e+02   8.6394578e+01
   6.8955000e+02   9.1400000e-01   6.8990100e+02   8.6394578e+01
   6.9044300e+02   8.9300000e-01   6.9077600e+02   8.7919862e+01
   6.9127700e+02   8.3300000e-01   6.9163900e+02   8.7889955e+01
   6.9207700e+02   8.0000000e-01   6.9240100e+02   9.0422127e+01
   6.9288700e+02   8.1000000e-01   6.9320100e+02   9.1947411e+01
   6.9382100e+02   9.3400000e-01   6.9416300e+02   9.1581875e+01
   6.9480900e+02   9.8900000e-01   6.9517600e+02   9.0422127e+01
   6.9577000e+02   9.6100000e-01   6.9609500e+02   8.8773889e+01
   6.9665500e+02   8.8500000e-01   6.9701500e+02   8.8378445e+01
   6.9754300e+02   8.8900000e-01   6.9786200e+02   8.8164107e+01
   6.9849300e+02   9.5000000e-01   6.9883600e+02   8.7919862e+01
   6.9949200e+02   9.9900000e-01   6.9985900e+02   8.8621028e+01
   7.0045400e+02   9.6200000e-01   7.0081600e+02   8.7554326e+01
   7.0136800e+02   9.1300000e-01   7.0171400e+02   8.5600366e+01
   7.0218000e+02   8.1300000e-01   7.0257300e+02   8.5997472e+01
   7.0299200e+02   8.1200000e-01   7.0335200e+02   8.7522757e+01
   7.0389000e+02   8.9800000e-01   7.0425400e+02   8.9598008e+01
   7.0487500e+02   9.8500000e-01   7.0521200e+02   9.2040457e+01
   7.0582700e+02   9.5100000e-01   7.0619200e+02   9.0819232e+01
   7.0670000e+02   8.7300000e-01   7.0705200e+02   9.1184769e+01
   7.0758500e+02   8.8500000e-01   7.0793400e+02   9.0849140e+01
   7.0856100e+02   9.7600000e-01   7.0887900e+02   8.9873822e+01
   7.0959500e+02   1.0340000e+00   7.0995200e+02   8.7492849e+01
   7.1050900e+02   9.1400000e-01   7.1087700e+02   8.7369896e+01
   7.1137700e+02   8.6800000e-01   7.1169200e+02   8.7919862e+01
   7.1230000e+02   9.2300000e-01   7.1265500e+02   8.6974452e+01
   7.1329800e+02   9.9800000e-01   7.1364200e+02   8.6883068e+01
   7.1421300e+02   9.1500000e-01   7.1457100e+02   8.6394578e+01
   7.1507300e+02   8.6100000e-01   7.1541200e+02   8.6790022e+01
   7.1603100e+02   9.5700000e-01   7.1635800e+02   8.6607254e+01
   7.1698800e+02   9.5700000e-01   7.1733400e+02   8.6363009e+01
   7.1787500e+02   8.8700000e-01   7.1825200e+02   8.5538890e+01
   7.1869500e+02   8.1900000e-01   7.1905200e+02   8.7554326e+01
   7.1957300e+02   8.7900000e-01   7.1991800e+02   8.7767002e+01
   7.2054700e+02   9.7300000e-01   7.2087000e+02   8.7095744e+01
   7.2147500e+02   9.2800000e-01   7.2180800e+02   8.5143446e+01
   7.2230300e+02   8.2800000e-01   7.2264900e+02   8.5173353e+01
   7.2314800e+02   8.4500000e-01   7.2347600e+02   8.5935996e+01
   7.2407000e+02   9.2200000e-01   7.2442900e+02   8.4807817e+01
   7.2501300e+02   9.4300000e-01   7.2534900e+02   8.5570459e+01
   7.2586700e+02   8.5500000e-01   7.2621100e+02   8.3189486e+01
   7.2666400e+02   7.9700000e-01   7.2701000e+02   8.6760114e+01
   7.2747500e+02   8.1100000e-01   7.2780800e+02   8.7095744e+01
   7.2836700e+02   8.9200000e-01   7.2870900e+02   8.5967565e+01
   7.2931000e+02   9.4300000e-01   7.2966700e+02   8.6363009e+01
   7.3027500e+02   9.6500000e-01   7.3063000e+02   8.7919862e+01
   7.3119400e+02   9.1800000e-01   7.3151400e+02   8.8652597e+01
   7.3202900e+02   8.3600000e-01   7.3237300e+02   8.9476716e+01
   7.3285700e+02   8.2800000e-01   7.3320900e+02   9.1643351e+01
   7.3371600e+02   8.5800000e-01   7.3404700e+02   8.9629577e+01
   7.3468100e+02   9.6600000e-01   7.3503300e+02   8.9079610e+01
   7.3567000e+02   9.8900000e-01   7.3600400e+02   8.8743981e+01
   7.3662600e+02   9.5600000e-01   7.3695200e+02   8.7858386e+01
   7.3751400e+02   8.8800000e-01   7.3788400e+02   8.6790022e+01
   7.3838600e+02   8.7200000e-01   7.3875300e+02   8.7798571e+01
   7.3931800e+02   9.3200000e-01   7.3966500e+02   8.7919862e+01
   7.4029000e+02   9.7100000e-01   7.4064600e+02   8.8805458e+01
   7.4128300e+02   9.9300000e-01   7.4166500e+02   8.8408352e+01
   7.4221900e+02   9.3600000e-01   7.4259100e+02   8.5052062e+01
   7.4308200e+02   8.6400000e-01   7.4346200e+02   8.6363009e+01
   7.4395600e+02   8.7400000e-01   7.4430300e+02   8.5935996e+01
   7.4488000e+02   9.2400000e-01   7.4522300e+02   8.6394578e+01
   7.4584100e+02   9.6100000e-01   7.4615100e+02   8.7705525e+01
   7.4680000e+02   9.6000000e-01   7.4715500e+02   8.7310081e+01
   7.4770200e+02   9.0200000e-01   7.4806900e+02   8.6974452e+01
   7.4853800e+02   8.3500000e-01   7.4885000e+02   8.8164107e+01
   7.4942500e+02   8.8800000e-01   7.4974900e+02   8.8621028e+01
   7.5039900e+02   9.7300000e-01   7.5076400e+02   8.6394578e+01
   7.5137700e+02   9.7800000e-01   7.5168900e+02   8.5814704e+01
   7.5234500e+02   9.6800000e-01   7.5266800e+02   8.4654956e+01
   7.5320900e+02   8.6400000e-01   7.5356300e+02   8.4013605e+01
   7.5404600e+02   8.3700000e-01   7.5438000e+02   8.5479075e+01
   7.5495200e+02   9.0700000e-01   7.5525500e+02   8.5783135e+01
   7.5589000e+02   9.3800000e-01   7.5624200e+02   8.5967565e+01
   7.5675800e+02   8.6800000e-01   7.5710100e+02   8.4746340e+01
   7.5757700e+02   8.1800000e-01   7.5792000e+02   8.3159579e+01
   7.5844700e+02   8.7000000e-01   7.5878300e+02   8.5538890e+01
   7.5939800e+02   9.5100000e-01   7.5973400e+02   8.4196374e+01
   7.6029800e+02   9.0000000e-01   7.6065400e+02   8.4654956e+01
   7.6113100e+02   8.3300000e-01   7.6145700e+02   8.6027380e+01
   7.6204300e+02   9.1200000e-01   7.6238000e+02   8.2732566e+01
   7.6298700e+02   9.4400000e-01   7.6332000e+02   8.4410711e+01
   7.6386100e+02   8.7400000e-01   7.6420100e+02   8.2700997e+01
   7.6472400e+02   8.6300000e-01   7.6505200e+02   8.5081969e+01
   7.6565400e+02   9.2900000e-01   7.6596600e+02   8.5020492e+01
   7.6654500e+02   8.9100000e-01   7.6687800e+02   8.2244076e+01
   7.6734600e+02   8.0100000e-01   7.6767500e+02   8.4410711e+01
   7.6817600e+02   8.3100000e-01   7.6849000e+02   8.5020492e+01
   7.6907000e+02   8.9400000e-01   7.6939600e+02   8.6790022e+01
   7.6997100e+02   9.0100000e-01   7.7031100e+02   8.4166466e+01
   7.7081700e+02   8.4600000e-01   7.7117600e+02   8.5173353e+01
   7.7166200e+02   8.4500000e-01   7.7201700e+02   8.6760114e+01
   7.7255700e+02   8.9500000e-01   7.7291900e+02   8.7889955e+01
   7.7350800e+02   9.5100000e-01   7.7385700e+02   8.6760114e+01
   7.7438500e+02   8.7600000e-01   7.7475600e+02   8.7095744e+01
   7.7527900e+02   8.9400000e-01   7.7563500e+02   8.7522757e+01
   7.7621500e+02   9.3600000e-01   7.7655400e+02   8.7522757e+01
   7.7717500e+02   9.6100000e-01   7.7751000e+02   8.5417598e+01
   7.7804000e+02   8.6500000e-01   7.7837000e+02   8.4684863e+01
   7.7888500e+02   8.4500000e-01   7.7923500e+02   8.7095744e+01
   7.7979000e+02   9.0500000e-01   7.8011400e+02   8.8316968e+01
   7.8073400e+02   9.4400000e-01   7.8109500e+02   8.8316968e+01
   7.8166600e+02   9.3300000e-01   7.8199800e+02   8.7522757e+01
   7.8251800e+02   8.5100000e-01   7.8287600e+02   8.7157220e+01
   7.8337800e+02   8.6100000e-01   7.8373600e+02   8.8378445e+01
   7.8427500e+02   8.9700000e-01   7.8459900e+02   8.9536531e+01
   7.8518400e+02   9.0900000e-01   7.8558800e+02   8.7767002e+01
   7.8604100e+02   8.5600000e-01   7.8639600e+02   8.9170995e+01
   7.8696300e+02   9.2300000e-01   7.8728900e+02   8.8988226e+01
   7.8793300e+02   9.7000000e-01   7.8827200e+02   8.6363009e+01
   7.8890700e+02   9.7400000e-01   7.8921700e+02   8.7492849e+01
   7.8979900e+02   8.9200000e-01   7.9013600e+02   8.4379142e+01
   7.9061500e+02   8.1500000e-01   7.9098800e+02   8.5814704e+01
   7.9144000e+02   8.2500000e-01   7.9179700e+02   8.8805458e+01
   7.9233400e+02   8.9400000e-01   7.9269700e+02   9.2833007e+01
   7.9339400e+02   1.0600000e+00   7.9375200e+02   9.1611782e+01
   7.9435900e+02   9.6500000e-01   7.9469600e+02   9.0880709e+01
   7.9528100e+02   9.2200000e-01   7.9563600e+02   9.0422127e+01
   7.9629600e+02   1.0150000e+00   7.9663800e+02   8.8408352e+01
   7.9732500e+02   1.0290000e+00   7.9768100e+02   8.6210148e+01
   7.9825700e+02   9.3200000e-01   7.9860100e+02   8.6180240e+01
   7.9923300e+02   9.7600000e-01   7.9957600e+02   8.6394578e+01
   8.0024700e+02   1.0140000e+00   8.0057300e+02   8.6760114e+01
   8.0125300e+02   1.0060000e+00   8.0159200e+02   8.4379142e+01
   8.0216100e+02   9.0800000e-01   8.0250000e+02   8.6668730e+01
   8.0310300e+02   9.4200000e-01   8.0345600e+02   8.9598008e+01
   8.0406900e+02   9.6600000e-01   8.0438000e+02   9.0330743e+01
   8.0505200e+02   9.8300000e-01   8.0541700e+02   9.0056590e+01
   8.0598900e+02   9.3700000e-01   8.0637500e+02   8.7919862e+01
   8.0686200e+02   8.7300000e-01   8.0720000e+02   8.8285399e+01
   8.0784000e+02   9.7800000e-01   8.0819500e+02   8.7125651e+01
   8.0888600e+02   1.0470000e+00   8.0925300e+02   8.6698638e+01
   8.0986600e+02   9.8000000e-01   8.1025100e+02   8.5538890e+01
   8.1074700e+02   8.8100000e-01   8.1111100e+02   8.6698638e+01
   8.1165500e+02   9.0800000e-01   8.1197900e+02   8.9109518e+01
   8.1262600e+02   9.7100000e-01   8.1297900e+02   9.0269266e+01
   8.1360100e+02   9.7500000e-01   8.1397400e+02   8.9995113e+01
   8.1451600e+02   9.1600000e-01   8.1489300e+02   8.9598008e+01
   8.1535100e+02   8.3500000e-01   8.1569100e+02   8.9568100e+01
   8.1622300e+02   8.7200000e-01   8.1659000e+02   9.0025021e+01
   8.1719400e+02   9.7100000e-01   8.1755200e+02   8.9629577e+01
   8.1820700e+02   1.0120000e+00   8.1857200e+02   9.0789325e+01
   8.1913600e+02   9.2900000e-01   8.1949600e+02   8.8591121e+01
   8.2001000e+02   8.7400000e-01   8.2036900e+02   9.0819232e+01
   8.2095900e+02   9.4900000e-01   8.2126800e+02   9.1276153e+01
   8.2198600e+02   1.0280000e+00   8.2233500e+02   9.0392219e+01
   8.2301500e+02   1.0290000e+00   8.2336900e+02   8.8743981e+01
   8.2399000e+02   9.7500000e-01   8.2435600e+02   8.6547439e+01
   8.2488700e+02   8.9700000e-01   8.2520900e+02   8.6790022e+01
   8.2582800e+02   9.4100000e-01   8.2616900e+02   8.7157220e+01
   8.2680000e+02   9.7200000e-01   8.2712600e+02   8.5570459e+01
   8.2777000e+02   9.7100000e-01   8.2812800e+02   8.3586592e+01
   8.2867000e+02   8.9900000e-01   8.2900500e+02   8.4043513e+01
   8.2949100e+02   8.2100000e-01   8.2984800e+02   8.6058949e+01
   8.3034600e+02   8.5600000e-01   8.3070900e+02   8.6790022e+01
   8.3127500e+02   9.2900000e-01   8.3162800e+02   8.7584233e+01
   8.3228400e+02   1.0090000e+00   8.3263700e+02   8.5387691e+01
   8.3322600e+02   9.4300000e-01   8.3356400e+02   8.3983698e+01
   8.3409100e+02   8.6500000e-01   8.3446700e+02   8.5997472e+01
   8.3501500e+02   9.2300000e-01   8.3535900e+02   8.6638823e+01
   8.3598900e+02   9.7400000e-01   8.3636400e+02   8.6730207e+01
   8.3688100e+02   8.9200000e-01   8.3720500e+02   8.5570459e+01
   8.3773800e+02   8.5700000e-01   8.3808500e+02   8.6454393e+01
   8.3865500e+02   9.1700000e-01   8.3897800e+02   8.5814704e+01
   8.3961200e+02   9.5700000e-01   8.3996400e+02   8.4746340e+01
   8.4052100e+02   9.0900000e-01   8.4085800e+02   8.4684863e+01
   8.4138000e+02   8.5900000e-01   8.4170200e+02   8.4714771e+01
   8.4226000e+02   8.8000000e-01   8.4259800e+02   8.5814704e+01
   8.4317400e+02   9.1400000e-01   8.4348500e+02   8.6790022e+01
   8.4406600e+02   8.9200000e-01   8.4440400e+02   8.5294645e+01
   8.4492300e+02   8.5700000e-01   8.4528500e+02   8.4746340e+01
   8.4585200e+02   9.2900000e-01   8.4618500e+02   8.5906088e+01
   8.4683700e+02   9.8600000e-01   8.4718300e+02   8.4349234e+01
   8.4776200e+02   9.2500000e-01   8.4809100e+02   8.6547439e+01
   8.4862500e+02   8.6200000e-01   8.4898200e+02   8.8255491e+01
   8.4956200e+02   9.3800000e-01   8.4993900e+02   8.9200902e+01
   8.5054800e+02   9.8600000e-01   8.5090100e+02   8.8805458e+01
   8.5150000e+02   9.5300000e-01   8.5184200e+02   8.8378445e+01
   8.5236200e+02   8.6100000e-01   8.5274200e+02   8.7919862e+01
   8.5329500e+02   9.3300000e-01   8.5363800e+02   8.8346876e+01
   8.5428200e+02   9.8700000e-01   8.5463700e+02   8.7919862e+01
   8.5526900e+02   9.8600000e-01   8.5561500e+02   8.5447506e+01
   8.5617300e+02   9.0400000e-01   8.5654100e+02   8.5538890e+01
   8.5712000e+02   9.4700000e-01   8.5747300e+02   8.6974452e+01
   8.5807700e+02   9.5700000e-01   8.5839200e+02   8.7004359e+01
   8.5904000e+02   9.6300000e-01   8.5936000e+02   8.5508982e+01
   8.5990600e+02   8.6600000e-01   8.6026200e+02   8.5600366e+01
   8.6081800e+02   9.1200000e-01   8.6115800e+02   8.5538890e+01
   8.6178900e+02   9.7100000e-01   8.6210000e+02   8.6027380e+01
   8.6273600e+02   9.4700000e-01   8.6307300e+02   8.4959016e+01
   8.6359800e+02   8.6100000e-01   8.6394400e+02   8.5111877e+01
   8.6446600e+02   8.6800000e-01   8.6480000e+02   8.6394578e+01
   8.6535900e+02   8.9400000e-01   8.6567800e+02   8.7125651e+01
   8.6629900e+02   9.4000000e-01   8.6666000e+02   9.0025021e+01
   8.6727400e+02   9.7600000e-01   8.6761700e+02   8.9598008e+01
   8.6819100e+02   9.1600000e-01   8.6855800e+02   8.7949770e+01
   8.6905000e+02   8.5900000e-01   8.6939900e+02   9.0819232e+01
   8.6995900e+02   9.0900000e-01   8.7029800e+02   9.1978980e+01
   8.7095000e+02   9.9000000e-01   8.7128000e+02   9.2100272e+01
   8.7198200e+02   1.0320000e+00   8.7233700e+02   9.1246246e+01
   8.7297800e+02   9.9600000e-01   8.7335000e+02   8.9445147e+01
   8.7388500e+02   9.0600000e-01   8.7423800e+02   8.9568100e+01
   8.7481700e+02   9.3300000e-01   8.7516100e+02   9.0422127e+01
   8.7583800e+02   1.0210000e+00   8.7615400e+02   8.9568100e+01
   8.7686000e+02   1.0220000e+00   8.7721300e+02   8.7492849e+01
   8.7786600e+02   1.0060000e+00   8.7818100e+02   8.7065836e+01
   8.7882000e+02   9.5300000e-01   8.7917600e+02   8.3892314e+01
   8.7967800e+02   8.5900000e-01   8.8003600e+02   8.4746340e+01
   8.8053400e+02   8.5500000e-01   8.8085200e+02   8.6638823e+01
   8.8145200e+02   9.1900000e-01   8.8181200e+02   8.5173353e+01
   8.8243400e+02   9.8100000e-01   8.8278800e+02   8.5844611e+01
   8.8341300e+02   9.7900000e-01   8.8375900e+02   8.7462942e+01
   8.8432200e+02   9.1000000e-01   8.8467900e+02   8.1785493e+01
   8.8517400e+02   8.5100000e-01   8.8551600e+02   8.3525115e+01
   8.8602200e+02   8.4800000e-01   8.8637500e+02   8.4746340e+01
   8.8693100e+02   9.0900000e-01   8.8729000e+02   8.5111877e+01
   8.8788300e+02   9.5200000e-01   8.8820800e+02   8.4623387e+01
   8.8880000e+02   9.1800000e-01   8.8913400e+02   8.3892314e+01
   8.8968400e+02   8.8400000e-01   8.9004900e+02   8.1328573e+01
   8.9050800e+02   8.2400000e-01   8.9087300e+02   8.4349234e+01
   8.9130300e+02   7.9500000e-01   8.9165700e+02   8.5508982e+01
   8.9210700e+02   8.0400000e-01   8.9244900e+02   8.7125651e+01
   8.9299100e+02   8.8400000e-01   8.9333300e+02   8.7462942e+01
   8.9394800e+02   9.5700000e-01   8.9429300e+02   8.6790022e+01
   8.9482700e+02   8.7900000e-01   8.9519200e+02   8.5997472e+01
   8.9569400e+02   8.6700000e-01   8.9604800e+02   8.5997472e+01
   8.9664500e+02   9.5100000e-01   8.9697500e+02   8.5935996e+01
   8.9762100e+02   9.7600000e-01   8.9797200e+02   8.5844611e+01
   8.9857100e+02   9.5000000e-01   8.9889400e+02   8.3556685e+01
   8.9942300e+02   8.5300000e-01   8.9977300e+02   8.3495208e+01
   9.0026500e+02   8.4100000e-01   9.0060700e+02   8.4684863e+01
   9.0112800e+02   8.6300000e-01   9.0146700e+02   8.6027380e+01
   9.0204000e+02   9.1200000e-01   9.0239300e+02   8.5020492e+01
   9.0297700e+02   9.3700000e-01   9.0330500e+02   8.5203261e+01
   9.0384400e+02   8.6700000e-01   9.0416500e+02   8.6394578e+01
   9.0466500e+02   8.2100000e-01   9.0499000e+02   8.6607254e+01
   9.0552700e+02   8.6200000e-01   9.0586900e+02   8.7858386e+01
   9.0648100e+02   9.5500000e-01   9.0684600e+02   9.0819232e+01
   9.0746000e+02   9.7900000e-01   9.0780300e+02   8.9598008e+01
   9.0834600e+02   8.8600000e-01   9.0870300e+02   8.9995113e+01
   9.0929600e+02   9.5000000e-01   9.0966300e+02   8.9995113e+01
   9.1031100e+02   1.0150000e+00   9.1066500e+02   8.9568100e+01
   9.1130200e+02   9.9100000e-01   9.1164600e+02   8.7522757e+01
   9.1219100e+02   8.8900000e-01   9.1254700e+02   8.7125651e+01
   9.1311100e+02   9.2100000e-01   9.1346500e+02   8.7949770e+01
   9.1406900e+02   9.5700000e-01   9.1442500e+02   8.6790022e+01
   9.1500100e+02   9.3200000e-01   9.1538100e+02   8.5967565e+01
   9.1584600e+02   8.4500000e-01   9.1616800e+02   8.6271625e+01
   9.1671400e+02   8.6800000e-01   9.1704900e+02   8.7767002e+01
   9.1764500e+02   9.3200000e-01   9.1796800e+02   8.6942883e+01
   9.1861100e+02   9.6600000e-01   9.1896000e+02   8.7095744e+01
   9.1950800e+02   8.9600000e-01   9.1986700e+02   8.6607254e+01
   9.2034800e+02   8.4100000e-01   9.2070200e+02   8.7522757e+01
   9.2124000e+02   8.9200000e-01   9.2160100e+02   8.6760114e+01
   9.2216900e+02   9.2900000e-01   9.2254400e+02   8.5997472e+01
   9.2309600e+02   9.2800000e-01   9.2340700e+02   8.4654956e+01
   9.2393800e+02   8.4200000e-01   9.2428200e+02   8.4379142e+01
   9.2483900e+02   9.0000000e-01   9.2518200e+02   8.4410711e+01
   9.2579400e+02   9.5600000e-01   9.2615900e+02   8.5203261e+01
   9.2676600e+02   9.7200000e-01   9.2714500e+02   8.7369896e+01
   9.2770200e+02   9.3500000e-01   9.2805900e+02   8.7095744e+01
   9.2854800e+02   8.4700000e-01   9.2886600e+02   8.8225584e+01
   9.2950000e+02   9.5200000e-01   9.2984200e+02   8.7522757e+01
   9.3049100e+02   9.9100000e-01   9.3086200e+02   8.6363009e+01
   9.3143400e+02   9.4300000e-01   9.3177900e+02   8.4349234e+01
   9.3230700e+02   8.7300000e-01   9.3264600e+02   8.5447506e+01
   9.3322600e+02   9.1900000e-01   9.3356500e+02   8.6241717e+01
   9.3420200e+02   9.7600000e-01   9.3459800e+02   8.4013605e+01
   9.3518300e+02   9.8000000e-01   9.3550000e+02   8.4746340e+01
   9.3609300e+02   9.1000000e-01   9.3643900e+02   8.5173353e+01
   9.3691800e+02   8.2500000e-01   9.3727800e+02   8.8346876e+01
   9.3779300e+02   8.7500000e-01   9.3817600e+02   8.9232471e+01
   9.3874800e+02   9.5500000e-01   9.3909900e+02   8.8378445e+01
   9.3976500e+02   1.0170000e+00   9.4008400e+02   8.7034267e+01
   9.4072300e+02   9.5800000e-01   9.4109600e+02   8.4776248e+01
   9.4160100e+02   8.7800000e-01   9.4194500e+02   8.5356122e+01
   9.4254800e+02   9.4700000e-01   9.4289600e+02   8.5600366e+01
   9.4351900e+02   9.7100000e-01   9.4384400e+02   8.7431373e+01
   9.4445200e+02   9.3300000e-01   9.4477900e+02   8.8316968e+01
   9.4541600e+02   9.6500000e-01   9.4574700e+02   8.8102631e+01
