   1.0248880e+03   8.3700000e-01   1.0252010e+03   1.2210404e+02
   1.0257090e+03   8.2200000e-01   1.0260210e+03   1.2248627e+02
   1.0265300e+03   8.2000000e-01   1.0268410e+03   1.2431733e+02
   1.0273880e+03   8.5800000e-01   1.0276910e+03   1.2481172e+02
   1.0282830e+03   8.9500000e-01   1.0285910e+03   1.2401292e+02
   1.0291650e+03   8.8200000e-01   1.0294810e+03   1.2221619e+02
   1.0300160e+03   8.5100000e-01   1.0303210e+03   1.2272202e+02
   1.0308660e+03   8.5000000e-01   1.0311710e+03   1.2272202e+02
   1.0317140e+03   8.4800000e-01   1.0320210e+03   1.2054306e+02
   1.0325500e+03   8.3600000e-01   1.0328610e+03   1.2065522e+02
   1.0334050e+03   8.5500000e-01   1.0337110e+03   1.2166688e+02
   1.0342540e+03   8.4900000e-01   1.0345610e+03   1.2162110e+02
   1.0350910e+03   8.3700000e-01   1.0354010e+03   1.2081314e+02
   1.0359060e+03   8.1500000e-01   1.0362210e+03   1.1989075e+02
   1.0367160e+03   8.1000000e-01   1.0370210e+03   1.2181336e+02
   1.0375450e+03   8.3000000e-01   1.0378510e+03   1.2290284e+02
   1.0384090e+03   8.6400000e-01   1.0387210e+03   1.2276780e+02
   1.0392510e+03   8.4200000e-01   1.0395610e+03   1.2159821e+02
   1.0400870e+03   8.3600000e-01   1.0403910e+03   1.2347504e+02
   1.0409770e+03   8.8900000e-01   1.0412810e+03   1.2369935e+02
   1.0418890e+03   9.1200000e-01   1.0422010e+03   1.2175614e+02
   1.0427840e+03   8.9500000e-01   1.0431010e+03   1.2119538e+02
   1.0436860e+03   9.0200000e-01   1.0440010e+03   1.2158677e+02
   1.0445990e+03   9.1300000e-01   1.0449110e+03   1.2065522e+02
   1.0454530e+03   8.5400000e-01   1.0457710e+03   1.1994797e+02
   1.0463100e+03   8.5700000e-01   1.0466210e+03   1.1940781e+02
   1.0470900e+03   7.8000000e-01   1.0474110e+03   1.1865708e+02
   1.0478310e+03   7.4100000e-01   1.0481510e+03   1.2030732e+02
   1.0485460e+03   7.1600000e-01   1.0488610e+03   1.2303559e+02
   1.0492320e+03   6.8600000e-01   1.0495410e+03   1.2376572e+02
   1.0499430e+03   7.1100000e-01   1.0502510e+03   1.2642762e+02
   1.0507280e+03   7.8500000e-01   1.0510310e+03   1.2869813e+02
   1.0516130e+03   8.8500000e-01   1.0519210e+03   1.2958391e+02
   1.0524950e+03   8.8200000e-01   1.0528010e+03   1.2968462e+02
   1.0534340e+03   9.3900000e-01   1.0537410e+03   1.2970750e+02
   1.0544900e+03   1.0560000e+00   1.0548010e+03   1.2720353e+02
   1.0554210e+03   9.3100000e-01   1.0557410e+03   1.2231690e+02
   1.0562930e+03   8.7100000e-01   1.0566110e+03   1.2241990e+02
   1.0572130e+03   9.2000000e-01   1.0575210e+03   1.2137391e+02
   1.0580810e+03   8.6800000e-01   1.0584010e+03   1.1899353e+02
   1.0588960e+03   8.1500000e-01   1.0592110e+03   1.1910568e+02
   1.0597180e+03   8.2300000e-01   1.0600310e+03   1.2191407e+02
   1.0606320e+03   9.1300000e-01   1.0609410e+03   1.2184540e+02
   1.0615470e+03   9.1600000e-01   1.0618610e+03   1.2171036e+02
   1.0624800e+03   9.3300000e-01   1.0627910e+03   1.2206971e+02
   1.0633630e+03   8.8300000e-01   1.0636810e+03   1.2048813e+02
   1.0641930e+03   8.3000000e-01   1.0645110e+03   1.1938721e+02
   1.0649840e+03   7.9100000e-01   1.0653010e+03   1.2048813e+02
   1.0657530e+03   7.6900000e-01   1.0660610e+03   1.2110383e+02
   1.0665190e+03   7.6600000e-01   1.0668310e+03   1.2050873e+02
   1.0672860e+03   7.6700000e-01   1.0676010e+03   1.1971222e+02
   1.0680270e+03   7.4100000e-01   1.0683410e+03   1.2107178e+02
   1.0687310e+03   7.0400000e-01   1.0690510e+03   1.2254349e+02
   1.0694140e+03   6.8300000e-01   1.0697210e+03   1.2509095e+02
   1.0700870e+03   6.7300000e-01   1.0703910e+03   1.2719209e+02
   1.0707410e+03   6.5400000e-01   1.0710410e+03   1.2906892e+02
   1.0713830e+03   6.4200000e-01   1.0716810e+03   1.3127992e+02
   1.0720260e+03   6.4300000e-01   1.0723210e+03   1.3343599e+02
   1.0727920e+03   7.6600000e-01   1.0730710e+03   1.3668383e+02
   1.0740670e+03   1.2750000e+00   1.0743510e+03   1.3659228e+02
   1.0751510e+03   1.0840000e+00   1.0754510e+03   1.3165071e+02
   1.0762700e+03   1.1190000e+00   1.0765710e+03   1.2762010e+02
   1.0772030e+03   9.3300000e-01   1.0775210e+03   1.1961151e+02
   1.0780590e+03   8.5600000e-01   1.0783710e+03   1.1953141e+02
   1.0788620e+03   8.0300000e-01   1.0791710e+03   1.1782623e+02
   1.0796200e+03   7.5800000e-01   1.0799310e+03   1.1772324e+02
   1.0803870e+03   7.6700000e-01   1.0806910e+03   1.1872345e+02
   1.0812360e+03   8.4900000e-01   1.0815410e+03   1.1865708e+02
   1.0821300e+03   8.9500000e-01   1.0824310e+03   1.1897064e+02
   1.0830740e+03   9.4400000e-01   1.0833810e+03   1.1722885e+02
   1.0840060e+03   9.3100000e-01   1.0843210e+03   1.1515289e+02
   1.0849390e+03   9.3400000e-01   1.0852510e+03   1.1429916e+02
   1.0858400e+03   9.0100000e-01   1.0861510e+03   1.1334472e+02
   1.0867000e+03   8.6000000e-01   1.0870110e+03   1.1213165e+02
   1.0875670e+03   8.6700000e-01   1.0884010e+03   1.7499412e+02
   1.0884380e+03   8.7000000e-01   1.0884390e+03   1.7499412e+02
   1.0893010e+03   8.6300000e-01   1.0893020e+03   1.7499412e+02
   1.0901560e+03   8.5500000e-01   1.0901570e+03   1.7499412e+02
   1.0909820e+03   8.2600000e-01   1.0909830e+03   2.4998507e+01
   1.0918700e+03   8.8800000e-01   1.0924010e+03   1.7499412e+02
   1.0927970e+03   9.2800000e-01   1.0927980e+03   1.7499412e+02
   1.0937260e+03   9.2900000e-01   1.0937270e+03   1.7499412e+02
   1.0946260e+03   8.9900000e-01   1.0946270e+03   2.4998507e+01
   1.0955690e+03   9.4300000e-01   1.0964010e+03   1.7499412e+02
   1.0964670e+03   8.9800000e-01   1.0964680e+03   1.7499412e+02
   1.0973810e+03   9.1400000e-01   1.0973820e+03   1.7499412e+02
   1.0982960e+03   9.1600000e-01   1.0982970e+03   1.7499412e+02
   1.0992350e+03   9.3800000e-01   1.0992360e+03   2.4998507e+01
   1.1001480e+03   9.1300000e-01   1.1004010e+03   1.7499412e+02
   1.1010880e+03   9.4000000e-01   1.1010890e+03   1.7499412e+02
   1.1019670e+03   8.7900000e-01   1.1019680e+03   1.7499412e+02
   1.1028050e+03   8.3800000e-01   1.1028060e+03   2.4998507e+01
   1.1036560e+03   8.5100000e-01   1.1044010e+03   1.7499412e+02
   1.1044900e+03   8.3500000e-01   1.1044910e+03   1.7499412e+02
   1.1053190e+03   8.2900000e-01   1.1053200e+03   1.7499412e+02
   1.1061480e+03   8.2900000e-01   1.1061490e+03   1.7499412e+02
   1.1069970e+03   8.4900000e-01   1.1069980e+03   2.4998507e+01
   1.1079050e+03   9.0800000e-01   1.1084010e+03   1.7499412e+02
   1.1087760e+03   8.7200000e-01   1.1087770e+03   1.7499412e+02
   1.1096460e+03   8.6900000e-01   1.1096470e+03   1.7499412e+02
   1.1105160e+03   8.7000000e-01   1.1105170e+03   2.4998507e+01
   1.1113780e+03   8.6100000e-01   1.1113790e+03   2.4998507e+01
   1.1122010e+03   8.2400000e-01   1.1124010e+03   1.7499412e+02
   1.1130320e+03   8.3000000e-01   1.1130330e+03   1.7499412e+02
   1.1138840e+03   8.5200000e-01   1.1138850e+03   1.7499412e+02
   1.1147280e+03   8.4300000e-01   1.1147290e+03   2.4998507e+01
   1.1155550e+03   8.2800000e-01   1.1164010e+03   1.7499412e+02
   1.1164010e+03   8.4600000e-01   1.1164020e+03   1.7499412e+02
   1.1172730e+03   8.7200000e-01   1.1172740e+03   1.7499412e+02
   1.1181300e+03   8.5700000e-01   1.1181310e+03   1.7499412e+02
   1.1189690e+03   8.3900000e-01   1.1189700e+03   2.4998507e+01
   1.1198260e+03   8.5700000e-01   1.1204010e+03   1.7499412e+02
   1.1206780e+03   8.5200000e-01   1.1206790e+03   1.7499412e+02
   1.1215170e+03   8.3900000e-01   1.1215180e+03   1.7499412e+02
   1.1223590e+03   8.4200000e-01   1.1223600e+03   1.7499412e+02
   1.1232350e+03   8.7600000e-01   1.1232360e+03   2.4998507e+01
   1.1241040e+03   8.7000000e-01   1.1244010e+03   1.7499412e+02
   1.1249160e+03   8.1100000e-01   1.1249170e+03   1.7499412e+02
   1.1257520e+03   8.3600000e-01   1.1257530e+03   1.7499412e+02
   1.1266080e+03   8.5600000e-01   1.1266090e+03   2.4998507e+01
   1.1274520e+03   8.4400000e-01   1.1274530e+03   2.4998507e+01
   1.1283200e+03   8.6800000e-01   1.1284010e+03   1.7499412e+02
   1.1291720e+03   8.5300000e-01   1.1294810e+03   1.4320926e+02
   1.1300220e+03   8.4900000e-01   1.1303310e+03   1.4133243e+02
   1.1308510e+03   8.2900000e-01   1.1311610e+03   1.4124316e+02
   1.1316870e+03   8.3600000e-01   1.1319910e+03   1.4260272e+02
   1.1325180e+03   8.3100000e-01   1.1328310e+03   1.4343357e+02
   1.1333730e+03   8.5500000e-01   1.1336910e+03   1.4366931e+02
   1.1341990e+03   8.2600000e-01   1.1345110e+03   1.4517307e+02
   1.1350610e+03   8.6100000e-01   1.1353710e+03   1.4679127e+02
   1.1359140e+03   8.5300000e-01   1.1362310e+03   1.4420719e+02
   1.1367390e+03   8.2500000e-01   1.1370510e+03   1.4399433e+02
   1.1375720e+03   8.3200000e-01   1.1378810e+03   1.4477024e+02
   1.1383950e+03   8.2300000e-01   1.1387110e+03   1.4226398e+02
   1.1391880e+03   7.9300000e-01   1.1395010e+03   1.4100742e+02
   1.1399840e+03   7.9500000e-01   1.1402910e+03   1.4227542e+02
   1.1407800e+03   7.9600000e-01   1.1410910e+03   1.4143314e+02
   1.1415510e+03   7.7100000e-01   1.1418610e+03   1.4047870e+02
   1.1423130e+03   7.6200000e-01   1.1426210e+03   1.4271488e+02
   1.1430560e+03   7.4400000e-01   1.1433610e+03   1.4151325e+02
   1.1437810e+03   7.2500000e-01   1.1440910e+03   1.4095020e+02
   1.1444920e+03   7.1100000e-01   1.1448010e+03   1.4182681e+02
   1.1451870e+03   6.9500000e-01   1.1454910e+03   1.4249973e+02
   1.1458710e+03   6.8500000e-01   1.1461710e+03   1.4218616e+02
   1.1465660e+03   6.9500000e-01   1.1468710e+03   1.4265766e+02
   1.1472710e+03   7.0400000e-01   1.1475810e+03   1.4316349e+02
   1.1479820e+03   7.1100000e-01   1.1482810e+03   1.4574756e+02
   1.1487090e+03   7.2700000e-01   1.1490110e+03   1.4657841e+02
   1.1494440e+03   7.3400000e-01   1.1497510e+03   1.4509525e+02
   1.1501750e+03   7.3100000e-01   1.1504810e+03   1.4420719e+02
   1.1509080e+03   7.3300000e-01   1.1512110e+03   1.4621906e+02
   1.1516740e+03   7.6600000e-01   1.1519710e+03   1.4729710e+02
   1.1524560e+03   7.8200000e-01   1.1527610e+03   1.4673405e+02
   1.1532260e+03   7.7000000e-01   1.1535410e+03   1.4473591e+02
   1.1540100e+03   7.8400000e-01   1.1543110e+03   1.4617329e+02
   1.1548040e+03   7.9400000e-01   1.1551110e+03   1.4644337e+02
   1.1556230e+03   8.2000000e-01   1.1559310e+03   1.4474735e+02
   1.1564370e+03   8.1300000e-01   1.1567510e+03   1.4326419e+02
   1.1572690e+03   8.3200000e-01   1.1575710e+03   1.4373569e+02
   1.1581190e+03   8.5000000e-01   1.1584310e+03   1.4284992e+02
   1.1589230e+03   8.0400000e-01   1.1592410e+03   1.4027728e+02
   1.1596850e+03   7.6200000e-01   1.1600010e+03   1.3796328e+02
   1.1604050e+03   7.2000000e-01   1.1607210e+03   1.3759249e+02
   1.1610990e+03   6.9400000e-01   1.1614110e+03   1.3946704e+02
   1.1617730e+03   6.7400000e-01   1.1620810e+03   1.4215183e+02
   1.1624260e+03   6.5300000e-01   1.1627310e+03   1.4439945e+02
   1.1630650e+03   6.3900000e-01   1.1633610e+03   1.4676838e+02
   1.1636980e+03   6.3300000e-01   1.1639910e+03   1.4922886e+02
   1.1643890e+03   6.9100000e-01   1.1646810e+03   1.5259801e+02
   1.1651690e+03   7.8100000e-01   1.1654610e+03   1.5491201e+02
   1.1660220e+03   8.5300000e-01   1.1663210e+03   1.5558492e+02
   1.1667820e+03   7.6000000e-01   1.1670910e+03   1.5252934e+02
   1.1675960e+03   8.1400000e-01   1.1679010e+03   1.5160924e+02
   1.1685760e+03   9.8000000e-01   1.1688710e+03   1.4955387e+02
   1.1695260e+03   9.5000000e-01   1.1698410e+03   1.4498310e+02
   1.1703900e+03   8.6400000e-01   1.1707010e+03   1.4142169e+02
   1.1712840e+03   8.9400000e-01   1.1715910e+03   1.4135532e+02
   1.1721930e+03   9.0900000e-01   1.1725010e+03   1.3988360e+02
   1.1731180e+03   9.2500000e-01   1.1734310e+03   1.3886279e+02
   1.1739910e+03   8.7300000e-01   1.1743010e+03   1.3845767e+02
   1.1748930e+03   9.0200000e-01   1.1752010e+03   1.4000720e+02
   1.1757980e+03   9.0500000e-01   1.1761110e+03   1.3888339e+02
   1.1766560e+03   8.5800000e-01   1.1769710e+03   1.3786258e+02
   1.1774970e+03   8.4100000e-01   1.1778110e+03   1.3926562e+02
   1.1783670e+03   8.7000000e-01   1.1786710e+03   1.4080371e+02
   1.1792480e+03   8.8100000e-01   1.1795610e+03   1.3970508e+02
   1.1800840e+03   8.3600000e-01   1.1804010e+03   1.3861560e+02
   1.1809590e+03   8.7500000e-01   1.1812610e+03   1.4065951e+02
   1.1818610e+03   9.0100000e-01   1.1821710e+03   1.3971423e+02
   1.1827550e+03   8.9400000e-01   1.1830710e+03   1.3762683e+02
   1.1835850e+03   8.3100000e-01   1.1839010e+03   1.3709811e+02
   1.1844540e+03   8.6900000e-01   1.1847610e+03   1.3865908e+02
   1.1853440e+03   8.9100000e-01   1.1856510e+03   1.3754672e+02
   1.1862180e+03   8.7300000e-01   1.1865310e+03   1.3671588e+02
   1.1870710e+03   8.5300000e-01   1.1873810e+03   1.3818759e+02
   1.1878960e+03   8.2500000e-01   1.1882110e+03   1.3812121e+02
   1.1887230e+03   8.2700000e-01   1.1890410e+03   1.3680743e+02
   1.1895390e+03   8.1600000e-01   1.1898510e+03   1.3863620e+02
   1.1903540e+03   8.1500000e-01   1.1906610e+03   1.3922213e+02
   1.1911860e+03   8.3200000e-01   1.1914910e+03   1.3892917e+02
   1.1919790e+03   7.9300000e-01   1.1922910e+03   1.3978290e+02
   1.1927940e+03   8.1400000e-01   1.1931010e+03   1.4225253e+02
   1.1936150e+03   8.2200000e-01   1.1939210e+03   1.4215183e+02
   1.1944230e+03   8.0800000e-01   1.1947310e+03   1.4125461e+02
   1.1952670e+03   8.4300000e-01   1.1955710e+03   1.4329853e+02
   1.1961290e+03   8.6200000e-01   1.1964310e+03   1.4287052e+02
   1.1969740e+03   8.4500000e-01   1.1972910e+03   1.4109668e+02
   1.1977910e+03   8.1700000e-01   1.1981010e+03   1.4133243e+02
   1.1986120e+03   8.2100000e-01   1.1989210e+03   1.4077167e+02
   1.1994180e+03   8.0600000e-01   1.1997310e+03   1.3837985e+02
   1.2001890e+03   7.7100000e-01   1.2005010e+03   1.3875979e+02
   1.2009780e+03   7.8900000e-01   1.2012810e+03   1.4122028e+02
   1.2017760e+03   7.9900000e-01   1.2020810e+03   1.3960208e+02
   1.2025740e+03   7.9800000e-01   1.2028810e+03   1.3878268e+02
   1.2033990e+03   8.2400000e-01   1.2037010e+03   1.4097308e+02
   1.2042330e+03   8.3400000e-01   1.2045410e+03   1.4034366e+02
   1.2050870e+03   8.5400000e-01   1.2054010e+03   1.3791751e+02
   1.2059230e+03   8.3600000e-01   1.2062310e+03   1.3806399e+02
   1.2067830e+03   8.6000000e-01   1.2070910e+03   1.3769320e+02
   1.2076420e+03   8.5900000e-01   1.2079510e+03   1.3531283e+02
   1.2084640e+03   8.2200000e-01   1.2087710e+03   1.3481844e+02
   1.2093020e+03   8.3800000e-01   1.2096110e+03   1.3540209e+02
   1.2101240e+03   8.2200000e-01   1.2104310e+03   1.3352755e+02
   1.2109380e+03   8.1400000e-01   1.2112510e+03   1.3282030e+02
   1.2117340e+03   7.9600000e-01   1.2120410e+03   1.3447054e+02
   1.2125640e+03   8.3000000e-01   1.2128710e+03   1.3587359e+02
   1.2133770e+03   8.1300000e-01   1.2136910e+03   1.3616656e+02
   1.2141740e+03   7.9700000e-01   1.2144810e+03   1.3804110e+02
   1.2149960e+03   8.2200000e-01   1.2153010e+03   1.4141025e+02
   1.2158700e+03   8.7400000e-01   1.2161810e+03   1.4242191e+02
   1.2167280e+03   8.5900000e-01   1.2170410e+03   1.4156818e+02
   1.2175880e+03   8.5900000e-01   1.2178910e+03   1.4335346e+02
   1.2184410e+03   8.5400000e-01   1.2187510e+03   1.4186115e+02
   1.2192570e+03   8.1600000e-01   1.2195710e+03   1.4018802e+02
   1.2200880e+03   8.3000000e-01   1.2203910e+03   1.4165744e+02
   1.2209370e+03   8.4900000e-01   1.2212410e+03   1.4037799e+02
   1.2217640e+03   8.2700000e-01   1.2220810e+03   1.3918780e+02
   1.2226060e+03   8.4200000e-01   1.2229110e+03   1.4090671e+02
   1.2234510e+03   8.4500000e-01   1.2237610e+03   1.3967074e+02
   1.2242860e+03   8.3400000e-01   1.2246010e+03   1.3776187e+02
   1.2251090e+03   8.2300000e-01   1.2254110e+03   1.3883990e+02
   1.2259390e+03   8.3000000e-01   1.2262410e+03   1.3788546e+02
   1.2267500e+03   8.1200000e-01   1.2270610e+03   1.3632449e+02
   1.2275440e+03   7.9300000e-01   1.2278510e+03   1.3722171e+02
   1.2283560e+03   8.1200000e-01   1.2286610e+03   1.3875979e+02
   1.2291880e+03   8.3200000e-01   1.2294910e+03   1.3772753e+02
   1.2299830e+03   7.9400000e-01   1.2302910e+03   1.3589648e+02
   1.2307660e+03   7.8300000e-01   1.2310710e+03   1.3950137e+02
   1.2315420e+03   7.7600000e-01   1.2318510e+03   1.4010791e+02
   1.2322980e+03   7.5600000e-01   1.2326110e+03   1.4023151e+02
   1.2330460e+03   7.4800000e-01   1.2333510e+03   1.4354572e+02
   1.2337830e+03   7.3600000e-01   1.2340910e+03   1.4425296e+02
   1.2344940e+03   7.1100000e-01   1.2348110e+03   1.4377002e+02
   1.2351900e+03   6.9600000e-01   1.2355010e+03   1.4590320e+02
   1.2358670e+03   6.7700000e-01   1.2361710e+03   1.4704990e+02
   1.2365320e+03   6.6500000e-01   1.2368410e+03   1.4856510e+02
   1.2371930e+03   6.6100000e-01   1.2375010e+03   1.4789219e+02
   1.2378890e+03   6.9600000e-01   1.2381910e+03   1.4912815e+02
   1.2385980e+03   7.0900000e-01   1.2389010e+03   1.4972325e+02
   1.2393140e+03   7.1600000e-01   1.2396110e+03   1.5062047e+02
   1.2400860e+03   7.7200000e-01   1.2403810e+03   1.5133916e+02
   1.2409270e+03   8.4100000e-01   1.2412310e+03   1.4943028e+02
   1.2417100e+03   7.8300000e-01   1.2420210e+03   1.4672260e+02
   1.2425070e+03   7.9700000e-01   1.2428110e+03   1.4772282e+02
   1.2433110e+03   8.0300000e-01   1.2436110e+03   1.4609547e+02
   1.2441150e+03   8.0500000e-01   1.2444310e+03   1.4420719e+02
   1.2448930e+03   7.7800000e-01   1.2452010e+03   1.4519596e+02
   1.2456850e+03   7.9200000e-01   1.2459910e+03   1.4575672e+02
   1.2464840e+03   7.9900000e-01   1.2467910e+03   1.4473591e+02
   1.2472650e+03   7.8100000e-01   1.2475810e+03   1.4254550e+02
   1.2480350e+03   7.7000000e-01   1.2483410e+03   1.4378147e+02
   1.2488220e+03   7.8800000e-01   1.2491310e+03   1.4368076e+02
   1.2496120e+03   7.9000000e-01   1.2499210e+03   1.4341068e+02
   1.2503860e+03   7.7400000e-01   1.2506910e+03   1.4393940e+02
   1.2511850e+03   7.9900000e-01   1.2514910e+03   1.4711628e+02
   1.2519860e+03   8.0100000e-01   1.2522910e+03   1.4736347e+02
   1.2528130e+03   8.2700000e-01   1.2531210e+03   1.4722843e+02
   1.2536260e+03   8.1300000e-01   1.2539310e+03   1.4853306e+02
   1.2544710e+03   8.4500000e-01   1.2547710e+03   1.4910527e+02
   1.2553490e+03   8.7800000e-01   1.2556610e+03   1.4772282e+02
   1.2561900e+03   8.4100000e-01   1.2565010e+03   1.4601536e+02
   1.2570330e+03   8.4300000e-01   1.2573410e+03   1.4615040e+02
   1.2578710e+03   8.3800000e-01   1.2581810e+03   1.4446582e+02
   1.2586850e+03   8.1300000e-01   1.2590010e+03   1.4176959e+02
   1.2595030e+03   8.1800000e-01   1.2598110e+03   1.4405155e+02
   1.2603000e+03   7.9700000e-01   1.2606110e+03   1.4316349e+02
   1.2610840e+03   7.8400000e-01   1.2613910e+03   1.4176044e+02
   1.2618470e+03   7.6300000e-01   1.2621510e+03   1.4287052e+02
   1.2626180e+03   7.7100000e-01   1.2629210e+03   1.4598331e+02
   1.2634200e+03   8.0200000e-01   1.2637210e+03   1.4649830e+02
   1.2642280e+03   8.0700000e-01   1.2645410e+03   1.4652119e+02
   1.2650340e+03   8.0700000e-01   1.2653410e+03   1.4831791e+02
   1.2658750e+03   8.4100000e-01   1.2661810e+03   1.4948750e+02
   1.2667220e+03   8.4700000e-01   1.2670310e+03   1.4819431e+02
   1.2675650e+03   8.4200000e-01   1.2678710e+03   1.4801579e+02
   1.2684410e+03   8.7700000e-01   1.2687510e+03   1.4768849e+02
   1.2693510e+03   9.1000000e-01   1.2696610e+03   1.4591465e+02
   1.2702890e+03   9.3800000e-01   1.2706010e+03   1.4472446e+02
   1.2711610e+03   8.7100000e-01   1.2714710e+03   1.4362354e+02
   1.2720000e+03   8.4000000e-01   1.2723110e+03   1.4298267e+02
   1.2728230e+03   8.2300000e-01   1.2731410e+03   1.4103946e+02
   1.2736110e+03   7.8700000e-01   1.2739310e+03   1.4042377e+02
   1.2743830e+03   7.7300000e-01   1.2746910e+03   1.4330997e+02
   1.2751630e+03   7.8000000e-01   1.2754710e+03   1.4458942e+02
   1.2759610e+03   7.9800000e-01   1.2762710e+03   1.4485950e+02
   1.2767360e+03   7.7400000e-01   1.2770510e+03   1.4429874e+02
   1.2774990e+03   7.6400000e-01   1.2778010e+03   1.4648685e+02
   1.2782660e+03   7.6600000e-01   1.2785710e+03   1.4744358e+02
   1.2790550e+03   7.9000000e-01   1.2793610e+03   1.4609547e+02
   1.2798330e+03   7.7700000e-01   1.2801410e+03   1.4655552e+02
   1.2806170e+03   7.8400000e-01   1.2809210e+03   1.4742069e+02
   1.2813910e+03   7.7400000e-01   1.2817010e+03   1.4599476e+02
   1.2821300e+03   7.4000000e-01   1.2824510e+03   1.4431934e+02
   1.2828430e+03   7.1300000e-01   1.2831510e+03   1.4718494e+02
   1.2835310e+03   6.8800000e-01   1.2838310e+03   1.4754429e+02
   1.2841990e+03   6.6800000e-01   1.2845010e+03   1.4940739e+02
   1.2848670e+03   6.6800000e-01   1.2851610e+03   1.4966603e+02
   1.2855730e+03   7.0600000e-01   1.2858710e+03   1.5196858e+02
   1.2863360e+03   7.6300000e-01   1.2866310e+03   1.5373097e+02
   1.2871060e+03   7.7000000e-01   1.2874010e+03   1.5201436e+02
   1.2878570e+03   7.5100000e-01   1.2881610e+03   1.5018330e+02
   1.2886120e+03   7.5500000e-01   1.2889110e+03   1.4704990e+02
   1.2893420e+03   7.3000000e-01   1.2896510e+03   1.4423008e+02
   1.2900490e+03   7.0700000e-01   1.2903510e+03   1.4215183e+02
   1.2907670e+03   7.1700000e-01   1.2910710e+03   1.4061374e+02
   1.2915040e+03   7.3700000e-01   1.2918110e+03   1.3904132e+02
   1.2922290e+03   7.2600000e-01   1.2925310e+03   1.3874835e+02
   1.2929620e+03   7.3300000e-01   1.2932610e+03   1.3905276e+02
   1.2937250e+03   7.6300000e-01   1.2940310e+03   1.3849200e+02
   1.2944850e+03   7.6000000e-01   1.2947910e+03   1.3736819e+02
   1.2952450e+03   7.6000000e-01   1.2955510e+03   1.3864764e+02
   1.2960370e+03   7.9300000e-01   1.2963410e+03   1.4032077e+02
   1.2968990e+03   8.6100000e-01   1.2972010e+03   1.4109668e+02
   1.2977530e+03   8.5400000e-01   1.2980610e+03   1.4133243e+02
   1.2986120e+03   8.6000000e-01   1.2989210e+03   1.4257984e+02
   1.2994870e+03   8.7400000e-01   1.2998010e+03   1.4202823e+02
   1.3003240e+03   8.3700000e-01   1.3006410e+03   1.4149036e+02
   1.3011640e+03   8.4000000e-01   1.3014710e+03   1.4198474e+02
   1.3020190e+03   8.5500000e-01   1.3023310e+03   1.4164600e+02
   1.3028750e+03   8.5600000e-01   1.3031810e+03   1.4133243e+02
   1.3037200e+03   8.4500000e-01   1.3040210e+03   1.4262332e+02
   1.3045640e+03   8.4300000e-01   1.3048710e+03   1.4300556e+02
   1.3053780e+03   8.1400000e-01   1.3056910e+03   1.4105090e+02
   1.3061650e+03   7.8700000e-01   1.3064710e+03   1.4296207e+02
   1.3069520e+03   7.8700000e-01   1.3072610e+03   1.4320926e+02
   1.3077320e+03   7.8000000e-01   1.3080410e+03   1.4354572e+02
   1.3085170e+03   7.8500000e-01   1.3088210e+03   1.4511814e+02
   1.3093430e+03   8.2600000e-01   1.3096410e+03   1.4606113e+02
   1.3101800e+03   8.3600000e-01   1.3104910e+03   1.4596042e+02
   1.3110170e+03   8.3700000e-01   1.3113210e+03   1.4650974e+02
   1.3118680e+03   8.5100000e-01   1.3121710e+03   1.4675693e+02
   1.3127070e+03   8.3900000e-01   1.3130210e+03   1.4411792e+02
   1.3135160e+03   8.0900000e-01   1.3138210e+03   1.4345645e+02
   1.3143340e+03   8.1800000e-01   1.3146410e+03   1.4372425e+02
   1.3151790e+03   8.4600000e-01   1.3154810e+03   1.4283847e+02
   1.3159860e+03   8.0600000e-01   1.3162910e+03   1.4107379e+02
   1.3167940e+03   8.0800000e-01   1.3171010e+03   1.4225253e+02
   1.3176060e+03   8.1200000e-01   1.3179110e+03   1.4169177e+02
   1.3184050e+03   7.9900000e-01   1.3187110e+03   1.3962497e+02
   1.3191800e+03   7.7400000e-01   1.3194810e+03   1.3997287e+02
   1.3199710e+03   7.9200000e-01   1.3202710e+03   1.4052447e+02
   1.3207650e+03   7.9400000e-01   1.3210710e+03   1.3965930e+02
   1.3215600e+03   7.9500000e-01   1.3218700e+03   1.3843478e+02
   1.3223600e+03   8.0000000e-01   1.3226610e+03   1.4008502e+02
   1.3231800e+03   8.2100000e-01   1.3234810e+03   1.3953570e+02
   1.3239840e+03   8.0300000e-01   1.3242910e+03   1.3706378e+02
   1.3247870e+03   8.0300000e-01   1.3250910e+03   1.3590792e+02
   1.3256280e+03   8.4100000e-01   1.3259310e+03   1.3170793e+02
   1.3264560e+03   8.2800000e-01   1.3267710e+03   1.3159578e+02
   1.3272570e+03   8.0100000e-01   1.3275610e+03   1.2861803e+02
   1.3280590e+03   8.0200000e-01   1.3283610e+03   1.3349322e+02
   1.3288820e+03   8.2300000e-01   1.3291910e+03   1.3598574e+02
   1.3296900e+03   8.0900000e-01   1.3300010e+03   1.3734530e+02
   1.3304830e+03   7.9300000e-01   1.3307910e+03   1.3796328e+02
   1.3312940e+03   8.1100000e-01   1.3316010e+03   1.4053592e+02
   1.3321170e+03   8.2300000e-01   1.3324210e+03   1.4035510e+02
   1.3329160e+03   7.9900000e-01   1.3332210e+03   1.4128665e+02
   1.3337360e+03   8.2000000e-01   1.3340410e+03   1.4380436e+02
   1.3345950e+03   8.5900000e-01   1.3349010e+03   1.4344501e+02
   1.3354300e+03   8.3500000e-01   1.3357410e+03   1.4183826e+02
   1.3362860e+03   8.5600000e-01   1.3365910e+03   1.4299411e+02
   1.3371410e+03   8.5400000e-01   1.3374510e+03   1.4100742e+02
   1.3379710e+03   8.3100000e-01   1.3382810e+03   1.3901843e+02
   1.3388100e+03   8.3900000e-01   1.3391110e+03   1.4040088e+02
   1.3396590e+03   8.4900000e-01   1.3399610e+03   1.3928851e+02
   1.3404960e+03   8.3800000e-01   1.3408010e+03   1.3804110e+02
   1.3413360e+03   8.4000000e-01   1.3416410e+03   1.4053592e+02
   1.3421730e+03   8.3700000e-01   1.3424810e+03   1.3897494e+02
   1.3429800e+03   8.0700000e-01   1.3432910e+03   1.3905276e+02
   1.3438110e+03   8.3100000e-01   1.3441110e+03   1.3983783e+02
   1.3446490e+03   8.3800000e-01   1.3449610e+03   1.3835696e+02
   1.3454560e+03   8.0700000e-01   1.3457710e+03   1.3725604e+02
   1.3462840e+03   8.2800000e-01   1.3465910e+03   1.3909854e+02
   1.3471220e+03   8.3800000e-01   1.3474310e+03   1.3721026e+02
   1.3479240e+03   8.0200000e-01   1.3482310e+03   1.3552569e+02
   1.3487350e+03   8.1100000e-01   1.3490410e+03   1.3764971e+02
   1.3495450e+03   8.1100000e-01   1.3498510e+03   1.3682803e+02
   1.3503540e+03   8.0900000e-01   1.3506610e+03   1.3759249e+02
   1.3511840e+03   8.3000000e-01   1.3514910e+03   1.3999576e+02
   1.3520370e+03   8.5300000e-01   1.3523410e+03   1.4091815e+02
   1.3528890e+03   8.5200000e-01   1.3532010e+03   1.4210834e+02
   1.3537650e+03   8.7600000e-01   1.3540610e+03   1.4338779e+02
   1.3546510e+03   8.8700000e-01   1.3549610e+03   1.3828830e+02
   1.3554990e+03   8.4800000e-01   1.3558110e+03   1.3814181e+02
   1.3563790e+03   8.8000000e-01   1.3566810e+03   1.3911914e+02
   1.3572690e+03   8.9000000e-01   1.3575810e+03   1.3676165e+02
   1.3581390e+03   8.7000000e-01   1.3584410e+03   1.3518923e+02
   1.3590520e+03   9.1400000e-01   1.3593610e+03   1.3570651e+02
   1.3599530e+03   9.0100000e-01   1.3602610e+03   1.3378618e+02
   1.3608110e+03   8.5800000e-01   1.3611210e+03   1.3299883e+02
   1.3616640e+03   8.5300000e-01   1.3619710e+03   1.3375185e+02
   1.3625040e+03   8.4000000e-01   1.3628110e+03   1.3255022e+02
   1.3633150e+03   8.1100000e-01   1.3636210e+03   1.3417757e+02
   1.3641460e+03   8.3100000e-01   1.3644510e+03   1.3515490e+02
   1.3649780e+03   8.3200000e-01   1.3652910e+03   1.3381823e+02
   1.3657810e+03   8.0300000e-01   1.3660910e+03   1.3512057e+02
   1.3666130e+03   8.3200000e-01   1.3669110e+03   1.3683947e+02
   1.3674700e+03   8.5700000e-01   1.3677810e+03   1.3602007e+02
   1.3682760e+03   8.0600000e-01   1.3685910e+03   1.3468340e+02
   1.3690930e+03   8.1600000e-01   1.3693910e+03   1.3734530e+02
   1.3699490e+03   8.5600000e-01   1.3702510e+03   1.3715533e+02
   1.3707870e+03   8.3900000e-01   1.3710910e+03   1.3666094e+02
   1.3716480e+03   8.6100000e-01   1.3719510e+03   1.3821048e+02
   1.3725140e+03   8.6500000e-01   1.3728210e+03   1.3806399e+02
   1.3733510e+03   8.3700000e-01   1.3736610e+03   1.3632449e+02
   1.3741730e+03   8.2300000e-01   1.3744810e+03   1.3363970e+02
   1.3749940e+03   8.2000000e-01   1.3753010e+03   1.3571795e+02
   1.3758200e+03   8.2600000e-01   1.3761310e+03   1.4007358e+02
   1.3766020e+03   7.8200000e-01   1.3769110e+03   1.4036655e+02
   1.3773800e+03   7.7800000e-01   1.3776910e+03   1.4484806e+02
   1.3781670e+03   7.8700000e-01   1.3784710e+03   1.4571323e+02
   1.3789610e+03   7.9400000e-01   1.3792710e+03   1.4617329e+02
   1.3797420e+03   7.8100000e-01   1.3800510e+03   1.4956532e+02
   1.3805440e+03   8.0200000e-01   1.3808510e+03   1.5067769e+02
   1.3813890e+03   8.4500000e-01   1.3816910e+03   1.4875736e+02
   1.3822400e+03   8.5100000e-01   1.3825510e+03   1.4840946e+02
   1.3830750e+03   8.3500000e-01   1.3833810e+03   1.4865437e+02
   1.3839440e+03   8.6900000e-01   1.3842510e+03   1.4890156e+02
   1.3847830e+03   8.3900000e-01   1.3850910e+03   1.4646625e+02
   1.3855840e+03   8.0100000e-01   1.3858910e+03   1.4618473e+02
   1.3863630e+03   7.8000000e-01   1.3866710e+03   1.4573612e+02
   1.3871130e+03   7.4900000e-01   1.3874210e+03   1.4611606e+02
   1.3878400e+03   7.2700000e-01   1.3881510e+03   1.4742069e+02
   1.3885420e+03   7.0200000e-01   1.3888510e+03   1.4528522e+02
   1.3892340e+03   6.9200000e-01   1.3895410e+03   1.4510669e+02
   1.3899380e+03   7.0400000e-01   1.3902410e+03   1.4713917e+02
   1.3906500e+03   7.1100000e-01   1.3909510e+03   1.4927235e+02
   1.3913680e+03   7.1800000e-01   1.3916710e+03   1.4816227e+02
   1.3920890e+03   7.2100000e-01   1.3924000e+03   1.4662189e+02
   1.3928070e+03   7.1800000e-01   1.3931110e+03   1.4832935e+02
   1.3935450e+03   7.3700000e-01   1.3938410e+03   1.4910527e+02
   1.3942940e+03   7.4900000e-01   1.3945910e+03   1.4774571e+02
   1.3950490e+03   7.5500000e-01   1.3953610e+03   1.4553242e+02
   1.3957840e+03   7.3500000e-01   1.3960910e+03   1.4489383e+02
   1.3964860e+03   7.0200000e-01   1.3967910e+03   1.4439945e+02
   1.3971620e+03   6.7600000e-01   1.3974710e+03   1.4535389e+02
   1.3978290e+03   6.6700000e-01   1.3981310e+03   1.4778004e+02
   1.3984750e+03   6.4600000e-01   1.3987710e+03   1.4926091e+02
   1.3991090e+03   6.3400000e-01   1.3994110e+03   1.5068913e+02
   1.3997310e+03   6.2300000e-01   1.4000310e+03   1.5145131e+02
   1.4003500e+03   6.1800000e-01   1.4006410e+03   1.5356389e+02
   1.4009610e+03   6.1200000e-01   1.4012610e+03   1.5428258e+02
   1.4015710e+03   6.1000000e-01   1.4018610e+03   1.5569707e+02
   1.4021970e+03   6.2600000e-01   1.4024810e+03   1.5716878e+02
   1.4030960e+03   8.9900000e-01   1.4033710e+03   1.5990850e+02
   1.4039950e+03   8.9900000e-01   1.4042910e+03   1.5613652e+02
   1.4048320e+03   8.3700000e-01   1.4051310e+03   1.5333958e+02
   1.4056040e+03   7.7300000e-01   1.4059110e+03   1.4873448e+02
   1.4064000e+03   7.9600000e-01   1.4067010e+03   1.4813938e+02
   1.4072550e+03   8.5500000e-01   1.4075610e+03   1.4721699e+02
   1.4081710e+03   9.1600000e-01   1.4084710e+03   1.4690342e+02
   1.4090910e+03   9.1900000e-01   1.4094010e+03   1.4488239e+02
   1.4100240e+03   9.3300000e-01   1.4103310e+03   1.4327564e+02
   1.4109300e+03   9.0600000e-01   1.4112410e+03   1.4156818e+02
   1.4117490e+03   8.2000000e-01   1.4120610e+03   1.4042377e+02
   1.4125650e+03   8.1600000e-01   1.4128810e+03   1.3987216e+02
   1.4133710e+03   8.0600000e-01   1.4136810e+03   1.4077167e+02
   1.4141770e+03   8.0500000e-01   1.4144810e+03   1.4126605e+02
   1.4149680e+03   7.9100000e-01   1.4152810e+03   1.4187259e+02
   1.4157450e+03   7.7700000e-01   1.4160510e+03   1.4284992e+02
   1.4165170e+03   7.7200000e-01   1.4168210e+03   1.3717593e+02
   1.4173560e+03   8.3900000e-01   1.4176510e+03   1.3819903e+02
   1.4182390e+03   8.8300000e-01   1.4185410e+03   1.3853549e+02
   1.4191210e+03   8.8200000e-01   1.4194310e+03   1.3792895e+02
   1.4199860e+03   8.6400000e-01   1.4202910e+03   1.3703173e+02
   1.4208900e+03   9.0400000e-01   1.4211910e+03   1.3818759e+02
   1.4218030e+03   9.1300000e-01   1.4221110e+03   1.3737963e+02
   1.4227110e+03   9.0800000e-01   1.4230210e+03   1.3584155e+02
   1.4235800e+03   8.6900000e-01   1.4238910e+03   1.3598574e+02
   1.4244230e+03   8.4300000e-01   1.4247310e+03   1.3491915e+02
   1.4252360e+03   8.1300000e-01   1.4255510e+03   1.3352755e+02
   1.4260300e+03   7.9400000e-01   1.4263410e+03   1.3448199e+02
   1.4268610e+03   8.3100000e-01   1.4271610e+03   1.3663806e+02
   1.4277060e+03   8.4500000e-01   1.4280110e+03   1.3648013e+02
   1.4285370e+03   8.3200000e-01   1.4288510e+03   1.3722171e+02
   1.4293440e+03   8.0700000e-01   1.4296510e+03   1.3932284e+02
   1.4301640e+03   8.2000000e-01   1.4304710e+03   1.3963641e+02
   1.4309960e+03   8.3200000e-01   1.4313010e+03   1.3978290e+02
   1.4318090e+03   8.1300000e-01   1.4321210e+03   1.4140109e+02
   1.4326560e+03   8.4700000e-01   1.4329610e+03   1.4382495e+02
   1.4334990e+03   8.4300000e-01   1.4338110e+03   1.4251117e+02
   1.4343170e+03   8.1800000e-01   1.4346310e+03   1.4274692e+02
   1.4351380e+03   8.2100000e-01   1.4354410e+03   1.4372425e+02
   1.4359590e+03   8.2100000e-01   1.4362610e+03   1.4309482e+02
   1.4367980e+03   8.4000000e-01   1.4371110e+03   1.4284992e+02
   1.4376030e+03   8.0400000e-01   1.4379110e+03   1.4305133e+02
   1.4383850e+03   7.8300000e-01   1.4386910e+03   1.4291629e+02
   1.4391750e+03   7.9000000e-01   1.4394810e+03   1.4292774e+02
   1.4399680e+03   7.9300000e-01   1.4402710e+03   1.4346561e+02
   1.4408140e+03   8.4600000e-01   1.4411210e+03   1.4483661e+02
   1.4416310e+03   8.1600000e-01   1.4419410e+03   1.4334201e+02
   1.4424490e+03   8.1900000e-01   1.4427610e+03   1.4401722e+02
   1.4433240e+03   8.7500000e-01   1.4436310e+03   1.4453449e+02
   1.4441680e+03   8.4400000e-01   1.4444810e+03   1.4235553e+02
   1.4449880e+03   8.1900000e-01   1.4453010e+03   1.4169177e+02
   1.4458200e+03   8.3200000e-01   1.4461210e+03   1.4219760e+02
   1.4466960e+03   8.7600000e-01   1.4470010e+03   1.4142169e+02
   1.4475260e+03   8.3000000e-01   1.4478410e+03   1.4127750e+02
   1.4483800e+03   8.5500000e-01   1.4486810e+03   1.4178104e+02
   1.4492470e+03   8.6700000e-01   1.4495610e+03   1.4078311e+02
   1.4500890e+03   8.4100000e-01   1.4504010e+03   1.3928851e+02
   1.4509990e+03   9.1000000e-01   1.4513010e+03   1.4008502e+02
   1.4519140e+03   9.1500000e-01   1.4522210e+03   1.3873919e+02
   1.4527730e+03   8.5900000e-01   1.4530910e+03   1.3733386e+02
   1.4535940e+03   8.2200000e-01   1.4539010e+03   1.3781680e+02
   1.4544090e+03   8.1500000e-01   1.4547210e+03   1.3831118e+02
   1.4552360e+03   8.2700000e-01   1.4555510e+03   1.3869342e+02
   1.4560430e+03   8.0700000e-01   1.4563510e+03   1.3987216e+02
   1.4568690e+03   8.2600000e-01   1.4571710e+03   1.4299411e+02
   1.4576990e+03   8.3000000e-01   1.4580110e+03   1.4290485e+02
   1.4585060e+03   8.0800000e-01   1.4588210e+03   1.4311771e+02
   1.4593030e+03   7.9600000e-01   1.4596110e+03   1.4424152e+02
   1.4601000e+03   7.9700000e-01   1.4604110e+03   1.4507236e+02
   1.4609030e+03   8.0300000e-01   1.4612110e+03   1.4454364e+02
   1.4617400e+03   8.3700000e-01   1.4620410e+03   1.4600391e+02
   1.4626440e+03   9.0500000e-01   1.4629510e+03   1.4729710e+02
   1.4635280e+03   8.8400000e-01   1.4638410e+03   1.4539737e+02
   1.4643590e+03   8.3100000e-01   1.4646710e+03   1.4496021e+02
   1.4652080e+03   8.4900000e-01   1.4655110e+03   1.4543171e+02
   1.4660590e+03   8.5100000e-01   1.4663710e+03   1.4447727e+02
   1.4668820e+03   8.2300000e-01   1.4671910e+03   1.4259128e+02
   1.4677110e+03   8.2900000e-01   1.4680210e+03   1.4344501e+02
   1.4685390e+03   8.2800000e-01   1.4688510e+03   1.4280414e+02
   1.4693520e+03   8.1200000e-01   1.4696610e+03   1.4171466e+02
   1.4701220e+03   7.7100000e-01   1.4704310e+03   1.4157962e+02
   1.4708860e+03   7.6400000e-01   1.4711910e+03   1.4301700e+02
   1.4716510e+03   7.6500000e-01   1.4719610e+03   1.4343357e+02
   1.4724140e+03   7.6200000e-01   1.4727210e+03   1.4394855e+02
   1.4731640e+03   7.5100000e-01   1.4734710e+03   1.4530811e+02
   1.4739170e+03   7.5300000e-01   1.4742210e+03   1.4757633e+02
   1.4747340e+03   8.1700000e-01   1.4750310e+03   1.4849873e+02
   1.4755770e+03   8.4300000e-01   1.4758810e+03   1.4720554e+02
   1.4764220e+03   8.4500000e-01   1.4767210e+03   1.4773426e+02
   1.4772540e+03   8.3200000e-01   1.4775610e+03   1.4764500e+02
   1.4780600e+03   8.0600000e-01   1.4783610e+03   1.4561252e+02
   1.4788330e+03   7.7300000e-01   1.4791410e+03   1.4404010e+02
   1.4796460e+03   8.1300000e-01   1.4799510e+03   1.4299411e+02
   1.4804490e+03   8.0300000e-01   1.4807610e+03   1.4155673e+02
   1.4812340e+03   7.8400000e-01   1.4815410e+03   1.4166888e+02
   1.4820370e+03   8.0300000e-01   1.4823400e+03   1.4122028e+02
   1.4828660e+03   8.2900000e-01   1.4831710e+03   1.4049014e+02
   1.4836780e+03   8.1200000e-01   1.4839810e+03   1.3988360e+02
   1.4845160e+03   8.3800000e-01   1.4848210e+03   1.3760394e+02
   1.4853740e+03   8.5900000e-01   1.4856810e+03   1.3969363e+02
   1.4861860e+03   8.1200000e-01   1.4865010e+03   1.3944644e+02
   1.4869780e+03   7.9300000e-01   1.4872810e+03   1.3679598e+02
   1.4877700e+03   7.9200000e-01   1.4880710e+03   1.3841189e+02
   1.4885510e+03   7.8100000e-01   1.4888610e+03   1.3785113e+02
   1.4893230e+03   7.7200000e-01   1.4896310e+03   1.3824481e+02
   1.4901200e+03   7.9700000e-01   1.4904210e+03   1.3977145e+02
   1.4909370e+03   8.1700000e-01   1.4912410e+03   1.4015369e+02
   1.4917810e+03   8.4400000e-01   1.4920810e+03   1.3929995e+02
   1.4925690e+03   7.8800000e-01   1.4928710e+03   1.3870486e+02
   1.4933640e+03   7.9500000e-01   1.4936610e+03   1.3937777e+02
   1.4941610e+03   7.9700000e-01   1.4944710e+03   1.3873919e+02
   1.4949420e+03   7.8100000e-01   1.4952510e+03   1.3836840e+02
   1.4957210e+03   7.7900000e-01   1.4960210e+03   1.4053592e+02
   1.4965080e+03   7.8700000e-01   1.4968110e+03   1.4107379e+02
   1.4973500e+03   8.4100000e-01   1.4976510e+03   1.4151325e+02
   1.4981790e+03   8.2900000e-01   1.4984810e+03   1.4047870e+02
   1.4990100e+03   8.3200000e-01   1.4993210e+03   1.3509997e+02
   1.4998490e+03   8.3800000e-01   1.5001610e+03   1.4442234e+02
   1.5006560e+03   8.0700000e-01   1.5009710e+03   1.4445438e+02
   1.5014450e+03   7.8900000e-01   1.5017510e+03   1.4222049e+02
   1.5022300e+03   7.8500000e-01   1.5025310e+03   1.4273548e+02
   1.5030250e+03   7.9500000e-01   1.5033310e+03   1.4447727e+02
   1.5038340e+03   8.0900000e-01   1.5041410e+03   1.4462375e+02
   1.5047050e+03   8.7000000e-01   1.5050110e+03   1.4617329e+02
   1.5057370e+03   1.0330000e+00   1.5060410e+03   1.4556675e+02
   1.5068200e+03   1.0820000e+00   1.5071310e+03   1.4246768e+02
   1.5077190e+03   9.0000000e-01   1.5080410e+03   1.3837985e+02
   1.5085870e+03   8.6800000e-01   1.5089010e+03   1.3848056e+02
   1.5094380e+03   8.5100000e-01   1.5097510e+03   1.3776187e+02
   1.5102690e+03   8.3100000e-01   1.5105810e+03   1.3780535e+02
   1.5111190e+03   8.5100000e-01   1.5114310e+03   1.3980578e+02
   1.5119810e+03   8.6200000e-01   1.5122910e+03   1.4071445e+02
   1.5128560e+03   8.7500000e-01   1.5131710e+03   1.4020862e+02
   1.5136880e+03   8.3100000e-01   1.5140010e+03   1.4078311e+02
   1.5145500e+03   8.6200000e-01   1.5148610e+03   1.4129810e+02
   1.5155010e+03   9.5100000e-01   1.5158010e+03   1.4035510e+02
   1.5164430e+03   9.4200000e-01   1.5167510e+03   1.3914203e+02
   1.5173460e+03   9.0300000e-01   1.5176510e+03   1.3909854e+02
   1.5182620e+03   9.1600000e-01   1.5185710e+03   1.3861560e+02
   1.5191360e+03   8.7400000e-01   1.5194510e+03   1.3690814e+02
   1.5199900e+03   8.5400000e-01   1.5203010e+03   1.3801821e+02
   1.5208840e+03   8.9400000e-01   1.5211910e+03   1.3802966e+02
   1.5217430e+03   8.5900000e-01   1.5220610e+03   1.3703173e+02
   1.5225740e+03   8.3100000e-01   1.5228810e+03   1.3755816e+02
   1.5234180e+03   8.4500000e-01   1.5237210e+03   1.3940066e+02
   1.5242930e+03   8.7400000e-01   1.5246010e+03   1.3863620e+02
   1.5251530e+03   8.6100000e-01   1.5254610e+03   1.3862475e+02
   1.5259840e+03   8.3100000e-01   1.5262910e+03   1.3927707e+02
   1.5268050e+03   8.2100000e-01   1.5271110e+03   1.3932284e+02
   1.5276050e+03   8.0000000e-01   1.5279210e+03   1.3885135e+02
   1.5283910e+03   7.8500000e-01   1.5287010e+03   1.4017657e+02
   1.5291870e+03   7.9600000e-01   1.5294910e+03   1.4324131e+02
   1.5300000e+03   8.1300000e-01   1.5303010e+03   1.4407215e+02
   1.5308220e+03   8.2200000e-01   1.5311310e+03   1.4437656e+02
   1.5316280e+03   8.0600000e-01   1.5319310e+03   1.4673405e+02
   1.5324290e+03   8.0100000e-01   1.5327310e+03   1.4788075e+02
   1.5332190e+03   7.9100000e-01   1.5335300e+03   1.4698124e+02
   1.5339730e+03   7.5400000e-01   1.5342810e+03   1.4758778e+02
   1.5347140e+03   7.4100000e-01   1.5350210e+03   1.4753285e+02
   1.5354960e+03   7.8200000e-01   1.5358010e+03   1.4789219e+02
   1.5363070e+03   8.1200000e-01   1.5366110e+03   1.4763355e+02
   1.5371920e+03   8.8500000e-01   1.5372010e+03   1.7499412e+02
   1.5381040e+03   9.1200000e-01   1.5381050e+03   1.7499412e+02
   1.5389790e+03   8.7400000e-01   1.5389800e+03   2.4998507e+01
   1.5398560e+03   8.7700000e-01   1.5404010e+03   1.7499412e+02
   1.5407540e+03   8.9800000e-01   1.5407550e+03   1.7499412e+02
   1.5416210e+03   8.6700000e-01   1.5416220e+03   1.7499412e+02
   1.5424610e+03   8.4000000e-01   1.5424620e+03   2.4998507e+01
   1.5432840e+03   8.2300000e-01   1.5432850e+03   2.4998507e+01
   1.5440880e+03   8.0400000e-01   1.5444010e+03   1.7499412e+02
   1.5448670e+03   7.7900000e-01   1.5448680e+03   1.7499412e+02
   1.5456240e+03   7.5600000e-01   1.5456250e+03   1.7499412e+02
   1.5464010e+03   7.7800000e-01   1.5464020e+03   2.4998507e+01
   1.5472110e+03   8.1000000e-01   1.5472120e+03   2.4998507e+01
   1.5480100e+03   7.9900000e-01   1.5484010e+03   1.7499412e+02
   1.5488090e+03   7.9900000e-01   1.5488100e+03   1.7499412e+02
   1.5496630e+03   8.5400000e-01   1.5496640e+03   1.7499412e+02
   1.5505060e+03   8.4300000e-01   1.5505070e+03   2.4998507e+01
   1.5513290e+03   8.2300000e-01   1.5513300e+03   2.4998507e+01
   1.5521890e+03   8.6000000e-01   1.5524010e+03   1.7499412e+02
   1.5531050e+03   9.1700000e-01   1.5531060e+03   1.7499412e+02
   1.5539540e+03   8.4900000e-01   1.5539550e+03   1.7499412e+02
   1.5548020e+03   8.4800000e-01   1.5548030e+03   2.4998507e+01
   1.5556350e+03   8.3200000e-01   1.5564010e+03   1.7499412e+02
   1.5564190e+03   7.8400000e-01   1.5564200e+03   1.7499412e+02
   1.5572020e+03   7.8300000e-01   1.5572030e+03   1.7499412e+02
   1.5580240e+03   8.2200000e-01   1.5580250e+03   1.7499412e+02
   1.5588250e+03   8.0200000e-01   1.5588260e+03   2.4998507e+01
   1.5596060e+03   7.8100000e-01   1.5603920e+03   3.9997153e+01
   1.5603910e+03   7.8400000e-01   1.5604010e+03   1.7499412e+02
   1.5612020e+03   8.1100000e-01   1.5612030e+03   1.7499412e+02
   1.5619900e+03   7.8900000e-01   1.5619910e+03   1.7499412e+02
   1.5627820e+03   7.9200000e-01   1.5627830e+03   2.4998507e+01
   1.5635880e+03   8.0600000e-01   1.5644010e+03   1.7499412e+02
   1.5644010e+03   8.1300000e-01   1.5644020e+03   1.7499412e+02
   1.5652250e+03   8.2300000e-01   1.5652260e+03   1.7499412e+02
   1.5661010e+03   8.7600000e-01   1.5661020e+03   1.7499412e+02
   1.5669890e+03   8.8800000e-01   1.5669900e+03   2.4998507e+01
   1.5677920e+03   8.0300000e-01   1.5684010e+03   1.7499412e+02
   1.5686020e+03   8.1000000e-01   1.5686030e+03   1.7499412e+02
   1.5694170e+03   8.1500000e-01   1.5694180e+03   1.7499412e+02
   1.5702050e+03   7.8800000e-01   1.5702060e+03   1.7499412e+02
   1.5709850e+03   7.8000000e-01   1.5709860e+03   2.4998507e+01
   1.5717620e+03   7.7600000e-01   1.5724010e+03   1.7499412e+02
   1.5725170e+03   7.5600000e-01   1.5725180e+03   1.7499412e+02
   1.5732500e+03   7.3300000e-01   1.5732510e+03   1.7499412e+02
   1.5739580e+03   7.0700000e-01   1.5739590e+03   1.7499412e+02
   1.5746500e+03   6.9300000e-01   1.5746510e+03   2.4998507e+01
   1.5753350e+03   6.8500000e-01   1.5753360e+03   2.4998507e+01
   1.5760250e+03   6.8900000e-01   1.5764010e+03   1.7499412e+02
   1.5767400e+03   7.1500000e-01   1.5767410e+03   1.7499412e+02
   1.5775190e+03   7.8000000e-01   1.5775200e+03   1.7499412e+02
   1.5782960e+03   7.7700000e-01   1.5782970e+03   1.7499412e+02
   1.5790740e+03   7.7800000e-01   1.5790750e+03   2.4998507e+01
   1.5798830e+03   8.0900000e-01   1.5804010e+03   1.7499412e+02
   1.5806970e+03   8.1400000e-01   1.5806980e+03   1.7499412e+02
   1.5815100e+03   8.1300000e-01   1.5815110e+03   1.7499412e+02
   1.5823470e+03   8.3700000e-01   1.5823480e+03   1.7499412e+02
   1.5831940e+03   8.4700000e-01   1.5831950e+03   2.4998507e+01
   1.5840180e+03   8.2400000e-01   1.5844010e+03   1.7499412e+02
   1.5848380e+03   8.2000000e-01   1.5848390e+03   1.7499412e+02
   1.5856580e+03   8.2000000e-01   1.5856590e+03   1.7499412e+02
   1.5864580e+03   8.0000000e-01   1.5864590e+03   2.4998507e+01
   1.5872580e+03   8.0000000e-01   1.5872590e+03   2.4998507e+01
   1.5880620e+03   8.0400000e-01   1.5884010e+03   1.7499412e+02
   1.5888720e+03   8.1100000e-01   1.5888730e+03   1.7499412e+02
   1.5896800e+03   8.0700000e-01   1.5896810e+03   1.7499412e+02
   1.5904990e+03   8.2000000e-01   1.5905000e+03   2.4998507e+01
   1.5913320e+03   8.3200000e-01   1.5913330e+03   2.4998507e+01
   1.5921530e+03   8.2200000e-01   1.5924010e+03   1.7499412e+02
   1.5929990e+03   8.4600000e-01   1.5930000e+03   1.7499412e+02
   1.5938430e+03   8.4400000e-01   1.5938440e+03   1.7499412e+02
   1.5946700e+03   8.2700000e-01   1.5946710e+03   2.4998507e+01
   1.5955170e+03   8.4700000e-01   1.5964010e+03   1.7499412e+02
   1.5964060e+03   8.8900000e-01   1.5964070e+03   1.7499412e+02
   1.5972510e+03   8.4500000e-01   1.5972520e+03   1.7499412e+02
   1.5981120e+03   8.6100000e-01   1.5981130e+03   1.7499412e+02
   1.5989590e+03   8.4800000e-01   1.5992610e+03   1.1665665e+02
   1.5998260e+03   8.6700000e-01   1.6001310e+03   1.1713959e+02
   1.6006780e+03   8.5100000e-01   1.6009810e+03   1.1882416e+02
   1.6015260e+03   8.4800000e-01   1.6018310e+03   1.1992508e+02
   1.6023630e+03   8.3800000e-01   1.6026710e+03   1.2041947e+02
   1.6031950e+03   8.3100000e-01   1.6035010e+03   1.2391221e+02
   1.6040680e+03   8.7300000e-01   1.6043710e+03   1.2613694e+02
   1.6049650e+03   8.9800000e-01   1.6052710e+03   1.2576615e+02
   1.6058330e+03   8.6700000e-01   1.6061410e+03   1.2632692e+02
   1.6067470e+03   9.1400000e-01   1.6070510e+03   1.2825868e+02
   1.6076460e+03   8.9900000e-01   1.6079510e+03   1.2542970e+02
   1.6084970e+03   8.5100000e-01   1.6088010e+03   1.2520539e+02
   1.6093870e+03   8.9000000e-01   1.6096910e+03   1.2623765e+02
   1.6102860e+03   8.9900000e-01   1.6105910e+03   1.2386872e+02
   1.6111570e+03   8.7000000e-01   1.6114610e+03   1.2354142e+02
   1.6120570e+03   9.0000000e-01   1.6123610e+03   1.2463090e+02
   1.6129590e+03   9.0100000e-01   1.6132610e+03   1.2299210e+02
   1.6138420e+03   8.8300000e-01   1.6141510e+03   1.2534959e+02
   1.6147510e+03   9.1000000e-01   1.6151110e+03   1.3846911e+02
   1.6156440e+03   8.9300000e-01   1.6161110e+03   1.3860415e+02
   1.6165170e+03   8.7200000e-01   1.6168110e+03   1.3855838e+02
   1.6173850e+03   8.6900000e-01   1.6176910e+03   1.3131426e+02
   1.6182580e+03   8.7300000e-01   1.6185710e+03   1.2392365e+02
   1.6190880e+03   8.3000000e-01   1.6194010e+03   1.2510240e+02
   1.6199220e+03   8.3400000e-01   1.6202210e+03   1.2572038e+02
   1.6207550e+03   8.3300000e-01   1.6210610e+03   1.2328278e+02
   1.6215660e+03   8.1100000e-01   1.6218710e+03   1.2309281e+02
   1.6223800e+03   8.1400000e-01   1.6226810e+03   1.2670915e+02
   1.6231840e+03   8.0400000e-01   1.6234910e+03   1.2781007e+02
   1.6239980e+03   8.1400000e-01   1.6243010e+03   1.2699067e+02
   1.6248050e+03   8.0600000e-01   1.6251110e+03   1.2919252e+02
   1.6255960e+03   7.9200000e-01   1.6259010e+03   1.3000047e+02
   1.6263830e+03   7.8700000e-01   1.6266910e+03   1.2835939e+02
   1.6271800e+03   7.9600000e-01   1.6274810e+03   1.2748506e+02
   1.6279430e+03   7.6300000e-01   1.6282410e+03   1.2839372e+02
   1.6286990e+03   7.5600000e-01   1.6290010e+03   1.3044908e+02
   1.6294540e+03   7.5500000e-01   1.6297610e+03   1.2923601e+02
   1.6302070e+03   7.5300000e-01   1.6305110e+03   1.2975328e+02
   1.6309660e+03   7.5900000e-01   1.6312610e+03   1.3298739e+02
   1.6317380e+03   7.7300000e-01   1.6320410e+03   1.3249300e+02
   1.6325320e+03   7.9300000e-01   1.6328310e+03   1.3112429e+02
   1.6333070e+03   7.7500000e-01   1.6336110e+03   1.3114488e+02
   1.6341060e+03   8.0000000e-01   1.6344010e+03   1.3184297e+02
   1.6349200e+03   8.1300000e-01   1.6352210e+03   1.2935960e+02
   1.6357130e+03   7.9300000e-01   1.6360210e+03   1.2729280e+02
   1.6365260e+03   8.1300000e-01   1.6368210e+03   1.2861803e+02
   1.6373360e+03   8.1000000e-01   1.6376410e+03   1.2551896e+02
   1.6381440e+03   8.0800000e-01   1.6384510e+03   1.2391221e+02
   1.6389400e+03   7.9600000e-01   1.6392410e+03   1.2510240e+02
   1.6397380e+03   7.9800000e-01   1.6400410e+03   1.2438371e+02
   1.6405480e+03   8.1000000e-01   1.6408510e+03   1.2238557e+02
   1.6413500e+03   8.0200000e-01   1.6416510e+03   1.2287995e+02
   1.6421750e+03   8.2500000e-01   1.6424710e+03   1.2453019e+02
   1.6430160e+03   8.4100000e-01   1.6433210e+03   1.2220475e+02
   1.6438430e+03   8.2700000e-01   1.6441510e+03   1.2087952e+02
   1.6446930e+03   8.5000000e-01   1.6449910e+03   1.2254349e+02
   1.6455350e+03   8.4200000e-01   1.6458410e+03   1.2056595e+02
   1.6463640e+03   8.2900000e-01   1.6466710e+03   1.1908280e+02
   1.6471930e+03   8.2900000e-01   1.6474910e+03   1.2011734e+02
   1.6480370e+03   8.4300000e-01   1.6483410e+03   1.1970078e+02
   1.6488720e+03   8.3500000e-01   1.6491810e+03   1.1766830e+02
   1.6496590e+03   7.8800000e-01   1.6499710e+03   1.1207443e+02
   1.6504760e+03   8.1600000e-01   1.6507810e+03   1.1061416e+02
   1.6512920e+03   8.1600000e-01   1.6516010e+03   1.2212693e+02
   1.6521100e+03   8.1900000e-01   1.6524210e+03   1.3173998e+02
   1.6529100e+03   7.9900000e-01   1.6531310e+03   1.5409261e+02
   1.6537420e+03   8.3200000e-01   1.6542110e+03   1.4554386e+02
   1.6545800e+03   8.3800000e-01   1.6551410e+03   1.6695121e+02
   1.6554290e+03   8.4900000e-01   1.6557310e+03   1.3355959e+02
   1.6562690e+03   8.4100000e-01   1.6565810e+03   1.3224581e+02
   1.6570770e+03   8.0800000e-01   1.6573910e+03   1.3545931e+02
   1.6578880e+03   8.1100000e-01   1.6581910e+03   1.3458269e+02
   1.6586860e+03   7.9800000e-01   1.6589910e+03   1.2968462e+02
   1.6594520e+03   7.6500000e-01   1.6597610e+03   1.2979906e+02
   1.6602190e+03   7.6700000e-01   1.6605210e+03   1.3366259e+02
   1.6609520e+03   7.3300000e-01   1.6612510e+03   1.3372896e+02
   1.6616630e+03   7.1100000e-01   1.6619610e+03   1.3479555e+02
   1.6623960e+03   7.3300000e-01   1.6626910e+03   1.3654879e+02
   1.6631500e+03   7.5500000e-01   1.6634510e+03   1.3355959e+02
   1.6639050e+03   7.5500000e-01   1.6642110e+03   1.3480700e+02
   1.6646240e+03   7.2000000e-01   1.6649210e+03   1.3493059e+02
   1.6653590e+03   7.3400000e-01   1.6656510e+03   1.3697451e+02
   1.6661650e+03   8.0600000e-01   1.6664510e+03   1.3790606e+02
   1.6670340e+03   8.6900000e-01   1.6673310e+03   1.3731097e+02
   1.6678900e+03   8.5600000e-01   1.6681910e+03   1.3541354e+02
   1.6687600e+03   8.7000000e-01   1.6690610e+03   1.3608645e+02
   1.6696710e+03   9.1100000e-01   1.6699710e+03   1.3367174e+02
   1.6705280e+03   8.5700000e-01   1.6708410e+03   1.2937105e+02
   1.6713520e+03   8.2300000e-01   1.6716610e+03   1.2907808e+02
   1.6721720e+03   8.2100000e-01   1.6724710e+03   1.2879884e+02
   1.6729900e+03   8.1800000e-01   1.6733010e+03   1.2643907e+02
   1.6737810e+03   7.9100000e-01   1.6740910e+03   1.2629258e+02
   1.6745770e+03   7.9600000e-01   1.6748810e+03   1.2816942e+02
   1.6753670e+03   7.9100000e-01   1.6756710e+03   1.2722642e+02
   1.6761490e+03   7.8100000e-01   1.6764510e+03   1.2638414e+02
   1.6769290e+03   7.8100000e-01   1.6772310e+03   1.2911241e+02
   1.6777170e+03   7.8800000e-01   1.6780210e+03   1.2964113e+02
   1.6785280e+03   8.1100000e-01   1.6788310e+03   1.2879884e+02
   1.6793120e+03   7.8400000e-01   1.6796210e+03   1.2887666e+02
   1.6801100e+03   7.9900000e-01   1.6804110e+03   1.3189791e+02
   1.6809200e+03   8.1000000e-01   1.6812210e+03   1.3039415e+02
   1.6817190e+03   7.9900000e-01   1.6820210e+03   1.2943742e+02
   1.6825640e+03   8.4500000e-01   1.6828610e+03   1.3170793e+02
   1.6834100e+03   8.4600000e-01   1.6837110e+03   1.3084276e+02
   1.6842300e+03   8.2000000e-01   1.6845310e+03   1.3160723e+02
   1.6850240e+03   7.9400000e-01   1.6853310e+03   1.3092058e+02
   1.6857930e+03   7.6900000e-01   1.6861010e+03   1.3062990e+02
   1.6865410e+03   7.4900000e-01   1.6868410e+03   1.3269671e+02
   1.6872940e+03   7.5200000e-01   1.6875910e+03   1.3450487e+02
   1.6880670e+03   7.7400000e-01   1.6883710e+03   1.3326891e+02
   1.6888220e+03   7.5500000e-01   1.6891310e+03   1.3360537e+02
   1.6895900e+03   7.6700000e-01   1.6898910e+03   1.3631304e+02
   1.6903420e+03   7.5200000e-01   1.6906410e+03   1.3571795e+02
   1.6910990e+03   7.5800000e-01   1.6914010e+03   1.3369463e+02
   1.6918360e+03   7.3700000e-01   1.6921410e+03   1.3209017e+02
   1.6925420e+03   7.0500000e-01   1.6928510e+03   1.3131426e+02
   1.6932360e+03   6.9400000e-01   1.6935310e+03   1.3347033e+02
   1.6939170e+03   6.8100000e-01   1.6942110e+03   1.3491915e+02
   1.6945800e+03   6.6300000e-01   1.6948710e+03   1.3560351e+02
   1.6952330e+03   6.5300000e-01   1.6955210e+03   1.3660372e+02
   1.6958770e+03   6.4400000e-01   1.6961710e+03   1.3792895e+02
   1.6965120e+03   6.3500000e-01   1.6968010e+03   1.3858126e+02
   1.6971530e+03   6.4100000e-01   1.6974410e+03   1.3882846e+02
   1.6979170e+03   7.6400000e-01   1.6981910e+03   1.4091815e+02
   1.6987890e+03   8.7200000e-01   1.6990710e+03   1.3797473e+02
   1.6995810e+03   7.9200000e-01   1.6998710e+03   1.3354815e+02
   1.7003490e+03   7.6900000e-01   1.7006410e+03   1.3103273e+02
   1.7011730e+03   8.2400000e-01   1.7014710e+03   1.2961824e+02
   1.7020400e+03   8.6700000e-01   1.7023410e+03   1.2678697e+02
   1.7028610e+03   8.2100000e-01   1.7031610e+03   1.2549607e+02
   1.7037180e+03   8.5700000e-01   1.7040110e+03   1.2458741e+02
   1.7045580e+03   8.4000000e-01   1.7048610e+03   1.2213837e+02
   1.7053590e+03   8.0100000e-01   1.7056610e+03   1.2127320e+02
   1.7061770e+03   8.1800000e-01   1.7064810e+03   1.2229630e+02
   1.7069950e+03   8.1800000e-01   1.7073010e+03   1.2194611e+02
   1.7077820e+03   7.8700000e-01   1.7080910e+03   1.2116105e+02
   1.7085840e+03   8.0200000e-01   1.7088810e+03   1.2323930e+02
   1.7093820e+03   7.9700000e-01   1.7096810e+03   1.2323930e+02
   1.7101760e+03   7.9400000e-01   1.7104810e+03   1.2362153e+02
   1.7109540e+03   7.7800000e-01   1.7112510e+03   1.2509095e+02
   1.7117380e+03   7.8400000e-01   1.7120310e+03   1.2661988e+02
   1.7125460e+03   8.0800000e-01   1.7128410e+03   1.2724931e+02
   1.7133490e+03   8.0200000e-01   1.7136510e+03   1.2709138e+02
   1.7141400e+03   7.9100000e-01   1.7144410e+03   1.2928178e+02
   1.7150120e+03   8.7300000e-01   1.7153010e+03   1.3560351e+02
   1.7158540e+03   8.4200000e-01   1.7161510e+03   1.3468340e+02
   1.7166780e+03   8.2300000e-01   1.7169810e+03   1.3232592e+02
   1.7174680e+03   7.9000000e-01   1.7177810e+03   1.3081987e+02
   1.7182490e+03   7.8100000e-01   1.7185510e+03   1.3326891e+02
   1.7190280e+03   7.7900000e-01   1.7193310e+03   1.3382967e+02
   1.7198250e+03   7.9700000e-01   1.7201210e+03   1.3177431e+02
   1.7205920e+03   7.6700000e-01   1.7209010e+03   1.2977617e+02
   1.7213720e+03   7.8000000e-01   1.7216710e+03   1.3160723e+02
   1.7221340e+03   7.6200000e-01   1.7224310e+03   1.3129137e+02
   1.7228740e+03   7.4000000e-01   1.7231810e+03   1.3096636e+02
   1.7235950e+03   7.2100000e-01   1.7238910e+03   1.3108995e+02
   1.7242970e+03   7.0200000e-01   1.7246010e+03   1.3054979e+02
   1.7249880e+03   6.9100000e-01   1.7252910e+03   1.3033693e+02
   1.7256680e+03   6.8000000e-01   1.7259710e+03   1.3205584e+02
   1.7263540e+03   6.8600000e-01   1.7266510e+03   1.3459414e+02
   1.7270480e+03   6.9400000e-01   1.7273410e+03   1.3453692e+02
   1.7277490e+03   7.0100000e-01   1.7280510e+03   1.3363970e+02
   1.7284570e+03   7.0800000e-01   1.7287510e+03   1.3583010e+02
   1.7291810e+03   7.2400000e-01   1.7294710e+03   1.3854693e+02
   1.7299300e+03   7.4900000e-01   1.7302210e+03   1.3913058e+02
   1.7306930e+03   7.6200000e-01   1.7309910e+03   1.3682803e+02
   1.7314570e+03   7.6400000e-01   1.7317510e+03   1.3715533e+02
   1.7322380e+03   7.8100000e-01   1.7325310e+03   1.3873919e+02
   1.7330260e+03   7.8700000e-01   1.7333210e+03   1.3673876e+02
   1.7338050e+03   7.8000000e-01   1.7341110e+03   1.3409975e+02
   1.7345770e+03   7.7100000e-01   1.7348710e+03   1.3324602e+02
   1.7353540e+03   7.7700000e-01   1.7356510e+03   1.3423479e+02
   1.7361370e+03   7.8300000e-01   1.7364310e+03   1.3287523e+02
   1.7369190e+03   7.8200000e-01   1.7372210e+03   1.3126848e+02
   1.7377000e+03   7.8100000e-01   1.7380010e+03   1.3171938e+02
   1.7384900e+03   7.9000000e-01   1.7387910e+03   1.3183153e+02
   1.7392690e+03   7.7900000e-01   1.7395710e+03   1.2913530e+02
   1.7400280e+03   7.5900000e-01   1.7403310e+03   1.2794511e+02
   1.7407820e+03   7.5500000e-01   1.7410810e+03   1.2996614e+02
   1.7415420e+03   7.5900000e-01   1.7418410e+03   1.2964113e+02
   1.7423010e+03   7.5900000e-01   1.7426010e+03   1.2921312e+02
   1.7430660e+03   7.6500000e-01   1.7433610e+03   1.3182009e+02
   1.7438540e+03   7.8800000e-01   1.7441510e+03   1.3435839e+02
   1.7446590e+03   8.0500000e-01   1.7449610e+03   1.3444765e+02
   1.7454450e+03   7.8600000e-01   1.7457510e+03   1.3354815e+02
   1.7462470e+03   8.0100000e-01   1.7465410e+03   1.3622149e+02
   1.7470610e+03   8.1500000e-01   1.7473610e+03   1.3664950e+02
   1.7478850e+03   8.2300000e-01   1.7481910e+03   1.3571795e+02
   1.7487110e+03   8.2600000e-01   1.7490110e+03   1.3648013e+02
   1.7495440e+03   8.3300000e-01   1.7498410e+03   1.3739108e+02
   1.7503830e+03   8.3900000e-01   1.7506910e+03   1.3571795e+02
   1.7511950e+03   8.1200000e-01   1.7515010e+03   1.3482989e+02
   1.7520390e+03   8.4400000e-01   1.7523410e+03   1.3666094e+02
   1.7528790e+03   8.4000000e-01   1.7531810e+03   1.3440188e+02
   1.7536980e+03   8.1900000e-01   1.7540010e+03   1.3232592e+02
   1.7545410e+03   8.4300000e-01   1.7548410e+03   1.3450487e+02
   1.7553770e+03   8.3600000e-01   1.7556810e+03   1.3271730e+02
   1.7561980e+03   8.2100000e-01   1.7565010e+03   1.3034837e+02
   1.7570030e+03   8.0500000e-01   1.7573010e+03   1.3185213e+02
   1.7578090e+03   8.0600000e-01   1.7581110e+03   1.3183153e+02
   1.7586040e+03   7.9500000e-01   1.7589110e+03   1.3015840e+02
   1.7593810e+03   7.7700000e-01   1.7596810e+03   1.3075350e+02
   1.7602000e+03   8.2000000e-01   1.7605010e+03   1.3396471e+02
   1.7610520e+03   8.5200000e-01   1.7613510e+03   1.3308809e+02
   1.7619050e+03   8.5300000e-01   1.7622110e+03   1.3148363e+02
   1.7627330e+03   8.2800000e-01   1.7630310e+03   1.3299883e+02
   1.7635660e+03   8.3300000e-01   1.7638710e+03   1.3176287e+02
   1.7643850e+03   8.1900000e-01   1.7646910e+03   1.3003481e+02
   1.7652090e+03   8.2400000e-01   1.7655110e+03   1.3269671e+02
   1.7660510e+03   8.4100000e-01   1.7663510e+03   1.3345888e+02
   1.7668830e+03   8.3200000e-01   1.7671910e+03   1.3169649e+02
   1.7677020e+03   8.1900000e-01   1.7680010e+03   1.3328035e+02
   1.7685170e+03   8.1500000e-01   1.7688210e+03   1.3432406e+02
   1.7693380e+03   8.2100000e-01   1.7696410e+03   1.3305605e+02
   1.7701410e+03   8.0300000e-01   1.7704510e+03   1.3134859e+02
   1.7709320e+03   7.9100000e-01   1.7712310e+03   1.3338106e+02
   1.7717350e+03   8.0300000e-01   1.7720410e+03   1.3345888e+02
   1.7725420e+03   8.0700000e-01   1.7728510e+03   1.3241518e+02
   1.7733300e+03   7.8800000e-01   1.7736310e+03   1.3411120e+02
   1.7741460e+03   8.1600000e-01   1.7744410e+03   1.3589648e+02
   1.7749700e+03   8.2400000e-01   1.7752710e+03   1.3325747e+02
   1.7757830e+03   8.1300000e-01   1.7760910e+03   1.3279741e+02
   1.7766000e+03   8.1700000e-01   1.7769010e+03   1.3581866e+02
   1.7774210e+03   8.2200000e-01   1.7777210e+03   1.3430117e+02
   1.7782110e+03   7.9000000e-01   1.7785210e+03   1.3205584e+02
   1.7790130e+03   8.0200000e-01   1.7793110e+03   1.3443621e+02
   1.7798310e+03   8.1800000e-01   1.7801310e+03   1.3361681e+02
   1.7806590e+03   8.2900000e-01   1.7809610e+03   1.3240374e+02
   1.7814950e+03   8.3600000e-01   1.7818010e+03   1.3313387e+02
   1.7823570e+03   8.6200000e-01   1.7826610e+03   1.3259371e+02
   1.7831970e+03   8.4000000e-01   1.7835010e+03   1.2977617e+02
   1.7840060e+03   8.0900000e-01   1.7843110e+03   1.3059557e+02
   1.7848020e+03   7.9600000e-01   1.7851010e+03   1.2994325e+02
   1.7855820e+03   7.8000000e-01   1.7858910e+03   1.2818086e+02
   1.7863460e+03   7.6400000e-01   1.7866510e+03   1.2857454e+02
   1.7871100e+03   7.6400000e-01   1.7874110e+03   1.3350466e+02
   1.7878880e+03   7.7800000e-01   1.7881910e+03   1.3447054e+02
   1.7887030e+03   8.1500000e-01   1.7890110e+03   1.3428972e+02
   1.7895210e+03   8.1800000e-01   1.7898210e+03   1.3559435e+02
   1.7903780e+03   8.5800000e-01   1.7906810e+03   1.3831118e+02
   1.7912380e+03   8.6000000e-01   1.7915410e+03   1.3631304e+02
   1.7920810e+03   8.4200000e-01   1.7923910e+03   1.3362826e+02
   1.7929070e+03   8.2600000e-01   1.7932110e+03   1.3563784e+02
   1.7937090e+03   8.0200000e-01   1.7940110e+03   1.3544787e+02
   1.7944800e+03   7.7100000e-01   1.7947810e+03   1.3455981e+02
   1.7952200e+03   7.4000000e-01   1.7955210e+03   1.3490771e+02
   1.7959590e+03   7.3800000e-01   1.7962610e+03   1.3562640e+02
   1.7967220e+03   7.6400000e-01   1.7970310e+03   1.3480700e+02
   1.7974960e+03   7.7400000e-01   1.7977910e+03   1.3629015e+02
   1.7983110e+03   8.1500000e-01   1.7986010e+03   1.3855838e+02
   1.7991980e+03   8.8600000e-01   1.7994910e+03   1.3625582e+02
   1.8000830e+03   8.8600000e-01   1.8003910e+03   1.3234652e+02
   1.8009590e+03   8.7600000e-01   1.8012610e+03   1.3399904e+02
   1.8018540e+03   8.9400000e-01   1.8021510e+03   1.3039415e+02
   1.8027360e+03   8.8200000e-01   1.8030410e+03   1.2677552e+02
   1.8035820e+03   8.4600000e-01   1.8038910e+03   1.2677552e+02
   1.8044340e+03   8.5200000e-01   1.8047410e+03   1.2742784e+02
   1.8052970e+03   8.6300000e-01   1.8056010e+03   1.2750566e+02
   1.8061150e+03   8.1800000e-01   1.8064210e+03   1.2563111e+02
   1.8069230e+03   8.0800000e-01   1.8072210e+03   1.2776430e+02
   1.8077190e+03   7.9600000e-01   1.8080210e+03   1.2770936e+02
   1.8085000e+03   7.8100000e-01   1.8088110e+03   1.2716920e+02
   1.8092710e+03   7.7100000e-01   1.8095710e+03   1.2666337e+02
   1.8100750e+03   8.0400000e-01   1.8103710e+03   1.3058412e+02
   1.8109090e+03   8.3300000e-01   1.8112110e+03   1.3105562e+02
   1.8117290e+03   8.2100000e-01   1.8120410e+03   1.3195513e+02
   1.8125660e+03   8.3700000e-01   1.8128710e+03   1.3509997e+02
   1.8134160e+03   8.5000000e-01   1.8137210e+03   1.3554858e+02
   1.8142670e+03   8.5100000e-01   1.8145710e+03   1.3504275e+02
   1.8151000e+03   8.3300000e-01   1.8154110e+03   1.3470629e+02
   1.8159530e+03   8.5300000e-01   1.8162510e+03   1.3790606e+02
   1.8168000e+03   8.4700000e-01   1.8171010e+03   1.3841189e+02
   1.8176670e+03   8.6700000e-01   1.8179710e+03   1.3756961e+02
   1.8185200e+03   8.5300000e-01   1.8188210e+03   1.3829974e+02
   1.8193850e+03   8.6500000e-01   1.8196910e+03   1.3859271e+02
   1.8202570e+03   8.7200000e-01   1.8205610e+03   1.3652590e+02
   1.8210930e+03   8.3600000e-01   1.8214010e+03   1.3666094e+02
   1.8219490e+03   8.5500000e-01   1.8222510e+03   1.3756961e+02
   1.8228050e+03   8.5600000e-01   1.8231110e+03   1.3559435e+02
   1.8236550e+03   8.5100000e-01   1.8239610e+03   1.3528994e+02
   1.8244990e+03   8.4300000e-01   1.8248010e+03   1.3602007e+02
   1.8253220e+03   8.2300000e-01   1.8256310e+03   1.3365114e+02
   1.8260970e+03   7.7500000e-01   1.8264010e+03   1.3173998e+02
   1.8268660e+03   7.6900000e-01   1.8271610e+03   1.3571795e+02
   1.8276400e+03   7.7400000e-01   1.8279310e+03   1.3636797e+02
   1.8284540e+03   8.1400000e-01   1.8287510e+03   1.3578433e+02
   1.8292710e+03   8.1700000e-01   1.8295710e+03   1.3984927e+02
   1.8301210e+03   8.5000000e-01   1.8304210e+03   1.4217471e+02
   1.8309900e+03   8.7000000e-01   1.8312910e+03   1.3965930e+02
   1.8318560e+03   8.6600000e-01   1.8321610e+03   1.3745745e+02
   1.8326930e+03   8.3700000e-01   1.8329910e+03   1.3833407e+02
   1.8335520e+03   8.5900000e-01   1.8338510e+03   1.3700884e+02
   1.8344180e+03   8.6600000e-01   1.8347210e+03   1.3290957e+02
   1.8352680e+03   8.5000000e-01   1.8355710e+03   1.3412264e+02
   1.8361480e+03   8.8000000e-01   1.8364510e+03   1.3387545e+02
   1.8370260e+03   8.7800000e-01   1.8373310e+03   1.3170793e+02
   1.8378530e+03   8.2700000e-01   1.8381610e+03   1.3144930e+02
   1.8386990e+03   8.4500000e-01   1.8390010e+03   1.3434695e+02
   1.8395520e+03   8.5400000e-01   1.8398610e+03   1.3175142e+02
   1.8404120e+03   8.6000000e-01   1.8407210e+03   1.3116777e+02
   1.8412240e+03   8.1200000e-01   1.8415310e+03   1.3259371e+02
   1.8420730e+03   8.4900000e-01   1.8423710e+03   1.3447054e+02
   1.8429010e+03   8.2800000e-01   1.8432110e+03   1.3269671e+02
   1.8436620e+03   7.6100000e-01   1.8439810e+03   1.3136003e+02
   1.8444080e+03   7.4600000e-01   1.8447110e+03   1.3639086e+02
   1.8451570e+03   7.4900000e-01   1.8454610e+03   1.3824481e+02
   1.8459230e+03   7.6600000e-01   1.8462210e+03   1.3845767e+02
   1.8467040e+03   7.8100000e-01   1.8470010e+03   1.4052447e+02
   1.8475000e+03   7.9600000e-01   1.8477910e+03   1.4354572e+02
   1.8482890e+03   7.8900000e-01   1.8485910e+03   1.4224338e+02
   1.8490820e+03   7.9300000e-01   1.8493810e+03   1.3650302e+02
   1.8498470e+03   7.6500000e-01   1.8501510e+03   1.3732241e+02
   1.8505960e+03   7.4900000e-01   1.8509010e+03   1.3716677e+02
   1.8513270e+03   7.3100000e-01   1.8516310e+03   1.3637942e+02
   1.8520580e+03   7.3100000e-01   1.8523610e+03   1.3525561e+02
   1.8528920e+03   8.3400000e-01   1.8531910e+03   1.3606585e+02
   1.8538690e+03   9.7600000e-01   1.8541610e+03   1.3612078e+02
   1.8547960e+03   9.2800000e-01   1.8551010e+03   1.3276308e+02
   1.8556660e+03   8.6900000e-01   1.8559810e+03   1.2778718e+02
   1.8564780e+03   8.1300000e-01   1.8567910e+03   1.2700212e+02
   1.8572830e+03   8.0500000e-01   1.8575810e+03   1.2860658e+02
   1.8580970e+03   8.1400000e-01   1.8584010e+03   1.2919252e+02
   1.8589190e+03   8.2200000e-01   1.8592210e+03   1.2781007e+02
   1.8597400e+03   8.2200000e-01   1.8600410e+03   1.2956102e+02
   1.8605950e+03   8.5500000e-01   1.8608910e+03   1.3363970e+02
   1.8614990e+03   9.0300000e-01   1.8618010e+03   1.3322313e+02
   1.8623270e+03   8.2800000e-01   1.8626410e+03   1.2954042e+02
   1.8631410e+03   8.1300000e-01   1.8634410e+03   1.3189791e+02
   1.8639650e+03   8.2500000e-01   1.8642710e+03   1.3280886e+02
   1.8647980e+03   8.3200000e-01   1.8651010e+03   1.3315676e+02
   1.8656200e+03   8.2200000e-01   1.8659210e+03   1.3353899e+02
   1.8664470e+03   8.2700000e-01   1.8667510e+03   1.3195513e+02
   1.8672560e+03   8.0900000e-01   1.8675610e+03   1.3387545e+02
   1.8680960e+03   8.4000000e-01   1.8684010e+03   1.3854693e+02
   1.8690190e+03   9.2300000e-01   1.8693210e+03   1.2907808e+02
   1.8698830e+03   8.6400000e-01   1.8702010e+03   1.3501986e+02
   1.8707760e+03   8.9200000e-01   1.8710810e+03   1.4339923e+02
   1.8717550e+03   9.7900000e-01   1.8720610e+03   1.3531283e+02
   1.8726370e+03   8.8200000e-01   1.8729510e+03   1.3243807e+02
   1.8734700e+03   8.3300000e-01   1.8737810e+03   1.3511141e+02
   1.8743180e+03   8.4700000e-01   1.8746210e+03   1.3578433e+02
   1.8751710e+03   8.5300000e-01   1.8754810e+03   1.3405398e+02
   1.8760080e+03   8.3700000e-01   1.8763210e+03   1.3336962e+02
   1.8768540e+03   8.4600000e-01   1.8771610e+03   1.3584155e+02
   1.8777220e+03   8.6800000e-01   1.8780210e+03   1.3569506e+02
   1.8785840e+03   8.6100000e-01   1.8788910e+03   1.3370608e+02
   1.8793960e+03   8.1300000e-01   1.8797010e+03   1.3289812e+02
   1.8802150e+03   8.1900000e-01   1.8805210e+03   1.3571795e+02
   1.8810440e+03   8.2900000e-01   1.8813510e+03   1.3566073e+02
   1.8818490e+03   8.0500000e-01   1.8821610e+03   1.3445910e+02
   1.8826530e+03   8.0500000e-01   1.8829510e+03   1.3703173e+02
   1.8834540e+03   8.0000000e-01   1.8837510e+03   1.3813266e+02
   1.8842470e+03   7.9300000e-01   1.8845510e+03   1.3787402e+02
   1.8850250e+03   7.7800000e-01   1.8853310e+03   1.3767031e+02
   1.8857930e+03   7.6900000e-01   1.8860910e+03   1.3899554e+02
   1.8865850e+03   7.9200000e-01   1.8868810e+03   1.3861560e+02
   1.8873820e+03   7.9600000e-01   1.8876910e+03   1.3613223e+02
   1.8881630e+03   7.8200000e-01   1.8884710e+03   1.3562640e+02
   1.8889540e+03   7.9100000e-01   1.8892510e+03   1.3566073e+02
   1.8897580e+03   8.0400000e-01   1.8900610e+03   1.3342455e+02
   1.8905530e+03   7.9500000e-01   1.8908610e+03   1.3031404e+02
   1.8913310e+03   7.7900000e-01   1.8916310e+03   1.3038271e+02
   1.8921490e+03   8.1800000e-01   1.8924510e+03   1.3130281e+02
   1.8929540e+03   8.0500000e-01   1.8932610e+03   1.2928178e+02
   1.8937370e+03   7.8300000e-01   1.8940410e+03   1.2765214e+02
   1.8945070e+03   7.7100000e-01   1.8948110e+03   1.3024767e+02
   1.8952870e+03   7.8000000e-01   1.8955910e+03   1.3217943e+02
   1.8961020e+03   8.1500000e-01   1.8964010e+03   1.3293245e+02
   1.8969160e+03   8.1500000e-01   1.8972210e+03   1.3329180e+02
   1.8977110e+03   7.9500000e-01   1.8980110e+03   1.3583010e+02
   1.8984930e+03   7.8200000e-01   1.8987910e+03   1.3649157e+02
   1.8992660e+03   7.7300000e-01   1.8995710e+03   1.3691958e+02
   1.9000280e+03   7.6200000e-01   1.9003310e+03   1.3790606e+02
   1.9007600e+03   7.3300000e-01   1.9010710e+03   1.3731097e+02
   1.9015190e+03   7.5800000e-01   1.9018210e+03   1.3754672e+02
   1.9023010e+03   7.8200000e-01   1.9026010e+03   1.3833407e+02
   1.9031170e+03   8.1600000e-01   1.9034110e+03   1.3996142e+02
   1.9040140e+03   8.9700000e-01   1.9043110e+03   1.3973712e+02
   1.9049790e+03   9.6600000e-01   1.9052810e+03   1.3588503e+02
   1.9058570e+03   8.7800000e-01   1.9061710e+03   1.3214510e+02
   1.9067400e+03   8.8300000e-01   1.9070410e+03   1.3252733e+02
   1.9076060e+03   8.6600000e-01   1.9079110e+03   1.3029115e+02
   1.9084500e+03   8.4400000e-01   1.9087610e+03   1.2847154e+02
   1.9092780e+03   8.2800000e-01   1.9095810e+03   1.3032549e+02
   1.9101240e+03   8.4600000e-01   1.9104310e+03   1.3108995e+02
   1.9109570e+03   8.3200000e-01   1.9112610e+03   1.3012407e+02
   1.9117630e+03   8.0600000e-01   1.9120710e+03   1.3197573e+02
   1.9125660e+03   8.0300000e-01   1.9128710e+03   1.3533572e+02
   1.9133830e+03   8.1800000e-01   1.9136910e+03   1.3689669e+02
   1.9141960e+03   8.1300000e-01   1.9145010e+03   1.3702029e+02
   1.9150010e+03   8.0500000e-01   1.9153010e+03   1.3996142e+02
   1.9158460e+03   8.4500000e-01   1.9161410e+03   1.4206256e+02
   1.9167310e+03   8.8500000e-01   1.9170310e+03   1.4099597e+02
   1.9175860e+03   8.5500000e-01   1.9178910e+03   1.4090671e+02
   1.9184980e+03   9.1200000e-01   1.9188010e+03   1.4202823e+02
   1.9194200e+03   9.2200000e-01   1.9197210e+03   1.3974856e+02
   1.9203450e+03   9.2500000e-01   1.9206510e+03   1.3729953e+02
   1.9213040e+03   9.5800000e-01   1.9216110e+03   1.3695162e+02
   1.9222400e+03   9.3600000e-01   1.9225510e+03   1.3493059e+02
