   1.0021140e+03   9.2700000e-01   1.0024110e+03   1.4071445e+02
   1.0030540e+03   9.4000000e-01   1.0033510e+03   1.3777331e+02
   1.0039550e+03   9.0200000e-01   1.0042610e+03   1.3815326e+02
   1.0048890e+03   9.3300000e-01   1.0051810e+03   1.3991794e+02
   1.0058380e+03   9.4900000e-01   1.0061410e+03   1.3899554e+02
   1.0067660e+03   9.2800000e-01   1.0070710e+03   1.3703173e+02
   1.0076730e+03   9.0700000e-01   1.0079710e+03   1.3895205e+02
   1.0086100e+03   9.3700000e-01   1.0089110e+03   1.3895205e+02
   1.0095620e+03   9.5200000e-01   1.0098610e+03   1.3637942e+02
   1.0104610e+03   8.9900000e-01   1.0107610e+03   1.3810977e+02
   1.0113940e+03   9.3300000e-01   1.0116910e+03   1.3861560e+02
   1.0123430e+03   9.4900000e-01   1.0126410e+03   1.3646868e+02
   1.0132440e+03   9.0100000e-01   1.0135510e+03   1.3595370e+02
   1.0141890e+03   9.4500000e-01   1.0144810e+03   1.3849200e+02
   1.0151580e+03   9.6900000e-01   1.0154510e+03   1.3754672e+02
   1.0161100e+03   9.5200000e-01   1.0164110e+03   1.3607729e+02
   1.0170450e+03   9.3500000e-01   1.0173410e+03   1.3831118e+02
   1.0180080e+03   9.6400000e-01   1.0183010e+03   1.3753527e+02
   1.0189750e+03   9.6600000e-01   1.0192810e+03   1.3462847e+02
   1.0198860e+03   9.1100000e-01   1.0201810e+03   1.3660372e+02
   1.0208380e+03   9.5200000e-01   1.0211310e+03   1.3715533e+02
   1.0218310e+03   9.9300000e-01   1.0221310e+03   1.3423479e+02
   1.0227660e+03   9.3500000e-01   1.0230710e+03   1.3523501e+02
   1.0236840e+03   9.1800000e-01   1.0239810e+03   1.3668383e+02
   1.0246390e+03   9.5500000e-01   1.0249410e+03   1.3558291e+02
   1.0255910e+03   9.5200000e-01   1.0258910e+03   1.3488482e+02
   1.0265420e+03   9.5100000e-01   1.0268410e+03   1.3752612e+02
   1.0275070e+03   9.6600000e-01   1.0278110e+03   1.3671588e+02
   1.0283990e+03   8.9100000e-01   1.0287010e+03   1.3584155e+02
   1.0292150e+03   8.1600000e-01   1.0295110e+03   1.3872775e+02
   1.0299890e+03   7.7400000e-01   1.0302910e+03   1.3899554e+02
   1.0308770e+03   8.8800000e-01   1.0311710e+03   1.3862475e+02
   1.0318080e+03   9.3100000e-01   1.0321110e+03   1.3919925e+02
   1.0327420e+03   9.3400000e-01   1.0330410e+03   1.4181537e+02
   1.0336960e+03   9.5400000e-01   1.0339910e+03   1.3969363e+02
   1.0346330e+03   9.3800000e-01   1.0349410e+03   1.3697451e+02
   1.0355240e+03   8.9100000e-01   1.0358210e+03   1.3936633e+02
   1.0364740e+03   9.5000000e-01   1.0367710e+03   1.3936633e+02
   1.0374220e+03   9.4900000e-01   1.0377310e+03   1.3578433e+02
   1.0383140e+03   8.9100000e-01   1.0386110e+03   1.3851260e+02
   1.0392500e+03   9.3700000e-01   1.0395510e+03   1.3860415e+02
   1.0402290e+03   9.7900000e-01   1.0405310e+03   1.3559435e+02
   1.0411220e+03   8.9300000e-01   1.0414210e+03   1.3640231e+02
   1.0420430e+03   9.2000000e-01   1.0423410e+03   1.3831118e+02
   1.0430340e+03   9.9100000e-01   1.0433310e+03   1.3563784e+02
   1.0439640e+03   9.3000000e-01   1.0442610e+03   1.3612078e+02
   1.0449370e+03   9.7300000e-01   1.0452310e+03   1.3658084e+02
   1.0459540e+03   1.0170000e+00   1.0462510e+03   1.3466051e+02
   1.0468800e+03   9.2700000e-01   1.0471810e+03   1.3457125e+02
   1.0477930e+03   9.1300000e-01   1.0480910e+03   1.3613223e+02
   1.0487550e+03   9.6200000e-01   1.0490510e+03   1.3564928e+02
   1.0496960e+03   9.4100000e-01   1.0500010e+03   1.3403109e+02
   1.0506090e+03   9.1300000e-01   1.0509010e+03   1.3632449e+02
   1.0516330e+03   1.0240000e+00   1.0519310e+03   1.3700884e+02
   1.0526130e+03   9.8000000e-01   1.0529210e+03   1.3435839e+02
   1.0535330e+03   9.1900000e-01   1.0538310e+03   1.3776187e+02
   1.0544890e+03   9.5700000e-01   1.0547910e+03   1.3688525e+02
   1.0554730e+03   9.8400000e-01   1.0557810e+03   1.3454836e+02
   1.0563820e+03   9.0900000e-01   1.0566810e+03   1.3724459e+02
   1.0573540e+03   9.7300000e-01   1.0576510e+03   1.3768176e+02
   1.0583350e+03   9.8100000e-01   1.0586410e+03   1.3460558e+02
   1.0592670e+03   9.3200000e-01   1.0595610e+03   1.3749179e+02
   1.0602160e+03   9.4800000e-01   1.0605110e+03   1.3697451e+02
   1.0611620e+03   9.4700000e-01   1.0614710e+03   1.3403109e+02
   1.0620620e+03   8.9900000e-01   1.0623610e+03   1.3686236e+02
   1.0630350e+03   9.7300000e-01   1.0633310e+03   1.3658084e+02
   1.0640160e+03   9.8200000e-01   1.0643210e+03   1.3360537e+02
   1.0649280e+03   9.1200000e-01   1.0652310e+03   1.3569506e+02
   1.0659080e+03   9.8000000e-01   1.0662010e+03   1.3564928e+02
   1.0668690e+03   9.6100000e-01   1.0671710e+03   1.3234652e+02
   1.0677550e+03   8.8600000e-01   1.0680510e+03   1.3461703e+02
   1.0686950e+03   9.4000000e-01   1.0689910e+03   1.3513201e+02
   1.0696610e+03   9.6600000e-01   1.0699610e+03   1.3253878e+02
   1.0705640e+03   9.0300000e-01   1.0708610e+03   1.3322313e+02
   1.0714950e+03   9.3100000e-01   1.0717910e+03   1.3554858e+02
   1.0724680e+03   9.7400000e-01   1.0727710e+03   1.3403109e+02
   1.0734080e+03   9.3900000e-01   1.0737110e+03   1.3463763e+02
   1.0744010e+03   9.9300000e-01   1.0747010e+03   1.3485278e+02
   1.0754040e+03   1.0030000e+00   1.0757010e+03   1.3193224e+02
   1.0763320e+03   9.2800000e-01   1.0766310e+03   1.3389834e+02
   1.0772820e+03   9.5000000e-01   1.0775810e+03   1.3535860e+02
   1.0782750e+03   9.9300000e-01   1.0785710e+03   1.3462847e+02
   1.0792090e+03   9.3400000e-01   1.0795110e+03   1.3124788e+02
   1.0800700e+03   8.6100000e-01   1.0803710e+03   1.3584155e+02
   1.0809970e+03   9.2800000e-01   1.0812910e+03   1.3765887e+02
   1.0820270e+03   1.0300000e+00   1.0823310e+03   1.3634509e+02
   1.0829690e+03   9.4200000e-01   1.0832710e+03   1.3733386e+02
   1.0839280e+03   9.5800000e-01   1.0842210e+03   1.3911914e+02
   1.0849630e+03   1.0350000e+00   1.0852610e+03   1.3732241e+02
   1.0859200e+03   9.5700000e-01   1.0862210e+03   1.3715533e+02
   1.0868750e+03   9.5500000e-01   1.0871710e+03   1.3863620e+02
   1.0878820e+03   1.0060000e+00   1.0881810e+03   1.3685092e+02
   1.0888520e+03   9.7000000e-01   1.0891510e+03   1.3779391e+02
   1.0898420e+03   9.9000000e-01   1.0901410e+03   1.3740252e+02
   1.0907830e+03   9.4100000e-01   1.0910910e+03   1.3354815e+02
   1.0916370e+03   8.5400000e-01   1.0919410e+03   1.3694018e+02
   1.0925440e+03   9.0700000e-01   1.0928410e+03   1.3922213e+02
   1.0935260e+03   9.8200000e-01   1.0938210e+03   1.3906421e+02
   1.0944880e+03   9.6200000e-01   1.0947910e+03   1.3814181e+02
   1.0953860e+03   8.9900000e-01   1.0956810e+03   1.4137820e+02
   1.0963570e+03   9.7100000e-01   1.0966610e+03   1.4068011e+02
   1.0973650e+03   1.0080000e+00   1.0976710e+03   1.3824481e+02
   1.0983090e+03   9.4300000e-01   1.0986110e+03   1.3921069e+02
   1.0992890e+03   9.8000000e-01   1.0995810e+03   1.3921069e+02
   1.1002700e+03   9.8100000e-01   1.1005710e+03   1.3585070e+02
   1.1012090e+03   9.3900000e-01   1.1015110e+03   1.3717593e+02
   1.1021990e+03   9.9000000e-01   1.1025010e+03   1.3653735e+02
   1.1032010e+03   1.0020000e+00   1.1035010e+03   1.3505419e+02
   1.1041510e+03   9.4900000e-01   1.1044510e+03   1.3525561e+02
   1.1051030e+03   9.5300000e-01   1.1054010e+03   1.3663806e+02
   1.1060720e+03   9.6900000e-01   1.1063710e+03   1.3616656e+02
   1.1070110e+03   9.3800000e-01   1.1073210e+03   1.3333529e+02
   1.1078980e+03   8.8700000e-01   1.1082010e+03   1.3605441e+02
   1.1088370e+03   9.3900000e-01   1.1091310e+03   1.3626727e+02
   1.1098310e+03   9.9400000e-01   1.1101310e+03   1.3494204e+02
   1.1107850e+03   9.5500000e-01   1.1110910e+03   1.3466051e+02
   1.1117410e+03   9.5600000e-01   1.1120410e+03   1.3699740e+02
   1.1127460e+03   1.0050000e+00   1.1130510e+03   1.3612078e+02
   1.1137350e+03   9.8900000e-01   1.1140410e+03   1.3366259e+02
   1.1146680e+03   9.3300000e-01   1.1149710e+03   1.3616656e+02
   1.1156680e+03   9.9900000e-01   1.1159710e+03   1.3570651e+02
   1.1166470e+03   9.7900000e-01   1.1169510e+03   1.3228014e+02
   1.1175640e+03   9.1800000e-01   1.1178610e+03   1.3550280e+02
   1.1185510e+03   9.8600000e-01   1.1188510e+03   1.3553713e+02
   1.1195330e+03   9.8200000e-01   1.1198410e+03   1.3268526e+02
   1.1204890e+03   9.5600000e-01   1.1207910e+03   1.3435839e+02
   1.1215110e+03   1.0220000e+00   1.1218110e+03   1.3477267e+02
   1.1225280e+03   1.0170000e+00   1.1228310e+03   1.3173082e+02
   1.1234640e+03   9.3600000e-01   1.1237610e+03   1.3527850e+02
   1.1244760e+03   1.0120000e+00   1.1247710e+03   1.3490771e+02
   1.1255170e+03   1.0420000e+00   1.1258210e+03   1.3320025e+02
   1.1265220e+03   1.0050000e+00   1.1268210e+03   1.3652590e+02
   1.1276380e+03   1.1160000e+00   1.1279410e+03   1.3634509e+02
   1.1287110e+03   1.0730000e+00   1.1290210e+03   1.3318880e+02
   1.1297050e+03   9.9400000e-01   1.1300110e+03   1.3617800e+02
   1.1307430e+03   1.0380000e+00   1.1310500e+03   1.3536776e+02
   1.1317870e+03   1.0440000e+00   1.1320910e+03   1.3251589e+02
   1.1326980e+03   9.1000000e-01   1.1330010e+03   1.3560351e+02
   1.1336620e+03   9.6500000e-01   1.1339610e+03   1.3773898e+02
   1.1347030e+03   1.0410000e+00   1.1350010e+03   1.3622149e+02
   1.1356790e+03   9.7600000e-01   1.1359810e+03   1.3719882e+02
   1.1366470e+03   9.6800000e-01   1.1369510e+03   1.3953570e+02
   1.1376690e+03   1.0220000e+00   1.1379710e+03   1.3785113e+02
   1.1386300e+03   9.6200000e-01   1.1389310e+03   1.3817614e+02
   1.1396270e+03   9.9600000e-01   1.1399210e+03   1.3941211e+02
   1.1406710e+03   1.0450000e+00   1.1409710e+03   1.3650302e+02
   1.1416260e+03   9.5500000e-01   1.1419310e+03   1.3758105e+02
   1.1426070e+03   9.8100000e-01   1.1429010e+03   1.3800906e+02
   1.1436510e+03   1.0440000e+00   1.1439510e+03   1.3472918e+02
   1.1446030e+03   9.5300000e-01   1.1449010e+03   1.3641375e+02
   1.1455970e+03   9.9300000e-01   1.1459010e+03   1.3661517e+02
   1.1466310e+03   1.0340000e+00   1.1469310e+03   1.3420046e+02
   1.1475990e+03   9.6700000e-01   1.1479010e+03   1.3435839e+02
   1.1485810e+03   9.8200000e-01   1.1488810e+03   1.3586215e+02
   1.1496020e+03   1.0210000e+00   1.1499010e+03   1.3348177e+02
   1.1505510e+03   9.4800000e-01   1.1508510e+03   1.3431261e+02
   1.1515350e+03   9.8400000e-01   1.1518310e+03   1.3558291e+02
   1.1525720e+03   1.0380000e+00   1.1528710e+03   1.3312243e+02
   1.1535500e+03   9.7700000e-01   1.1538510e+03   1.3290957e+02
   1.1545460e+03   9.9700000e-01   1.1548490e+03   1.3487337e+02
   1.1555570e+03   1.0110000e+00   1.1558610e+03   1.3404253e+02
   1.1565170e+03   9.6000000e-01   1.1568210e+03   1.3100069e+02
   1.1573510e+03   8.3300000e-01   1.1576510e+03   1.3294161e+02
   1.1581820e+03   8.3200000e-01   1.1584810e+03   1.3567217e+02
   1.1590660e+03   8.8400000e-01   1.1593610e+03   1.3541354e+02
   1.1598700e+03   8.0300000e-01   1.1601710e+03   1.3727893e+02
   1.1606710e+03   8.0200000e-01   1.1609710e+03   1.3788546e+02
   1.1615280e+03   8.5700000e-01   1.1618210e+03   1.4057941e+02
   1.1625330e+03   1.0050000e+00   1.1628310e+03   1.4207401e+02
   1.1635310e+03   9.9800000e-01   1.1638310e+03   1.3873919e+02
   1.1644240e+03   8.9300000e-01   1.1647310e+03   1.3880557e+02
   1.1653190e+03   8.9500000e-01   1.1656210e+03   1.3990649e+02
   1.1662430e+03   9.2400000e-01   1.1665410e+03   1.3844622e+02
   1.1671310e+03   8.8900000e-01   1.1674410e+03   1.3563784e+02
   1.1679890e+03   8.5800000e-01   1.1682910e+03   1.3887195e+02
   1.1689270e+03   9.3700000e-01   1.1692210e+03   1.4003009e+02
   1.1699260e+03   9.9900000e-01   1.1702210e+03   1.3877124e+02
   1.1708780e+03   9.5200000e-01   1.1711810e+03   1.3537920e+02
   1.1717610e+03   8.8300000e-01   1.1720610e+03   1.3832263e+02
   1.1726700e+03   9.0900000e-01   1.1729710e+03   1.3913058e+02
   1.1736570e+03   9.8700000e-01   1.1739510e+03   1.3723315e+02
   1.1746180e+03   9.6100000e-01   1.1749210e+03   1.3491915e+02
   1.1755570e+03   9.3900000e-01   1.1758510e+03   1.3769320e+02
   1.1765800e+03   1.0230000e+00   1.1768810e+03   1.3724459e+02
   1.1775710e+03   9.9100000e-01   1.1778710e+03   1.3363970e+02
   1.1784880e+03   9.1800000e-01   1.1787910e+03   1.3414553e+02
   1.1794130e+03   9.2500000e-01   1.1797110e+03   1.3604296e+02
   1.1804180e+03   1.0050000e+00   1.1807210e+03   1.3559435e+02
   1.1813980e+03   9.8000000e-01   1.1817010e+03   1.3228014e+02
   1.1822970e+03   8.9900000e-01   1.1826010e+03   1.3518923e+02
   1.1832370e+03   9.4000000e-01   1.1835310e+03   1.3602007e+02
   1.1841910e+03   9.5400000e-01   1.1844910e+03   1.3568362e+02
   1.1851750e+03   9.8400000e-01   1.1854810e+03   1.3376330e+02
   1.1861180e+03   9.4300000e-01   1.1864210e+03   1.3632449e+02
   1.1871070e+03   9.8900000e-01   1.1874110e+03   1.3633364e+02
   1.1881330e+03   1.0260000e+00   1.1884410e+03   1.3408831e+02
   1.1890860e+03   9.5300000e-01   1.1893910e+03   1.3372896e+02
   1.1900260e+03   9.3900000e-01   1.1903210e+03   1.3522356e+02
   1.1910110e+03   9.8600000e-01   1.1913110e+03   1.3387545e+02
   1.1919850e+03   9.7400000e-01   1.1922910e+03   1.3259371e+02
   1.1929200e+03   9.3600000e-01   1.1932210e+03   1.3553713e+02
   1.1939500e+03   1.0300000e+00   1.1942510e+03   1.3635653e+02
   1.1949480e+03   9.9700000e-01   1.1952510e+03   1.3374041e+02
   1.1959080e+03   9.6000000e-01   1.1962110e+03   1.3602007e+02
   1.1968560e+03   9.4800000e-01   1.1971610e+03   1.3589648e+02
   1.1977680e+03   9.1200000e-01   1.1980710e+03   1.3286379e+02
   1.1986160e+03   8.4800000e-01   1.1989310e+03   1.3279741e+02
   1.1993970e+03   7.8100000e-01   1.1997010e+03   1.3588503e+02
   1.2003260e+03   9.2900000e-01   1.2006210e+03   1.4038943e+02
   1.2014770e+03   1.1510000e+00   1.2017710e+03   1.4068011e+02
   1.2025130e+03   1.0360000e+00   1.2028210e+03   1.4020862e+02
   1.2035130e+03   1.0000000e+00   1.2038210e+03   1.4035510e+02
   1.2044920e+03   9.7900000e-01   1.2048010e+03   1.3914203e+02
   1.2054040e+03   9.1200000e-01   1.2057110e+03   1.3809832e+02
   1.2062470e+03   8.4300000e-01   1.2065510e+03   1.3845767e+02
   1.2070890e+03   8.4100000e-01   1.2073910e+03   1.3843478e+02
   1.2078500e+03   7.6100000e-01   1.2081510e+03   1.3852404e+02
   1.2086320e+03   7.8300000e-01   1.2089310e+03   1.3988360e+02
   1.2095790e+03   9.4700000e-01   1.2098710e+03   1.4003009e+02
   1.2105770e+03   9.9800000e-01   1.2108710e+03   1.3753527e+02
   1.2115430e+03   9.6600000e-01   1.2118410e+03   1.3735675e+02
   1.2124460e+03   9.0300000e-01   1.2127510e+03   1.3495348e+02
   1.2133430e+03   8.9700000e-01   1.2136510e+03   1.3238085e+02
   1.2141840e+03   8.4100000e-01   1.2144810e+03   1.3311098e+02
   1.2150560e+03   8.7200000e-01   1.2153510e+03   1.3466051e+02
   1.2159810e+03   9.2500000e-01   1.2162810e+03   1.3387545e+02
   1.2168400e+03   8.5900000e-01   1.2171510e+03   1.3184297e+02
   1.2176460e+03   8.0600000e-01   1.2179410e+03   1.3496493e+02
   1.2184670e+03   8.2100000e-01   1.2187610e+03   1.3569506e+02
   1.2193920e+03   9.2600000e-01   1.2196910e+03   1.3567217e+02
   1.2203050e+03   9.1200000e-01   1.2206110e+03   1.3377474e+02
   1.2211620e+03   8.5800000e-01   1.2214610e+03   1.3731097e+02
   1.2220740e+03   9.1200000e-01   1.2223710e+03   1.3786258e+02
   1.2230340e+03   9.5900000e-01   1.2233310e+03   1.3522356e+02
   1.2239100e+03   8.7700000e-01   1.2242110e+03   1.3599719e+02
   1.2247760e+03   8.6600000e-01   1.2250710e+03   1.3761538e+02
   1.2256730e+03   8.9700000e-01   1.2259710e+03   1.3788546e+02
   1.2265800e+03   9.0700000e-01   1.2268810e+03   1.3744601e+02
   1.2274110e+03   8.3100000e-01   1.2277210e+03   1.3722171e+02
   1.2282090e+03   7.9800000e-01   1.2285110e+03   1.3957004e+02
   1.2289560e+03   7.4700000e-01   1.2292510e+03   1.4053592e+02
   1.2296710e+03   7.1600000e-01   1.2299710e+03   1.3994998e+02
   1.2304010e+03   7.3000000e-01   1.2307010e+03   1.3913058e+02
   1.2311240e+03   7.2300000e-01   1.2314210e+03   1.4192752e+02
   1.2318820e+03   7.5800000e-01   1.2321710e+03   1.4374713e+02
   1.2327830e+03   9.0000000e-01   1.2330710e+03   1.4375858e+02
   1.2337170e+03   9.3500000e-01   1.2340210e+03   1.4019717e+02
   1.2345620e+03   8.4400000e-01   1.2348610e+03   1.4178104e+02
   1.2353900e+03   8.2900000e-01   1.2356910e+03   1.4098453e+02
   1.2362490e+03   8.5900000e-01   1.2365510e+03   1.4072589e+02
   1.2371330e+03   8.8400000e-01   1.2374310e+03   1.3807544e+02
   1.2380000e+03   8.6700000e-01   1.2383010e+03   1.3987216e+02
   1.2389070e+03   9.0700000e-01   1.2392010e+03   1.4070300e+02
   1.2398360e+03   9.3000000e-01   1.2401310e+03   1.3801821e+02
   1.2407220e+03   8.8600000e-01   1.2410210e+03   1.3828830e+02
   1.2416210e+03   8.9900000e-01   1.2419210e+03   1.3844622e+02
   1.2425340e+03   9.1400000e-01   1.2428310e+03   1.3732241e+02
   1.2434380e+03   9.0400000e-01   1.2437410e+03   1.3511141e+02
   1.2443180e+03   8.8000000e-01   1.2446110e+03   1.3650302e+02
   1.2452310e+03   9.1300000e-01   1.2455310e+03   1.3672732e+02
   1.2461860e+03   9.5500000e-01   1.2464810e+03   1.3584155e+02
   1.2471160e+03   9.3000000e-01   1.2474210e+03   1.3307665e+02
   1.2480320e+03   9.1600000e-01   1.2483310e+03   1.3498782e+02
   1.2489780e+03   9.4600000e-01   1.2492810e+03   1.3413409e+02
   1.2499260e+03   9.4800000e-01   1.2502310e+03   1.3222292e+02
   1.2508410e+03   9.1500000e-01   1.2511410e+03   1.3139208e+02
   1.2517730e+03   9.3200000e-01   1.2520710e+03   1.3444765e+02
   1.2527200e+03   9.4700000e-01   1.2530210e+03   1.3331240e+02
   1.2536120e+03   8.9200000e-01   1.2539210e+03   1.3197573e+02
   1.2545020e+03   8.9000000e-01   1.2548010e+03   1.3468340e+02
   1.2554580e+03   9.5600000e-01   1.2557610e+03   1.3448199e+02
   1.2564010e+03   9.4300000e-01   1.2567110e+03   1.3315676e+02
   1.2573440e+03   9.4300000e-01   1.2576410e+03   1.3544787e+02
   1.2583360e+03   9.9200000e-01   1.2586410e+03   1.3467196e+02
   1.2593100e+03   9.7400000e-01   1.2596210e+03   1.3238085e+02
   1.2602400e+03   9.3100000e-01   1.2605410e+03   1.3534716e+02
   1.2612360e+03   9.9500000e-01   1.2615410e+03   1.3474062e+02
   1.2622530e+03   1.0170000e+00   1.2625510e+03   1.3238085e+02
   1.2632190e+03   9.6700000e-01   1.2635210e+03   1.3320025e+02
   1.2641650e+03   9.4600000e-01   1.2644710e+03   1.3361681e+02
   1.2650610e+03   8.9600000e-01   1.2653710e+03   1.3320025e+02
   1.2659620e+03   9.0100000e-01   1.2662610e+03   1.3681658e+02
   1.2669980e+03   1.0360000e+00   1.2673010e+03   1.3835696e+02
   1.2679670e+03   9.6800000e-01   1.2682710e+03   1.3961352e+02
   1.2689490e+03   9.8300000e-01   1.2689500e+03   9.6034365e+01
   1.2698860e+03   9.3700000e-01   1.2704010e+03   1.7499412e+02
   1.2707740e+03   8.8800000e-01   1.2707750e+03   1.7499412e+02
   1.2717510e+03   9.7700000e-01   1.2717520e+03   1.7499412e+02
   1.2727180e+03   9.6700000e-01   1.2727190e+03   2.4998507e+01
   1.2736220e+03   9.0400000e-01   1.2744010e+03   1.7499412e+02
   1.2745520e+03   9.3000000e-01   1.2745530e+03   1.7499412e+02
   1.2754680e+03   9.1600000e-01   1.2754690e+03   1.7499412e+02
   1.2763870e+03   9.1800000e-01   1.2763880e+03   1.7499412e+02
   1.2773190e+03   9.3200000e-01   1.2773200e+03   2.4998507e+01
   1.2782330e+03   9.1400000e-01   1.2784010e+03   1.7499412e+02
   1.2791220e+03   8.8900000e-01   1.2791230e+03   1.7499412e+02
   1.2799780e+03   8.5500000e-01   1.2799790e+03   1.7499412e+02
   1.2808510e+03   8.7400000e-01   1.2808520e+03   2.4998507e+01
   1.2817510e+03   8.9900000e-01   1.2824010e+03   1.7499412e+02
   1.2826230e+03   8.7300000e-01   1.2826240e+03   1.7499412e+02
   1.2835170e+03   8.9400000e-01   1.2835180e+03   1.7499412e+02
   1.2844400e+03   9.2200000e-01   1.2844410e+03   2.4998507e+01
   1.2853630e+03   9.2300000e-01   1.2853640e+03   2.4998507e+01
   1.2862330e+03   8.7000000e-01   1.2864010e+03   1.7499412e+02
   1.2870950e+03   8.6200000e-01   1.2870960e+03   1.7499412e+02
   1.2879700e+03   8.7500000e-01   1.2879710e+03   1.7499412e+02
   1.2888070e+03   8.3600000e-01   1.2888080e+03   2.4998507e+01
   1.2897020e+03   8.9600000e-01   1.2904010e+03   1.7499412e+02
   1.2904990e+03   7.9700000e-01   1.2905000e+03   1.7499412e+02
   1.2912770e+03   7.7800000e-01   1.2912780e+03   1.7499412e+02
   1.2920990e+03   8.2200000e-01   1.2921000e+03   1.7499412e+02
   1.2929540e+03   8.5500000e-01   1.2929550e+03   2.4998507e+01
   1.2939170e+03   9.6300000e-01   1.2944010e+03   1.7499412e+02
   1.2948620e+03   9.4500000e-01   1.2948630e+03   1.7499412e+02
   1.2957340e+03   8.7200000e-01   1.2957350e+03   1.7499412e+02
   1.2965940e+03   8.6100000e-01   1.2965950e+03   2.4998507e+01
   1.2975270e+03   9.3300000e-01   1.2984010e+03   1.7499412e+02
   1.2984610e+03   9.3400000e-01   1.2984620e+03   1.7499412e+02
   1.2993480e+03   8.8600000e-01   1.2993490e+03   1.7499412e+02
   1.3002980e+03   9.5000000e-01   1.3002990e+03   1.7499412e+02
   1.3012400e+03   9.4200000e-01   1.3012410e+03   2.4998507e+01
   1.3021590e+03   9.1900000e-01   1.3024010e+03   1.7499412e+02
   1.3031080e+03   9.4800000e-01   1.3031090e+03   1.7499412e+02
   1.3040850e+03   9.7700000e-01   1.3040860e+03   1.7499412e+02
   1.3050030e+03   9.1800000e-01   1.3050040e+03   2.4998507e+01
   1.3058910e+03   8.8800000e-01   1.3064010e+03   1.7499412e+02
   1.3067870e+03   8.9600000e-01   1.3067880e+03   1.7499412e+02
   1.3076930e+03   9.0600000e-01   1.3076940e+03   1.7499412e+02
   1.3086040e+03   9.1100000e-01   1.3086050e+03   2.4998507e+01
   1.3095730e+03   9.6800000e-01   1.3104010e+03   1.7499412e+02
   1.3105670e+03   9.9500000e-01   1.3105680e+03   1.7499412e+02
   1.3115070e+03   9.4000000e-01   1.3115080e+03   1.7499412e+02
   1.3124550e+03   9.4700000e-01   1.3124560e+03   2.4998507e+01
   1.3134280e+03   9.7300000e-01   1.3134290e+03   2.4998507e+01
   1.3143650e+03   9.3700000e-01   1.3144010e+03   1.7499412e+02
   1.3153230e+03   9.5800000e-01   1.3153240e+03   1.7499412e+02
   1.3162910e+03   9.6800000e-01   1.3162920e+03   1.7499412e+02
   1.3171980e+03   9.0700000e-01   1.3171990e+03   2.4998507e+01
   1.3181240e+03   9.2700000e-01   1.3184010e+03   1.7499412e+02
   1.3190730e+03   9.4800000e-01   1.3190740e+03   1.7499412e+02
   1.3199900e+03   9.1800000e-01   1.3199910e+03   1.7499412e+02
   1.3209350e+03   9.4500000e-01   1.3209360e+03   2.4998507e+01
   1.3218990e+03   9.6400000e-01   1.3224010e+03   1.7499412e+02
   1.3228400e+03   9.4100000e-01   1.3228410e+03   1.7499412e+02
   1.3237760e+03   9.3600000e-01   1.3237770e+03   1.7499412e+02
   1.3247390e+03   9.6400000e-01   1.3247400e+03   2.4998507e+01
   1.3257020e+03   9.6300000e-01   1.3260110e+03   1.1957718e+02
   1.3266190e+03   9.1600000e-01   1.3269210e+03   1.2162110e+02
   1.3275920e+03   9.7400000e-01   1.3278910e+03   1.2199189e+02
   1.3285660e+03   9.7400000e-01   1.3288710e+03   1.2003723e+02
   1.3294680e+03   9.0200000e-01   1.3297710e+03   1.1970078e+02
   1.3303720e+03   9.0400000e-01   1.3306710e+03   1.2213837e+02
   1.3313190e+03   9.4600000e-01   1.3316110e+03   1.2164399e+02
   1.3322160e+03   8.9700000e-01   1.3325210e+03   1.2041947e+02
   1.3330630e+03   8.4800000e-01   1.3333610e+03   1.2358720e+02
   1.3340370e+03   9.7400000e-01   1.3343310e+03   1.2485520e+02
   1.3350520e+03   1.0140000e+00   1.3353610e+03   1.2282273e+02
   1.3359900e+03   9.3800000e-01   1.3362910e+03   1.2502458e+02
   1.3369970e+03   1.0070000e+00   1.3373010e+03   1.2510240e+02
   1.3379810e+03   9.8400000e-01   1.3382910e+03   1.2213837e+02
   1.3388750e+03   8.9400000e-01   1.3391810e+03   1.2408158e+02
   1.3397830e+03   9.0800000e-01   1.3400810e+03   1.2435166e+02
   1.3407550e+03   9.7200000e-01   1.3410510e+03   1.2320496e+02
   1.3417030e+03   9.4800000e-01   1.3420110e+03   1.2241990e+02
   1.3426550e+03   9.5200000e-01   1.3429510e+03   1.2522599e+02
   1.3436770e+03   1.0220000e+00   1.3439810e+03   1.2493531e+02
   1.3447070e+03   1.0300000e+00   1.3450110e+03   1.2199189e+02
   1.3456680e+03   9.6100000e-01   1.3459710e+03   1.2254349e+02
   1.3466520e+03   9.8500000e-01   1.3469510e+03   1.2315919e+02
   1.3476420e+03   9.9000000e-01   1.3479510e+03   1.2056595e+02
   1.3485710e+03   9.2800000e-01   1.3488710e+03   1.2198044e+02
   1.3495280e+03   9.5700000e-01   1.3498310e+03   1.2229630e+02
   1.3505340e+03   1.0060000e+00   1.3508310e+03   1.2181336e+02
   1.3514920e+03   9.5800000e-01   1.3518010e+03   1.2009446e+02
   1.3524320e+03   9.4000000e-01   1.3527310e+03   1.2213837e+02
   1.3534100e+03   9.7800000e-01   1.3537110e+03   1.2144257e+02
   1.3543780e+03   9.6700000e-01   1.3546810e+03   1.1863419e+02
   1.3552760e+03   8.9800000e-01   1.3555710e+03   1.2080170e+02
   1.3562140e+03   9.3800000e-01   1.3565110e+03   1.2214982e+02
   1.3572060e+03   9.9200000e-01   1.3575110e+03   1.1905991e+02
   1.3581240e+03   9.1900000e-01   1.3584210e+03   1.2183396e+02
   1.3590860e+03   9.6100000e-01   1.3593810e+03   1.2201478e+02
   1.3600600e+03   9.7400000e-01   1.3603610e+03   1.1984726e+02
   1.3609810e+03   9.2100000e-01   1.3612810e+03   1.2255265e+02
   1.3619600e+03   9.7900000e-01   1.3622610e+03   1.2275635e+02
   1.3629520e+03   9.9200000e-01   1.3632610e+03   1.2011734e+02
   1.3638780e+03   9.2600000e-01   1.3641810e+03   1.2235123e+02
   1.3648580e+03   9.8000000e-01   1.3651610e+03   1.2206971e+02
   1.3658270e+03   9.6900000e-01   1.3661310e+03   1.2036454e+02
   1.3667630e+03   9.3500000e-01   1.3670610e+03   1.2286851e+02
   1.3677380e+03   9.7600000e-01   1.3680410e+03   1.2269913e+02
   1.3687370e+03   9.9900000e-01   1.3690410e+03   1.2057740e+02
   1.3696910e+03   9.5400000e-01   1.3699910e+03   1.2257554e+02
   1.3706970e+03   1.0060000e+00   1.3710010e+03   1.2173325e+02
   1.3716810e+03   9.8400000e-01   1.3719910e+03   1.1935288e+02
   1.3726250e+03   9.4400000e-01   1.3729210e+03   1.2209260e+02
   1.3736380e+03   1.0130000e+00   1.3739410e+03   1.2108323e+02
   1.3746150e+03   9.7700000e-01   1.3749210e+03   1.1871201e+02
   1.3755480e+03   9.3300000e-01   1.3758510e+03   1.2180192e+02
   1.3765680e+03   1.0200000e+00   1.3768710e+03   1.2189118e+02
   1.3775700e+03   1.0020000e+00   1.3778810e+03   1.2020661e+02
   1.3785120e+03   9.4200000e-01   1.3788110e+03   1.2303559e+02
   1.3795240e+03   1.0120000e+00   1.3798210e+03   1.2313859e+02
   1.3805460e+03   1.0230000e+00   1.3808510e+03   1.2130753e+02
   1.3815230e+03   9.7600000e-01   1.3818210e+03   1.2388932e+02
   1.3825880e+03   1.0650000e+00   1.3828910e+03   1.2396943e+02
   1.3836040e+03   1.0160000e+00   1.3839110e+03   1.2125031e+02
   1.3845820e+03   9.7700000e-01   1.3848810e+03   1.2365357e+02
   1.3855940e+03   1.0130000e+00   1.3859010e+03   1.2227341e+02
   1.3865780e+03   9.8400000e-01   1.3868910e+03   1.2052018e+02
   1.3875050e+03   9.2700000e-01   1.3878010e+03   1.2363297e+02
   1.3885170e+03   1.0130000e+00   1.3888210e+03   1.2371079e+02
   1.3895490e+03   1.0320000e+00   1.3898510e+03   1.2123887e+02
   1.3905000e+03   9.5100000e-01   1.3908010e+03   1.2326218e+02
   1.3915040e+03   1.0040000e+00   1.3918010e+03   1.2298066e+02
   1.3925040e+03   1.0000000e+00   1.3928110e+03   1.2058884e+02
   1.3934100e+03   9.0700000e-01   1.3937110e+03   1.2339494e+02
   1.3943660e+03   9.5600000e-01   1.3946610e+03   1.2361008e+02
   1.3953740e+03   1.0080000e+00   1.3956810e+03   1.2135102e+02
   1.3963150e+03   9.4100000e-01   1.3966210e+03   1.2317063e+02
   1.3972920e+03   9.7700000e-01   1.3975910e+03   1.2421662e+02
   1.3982580e+03   9.6600000e-01   1.3985610e+03   1.2114960e+02
   1.3991870e+03   9.2800000e-01   1.3994810e+03   1.2344071e+02
   1.4001960e+03   1.0090000e+00   1.4004910e+03   1.2393510e+02
   1.4011840e+03   9.8800000e-01   1.4014910e+03   1.2172181e+02
   1.4021170e+03   9.3300000e-01   1.4024210e+03   1.2464234e+02
   1.4031060e+03   9.8900000e-01   1.4034010e+03   1.2464234e+02
   1.4040910e+03   9.8500000e-01   1.4044010e+03   1.2129609e+02
   1.4050180e+03   9.2800000e-01   1.4053210e+03   1.2303559e+02
   1.4059910e+03   9.7300000e-01   1.4062910e+03   1.2348649e+02
   1.4069960e+03   1.0050000e+00   1.4073010e+03   1.2106034e+02
   1.4079020e+03   9.0600000e-01   1.4082010e+03   1.2180192e+02
   1.4088490e+03   9.4700000e-01   1.4091510e+03   1.2302644e+02
   1.4098510e+03   1.0020000e+00   1.4101510e+03   1.2195756e+02
   1.4108130e+03   9.6100000e-01   1.4111110e+03   1.2203766e+02
   1.4117550e+03   9.4200000e-01   1.4120510e+03   1.2347504e+02
   1.4127200e+03   9.6600000e-01   1.4130210e+03   1.2278840e+02
   1.4136420e+03   9.2200000e-01   1.4139510e+03   1.2235123e+02
   1.4145680e+03   9.2600000e-01   1.4148610e+03   1.2429444e+02
   1.4155810e+03   1.0130000e+00   1.4158810e+03   1.2456452e+02
   1.4165390e+03   9.5700000e-01   1.4168410e+03   1.2122742e+02
   1.4174540e+03   9.1500000e-01   1.4177510e+03   1.2478883e+02
   1.4184330e+03   9.7900000e-01   1.4187310e+03   1.2457597e+02
   1.4194360e+03   1.0030000e+00   1.4197410e+03   1.2163254e+02
   1.4203700e+03   9.3400000e-01   1.4206710e+03   1.2323930e+02
   1.4213280e+03   9.5800000e-01   1.4216310e+03   1.2403581e+02
   1.4222940e+03   9.6600000e-01   1.4226010e+03   1.2126175e+02
   1.4231920e+03   8.9800000e-01   1.4234910e+03   1.2184540e+02
   1.4241020e+03   9.1000000e-01   1.4244010e+03   1.2380006e+02
   1.4250720e+03   9.7000000e-01   1.4253710e+03   1.2211548e+02
   1.4260040e+03   9.3200000e-01   1.4263010e+03   1.2252061e+02
   1.4269610e+03   9.5700000e-01   1.4272610e+03   1.2330567e+02
   1.4279300e+03   9.6900000e-01   1.4282310e+03   1.2083603e+02
   1.4288420e+03   9.1100000e-01   1.4291410e+03   1.2228486e+02
   1.4298050e+03   9.6300000e-01   1.4301010e+03   1.2233979e+02
   1.4307860e+03   9.8200000e-01   1.4310910e+03   1.1983582e+02
   1.4316930e+03   9.0700000e-01   1.4319910e+03   1.2117249e+02
   1.4326490e+03   9.5600000e-01   1.4329410e+03   1.2177903e+02
   1.4336660e+03   1.0170000e+00   1.4339710e+03   1.1966645e+02
   1.4346050e+03   9.3900000e-01   1.4349110e+03   1.2058884e+02
   1.4356040e+03   9.9900000e-01   1.4359010e+03   1.1998230e+02
   1.4366570e+03   1.0530000e+00   1.4369610e+03   1.1541153e+02
   1.4376150e+03   9.5900000e-01   1.4379210e+03   1.1577087e+02
   1.4386060e+03   9.9100000e-01   1.4389110e+03   1.1570221e+02
   1.4396260e+03   1.0200000e+00   1.4399310e+03   1.1273818e+02
   1.4405450e+03   9.1900000e-01   1.4408510e+03   1.1339965e+02
   1.4414520e+03   9.0700000e-01   1.4417510e+03   1.1529709e+02
   1.4424130e+03   9.6100000e-01   1.4427110e+03   1.1541153e+02
   1.4433560e+03   9.4300000e-01   1.4436610e+03   1.1433120e+02
   1.4442870e+03   9.3100000e-01   1.4445910e+03   1.1670242e+02
   1.4452760e+03   9.8900000e-01   1.4455710e+03   1.1708466e+02
   1.4462530e+03   9.7600000e-01   1.4465610e+03   1.1579147e+02
   1.4471780e+03   9.2500000e-01   1.4474810e+03   1.1555572e+02
   1.4481040e+03   9.2700000e-01   1.4484010e+03   1.1826340e+02
   1.4490740e+03   9.7000000e-01   1.4493710e+03   1.1732040e+02
   1.4500550e+03   9.8000000e-01   1.4503610e+03   1.1490570e+02
   1.4509410e+03   8.8700000e-01   1.4512410e+03   1.1772324e+02
   1.4518560e+03   9.1500000e-01   1.4521510e+03   1.1902786e+02
   1.4528300e+03   9.7400000e-01   1.4531310e+03   1.1827484e+02
   1.4538150e+03   9.8600000e-01   1.4541210e+03   1.1610733e+02
   1.4547470e+03   9.3200000e-01   1.4550510e+03   1.2004868e+02
   1.4556990e+03   9.5100000e-01   1.4560010e+03   1.2028443e+02
   1.4566710e+03   9.7300000e-01   1.4569710e+03   1.1765686e+02
   1.4575770e+03   9.0600000e-01   1.4578810e+03   1.1848770e+02
   1.4584960e+03   9.1900000e-01   1.4587910e+03   1.2052018e+02
   1.4595030e+03   1.0060000e+00   1.4598010e+03   1.2021805e+02
   1.4604750e+03   9.7200000e-01   1.4607810e+03   1.1875778e+02
   1.4614060e+03   9.3100000e-01   1.4617010e+03   1.2064377e+02
   1.4623690e+03   9.6300000e-01   1.4626710e+03   1.2067810e+02
   1.4633590e+03   9.9000000e-01   1.4636610e+03   1.1847626e+02
   1.4642940e+03   9.3500000e-01   1.4645910e+03   1.2038514e+02
   1.4652620e+03   9.6800000e-01   1.4655610e+03   1.2099167e+02
   1.4662400e+03   9.7800000e-01   1.4665410e+03   1.1805054e+02
   1.4671560e+03   9.1600000e-01   1.4674610e+03   1.1886994e+02
   1.4681410e+03   9.8500000e-01   1.4684410e+03   1.1858841e+02
   1.4691030e+03   9.6200000e-01   1.4694110e+03   1.1554428e+02
   1.4700160e+03   9.1200000e-01   1.4703110e+03   1.1929566e+02
   1.4709360e+03   9.2000000e-01   1.4712310e+03   1.1885849e+02
   1.4718880e+03   9.5200000e-01   1.4721910e+03   1.1515289e+02
   1.4727930e+03   9.0500000e-01   1.4730910e+03   1.1726318e+02
   1.4736720e+03   8.8000000e-01   1.4739710e+03   1.1849915e+02
   1.4744850e+03   8.1300000e-01   1.4747810e+03   1.1911713e+02
   1.4752950e+03   8.1100000e-01   1.4755910e+03   1.2122742e+02
   1.4762800e+03   9.8500000e-01   1.4765810e+03   1.1953141e+02
   1.4772820e+03   1.0020000e+00   1.4775910e+03   1.1682602e+02
   1.4781780e+03   8.9600000e-01   1.4784810e+03   1.1938721e+02
   1.4790810e+03   9.0300000e-01   1.4793810e+03   1.1864563e+02
   1.4800250e+03   9.4500000e-01   1.4803310e+03   1.1834122e+02
   1.4809780e+03   9.5300000e-01   1.4812810e+03   1.1797043e+02
   1.4819450e+03   9.6600000e-01   1.4822410e+03   1.1968933e+02
   1.4829590e+03   1.0150000e+00   1.4832610e+03   1.1976715e+02
   1.4839960e+03   1.0360000e+00   1.4843010e+03   1.1718536e+02
   1.4849350e+03   9.3900000e-01   1.4852410e+03   1.1899353e+02
   1.4859040e+03   9.6900000e-01   1.4862010e+03   1.1930710e+02
   1.4868930e+03   9.8900000e-01   1.4872010e+03   1.1716247e+02
   1.4878030e+03   9.1000000e-01   1.4881110e+03   1.1828629e+02
   1.4887520e+03   9.4900000e-01   1.4890510e+03   1.2064377e+02
   1.4897400e+03   9.8800000e-01   1.4900410e+03   1.1866852e+02
   1.4906350e+03   8.9500000e-01   1.4909410e+03   1.1886994e+02
   1.4915590e+03   9.2400000e-01   1.4918510e+03   1.2131897e+02
   1.4926040e+03   1.0450000e+00   1.4929010e+03   1.2092530e+02
   1.4936020e+03   9.9700000e-01   1.4939110e+03   1.1843277e+02
   1.4945450e+03   9.4300000e-01   1.4948410e+03   1.2034165e+02
   1.4955480e+03   1.0040000e+00   1.4958510e+03   1.1977860e+02
   1.4965390e+03   9.9000000e-01   1.4968510e+03   1.1657883e+02
   1.4974720e+03   9.3300000e-01   1.4977710e+03   1.1871201e+02
   1.4984280e+03   9.5600000e-01   1.4987210e+03   1.1846481e+02
   1.4993960e+03   9.6800000e-01   1.4997010e+03   1.1588302e+02
   1.5003160e+03   9.2000000e-01   1.5006210e+03   1.1590362e+02
   1.5012240e+03   9.0800000e-01   1.5015210e+03   1.1821762e+02
   1.5021730e+03   9.4900000e-01   1.5024710e+03   1.1822907e+02
   1.5031440e+03   9.7100000e-01   1.5034510e+03   1.1636597e+02
   1.5040360e+03   8.9300000e-01   1.5043410e+03   1.1867767e+02
   1.5049820e+03   9.4600000e-01   1.5052810e+03   1.1976715e+02
   1.5059610e+03   9.7900000e-01   1.5062610e+03   1.1744400e+02
   1.5068970e+03   9.3600000e-01   1.5072010e+03   1.1805054e+02
   1.5078700e+03   9.7300000e-01   1.5081710e+03   1.1930710e+02
   1.5088780e+03   1.0080000e+00   1.5091810e+03   1.1816269e+02
   1.5098540e+03   9.7600000e-01   1.5101610e+03   1.1748749e+02
   1.5108100e+03   9.5600000e-01   1.5111110e+03   1.1901642e+02
   1.5118160e+03   1.0060000e+00   1.5121210e+03   1.1734329e+02
   1.5127820e+03   9.6600000e-01   1.5130910e+03   1.1496063e+02
   1.5136840e+03   9.0100000e-01   1.5139810e+03   1.1734329e+02
   1.5146510e+03   9.6800000e-01   1.5149510e+03   1.1759964e+02
   1.5156350e+03   9.8300000e-01   1.5159410e+03   1.1515289e+02
   1.5165600e+03   9.2500000e-01   1.5168610e+03   1.1599518e+02
   1.5174970e+03   9.3700000e-01   1.5177910e+03   1.1706177e+02
   1.5185050e+03   1.0090000e+00   1.5188010e+03   1.1637741e+02
   1.5194600e+03   9.5500000e-01   1.5197710e+03   1.1423049e+02
   1.5203570e+03   8.9700000e-01   1.5206610e+03   1.1728607e+02
   1.5213340e+03   9.7700000e-01   1.5216310e+03   1.1832977e+02
   1.5223610e+03   1.0270000e+00   1.5226610e+03   1.1761108e+02
   1.5233560e+03   9.9600000e-01   1.5236610e+03   1.1513000e+02
   1.5242800e+03   9.2300000e-01   1.5245810e+03   1.1824051e+02
   1.5252560e+03   9.7600000e-01   1.5255510e+03   1.1781479e+02
   1.5262560e+03   1.0000000e+00   1.5265610e+03   1.1632019e+02
   1.5272120e+03   9.5600000e-01   1.5275210e+03   1.1588302e+02
   1.5281710e+03   9.5900000e-01   1.5284710e+03   1.1819473e+02
   1.5291480e+03   9.7700000e-01   1.5294510e+03   1.1652160e+02
   1.5300920e+03   9.4400000e-01   1.5304010e+03   1.1538864e+02
   1.5310030e+03   9.1000000e-01   1.5313010e+03   1.1812836e+02
   1.5320280e+03   1.0260000e+00   1.5323310e+03   1.1876923e+02
   1.5330540e+03   1.0250000e+00   1.5333610e+03   1.1678024e+02
   1.5339920e+03   9.3900000e-01   1.5343010e+03   1.1795898e+02
   1.5349340e+03   9.4100000e-01   1.5352310e+03   1.1947647e+02
   1.5359950e+03   1.0610000e+00   1.5363000e+03   1.1845337e+02
   1.5370480e+03   1.0530000e+00   1.5373510e+03   1.1721970e+02
   1.5380280e+03   9.8000000e-01   1.5383310e+03   1.1821762e+02
   1.5390350e+03   1.0070000e+00   1.5393410e+03   1.1922928e+02
   1.5400430e+03   1.0080000e+00   1.5403510e+03   1.1638656e+02
   1.5409810e+03   9.3900000e-01   1.5412910e+03   1.1684891e+02
   1.5419540e+03   9.7200000e-01   1.5422510e+03   1.1840988e+02
   1.5429760e+03   1.0230000e+00   1.5432810e+03   1.1811691e+02
   1.5439640e+03   9.8800000e-01   1.5442710e+03   1.1525360e+02
   1.5448900e+03   9.2600000e-01   1.5451910e+03   1.1657883e+02
   1.5458200e+03   9.3000000e-01   1.5461210e+03   1.1776901e+02
   1.5467890e+03   9.7000000e-01   1.5470910e+03   1.1795898e+02
   1.5477450e+03   9.5600000e-01   1.5480510e+03   1.1613937e+02
   1.5486510e+03   9.0600000e-01   1.5489510e+03   1.1864563e+02
   1.5496290e+03   9.7800000e-01   1.5499310e+03   1.1945359e+02
   1.5506410e+03   1.0130000e+00   1.5509510e+03   1.1759048e+02
   1.5515560e+03   9.1500000e-01   1.5518610e+03   1.1925217e+02
   1.5525470e+03   9.9100000e-01   1.5528510e+03   1.2018372e+02
   1.5535470e+03   1.0000000e+00   1.5538510e+03   1.1994797e+02
   1.5545100e+03   9.6300000e-01   1.5548210e+03   1.1865708e+02
   1.5554630e+03   9.5400000e-01   1.5557610e+03   1.2049729e+02
   1.5564650e+03   1.0020000e+00   1.5567710e+03   1.1893631e+02
   1.5574610e+03   9.9500000e-01   1.5577710e+03   1.1759964e+02
   1.5584210e+03   9.6000000e-01   1.5587210e+03   1.1893631e+02
   1.5594010e+03   9.8000000e-01   1.5597010e+03   1.1805054e+02
   1.5603780e+03   9.7700000e-01   1.5606910e+03   1.1445480e+02
   1.5613270e+03   9.5000000e-01   1.5616310e+03   1.1669098e+02
   1.5623340e+03   1.0060000e+00   1.5626310e+03   1.1733185e+02
   1.5633540e+03   1.0210000e+00   1.5636610e+03   1.1605011e+02
   1.5643360e+03   9.8100000e-01   1.5646410e+03   1.1686035e+02
   1.5653420e+03   1.0060000e+00   1.5656410e+03   1.1739822e+02
   1.5663650e+03   1.0230000e+00   1.5666710e+03   1.1323257e+02
   1.5673140e+03   9.4900000e-01   1.5676210e+03   1.1472488e+02
   1.5683190e+03   1.0050000e+00   1.5686210e+03   1.1515289e+02
   1.5693380e+03   1.0190000e+00   1.5696510e+03   1.1180434e+02
   1.5702870e+03   9.4800000e-01   1.5705910e+03   1.1437698e+02
   1.5712550e+03   9.6800000e-01   1.5715610e+03   1.1462417e+02
   1.5722420e+03   9.8700000e-01   1.5725510e+03   1.1246810e+02
   1.5731670e+03   9.2400000e-01   1.5734710e+03   1.1304031e+02
   1.5741670e+03   1.0000000e+00   1.5744710e+03   1.1383911e+02
   1.5751780e+03   1.0110000e+00   1.5754910e+03   1.1093001e+02
   1.5761250e+03   9.4700000e-01   1.5764310e+03   1.1328750e+02
   1.5771510e+03   1.0260000e+00   1.5774510e+03   1.1333328e+02
   1.5781400e+03   9.8800000e-01   1.5784510e+03   1.0936904e+02
   1.5790760e+03   9.3600000e-01   1.5793810e+03   1.1227584e+02
   1.5800510e+03   9.7500000e-01   1.5803510e+03   1.1228729e+02
   1.5810600e+03   1.0090000e+00   1.5813710e+03   1.0906463e+02
   1.5820010e+03   9.4100000e-01   1.5823010e+03   1.1124358e+02
   1.5829880e+03   9.8800000e-01   1.5832910e+03   1.1108565e+02
   1.5839380e+03   9.4900000e-01   1.5842510e+03   1.0797515e+02
   1.5848340e+03   8.9600000e-01   1.5851410e+03   1.0980620e+02
   1.5858030e+03   9.6900000e-01   1.5861010e+03   1.1115432e+02
   1.5868240e+03   1.0220000e+00   1.5871310e+03   1.0928893e+02
   1.5877600e+03   9.3600000e-01   1.5880710e+03   1.0908751e+02
   1.5886720e+03   9.1200000e-01   1.5889710e+03   1.1126647e+02
   1.5896940e+03   1.0220000e+00   1.5899910e+03   1.1011977e+02
   1.5906970e+03   1.0030000e+00   1.5910110e+03   1.0692000e+02
   1.5915780e+03   8.8100000e-01   1.5918810e+03   1.0942397e+02
   1.5924720e+03   8.9400000e-01   1.5927710e+03   1.1213165e+02
   1.5935450e+03   1.0730000e+00   1.5938410e+03   1.1331039e+02
   1.5945930e+03   1.0480000e+00   1.5949010e+03   1.1109710e+02
   1.5955410e+03   9.4700000e-01   1.5958510e+03   1.1250243e+02
   1.5965210e+03   9.8000000e-01   1.5968210e+03   1.1462417e+02
   1.5975870e+03   1.0660000e+00   1.5978910e+03   1.1383911e+02
   1.5986260e+03   1.0390000e+00   1.5989410e+03   1.1084991e+02
   1.5996110e+03   9.8500000e-01   1.5999110e+03   1.1250243e+02
   1.6006460e+03   1.0350000e+00   1.6009510e+03   1.1180434e+02
   1.6016630e+03   1.0170000e+00   1.6019710e+03   1.0959334e+02
   1.6026250e+03   9.6200000e-01   1.6029310e+03   1.0969405e+02
   1.6036130e+03   9.8700000e-01   1.6039110e+03   1.1059127e+02
   1.6046590e+03   1.0470000e+00   1.6049610e+03   1.1014266e+02
   1.6056510e+03   9.9200000e-01   1.6059610e+03   1.0805297e+02
   1.6066040e+03   9.5300000e-01   1.6069110e+03   1.1030059e+02
   1.6076330e+03   1.0290000e+00   1.6079310e+03   1.1055923e+02
   1.6086840e+03   1.0510000e+00   1.6089910e+03   1.0813307e+02
   1.6096580e+03   9.7400000e-01   1.6099610e+03   1.0881743e+02
   1.6106910e+03   1.0340000e+00   1.6109910e+03   1.1199661e+02
   1.6117700e+03   1.0790000e+00   1.6120810e+03   1.1051345e+02
   1.6127630e+03   9.9300000e-01   1.6130710e+03   1.1031203e+02
   1.6137570e+03   9.9500000e-01   1.6140610e+03   1.1208587e+02
   1.6148070e+03   1.0500000e+00   1.6151110e+03   1.1178374e+02
   1.6158100e+03   1.0030000e+00   1.6161210e+03   1.1047912e+02
   1.6167800e+03   9.7000000e-01   1.6170810e+03   1.1346832e+02
   1.6178470e+03   1.0670000e+00   1.6181510e+03   1.1280456e+02
   1.6188890e+03   1.0420000e+00   1.6192010e+03   1.1163726e+02
   1.6198590e+03   9.7000000e-01   1.6201610e+03   1.1456924e+02
   1.6209170e+03   1.0580000e+00   1.6212210e+03   1.1573654e+02
   1.6219880e+03   1.0710000e+00   1.6223010e+03   1.1335617e+02
   1.6229880e+03   9.9900000e-01   1.6232910e+03   1.1384826e+02
   1.6239870e+03   9.9900000e-01   1.6242910e+03   1.1513000e+02
   1.6250520e+03   1.0660000e+00   1.6253610e+03   1.1443420e+02
   1.6260250e+03   9.7200000e-01   1.6263400e+03   1.1353469e+02
   1.6269800e+03   9.5600000e-01   1.6272810e+03   1.1681457e+02
   1.6280650e+03   1.0850000e+00   1.6283710e+03   1.1696106e+02
   1.6291290e+03   1.0640000e+00   1.6294410e+03   1.1523071e+02
   1.6301240e+03   9.9500000e-01   1.6304310e+03   1.1706177e+02
   1.6311730e+03   1.0490000e+00   1.6314810e+03   1.1682602e+02
   1.6322050e+03   1.0310000e+00   1.6325110e+03   1.1398330e+02
   1.6331550e+03   9.5000000e-01   1.6334610e+03   1.1671387e+02
   1.6341910e+03   1.0370000e+00   1.6344910e+03   1.1718536e+02
   1.6352710e+03   1.0800000e+00   1.6355810e+03   1.1594940e+02
   1.6362490e+03   9.7700000e-01   1.6365610e+03   1.1574798e+02
   1.6372130e+03   9.6400000e-01   1.6375110e+03   1.1824051e+02
   1.6382630e+03   1.0500000e+00   1.6385610e+03   1.1800476e+02
   1.6392510e+03   9.8800000e-01   1.6395610e+03   1.1534286e+02
   1.6401640e+03   9.1300000e-01   1.6404710e+03   1.1767975e+02
   1.6411340e+03   9.7000000e-01   1.6414310e+03   1.1818558e+02
   1.6421480e+03   1.0140000e+00   1.6424510e+03   1.1589447e+02
   1.6430710e+03   9.2200000e-01   1.6433710e+03   1.1753326e+02
   1.6440560e+03   9.8600000e-01   1.6443510e+03   1.1891571e+02
   1.6450930e+03   1.0370000e+00   1.6454010e+03   1.1609588e+02
   1.6460260e+03   9.3200000e-01   1.6463310e+03   1.1615082e+02
   1.6469760e+03   9.5100000e-01   1.6472710e+03   1.1705032e+02
   1.6479630e+03   9.8700000e-01   1.6482610e+03   1.1594940e+02
   1.6489030e+03   9.4000000e-01   1.6492110e+03   1.1477066e+02
   1.6498070e+03   9.0400000e-01   1.6501010e+03   1.1635452e+02
   1.6507060e+03   8.9900000e-01   1.6510010e+03   1.1669098e+02
   1.6515280e+03   8.2200000e-01   1.6518310e+03   1.1551223e+02
   1.6523360e+03   8.0800000e-01   1.6526410e+03   1.1688095e+02
   1.6531730e+03   8.3700000e-01   1.6534710e+03   1.1893631e+02
   1.6541020e+03   9.2900000e-01   1.6544010e+03   1.1840988e+02
   1.6550970e+03   9.9500000e-01   1.6554010e+03   1.1665665e+02
   1.6559940e+03   8.9700000e-01   1.6562910e+03   1.1665665e+02
   1.6569190e+03   9.2500000e-01   1.6572210e+03   1.1681457e+02
   1.6578740e+03   9.5500000e-01   1.6581710e+03   1.1415267e+02
   1.6587710e+03   8.9700000e-01   1.6590810e+03   1.1166930e+02
   1.6596390e+03   8.6800000e-01   1.6599410e+03   1.1348892e+02
   1.6605590e+03   9.2000000e-01   1.6608510e+03   1.1377044e+02
   1.6614680e+03   9.0900000e-01   1.6617710e+03   1.1231017e+02
   1.6623230e+03   8.5400000e-01   1.6626210e+03   1.1333328e+02
   1.6631630e+03   8.4100000e-01   1.6634610e+03   1.1446624e+02
   1.6640230e+03   8.6000000e-01   1.6643210e+03   1.1410690e+02
   1.6648740e+03   8.5100000e-01   1.6651810e+03   1.1281600e+02
   1.6656730e+03   7.9900000e-01   1.6659710e+03   1.1441131e+02
   1.6664300e+03   7.5600000e-01   1.6667310e+03   1.1485992e+02
   1.6671500e+03   7.2100000e-01   1.6674510e+03   1.1407485e+02
   1.6679050e+03   7.5500000e-01   1.6682010e+03   1.1319824e+02
   1.6687090e+03   8.0500000e-01   1.6690110e+03   1.1446624e+02
   1.6695470e+03   8.3800000e-01   1.6698410e+03   1.1652160e+02
   1.6704680e+03   9.2000000e-01   1.6707610e+03   1.1627441e+02
   1.6713820e+03   9.1500000e-01   1.6716810e+03   1.1326461e+02
   1.6722110e+03   8.2900000e-01   1.6725110e+03   1.1390548e+02
   1.6730710e+03   8.6000000e-01   1.6733710e+03   1.1506134e+02
   1.6739290e+03   8.5800000e-01   1.6742310e+03   1.1519638e+02
   1.6748010e+03   8.7200000e-01   1.6751010e+03   1.1375900e+02
   1.6756530e+03   8.5300000e-01   1.6759510e+03   1.1506134e+02
   1.6765190e+03   8.6600000e-01   1.6768110e+03   1.1634308e+02
   1.6773900e+03   8.7000000e-01   1.6776910e+03   1.1524215e+02
   1.6782630e+03   8.7300000e-01   1.6785610e+03   1.1416412e+02
   1.6791320e+03   8.7000000e-01   1.6794310e+03   1.1676880e+02
   1.6800170e+03   8.8400000e-01   1.6803110e+03   1.1732040e+02
   1.6809500e+03   9.3400000e-01   1.6812510e+03   1.1667953e+02
   1.6818500e+03   9.0000000e-01   1.6821510e+03   1.1553512e+02
   1.6827280e+03   8.7800000e-01   1.6830210e+03   1.1756760e+02
   1.6836410e+03   9.1400000e-01   1.6839410e+03   1.1753326e+02
   1.6845700e+03   9.2900000e-01   1.6848710e+03   1.1603866e+02
   1.6854590e+03   8.8900000e-01   1.6857610e+03   1.1738678e+02
   1.6863820e+03   9.2200000e-01   1.6866810e+03   1.1842133e+02
   1.6873250e+03   9.4400000e-01   1.6876310e+03   1.1573654e+02
   1.6882210e+03   8.9600000e-01   1.6885210e+03   1.1670242e+02
   1.6891470e+03   9.2600000e-01   1.6894410e+03   1.1751038e+02
   1.6901130e+03   9.6600000e-01   1.6904110e+03   1.1675735e+02
   1.6910710e+03   9.5700000e-01   1.6913810e+03   1.1437698e+02
   1.6919900e+03   9.1900000e-01   1.6922910e+03   1.1602722e+02
   1.6929170e+03   9.2700000e-01   1.6932110e+03   1.1603866e+02
   1.6938630e+03   9.4600000e-01   1.6941610e+03   1.1389404e+02
   1.6947920e+03   9.2800000e-01   1.6950910e+03   1.1402908e+02
   1.6957440e+03   9.5200000e-01   1.6960410e+03   1.1611877e+02
   1.6967330e+03   9.8900000e-01   1.6970310e+03   1.1529709e+02
   1.6977340e+03   1.0010000e+00   1.6980410e+03   1.1314102e+02
   1.6987000e+03   9.6600000e-01   1.6990010e+03   1.1439987e+02
   1.6996560e+03   9.5600000e-01   1.6999610e+03   1.1533142e+02
   1.7005880e+03   9.3200000e-01   1.7008910e+03   1.1332183e+02
   1.7014760e+03   8.8800000e-01   1.7017810e+03   1.1588302e+02
   1.7023590e+03   8.8300000e-01   1.7026610e+03   1.1806198e+02
   1.7033020e+03   9.4400000e-01   1.7036010e+03   1.1703888e+02
   1.7041820e+03   8.8000000e-01   1.7044910e+03   1.1417556e+02
   1.7049790e+03   7.9800000e-01   1.7052810e+03   1.2250916e+02
   1.7059090e+03   9.3000000e-01   1.7062210e+03   1.2586686e+02
   1.7069860e+03   1.0760000e+00   1.7072910e+03   1.2052018e+02
   1.7078350e+03   8.5000000e-01   1.7081510e+03   1.1776901e+02
   1.7086170e+03   7.8200000e-01   1.7089310e+03   1.2054306e+02
   1.7093330e+03   7.1600000e-01   1.7096410e+03   1.1899353e+02
   1.7100510e+03   7.1800000e-01   1.7103610e+03   1.1545501e+02
   1.7107760e+03   7.2500000e-01   1.7110710e+03   1.1756760e+02
   1.7115140e+03   7.3800000e-01   1.7118110e+03   1.1499496e+02
   1.7122600e+03   7.4600000e-01   1.7125610e+03   1.1519638e+02
   1.7130090e+03   7.4900000e-01   1.7133010e+03   1.1442276e+02
   1.7137560e+03   7.4700000e-01   1.7140510e+03   1.1506134e+02
   1.7144750e+03   7.1900000e-01   1.7147710e+03   1.1402908e+02
   1.7151640e+03   6.8900000e-01   1.7154610e+03   1.1407485e+02
   1.7158600e+03   6.9600000e-01   1.7161610e+03   1.1269241e+02
   1.7166030e+03   7.4400000e-01   1.7169010e+03   1.1358047e+02
   1.7173860e+03   7.8300000e-01   1.7176710e+03   1.1538864e+02
   1.7182260e+03   8.4000000e-01   1.7185110e+03   1.1478210e+02
   1.7190810e+03   8.5500000e-01   1.7193810e+03   1.1225524e+02
   1.7199010e+03   8.2000000e-01   1.7202010e+03   1.1250243e+02
   1.7207740e+03   8.7300000e-01   1.7210710e+03   1.1360107e+02
   1.7216200e+03   8.4600000e-01   1.7219110e+03   1.1233306e+02
   1.7224340e+03   8.1500000e-01   1.7227410e+03   1.1094146e+02
   1.7232470e+03   8.1200000e-01   1.7235410e+03   1.1369262e+02
   1.7241030e+03   8.5600000e-01   1.7243910e+03   1.1451202e+02
   1.7250190e+03   9.1700000e-01   1.7253110e+03   1.1418701e+02
   1.7259200e+03   9.0100000e-01   1.7262210e+03   1.1264663e+02
   1.7267870e+03   8.6700000e-01   1.7270810e+03   1.1562439e+02
   1.7277200e+03   9.3300000e-01   1.7280110e+03   1.1492859e+02
   1.7286620e+03   9.4200000e-01   1.7289610e+03   1.1328750e+02
   1.7295480e+03   8.8600000e-01   1.7298510e+03   1.1444564e+02
   1.7304880e+03   9.4000000e-01   1.7307810e+03   1.1607300e+02
   1.7314770e+03   9.8900000e-01   1.7317710e+03   1.1509567e+02
   1.7324580e+03   9.8100000e-01   1.7327610e+03   1.1241088e+02
   1.7334060e+03   9.4800000e-01   1.7337010e+03   1.1465850e+02
   1.7343830e+03   9.7700000e-01   1.7346810e+03   1.1379333e+02
   1.7353510e+03   9.6700000e-01   1.7356510e+03   1.1087279e+02
   1.7362560e+03   9.0500000e-01   1.7365510e+03   1.1309753e+02
   1.7371830e+03   9.2800000e-01   1.7374810e+03   1.1484848e+02
   1.7381540e+03   9.7100000e-01   1.7384510e+03   1.1509567e+02
   1.7391090e+03   9.5500000e-01   1.7394110e+03   1.1331039e+02
   1.7400060e+03   8.9700000e-01   1.7403110e+03   1.1545501e+02
   1.7409230e+03   9.1700000e-01   1.7412210e+03   1.1708466e+02
   1.7418900e+03   9.6700000e-01   1.7421910e+03   1.1722885e+02
   1.7428130e+03   9.2300000e-01   1.7431210e+03   1.1639801e+02
   1.7437370e+03   9.2400000e-01   1.7440310e+03   1.1910568e+02
   1.7447080e+03   9.7200000e-01   1.7450110e+03   1.1902786e+02
   1.7456300e+03   9.2200000e-01   1.7459410e+03   1.1712814e+02
   1.7465480e+03   9.1800000e-01   1.7468410e+03   1.1957718e+02
   1.7475060e+03   9.5800000e-01   1.7478010e+03   1.2031876e+02
   1.7485050e+03   9.9900000e-01   1.7488110e+03   1.1855637e+02
   1.7494290e+03   9.2400000e-01   1.7497310e+03   1.1893631e+02
   1.7503920e+03   9.6400000e-01   1.7506910e+03   1.2021805e+02
   1.7513560e+03   9.6400000e-01   1.7516610e+03   1.1699310e+02
   1.7522540e+03   8.9700000e-01   1.7525510e+03   1.1819473e+02
   1.7531830e+03   9.2900000e-01   1.7534810e+03   1.1872345e+02
   1.7541680e+03   9.8500000e-01   1.7544710e+03   1.1857697e+02
   1.7551560e+03   9.8800000e-01   1.7554610e+03   1.1666809e+02
   1.7561510e+03   9.9500000e-01   1.7564510e+03   1.1861130e+02
   1.7571650e+03   1.0140000e+00   1.7574710e+03   1.1797043e+02
   1.7581570e+03   9.9200000e-01   1.7584710e+03   1.1570221e+02
   1.7591060e+03   9.4900000e-01   1.7594110e+03   1.1801621e+02
   1.7600790e+03   9.7300000e-01   1.7603810e+03   1.1792694e+02
   1.7610510e+03   9.7200000e-01   1.7613610e+03   1.1472488e+02
   1.7619640e+03   9.1300000e-01   1.7622610e+03   1.1645523e+02
   1.7628980e+03   9.3400000e-01   1.7632010e+03   1.1807343e+02
   1.7638560e+03   9.5800000e-01   1.7641610e+03   1.1645523e+02
   1.7647750e+03   9.1900000e-01   1.7650810e+03   1.1713959e+02
   1.7657080e+03   9.3300000e-01   1.7660110e+03   1.1879212e+02
   1.7666620e+03   9.5500000e-01   1.7669610e+03   1.1856552e+02
   1.7676240e+03   9.6200000e-01   1.7679310e+03   1.1703888e+02
   1.7685410e+03   9.1700000e-01   1.7688410e+03   1.1874634e+02
   1.7694910e+03   9.5000000e-01   1.7697910e+03   1.1884705e+02
   1.7704560e+03   9.6500000e-01   1.7707610e+03   1.1645523e+02
   1.7713990e+03   9.4200000e-01   1.7717010e+03   1.1866852e+02
   1.7723700e+03   9.7100000e-01   1.7726710e+03   1.2002579e+02
   1.7732850e+03   9.1500000e-01   1.7735910e+03   1.1795898e+02
   1.7741910e+03   9.0600000e-01   1.7744910e+03   1.1839844e+02
   1.7751340e+03   9.4300000e-01   1.7754410e+03   1.2009446e+02
   1.7760660e+03   9.3200000e-01   1.7763710e+03   1.1715103e+02
   1.7769840e+03   9.1800000e-01   1.7772810e+03   1.1865708e+02
   1.7779320e+03   9.4800000e-01   1.7782310e+03   1.1844193e+02
   1.7788740e+03   9.4200000e-01   1.7791810e+03   1.1648956e+02
   1.7797690e+03   8.9500000e-01   1.7800810e+03   1.1527649e+02
   1.7806300e+03   8.6100000e-01   1.7809310e+03   1.1810547e+02
   1.7815440e+03   9.1300000e-01   1.7818410e+03   1.1862274e+02
   1.7825030e+03   9.5900000e-01   1.7828010e+03   1.1762253e+02
   1.7834560e+03   9.5300000e-01   1.7837610e+03   1.1802765e+02
   1.7844090e+03   9.5300000e-01   1.7847110e+03   1.1784683e+02
   1.7853140e+03   9.0500000e-01   1.7856110e+03   1.1679169e+02
   1.7861780e+03   8.6400000e-01   1.7864910e+03   1.1397186e+02
   1.7869840e+03   8.0600000e-01   1.7872810e+03   1.1719681e+02
   1.7877270e+03   7.4300000e-01   1.7880310e+03   1.1914002e+02
   1.7884500e+03   7.2400000e-01   1.7887510e+03   1.1829773e+02
   1.7891680e+03   7.1800000e-01   1.7894710e+03   1.2286851e+02
   1.7901510e+03   9.8200000e-01   1.7904410e+03   1.2185685e+02
   1.7910700e+03   9.2000000e-01   1.7913710e+03   1.1941925e+02
   1.7919330e+03   8.6300000e-01   1.7922310e+03   1.2183396e+02
   1.7928700e+03   9.3700000e-01   1.7931710e+03   1.2041947e+02
   1.7937960e+03   9.2700000e-01   1.7941010e+03   1.1679169e+02
   1.7947090e+03   9.1200000e-01   1.7950110e+03   1.1774612e+02
   1.7956310e+03   9.2200000e-01   1.7959310e+03   1.1765686e+02
   1.7965150e+03   8.8400000e-01   1.7968210e+03   1.1642090e+02
   1.7973650e+03   8.5100000e-01   1.7976710e+03   1.1593796e+02
   1.7981880e+03   8.2300000e-01   1.7984910e+03   1.1828629e+02
   1.7990300e+03   8.4100000e-01   1.7993310e+03   1.1909424e+02
   1.7999090e+03   8.8000000e-01   1.8002110e+03   1.1794983e+02
   1.8007220e+03   8.1300000e-01   1.8010210e+03   1.2024094e+02
   1.8015810e+03   8.5900000e-01   1.8018710e+03   1.2230546e+02
   1.8026000e+03   1.0190000e+00   1.8028910e+03   1.2140824e+02
   1.8035520e+03   9.5200000e-01   1.8038610e+03   1.1907135e+02
   1.8044520e+03   9.0100000e-01   1.8047510e+03   1.2163254e+02
   1.8054260e+03   9.7400000e-01   1.8057210e+03   1.1995941e+02
   1.8063730e+03   9.4700000e-01   1.8066810e+03   1.1644379e+02
   1.8072440e+03   8.7100000e-01   1.8075410e+03   1.1792694e+02
   1.8081400e+03   8.9500000e-01   1.8084410e+03   1.1838699e+02
   1.8090570e+03   9.1800000e-01   1.8093610e+03   1.1686951e+02
   1.8099450e+03   8.8800000e-01   1.8102410e+03   1.1776901e+02
   1.8108770e+03   9.3200000e-01   1.8111710e+03   1.1721970e+02
   1.8118310e+03   9.5400000e-01   1.8121310e+03   1.1609588e+02
   1.8127670e+03   9.3600000e-01   1.8130710e+03   1.1401763e+02
   1.8137200e+03   9.5300000e-01   1.8140210e+03   1.1424194e+02
   1.8146900e+03   9.7000000e-01   1.8149910e+03   1.1278167e+02
   1.8156350e+03   9.4500000e-01   1.8159410e+03   1.0945830e+02
   1.8165350e+03   9.0000000e-01   1.8168310e+03   1.1139007e+02
   1.8174590e+03   9.2400000e-01   1.8177610e+03   1.1161437e+02
   1.8184080e+03   9.4900000e-01   1.8187110e+03   1.1041274e+02
   1.8193160e+03   9.0800000e-01   1.8196110e+03   1.1179290e+02
   1.8202640e+03   9.4800000e-01   1.8205610e+03   1.1285034e+02
   1.8212570e+03   9.9200000e-01   1.8215610e+03   1.1295104e+02
   1.8222040e+03   9.4700000e-01   1.8225010e+03   1.1326461e+02
   1.8231780e+03   9.7400000e-01   1.8234810e+03   1.1437698e+02
   1.8241550e+03   9.7700000e-01   1.8244610e+03   1.1152511e+02
   1.8251020e+03   9.4700000e-01   1.8254010e+03   1.1256881e+02
   1.8260580e+03   9.5600000e-01   1.8263610e+03   1.1204009e+02
   1.8270230e+03   9.6500000e-01   1.8273310e+03   1.0995269e+02
   1.8279480e+03   9.2500000e-01   1.8282510e+03   1.1209731e+02
   1.8289160e+03   9.6800000e-01   1.8292110e+03   1.1311813e+02
   1.8298980e+03   9.8100000e-01   1.8302010e+03   1.1161437e+02
   1.8308310e+03   9.3300000e-01   1.8311310e+03   1.1246810e+02
   1.8318050e+03   9.7400000e-01   1.8321010e+03   1.1320968e+02
   1.8327810e+03   9.7600000e-01   1.8330910e+03   1.1088424e+02
   1.8337250e+03   9.4400000e-01   1.8340310e+03   1.1228729e+02
   1.8347090e+03   9.8500000e-01   1.8350110e+03   1.1308608e+02
   1.8357200e+03   1.0100000e+00   1.8360210e+03   1.1108565e+02
   1.8366840e+03   9.6400000e-01   1.8369910e+03   1.1053634e+02
   1.8376500e+03   9.6600000e-01   1.8379510e+03   1.1293960e+02
   1.8386550e+03   1.0050000e+00   1.8389610e+03   1.1292816e+02
   1.8396860e+03   1.0310000e+00   1.8399910e+03   1.1103072e+02
   1.8406460e+03   9.6000000e-01   1.8409510e+03   1.1298538e+02
   1.8416150e+03   9.7000000e-01   1.8419210e+03   1.1483703e+02
   1.8426150e+03   1.0000000e+00   1.8429210e+03   1.1477066e+02
   1.8436030e+03   9.8700000e-01   1.8439110e+03   1.1305175e+02
   1.8445460e+03   9.4400000e-01   1.8448510e+03   1.1504074e+02
   1.8455290e+03   9.8300000e-01   1.8458310e+03   1.1547790e+02
   1.8464810e+03   9.5200000e-01   1.8467910e+03   1.1355758e+02
   1.8473820e+03   9.0100000e-01   1.8476810e+03   1.1579147e+02
   1.8484010e+03   1.0190000e+00   1.8487010e+03   1.1771179e+02
   1.8494180e+03   1.0170000e+00   1.8497210e+03   1.1648956e+02
   1.8503460e+03   9.2800000e-01   1.8506510e+03   1.1540008e+02
   1.8512420e+03   8.9600000e-01   1.8515410e+03   1.1756760e+02
   1.8522130e+03   9.7100000e-01   1.8525110e+03   1.1737534e+02
   1.8531870e+03   9.7300000e-01   1.8534910e+03   1.1586014e+02
   1.8541060e+03   9.1900000e-01   1.8544010e+03   1.1739822e+02
   1.8550550e+03   9.4900000e-01   1.8553510e+03   1.1818558e+02
   1.8559840e+03   9.2900000e-01   1.8562910e+03   1.1565643e+02
   1.8568890e+03   9.0500000e-01   1.8571910e+03   1.1756760e+02
   1.8578510e+03   9.6300000e-01   1.8581510e+03   1.1897064e+02
   1.8588200e+03   9.6800000e-01   1.8591210e+03   1.1599518e+02
   1.8597290e+03   9.0900000e-01   1.8600310e+03   1.1810547e+02
   1.8606700e+03   9.4200000e-01   1.8609710e+03   1.1831833e+02
   1.8615790e+03   9.0900000e-01   1.8618810e+03   1.1600662e+02
   1.8624810e+03   9.0200000e-01   1.8627810e+03   1.1805054e+02
   1.8633790e+03   8.9800000e-01   1.8636800e+03   1.1774612e+02
   1.8642070e+03   8.2800000e-01   1.8645010e+03   1.1795898e+02
   1.8650740e+03   8.6700000e-01   1.8653710e+03   1.1654449e+02
   1.8659390e+03   8.6500000e-01   1.8662410e+03   1.1720825e+02
   1.8668500e+03   9.1100000e-01   1.8671410e+03   1.1811691e+02
   1.8677690e+03   9.1900000e-01   1.8680710e+03   1.1693817e+02
   1.8686640e+03   8.9500000e-01   1.8689710e+03   1.1478210e+02
   1.8695460e+03   8.8200000e-01   1.8698410e+03   1.1713959e+02
   1.8704530e+03   9.0700000e-01   1.8707510e+03   1.1696106e+02
   1.8713410e+03   8.8800000e-01   1.8716410e+03   1.1583725e+02
   1.8721510e+03   8.1100000e-01   1.8724510e+03   1.1640945e+02
   1.8729230e+03   7.7200000e-01   1.8732210e+03   1.1606155e+02
   1.8736890e+03   7.6500000e-01   1.8739910e+03   1.1582580e+02
   1.8744770e+03   7.8800000e-01   1.8747710e+03   1.1839844e+02
   1.8754010e+03   9.2500000e-01   1.8756910e+03   1.1849915e+02
   1.8763670e+03   9.6600000e-01   1.8766610e+03   1.1721970e+02
   1.8772870e+03   9.2000000e-01   1.8775910e+03   1.1488281e+02
   1.8781690e+03   8.8100000e-01   1.8784610e+03   1.1722885e+02
   1.8790910e+03   9.2200000e-01   1.8793910e+03   1.1675735e+02
   1.8800250e+03   9.3400000e-01   1.8803310e+03   1.1429916e+02
   1.8809170e+03   8.9200000e-01   1.8812210e+03   1.1630874e+02
   1.8818360e+03   9.1900000e-01   1.8821310e+03   1.1700455e+02
   1.8828330e+03   9.9600000e-01   1.8831310e+03   1.1652160e+02
   1.8837770e+03   9.4500000e-01   1.8840810e+03   1.1473632e+02
   1.8846940e+03   9.1700000e-01   1.8849910e+03   1.1659027e+02
   1.8856440e+03   9.5000000e-01   1.8859410e+03   1.1667953e+02
   1.8866010e+03   9.5700000e-01   1.8869010e+03   1.1442276e+02
   1.8874800e+03   8.7900000e-01   1.8877810e+03   1.1667953e+02
   1.8884000e+03   9.2000000e-01   1.8886910e+03   1.1763397e+02
   1.8894350e+03   1.0350000e+00   1.8897310e+03   1.1694961e+02
   1.8903720e+03   9.3700000e-01   1.8906810e+03   1.1617370e+02
   1.8913160e+03   9.4400000e-01   1.8916110e+03   1.1891571e+02
   1.8923130e+03   9.9700000e-01   1.8926110e+03   1.1836411e+02
   1.8932990e+03   9.8600000e-01   1.8936010e+03   1.1598373e+02
   1.8942690e+03   9.7000000e-01   1.8945710e+03   1.1743256e+02
   1.8952630e+03   9.9400000e-01   1.8955610e+03   1.1735245e+02
   1.8962600e+03   9.9700000e-01   1.8965610e+03   1.1580292e+02
   1.8971960e+03   9.3500000e-01   1.8975010e+03   1.1686951e+02
   1.8981750e+03   9.7900000e-01   1.8984710e+03   1.1843277e+02
   1.8991490e+03   9.7400000e-01   1.8994510e+03   1.1597229e+02
