   1.5620000e+00   8.2400000e-01   1.8920000e+00   8.8347188e+01
   2.5250000e+00   9.6300000e-01   2.8520000e+00   8.8377671e+01
   3.6240000e+00   1.0990000e+00   3.9590000e+00   8.3556258e+01
   4.5510000e+00   9.2700000e-01   4.8860000e+00   8.2854130e+01
   5.4280000e+00   8.7700000e-01   5.7740000e+00   8.4868048e+01
   6.3530000e+00   9.2400000e-01   6.6810000e+00   8.1908137e+01
   7.3240000e+00   9.7100000e-01   7.6540000e+00   8.1053594e+01
   8.2150000e+00   8.9100000e-01   8.5470000e+00   8.1084077e+01
   9.0330000e+00   8.1800000e-01   9.3610000e+00   8.4043988e+01
   9.9090000e+00   8.7700000e-01   1.0272000e+01   8.3250411e+01
   1.0881000e+01   9.7200000e-01   1.1211000e+01   8.5326311e+01
   1.1926000e+01   1.0440000e+00   1.2270000e+01   8.3250411e+01
   1.2848000e+01   9.2300000e-01   1.3186000e+01   7.9557889e+01
   1.3678000e+01   8.2900000e-01   1.4032000e+01   8.0686781e+01
   1.4560000e+01   8.8300000e-01   1.4898000e+01   8.0351466e+01
   1.5553000e+01   9.9200000e-01   1.5888000e+01   7.9924703e+01
   1.6506000e+01   9.5400000e-01   1.6860000e+01   7.8398515e+01
   1.7322000e+01   8.1600000e-01   1.7650000e+01   8.0351466e+01
   1.8189000e+01   8.6700000e-01   1.8528000e+01   8.2854130e+01
   1.9133000e+01   9.4400000e-01   1.9447000e+01   8.2793164e+01
   2.0130000e+01   9.9700000e-01   2.0480000e+01   8.0229534e+01
   2.1147000e+01   1.0170000e+00   2.1480000e+01   7.9833253e+01
   2.2005000e+01   8.5800000e-01   2.2340000e+01   7.9955186e+01
   2.2805000e+01   8.0000000e-01   2.3138000e+01   8.3158961e+01
   2.3657000e+01   8.5200000e-01   2.3974000e+01   8.4410801e+01
   2.4573000e+01   9.1600000e-01   2.4878000e+01   8.4807082e+01
   2.5543000e+01   9.7000000e-01   2.5866000e+01   8.3158961e+01
   2.6425000e+01   8.8300000e-01   2.6754000e+01   8.3097995e+01
   2.7278000e+01   8.5200000e-01   2.7610000e+01   8.1999587e+01
   2.8233000e+01   9.5600000e-01   2.8555000e+01   8.4013505e+01
   2.9226000e+01   9.9200000e-01   2.9546000e+01   8.1938621e+01
   3.0105000e+01   8.8000000e-01   3.0467000e+01   7.7604937e+01
   3.0916000e+01   8.1100000e-01   3.1274000e+01   7.8794795e+01
   3.1762000e+01   8.4500000e-01   3.2097000e+01   8.1480358e+01
   3.2690000e+01   9.2800000e-01   3.3028000e+01   8.1084077e+01
   3.3678000e+01   9.8800000e-01   3.3997000e+01   8.1786205e+01
   3.4622000e+01   9.4400000e-01   3.4964000e+01   7.9161609e+01
   3.5438000e+01   8.1600000e-01   3.5765000e+01   8.1510841e+01
   3.6288000e+01   8.4900000e-01   3.6627000e+01   8.1571807e+01
   3.7195000e+01   9.0700000e-01   3.7546000e+01   8.2762681e+01
   3.8132000e+01   9.3700000e-01   3.8464000e+01   8.1084077e+01
   3.8986000e+01   8.5400000e-01   3.9332000e+01   7.9955186e+01
   3.9862000e+01   8.7700000e-01   4.0193000e+01   8.0718280e+01
   4.0811000e+01   9.4900000e-01   4.1124000e+01   8.1571807e+01
   4.1764000e+01   9.5300000e-01   4.2110000e+01   8.1571807e+01
   4.2672000e+01   9.0800000e-01   4.3013000e+01   8.0320983e+01
   4.3508000e+01   8.3600000e-01   4.3832000e+01   8.1908137e+01
   4.4409000e+01   9.0100000e-01   4.4733000e+01   8.4043988e+01
   4.5377000e+01   9.6800000e-01   4.5692000e+01   8.3617224e+01
   4.6330000e+01   9.5300000e-01   4.6672000e+01   7.9527406e+01
   4.7167000e+01   8.3700000e-01   4.7493000e+01   8.3647707e+01
   4.8059000e+01   8.9200000e-01   4.8392000e+01   8.3556258e+01
   4.9020000e+01   9.6100000e-01   4.9326000e+01   8.4807082e+01
   4.9947000e+01   9.2800000e-01   5.0291000e+01   8.0260017e+01
   5.0777000e+01   8.3000000e-01   5.1134000e+01   8.2762681e+01
   5.1613000e+01   8.3600000e-01   5.1945000e+01   8.4043988e+01
   5.2505000e+01   8.9200000e-01   5.2864000e+01   8.4043988e+01
   5.3420000e+01   9.1500000e-01   5.3771000e+01   8.2823647e+01
   5.4259000e+01   8.3900000e-01   5.4611000e+01   8.1114560e+01
   5.5111000e+01   8.5200000e-01   5.5464000e+01   8.3617224e+01
   5.6072000e+01   9.6100000e-01   5.6404000e+01   8.1602290e+01
   5.7063000e+01   9.9100000e-01   5.7382000e+01   7.9557889e+01
   5.7927000e+01   8.6400000e-01   5.8289000e+01   7.9222575e+01
   5.8774000e+01   8.4700000e-01   5.9091000e+01   7.9985669e+01
   5.9642000e+01   8.6700000e-01   5.9983000e+01   7.8764312e+01
   6.0508000e+01   8.6600000e-01   6.0835000e+01   7.9527406e+01
   6.1328000e+01   8.2100000e-01   6.1659000e+01   8.1908137e+01
   6.2191000e+01   8.6300000e-01   6.2543000e+01   8.4807082e+01
   6.3121000e+01   9.2900000e-01   6.3450000e+01   8.2334901e+01
   6.4041000e+01   9.2100000e-01   6.4383000e+01   8.0016152e+01
   6.4869000e+01   8.2800000e-01   6.5225000e+01   8.0351466e+01
   6.5715000e+01   8.4600000e-01   6.6042000e+01   8.3189445e+01
   6.6641000e+01   9.2700000e-01   6.6990000e+01   8.0351466e+01
   6.7576000e+01   9.3500000e-01   6.7938000e+01   7.6841843e+01
   6.8404000e+01   8.2800000e-01   6.8728000e+01   7.1287819e+01
   6.9254000e+01   8.5000000e-01   6.9578000e+01   6.8419358e+01
   7.0144000e+01   8.9000000e-01   7.0470000e+01   6.2926300e+01
   7.1063000e+01   9.1900000e-01   7.1388000e+01   6.1308663e+01
   7.1927000e+01   8.6400000e-01   7.2288000e+01   6.0545569e+01
   7.2829000e+01   9.0100000e-01   7.3144000e+01   6.2498520e+01
   7.3773000e+01   9.4500000e-01   7.4102000e+01   6.3383547e+01
   7.4699000e+01   9.2500000e-01   7.5040000e+01   6.3261614e+01
   7.5536000e+01   8.3700000e-01   7.5861000e+01   6.5428964e+01
   7.6437000e+01   9.0100000e-01   7.6766000e+01   6.8083027e+01
   7.7382000e+01   9.4500000e-01   7.7715000e+01   6.8052544e+01
   7.8301000e+01   9.1900000e-01   7.8640000e+01   6.7259983e+01
   7.9137000e+01   8.3600000e-01   7.9468000e+01   6.9731148e+01
   8.0016000e+01   8.7900000e-01   8.0346000e+01   7.1653617e+01
   8.1009000e+01   9.9300000e-01   8.1328000e+01   7.2477677e+01
   8.2010000e+01   1.0010000e+00   8.2340000e+01   7.0067478e+01
   8.2847000e+01   8.3700000e-01   8.3162000e+01   7.2477677e+01
   8.3701000e+01   8.5400000e-01   8.4025000e+01   7.5591019e+01
   8.4577000e+01   8.7600000e-01   8.4904000e+01   7.6078749e+01
   8.5474000e+01   8.9700000e-01   8.5828000e+01   7.6354113e+01
   8.6285000e+01   8.1200000e-01   8.6636000e+01   7.7635420e+01
   8.7094000e+01   8.0800000e-01   8.7445000e+01   7.9557889e+01
   8.7984000e+01   8.9000000e-01   8.8335000e+01   7.9496923e+01
   8.8914000e+01   9.3000000e-01   8.9264000e+01   7.9222575e+01
   8.9754000e+01   8.4000000e-01   9.0098000e+01   7.9161609e+01
   9.0577000e+01   8.2300000e-01   9.0903000e+01   7.9924703e+01
   9.1433000e+01   8.5600000e-01   9.1763000e+01   7.9618855e+01
   9.2298000e+01   8.6500000e-01   9.2647000e+01   7.5102273e+01
   9.3097000e+01   7.9900000e-01   9.3443000e+01   7.8032717e+01
   9.3881000e+01   7.8400000e-01   9.4203000e+01   7.9618855e+01
   9.4703000e+01   8.2200000e-01   9.5057000e+01   7.9496923e+01
   9.5546000e+01   8.4300000e-01   9.5885000e+01   8.0718280e+01
   9.6343000e+01   7.9700000e-01   9.6677000e+01   8.0290500e+01
   9.7113000e+01   7.7000000e-01   9.7451000e+01   8.2456834e+01
   9.7948000e+01   8.3500000e-01   9.8282000e+01   8.3586741e+01
   9.8817000e+01   8.6900000e-01   9.9152000e+01   8.0686781e+01
   9.9667000e+01   8.5000000e-01   9.9992000e+01   8.1510841e+01
   1.0045700e+02   7.9000000e-01   1.0078700e+02   8.1571807e+01
   1.0126300e+02   8.0600000e-01   1.0157000e+02   8.3617224e+01
   1.0209300e+02   8.2900000e-01   1.0243100e+02   8.1419392e+01
   1.0291800e+02   8.2500000e-01   1.0326500e+02   7.9894220e+01
   1.0369700e+02   7.7900000e-01   1.0401300e+02   8.4013505e+01
   1.0447400e+02   7.7600000e-01   1.0482500e+02   8.2395867e+01
   1.0531700e+02   8.4300000e-01   1.0566200e+02   8.3158961e+01
   1.0623200e+02   9.1500000e-01   1.0656300e+02   8.3647707e+01
   1.0712300e+02   8.9100000e-01   1.0745200e+02   8.1938621e+01
   1.0792000e+02   7.9700000e-01   1.0826500e+02   8.3708674e+01
   1.0874800e+02   8.2800000e-01   1.0908400e+02   8.4441285e+01
   1.0959800e+02   8.5000000e-01   1.0993000e+02   8.3219928e+01
   1.1045400e+02   8.5600000e-01   1.1080500e+02   8.1114560e+01
   1.1123000e+02   7.7600000e-01   1.1156800e+02   8.3189445e+01
   1.1198500e+02   7.5500000e-01   1.1231900e+02   8.6394236e+01
   1.1280200e+02   8.1700000e-01   1.1317100e+02   8.0290500e+01
   1.1369100e+02   8.8900000e-01   1.1402400e+02   8.6485686e+01
   1.1465600e+02   9.6500000e-01   1.1498800e+02   8.3952539e+01
   1.1564600e+02   9.8900000e-01   1.1598200e+02   8.4837565e+01
   1.1660000e+02   9.5400000e-01   1.1694900e+02   7.9985669e+01
   1.1751300e+02   9.1300000e-01   1.1782900e+02   8.1510841e+01
   1.1836300e+02   8.5000000e-01   1.1870500e+02   8.2854130e+01
   1.1917400e+02   8.1200000e-01   1.1952600e+02   8.4868048e+01
   1.2002900e+02   8.5500000e-01   1.2036900e+02   8.7981391e+01
   1.2101600e+02   9.8700000e-01   1.2136200e+02   8.8347188e+01
   1.2203700e+02   1.0210000e+00   1.2237100e+02   8.9598012e+01
   1.2302200e+02   9.8400000e-01   1.2333700e+02   8.7126847e+01
   1.2401900e+02   9.9800000e-01   1.2436000e+02   8.6424719e+01
   1.2488800e+02   8.6900000e-01   1.2525100e+02   8.3617224e+01
   1.2569700e+02   8.0800000e-01   1.2605900e+02   8.6760034e+01
   1.2651300e+02   8.1700000e-01   1.2684100e+02   8.9995309e+01
   1.2740000e+02   8.8700000e-01   1.2774700e+02   9.0788886e+01
   1.2842900e+02   1.0290000e+00   1.2877800e+02   8.5172879e+01
   1.2937600e+02   9.4700000e-01   1.2972700e+02   8.7187813e+01
   1.3020300e+02   8.2700000e-01   1.3054500e+02   8.7187813e+01
   1.3102800e+02   8.2500000e-01   1.3137000e+02   8.7157330e+01
   1.3192400e+02   8.9700000e-01   1.3225900e+02   8.9628495e+01
   1.3290400e+02   9.7900000e-01   1.3324900e+02   8.8011874e+01
   1.3383300e+02   9.2900000e-01   1.3416500e+02   8.4441285e+01
   1.3473100e+02   8.9800000e-01   1.3508600e+02   8.1541324e+01
   1.3557100e+02   8.4100000e-01   1.3594500e+02   7.6384597e+01
   1.3636400e+02   7.9300000e-01   1.3668500e+02   8.4043988e+01
   1.3723400e+02   8.7000000e-01   1.3755200e+02   8.5539693e+01
   1.3820000e+02   9.6600000e-01   1.3854600e+02   7.9618855e+01
   1.3916200e+02   9.6200000e-01   1.3948600e+02   8.1541324e+01
   1.4000200e+02   8.4000000e-01   1.4034800e+02   7.9985669e+01
   1.4083600e+02   8.3400000e-01   1.4117800e+02   8.2762681e+01
   1.4177300e+02   9.3700000e-01   1.4212600e+02   8.2823647e+01
   1.4274500e+02   9.7200000e-01   1.4307500e+02   8.1938621e+01
   1.4358600e+02   8.4000000e-01   1.4392500e+02   8.3678191e+01
   1.4446900e+02   8.8300000e-01   1.4480500e+02   8.0779246e+01
   1.4544700e+02   9.7900000e-01   1.4576600e+02   8.1571807e+01
   1.4647400e+02   1.0260000e+00   1.4679400e+02   7.8794795e+01
   1.4746100e+02   9.8700000e-01   1.4783500e+02   7.4400146e+01
   1.4830900e+02   8.4800000e-01   1.4864700e+02   7.7239140e+01
   1.4913600e+02   8.2700000e-01   1.4947600e+02   8.0351466e+01
   1.5004100e+02   9.0500000e-01   1.5038500e+02   8.1877654e+01
   1.5106300e+02   1.0220000e+00   1.5140600e+02   8.3097995e+01
   1.5205100e+02   9.8800000e-01   1.5240600e+02   8.1419392e+01
   1.5292300e+02   8.7200000e-01   1.5327300e+02   8.0656297e+01
   1.5377700e+02   8.5400000e-01   1.5410600e+02   8.5966457e+01
   1.5469600e+02   9.1900000e-01   1.5503200e+02   8.6057906e+01
   1.5568900e+02   9.9300000e-01   1.5601800e+02   8.5996940e+01
   1.5661900e+02   9.3000000e-01   1.5695400e+02   8.4074471e+01
   1.5744000e+02   8.2100000e-01   1.5775400e+02   8.6424719e+01
   1.5829100e+02   8.5100000e-01   1.5863700e+02   8.7187813e+01
   1.5918000e+02   8.8900000e-01   1.5953200e+02   8.6088389e+01
   1.6007700e+02   8.9700000e-01   1.6041000e+02   8.7492645e+01
   1.6089900e+02   8.2200000e-01   1.6124700e+02   8.8866417e+01
   1.6173300e+02   8.3400000e-01   1.6206000e+02   8.8743469e+01
   1.6265200e+02   9.1800000e-01   1.6299800e+02   8.7492645e+01
   1.6364400e+02   9.9300000e-01   1.6397100e+02   8.7096364e+01
   1.6456500e+02   9.2100000e-01   1.6489100e+02   8.5570176e+01
   1.6538700e+02   8.2200000e-01   1.6572900e+02   8.6333270e+01
   1.6625000e+02   8.6300000e-01   1.6658000e+02   8.6424719e+01
   1.6715000e+02   9.0000000e-01   1.6746900e+02   8.6394236e+01
   1.6800600e+02   8.5600000e-01   1.6835600e+02   8.5326311e+01
   1.6879800e+02   7.9200000e-01   1.6917200e+02   8.6424719e+01
   1.6963100e+02   8.3400000e-01   1.6993900e+02   8.6790517e+01
   1.7052700e+02   8.9500000e-01   1.7085200e+02   8.6088389e+01
   1.7141600e+02   8.8900000e-01   1.7177300e+02   8.0290500e+01
   1.7223700e+02   8.2100000e-01   1.7258000e+02   8.2426351e+01
   1.7309900e+02   8.6200000e-01   1.7344200e+02   8.5722592e+01
   1.7403300e+02   9.3400000e-01   1.7435900e+02   8.2426351e+01
   1.7498700e+02   9.5400000e-01   1.7532800e+02   7.9496923e+01
   1.7582600e+02   8.3900000e-01   1.7617800e+02   8.1053594e+01
   1.7666000e+02   8.3400000e-01   1.7700000e+02   8.3280894e+01
   1.7753200e+02   8.7200000e-01   1.7784000e+02   8.3678191e+01
   1.7841700e+02   8.8500000e-01   1.7873500e+02   8.3647707e+01
   1.7925000e+02   8.3400000e-01   1.7956800e+02   8.4013505e+01
   1.8006600e+02   8.1600000e-01   1.8039700e+02   8.5631142e+01
   1.8094600e+02   8.8000000e-01   1.8129000e+02   8.5570176e+01
   1.8187000e+02   9.2500000e-01   1.8222200e+02   8.7187813e+01
   1.8278700e+02   9.1700000e-01   1.8313800e+02   8.6088389e+01
   1.8360700e+02   8.2000000e-01   1.8395500e+02   8.6455203e+01
   1.8444100e+02   8.3400000e-01   1.8477000e+02   8.7035398e+01
   1.8531500e+02   8.7400000e-01   1.8564000e+02   9.0086758e+01
   1.8619900e+02   8.8300000e-01   1.8655900e+02   8.6821000e+01
   1.8701200e+02   8.1300000e-01   1.8734300e+02   8.9293181e+01
   1.8782500e+02   8.1300000e-01   1.8815800e+02   8.7950908e+01
   1.8873800e+02   9.1300000e-01   1.8905900e+02   8.9201731e+01
   1.8970300e+02   9.6500000e-01   1.9001900e+02   8.9232215e+01
   1.9055100e+02   8.4700000e-01   1.9090000e+02   8.8866417e+01
   1.9138600e+02   8.3500000e-01   1.9172100e+02   8.7218297e+01
   1.9229900e+02   9.1400000e-01   1.9262600e+02   9.2437006e+01
   1.9320800e+02   9.0800000e-01   1.9353200e+02   9.0056275e+01
   1.9403900e+02   8.3100000e-01   1.9437700e+02   9.1246133e+01
   1.9488900e+02   8.5100000e-01   1.9525400e+02   8.8408154e+01
   1.9580000e+02   9.1100000e-01   1.9615700e+02   9.3229567e+01
   1.9669400e+02   8.9300000e-01   1.9702300e+02   9.1337582e+01
   1.9750400e+02   8.1000000e-01   1.9785600e+02   9.2375024e+01
   1.9833500e+02   8.3100000e-01   1.9866700e+02   9.3290534e+01
   1.9923000e+02   8.9500000e-01   1.9955700e+02   9.4389958e+01
   2.0014100e+02   9.1100000e-01   2.0046700e+02   8.8866417e+01
   2.0096400e+02   8.2300000e-01   2.0130000e+02   8.9751444e+01
   2.0179500e+02   8.3100000e-01   2.0214600e+02   9.2802804e+01
   2.0274300e+02   9.4800000e-01   2.0306400e+02   9.0086758e+01
   2.0374500e+02   1.0030000e+00   2.0405200e+02   9.3596381e+01
   2.0474100e+02   9.9600000e-01   2.0507500e+02   9.1185166e+01
   2.0569600e+02   9.5500000e-01   2.0605400e+02   8.7553611e+01
   2.0654200e+02   8.4600000e-01   2.0688400e+02   9.0025792e+01
   2.0737000e+02   8.2800000e-01   2.0769100e+02   9.0391589e+01
   2.0825000e+02   8.8000000e-01   2.0856000e+02   9.5214018e+01
   2.0924200e+02   9.9100000e-01   2.0956400e+02   9.5244502e+01
   2.1030400e+02   1.0630000e+00   2.1064300e+02   8.6851483e+01
   2.1120400e+02   9.0000000e-01   2.1153100e+02   9.1215649e+01
   2.1209000e+02   8.8600000e-01   2.1242000e+02   9.3260051e+01
   2.1306200e+02   9.7100000e-01   2.1336400e+02   9.2833287e+01
   2.1409200e+02   1.0310000e+00   2.1444100e+02   9.1276616e+01
   2.1516100e+02   1.0690000e+00   2.1551400e+02   8.5935973e+01
   2.1604400e+02   8.8300000e-01   2.1642100e+02   8.7614577e+01
   2.1689200e+02   8.4800000e-01   2.1725000e+02   8.4013505e+01
   2.1783800e+02   9.4600000e-01   2.1817000e+02   9.2375024e+01
   2.1891200e+02   1.0750000e+00   2.1926000e+02   9.2009227e+01
   2.1981400e+02   9.0200000e-01   2.2015800e+02   9.3199084e+01
   2.2066600e+02   8.5200000e-01   2.2099000e+02   9.4877688e+01
   2.2166500e+02   9.9900000e-01   2.2199200e+02   9.4359475e+01
   2.2272400e+02   1.0590000e+00   2.2305900e+02   8.9171248e+01
   2.2367600e+02   9.5200000e-01   2.2405200e+02   8.8835934e+01
   2.2455400e+02   8.7900000e-01   2.2489200e+02   8.8408154e+01
   2.2550400e+02   9.5000000e-01   2.2582000e+02   9.0819369e+01
   2.2650200e+02   9.9900000e-01   2.2683300e+02   8.9720961e+01
   2.2747000e+02   9.6800000e-01   2.2784200e+02   8.4043988e+01
   2.2836300e+02   8.9400000e-01   2.2870000e+02   8.5539693e+01
   2.2927100e+02   9.0700000e-01   2.2960200e+02   8.8835934e+01
   2.3022700e+02   9.5600000e-01   2.3054700e+02   9.0086758e+01
   2.3114900e+02   9.2200000e-01   2.3146900e+02   8.7584094e+01
   2.3198200e+02   8.3300000e-01   2.3233200e+02   8.8866417e+01
   2.3290500e+02   9.2300000e-01   2.3324900e+02   8.7614577e+01
   2.3394600e+02   1.0400000e+00   2.3427700e+02   8.2365384e+01
   2.3489000e+02   9.4400000e-01   2.3525600e+02   7.9527406e+01
   2.3572800e+02   8.3900000e-01   2.3607700e+02   8.1510841e+01
   2.3662400e+02   8.9600000e-01   2.3696000e+02   8.1084077e+01
   2.3759600e+02   9.7200000e-01   2.3793600e+02   8.2365384e+01
   2.3851900e+02   9.2300000e-01   2.3886700e+02   8.1023111e+01
   2.3936000e+02   8.4000000e-01   2.3969000e+02   8.3617224e+01
   2.4028600e+02   9.2700000e-01   2.4061900e+02   8.6027423e+01
   2.4126900e+02   9.8300000e-01   2.4161800e+02   8.5265345e+01
   2.4216400e+02   8.9500000e-01   2.4252600e+02   8.1084077e+01
   2.4299100e+02   8.2700000e-01   2.4332000e+02   8.1969104e+01
   2.4387600e+02   8.8500000e-01   2.4420900e+02   8.6057906e+01
   2.4481000e+02   9.3300000e-01   2.4516800e+02   8.6394236e+01
   2.4567100e+02   8.6100000e-01   2.4601600e+02   8.7126847e+01
   2.4650500e+02   8.3400000e-01   2.4683500e+02   9.0117241e+01
   2.4738300e+02   8.7800000e-01   2.4771900e+02   9.1337582e+01
   2.4828800e+02   9.0500000e-01   2.4864400e+02   9.0880335e+01
   2.4914100e+02   8.5200000e-01   2.4949700e+02   8.5631142e+01
   2.4996400e+02   8.2300000e-01   2.5030400e+02   8.8773952e+01
   2.5087800e+02   9.1400000e-01   2.5117400e+02   9.3535415e+01
   2.5182900e+02   9.5100000e-01   2.5216400e+02   9.2467490e+01
   2.5269600e+02   8.6700000e-01   2.5305500e+02   9.0880335e+01
   2.5353200e+02   8.3700000e-01   2.5386500e+02   9.3260051e+01
   2.5442900e+02   8.9700000e-01   2.5475500e+02   8.9598012e+01
   2.5538500e+02   9.5600000e-01   2.5572300e+02   8.8011874e+01
   2.5626000e+02   8.7500000e-01   2.5661800e+02   9.3322033e+01
   2.5711600e+02   8.5700000e-01   2.5745500e+02   9.5274985e+01
   2.5803800e+02   9.2200000e-01   2.5837500e+02   9.5274985e+01
   2.5903400e+02   9.9600000e-01   2.5936300e+02   9.1734879e+01
   2.5992100e+02   8.8700000e-01   2.6027500e+02   9.2405507e+01
   2.6080800e+02   8.8700000e-01   2.6116400e+02   9.4420441e+01
   2.6176600e+02   9.5900000e-01   2.6206300e+02   9.4053628e+01
   2.6271100e+02   9.4500000e-01   2.6305300e+02   9.3168601e+01
   2.6355000e+02   8.3900000e-01   2.6388800e+02   9.1612946e+01
   2.6447800e+02   9.2800000e-01   2.6480800e+02   9.2497973e+01
   2.6554900e+02   1.0710000e+00   2.6585000e+02   9.2009227e+01
   2.6647100e+02   9.2200000e-01   2.6683100e+02   8.5631142e+01
   2.6734600e+02   8.7500000e-01   2.6767000e+02   8.9628495e+01
   2.6829500e+02   9.4900000e-01   2.6864400e+02   8.5203363e+01
   2.6926500e+02   9.7000000e-01   2.6959000e+02   8.9598012e+01
   2.7011600e+02   8.5000000e-01   2.7047100e+02   8.6485686e+01
   2.7094300e+02   8.2800000e-01   2.7128200e+02   8.7096364e+01
   2.7181200e+02   8.6800000e-01   2.7217000e+02   9.2009227e+01
   2.7273500e+02   9.2300000e-01   2.7306000e+02   8.9598012e+01
   2.7360000e+02   8.6500000e-01   2.7396000e+02   9.2375024e+01
   2.7441600e+02   8.1600000e-01   2.7475000e+02   9.3992661e+01
   2.7531500e+02   8.9900000e-01   2.7567200e+02   9.2833287e+01
   2.7628700e+02   9.7100000e-01   2.7666000e+02   8.7096364e+01
   2.7714700e+02   8.6100000e-01   2.7749000e+02   9.0880335e+01
   2.7798300e+02   8.3500000e-01   2.7832200e+02   8.9201731e+01
   2.7887800e+02   8.9500000e-01   2.7918900e+02   9.2070193e+01
   2.7977600e+02   8.9800000e-01   2.8008900e+02   9.2161642e+01
   2.8059400e+02   8.1800000e-01   2.8093000e+02   9.2161642e+01
   2.8143300e+02   8.3900000e-01   2.8177800e+02   9.3962178e+01
   2.8235100e+02   9.1800000e-01   2.8264700e+02   9.4786239e+01
   2.8330500e+02   9.5400000e-01   2.8365900e+02   8.9598012e+01
   2.8414700e+02   8.4200000e-01   2.8447700e+02   9.4816722e+01
   2.8503000e+02   8.8300000e-01   2.8533700e+02   9.4816722e+01
   2.8601400e+02   9.8400000e-01   2.8635100e+02   8.5570176e+01
   2.8691600e+02   9.0200000e-01   2.8727700e+02   8.6088389e+01
   2.8777200e+02   8.5600000e-01   2.8811000e+02   9.5214018e+01
   2.8866300e+02   8.9100000e-01   2.8899000e+02   9.6525809e+01
   2.8965400e+02   9.9000000e-01   2.8996900e+02   9.6861123e+01
   2.9072400e+02   1.0710000e+00   2.9102600e+02   9.4786239e+01
   2.9173200e+02   1.0080000e+00   2.9206900e+02   9.1612946e+01
   2.9264700e+02   9.1500000e-01   2.9298200e+02   9.0849852e+01
   2.9348800e+02   8.4100000e-01   2.9381600e+02   9.2863770e+01
   2.9436600e+02   8.7700000e-01   2.9468900e+02   9.6068562e+01
   2.9534100e+02   9.7500000e-01   2.9565500e+02   9.4847205e+01
   2.9642000e+02   1.0790000e+00   2.9673400e+02   9.6923105e+01
   2.9738000e+02   9.6000000e-01   2.9771600e+02   9.3229567e+01
   2.9830500e+02   9.2500000e-01   2.9865400e+02   9.3962178e+01
   2.9926700e+02   9.6100000e-01   2.9956800e+02   9.5640782e+01
   3.0025300e+02   9.8600000e-01   3.0061400e+02   8.6057906e+01
   3.0125500e+02   1.0020000e+00   3.0156200e+02   9.1185166e+01
   3.0220000e+02   9.4400000e-01   3.0256400e+02   9.2802804e+01
   3.0314000e+02   9.4100000e-01   3.0347600e+02   9.4847205e+01
   3.0410100e+02   9.6000000e-01   3.0444400e+02   9.4786239e+01
   3.0503900e+02   9.3800000e-01   3.0537600e+02   8.9293181e+01
   3.0587800e+02   8.4000000e-01   3.0625600e+02   9.6160011e+01
   3.0673500e+02   8.5600000e-01   3.0706400e+02   9.6099045e+01
   3.0789600e+02   1.1610000e+00   3.0824500e+02   9.6556292e+01
   3.0898500e+02   1.0890000e+00   3.0932500e+02   9.0147724e+01
   3.0997600e+02   9.9100000e-01   3.1033400e+02   8.8316705e+01
   3.1089900e+02   9.2300000e-01   3.1125300e+02   9.2039710e+01
   3.1187200e+02   9.7300000e-01   3.1222000e+02   9.4450924e+01
   3.1284900e+02   9.7700000e-01   3.1318400e+02   9.2039710e+01
   3.1367000e+02   8.2200000e-01   3.1402400e+02   9.5701748e+01
   3.1446700e+02   7.9700000e-01   3.1483400e+02   9.3535415e+01
   3.1532900e+02   8.6200000e-01   3.1563300e+02   1.0037075e+02
   3.1642800e+02   1.0990000e+00   3.1674400e+02   9.6495325e+01
   3.1729700e+02   8.6900000e-01   3.1765400e+02   1.0079853e+02
   3.1824300e+02   9.4600000e-01   3.1858200e+02   9.9302821e+01
   3.1932500e+02   1.0820000e+00   3.1965000e+02   9.7197453e+01
   3.2028800e+02   9.6400000e-01   3.2064400e+02   8.7614577e+01
   3.2116600e+02   8.7800000e-01   3.2147500e+02   9.2039710e+01
   3.2211200e+02   9.4600000e-01   3.2247100e+02   9.2863770e+01
   3.2307100e+02   9.5900000e-01   3.2342600e+02   9.2131159e+01
   3.2398400e+02   9.1300000e-01   3.2432300e+02   8.6760034e+01
   3.2479600e+02   8.1200000e-01   3.2512300e+02   8.9232215e+01
   3.2559300e+02   7.9800000e-01   3.2593000e+02   9.0452555e+01
   3.2644000e+02   8.4700000e-01   3.2675900e+02   9.2039710e+01
   3.2731800e+02   8.7800000e-01   3.2764900e+02   8.6912449e+01
   3.2813300e+02   8.1500000e-01   3.2847200e+02   9.1704395e+01
   3.2900600e+02   8.7300000e-01   3.2933000e+02   9.1948260e+01
   3.3004200e+02   1.0360000e+00   3.3036900e+02   8.8804435e+01
   3.3111300e+02   1.0710000e+00   3.3147100e+02   8.4868048e+01
   3.3197600e+02   8.6300000e-01   3.3233100e+02   8.5631142e+01
   3.3286100e+02   8.8500000e-01   3.3318800e+02   8.9658978e+01
   3.3380300e+02   9.4200000e-01   3.3413400e+02   8.7187813e+01
   3.3477600e+02   9.7300000e-01   3.3513500e+02   8.7492645e+01
   3.3565800e+02   8.8200000e-01   3.3599000e+02   9.5274985e+01
   3.3661800e+02   9.6000000e-01   3.3695800e+02   9.4359475e+01
   3.3771400e+02   1.0960000e+00   3.3804800e+02   9.4389958e+01
   3.3865700e+02   9.4200000e-01   3.3900000e+02   9.1673912e+01
   3.3957500e+02   9.1800000e-01   3.3990800e+02   9.3657347e+01
   3.4059300e+02   1.0180000e+00   3.4088800e+02   9.7654700e+01
   3.4162500e+02   1.0320000e+00   3.4194700e+02   8.8377671e+01
   3.4254800e+02   9.2300000e-01   3.4288600e+02   9.4389958e+01
   3.4336200e+02   8.1400000e-01   3.4369600e+02   9.6099045e+01
   3.4419500e+02   8.3300000e-01   3.4452800e+02   1.0006591e+02
   3.4509300e+02   8.9800000e-01   3.4542800e+02   1.0330119e+02
   3.4604300e+02   9.5000000e-01   3.4637700e+02   9.5183535e+01
   3.4690400e+02   8.6100000e-01   3.4725800e+02   1.0204935e+02
   3.4782600e+02   9.2200000e-01   3.4816500e+02   9.9974465e+01
   3.4886400e+02   1.0380000e+00   3.4917700e+02   9.8906540e+01
   3.4978200e+02   9.1800000e-01   3.5015500e+02   8.7523128e+01
   3.5063800e+02   8.5600000e-01   3.5096700e+02   9.7288903e+01
   3.5156000e+02   9.2300000e-01   3.5187700e+02   9.7746149e+01
   3.5255600e+02   9.9500000e-01   3.5287100e+02   9.3992661e+01
   3.5343900e+02   8.8300000e-01   3.5378400e+02   9.0788886e+01
   3.5429200e+02   8.5300000e-01   3.5463700e+02   9.4053628e+01
   3.5526000e+02   9.6900000e-01   3.5558500e+02   9.5153052e+01
   3.5631700e+02   1.0560000e+00   3.5662400e+02   9.1154683e+01
   3.5718600e+02   8.6900000e-01   3.5756700e+02   8.9598012e+01
   3.5801800e+02   8.3200000e-01   3.5835500e+02   8.8438637e+01
   3.5892300e+02   9.0600000e-01   3.5926200e+02   9.0880335e+01
   3.5994700e+02   1.0230000e+00   3.6028300e+02   8.6851483e+01
   3.6083700e+02   8.9100000e-01   3.6116200e+02   8.8408154e+01
   3.6176000e+02   9.2300000e-01   3.6209600e+02   8.5996940e+01
   3.6291100e+02   1.1510000e+00   3.6325600e+02   8.6057906e+01
   3.6393200e+02   1.0200000e+00   3.6429300e+02   7.9924703e+01
   3.6485400e+02   9.2300000e-01   3.6517200e+02   8.2334901e+01
   3.6583900e+02   9.8500000e-01   3.6617200e+02   8.1114560e+01
   3.6682400e+02   9.8400000e-01   3.6715300e+02   8.3189445e+01
   3.6772900e+02   9.0500000e-01   3.6806200e+02   8.1114560e+01
   3.6861800e+02   8.8900000e-01   3.6892400e+02   8.6455203e+01
   3.6946900e+02   8.5100000e-01   3.6977300e+02   8.8804435e+01
   3.7038100e+02   9.1200000e-01   3.7072100e+02   9.0086758e+01
   3.7127200e+02   8.9100000e-01   3.7160000e+02   9.1276616e+01
   3.7215000e+02   8.7800000e-01   3.7248300e+02   9.3626864e+01
   3.7312000e+02   9.7000000e-01   3.7345000e+02   9.4389958e+01
   3.7415700e+02   1.0370000e+00   3.7447300e+02   9.2375024e+01
   3.7505800e+02   9.0100000e-01   3.7539000e+02   9.0452555e+01
   3.7597200e+02   9.1400000e-01   3.7630900e+02   8.8377671e+01
   3.7691700e+02   9.4500000e-01   3.7722400e+02   8.9323664e+01
   3.7783100e+02   9.1400000e-01   3.7817000e+02   8.7523128e+01
   3.7867300e+02   8.4100000e-01   3.7902300e+02   8.8866417e+01
   3.7957500e+02   9.0200000e-01   3.7990900e+02   9.2070193e+01
   3.8058300e+02   1.0080000e+00   3.8091100e+02   9.1307099e+01
   3.8148700e+02   9.0400000e-01   3.8183300e+02   8.8438637e+01
   3.8233400e+02   8.4700000e-01   3.8265800e+02   8.8743469e+01
   3.8323400e+02   9.0000000e-01   3.8356800e+02   8.8773952e+01
   3.8421400e+02   9.8100000e-01   3.8452700e+02   8.7920424e+01
   3.8509200e+02   8.7700000e-01   3.8543800e+02   8.6760034e+01
   3.8597400e+02   8.8200000e-01   3.8631100e+02   8.4807082e+01
   3.8705800e+02   1.0850000e+00   3.8738100e+02   8.1053594e+01
   3.8811100e+02   1.0530000e+00   3.8846800e+02   7.4827925e+01
   3.8900500e+02   8.9400000e-01   3.8934500e+02   7.4369662e+01
   3.8985300e+02   8.4800000e-01   3.9016900e+02   7.7604937e+01
   3.9075400e+02   9.0100000e-01   3.9108900e+02   7.8794795e+01
   3.9175200e+02   9.9800000e-01   3.9207100e+02   8.1938621e+01
   3.9276200e+02   1.0100000e+00   3.9308800e+02   7.9496923e+01
   3.9376900e+02   1.0070000e+00   3.9411100e+02   7.7635420e+01
   3.9465800e+02   8.8900000e-01   3.9499300e+02   8.0016152e+01
   3.9551400e+02   8.5600000e-01   3.9583600e+02   8.3617224e+01
   3.9645700e+02   9.4200000e-01   3.9676300e+02   8.5600659e+01
   3.9753100e+02   1.0750000e+00   3.9785900e+02   8.4807082e+01
   3.9859100e+02   1.0590000e+00   3.9894000e+02   8.7157330e+01
   3.9960100e+02   1.0100000e+00   3.9994900e+02   8.5570176e+01
   4.0050800e+02   9.0700000e-01   4.0086700e+02   8.2701715e+01
   4.0136800e+02   8.6100000e-01   4.0170300e+02   8.5203363e+01
   4.0235400e+02   9.8600000e-01   4.0265500e+02   8.8896900e+01
   4.0347100e+02   1.1180000e+00   4.0378700e+02   9.1978744e+01
   4.0455100e+02   1.0800000e+00   4.0489600e+02   8.6424719e+01
   4.0546400e+02   9.1300000e-01   4.0582000e+02   8.9293181e+01
   4.0635300e+02   8.8900000e-01   4.0666300e+02   9.2009227e+01
   4.0733000e+02   9.7700000e-01   4.0762700e+02   9.3931695e+01
   4.0841600e+02   1.0850000e+00   4.0877600e+02   9.2497973e+01
   4.0940800e+02   9.9200000e-01   4.0976400e+02   8.5600659e+01
   4.1028200e+02   8.7400000e-01   4.1066400e+02   9.0849852e+01
   4.1124100e+02   9.5900000e-01   4.1154500e+02   9.2833287e+01
   4.1227400e+02   1.0330000e+00   4.1259700e+02   9.0574488e+01
   4.1322900e+02   9.5500000e-01   4.1356500e+02   8.4471768e+01
   4.1406200e+02   8.3300000e-01   4.1442000e+02   8.7584094e+01
   4.1492000e+02   8.5800000e-01   4.1526500e+02   8.8408154e+01
   4.1587200e+02   9.5200000e-01   4.1619400e+02   9.3535415e+01
   4.1677700e+02   9.0500000e-01   4.1712400e+02   8.9201731e+01
   4.1759800e+02   8.2100000e-01   4.1793300e+02   9.1612946e+01
   4.1845200e+02   8.5400000e-01   4.1879300e+02   8.8743469e+01
   4.1940100e+02   9.5000000e-01   4.1971200e+02   9.2009227e+01
   4.2039700e+02   9.9600000e-01   4.2076500e+02   9.1673912e+01
   4.2126300e+02   8.6500000e-01   4.2160700e+02   8.8469121e+01
   4.2210800e+02   8.4500000e-01   4.2246300e+02   9.1276616e+01
   4.2301900e+02   9.1100000e-01   4.2334300e+02   9.0483039e+01
   4.2395600e+02   9.3700000e-01   4.2430000e+02   8.3250411e+01
   4.2479800e+02   8.4100000e-01   4.2514300e+02   8.6088389e+01
   4.2562300e+02   8.2500000e-01   4.2594900e+02   8.6821000e+01
   4.2651500e+02   8.9200000e-01   4.2685200e+02   8.6790517e+01
   4.2745400e+02   9.3900000e-01   4.2776800e+02   8.4898531e+01
   4.2830100e+02   8.4700000e-01   4.2866100e+02   8.5326311e+01
   4.2910600e+02   8.0500000e-01   4.2946200e+02   8.3280894e+01
   4.2995400e+02   8.4700000e-01   4.3028300e+02   8.4043988e+01
   4.3083900e+02   8.8600000e-01   4.3117000e+02   8.3617224e+01
   4.3168300e+02   8.4400000e-01   4.3205100e+02   8.5631142e+01
   4.3249100e+02   8.0800000e-01   4.3282300e+02   8.8469121e+01
   4.3337500e+02   8.8400000e-01   4.3370800e+02   8.5631142e+01
   4.3431800e+02   9.4200000e-01   4.3464000e+02   8.8773952e+01
   4.3518900e+02   8.7100000e-01   4.3552100e+02   8.7614577e+01
   4.3602200e+02   8.3300000e-01   4.3634100e+02   8.8347188e+01
   4.3689300e+02   8.7100000e-01   4.3725700e+02   8.3617224e+01
   4.3785100e+02   9.5900000e-01   4.3816900e+02   8.4868048e+01
   4.3875100e+02   8.9900000e-01   4.3910000e+02   8.5996940e+01
   4.3957000e+02   8.2000000e-01   4.3991200e+02   8.7645060e+01
   4.4045000e+02   8.7900000e-01   4.4076900e+02   8.6790517e+01
   4.4137800e+02   9.2800000e-01   4.4169700e+02   8.6027423e+01
   4.4229600e+02   9.1800000e-01   4.4265800e+02   8.8804435e+01
   4.4313000e+02   8.3300000e-01   4.4346700e+02   8.9537046e+01
   4.4398800e+02   8.5800000e-01   4.4429800e+02   9.2344541e+01
   4.4494000e+02   9.5200000e-01   4.4527800e+02   8.5600659e+01
   4.4589000e+02   9.5000000e-01   4.4623300e+02   9.0117241e+01
   4.4672400e+02   8.3400000e-01   4.4705700e+02   9.0880335e+01
   4.4756000e+02   8.3500000e-01   4.4789800e+02   9.0452555e+01
   4.4847400e+02   9.1400000e-01   4.4880900e+02   9.3931695e+01
   4.4947900e+02   1.0050000e+00   4.4982100e+02   8.7981391e+01
   4.5033700e+02   8.5700000e-01   4.5066800e+02   9.1612946e+01
   4.5113700e+02   8.0000000e-01   4.5145500e+02   9.2894253e+01
   4.5189400e+02   7.5700000e-01   4.5225600e+02   9.5701748e+01
   4.5271100e+02   8.1700000e-01   4.5304700e+02   9.6556292e+01
   4.5373600e+02   1.0240000e+00   4.5405800e+02   9.4420441e+01
   4.5477100e+02   1.0350000e+00   4.5510700e+02   9.4023145e+01
   4.5578200e+02   1.0110000e+00   4.5610700e+02   9.0849852e+01
   4.5678300e+02   1.0010000e+00   4.5713400e+02   8.4868048e+01
   4.5776400e+02   9.8100000e-01   4.5809400e+02   8.3219928e+01
   4.5861000e+02   8.4600000e-01   4.5894800e+02   8.2395867e+01
   4.5946700e+02   8.5800000e-01   4.5983500e+02   8.1938621e+01
   4.6041100e+02   9.4300000e-01   4.6075600e+02   8.4074471e+01
   4.6140900e+02   9.9800000e-01   4.6173600e+02   8.0625814e+01
   4.6231500e+02   9.0600000e-01   4.6263600e+02   7.9955186e+01
   4.6322400e+02   9.1000000e-01   4.6356500e+02   7.9863736e+01
   4.6436200e+02   1.1380000e+00   4.6468500e+02   7.9161609e+01
   4.6544000e+02   1.0770000e+00   4.6579600e+02   7.5560536e+01
   4.6649100e+02   1.0520000e+00   4.6682300e+02   7.1989947e+01
   4.6748100e+02   9.9000000e-01   4.6782500e+02   7.3607585e+01
   4.6849300e+02   1.0120000e+00   4.6885000e+02   7.8368031e+01
   4.6950700e+02   1.0140000e+00   4.6983400e+02   7.9863736e+01
   4.7047500e+02   9.6900000e-01   4.7082500e+02   7.9192092e+01
   4.7138000e+02   9.0500000e-01   4.7172300e+02   8.2823647e+01
   4.7224300e+02   8.6300000e-01   4.7257100e+02   8.6363753e+01
   4.7315900e+02   9.1600000e-01   4.7346500e+02   8.8438637e+01
   4.7405200e+02   8.9400000e-01   4.7439300e+02   8.8316705e+01
   4.7488200e+02   8.2900000e-01   4.7522500e+02   9.1704395e+01
   4.7578900e+02   9.0700000e-01   4.7612500e+02   9.1734879e+01
   4.7686300e+02   1.0740000e+00   4.7715800e+02   9.0483039e+01
   4.7782400e+02   9.6200000e-01   4.7817000e+02   8.7888925e+01
   4.7867600e+02   8.5200000e-01   4.7902300e+02   8.8866417e+01
   4.7955500e+02   8.7900000e-01   4.7989100e+02   9.1978744e+01
   4.8045600e+02   9.0100000e-01   4.8078300e+02   9.2405507e+01
   4.8129900e+02   8.4300000e-01   4.8163900e+02   9.3260051e+01
   4.8210400e+02   8.0500000e-01   4.8242800e+02   9.5579816e+01
   4.8295500e+02   8.5100000e-01   4.8328200e+02   9.2039710e+01
   4.8385300e+02   8.9700000e-01   4.8417900e+02   9.9272337e+01
   4.8471700e+02   8.6400000e-01   4.8506100e+02   9.7715666e+01
   4.8554100e+02   8.2400000e-01   4.8587000e+02   9.6800157e+01
   4.8642700e+02   8.8700000e-01   4.8677100e+02   8.8743469e+01
   4.8737700e+02   9.5000000e-01   4.8772000e+02   9.5305468e+01
   4.8825700e+02   8.8000000e-01   4.8859000e+02   9.2772321e+01
   4.8907000e+02   8.1300000e-01   4.8942500e+02   9.4450924e+01
   4.8991400e+02   8.4400000e-01   4.9026000e+02   9.4847205e+01
   4.9080800e+02   8.9400000e-01   4.9114000e+02   8.8866417e+01
   4.9167500e+02   8.6800000e-01   4.9202700e+02   9.5701748e+01
   4.9247400e+02   7.9800000e-01   4.9282100e+02   9.6891606e+01
   4.9329600e+02   8.2200000e-01   4.9360800e+02   8.8011874e+01
   4.9421200e+02   9.1600000e-01   4.9456000e+02   9.4420441e+01
   4.9512700e+02   9.1500000e-01   4.9546000e+02   8.7981391e+01
   4.9596600e+02   8.3900000e-01   4.9628900e+02   8.9567529e+01
   4.9683600e+02   8.7000000e-01   4.9716700e+02   9.3535415e+01
   4.9773600e+02   9.0000000e-01   4.9808500e+02   8.4807082e+01
   4.9858600e+02   8.5000000e-01   4.9892100e+02   9.0086758e+01
   4.9938500e+02   7.9900000e-01   4.9972300e+02   9.0971785e+01
   5.0021500e+02   8.3000000e-01   5.0055700e+02   8.9598012e+01
   5.0111100e+02   8.9600000e-01   5.0144900e+02   8.8835934e+01
   5.0197200e+02   8.6100000e-01   5.0230600e+02   8.4013505e+01
   5.0276500e+02   7.9300000e-01   5.0310800e+02   8.4868048e+01
   5.0360600e+02   8.4100000e-01   5.0392300e+02   8.4502251e+01
   5.0449800e+02   8.9200000e-01   5.0483600e+02   8.2304418e+01
   5.0534300e+02   8.4500000e-01   5.0567900e+02   7.9131125e+01
   5.0612800e+02   7.8500000e-01   5.0645300e+02   8.0595331e+01
   5.0691800e+02   7.9000000e-01   5.0726100e+02   7.9588372e+01
   5.0769300e+02   7.7500000e-01   5.0802500e+02   8.3189445e+01
   5.0844900e+02   7.5600000e-01   5.0879400e+02   8.3525775e+01
   5.0925200e+02   8.0300000e-01   5.0956700e+02   8.3158961e+01
   5.1007900e+02   8.2700000e-01   5.1041600e+02   7.9466440e+01
   5.1085800e+02   7.7900000e-01   5.1120600e+02   8.1114560e+01
   5.1168300e+02   8.2500000e-01   5.1202300e+02   8.2395867e+01
   5.1255800e+02   8.7500000e-01   5.1289700e+02   8.3617224e+01
   5.1341300e+02   8.5500000e-01   5.1372200e+02   8.4043988e+01
   5.1419400e+02   7.8100000e-01   5.1455600e+02   8.4410801e+01
   5.1499100e+02   7.9800000e-01   5.1533700e+02   8.5814041e+01
   5.1588000e+02   8.8900000e-01   5.1619500e+02   8.8316705e+01
   5.1680700e+02   9.2700000e-01   5.1715600e+02   8.7523128e+01
   5.1764000e+02   8.3400000e-01   5.1798500e+02   8.6455203e+01
   5.1847900e+02   8.3800000e-01   5.1880400e+02   8.6851483e+01
   5.1947900e+02   1.0000000e+00   5.1979500e+02   8.7920424e+01
   5.2053300e+02   1.0540000e+00   5.2087200e+02   8.2732198e+01
   5.2144400e+02   9.1100000e-01   5.2178400e+02   8.1969104e+01
   5.2239000e+02   9.4600000e-01   5.2275200e+02   7.7879285e+01
   5.2341400e+02   1.0240000e+00   5.2375200e+02   7.9863736e+01
   5.2439400e+02   9.8000000e-01   5.2475300e+02   7.5560536e+01
   5.2523600e+02   8.4300000e-01   5.2556500e+02   8.3647707e+01
   5.2614300e+02   9.0600000e-01   5.2646500e+02   8.7157330e+01
   5.2714900e+02   1.0060000e+00   5.2748300e+02   8.4776599e+01
   5.2810200e+02   9.5400000e-01   5.2847400e+02   8.3189445e+01
   5.2899200e+02   8.9000000e-01   5.2932600e+02   8.3250411e+01
   5.2998300e+02   9.9000000e-01   5.3030800e+02   8.4074471e+01
   5.3105000e+02   1.0670000e+00   5.3138700e+02   7.9588372e+01
   5.3195100e+02   9.0100000e-01   5.3229200e+02   8.2732198e+01
   5.3284300e+02   8.9200000e-01   5.3318000e+02   8.1053594e+01
   5.3378700e+02   9.4400000e-01   5.3409000e+02   8.4837565e+01
   5.3484200e+02   1.0560000e+00   5.3517000e+02   8.1969104e+01
   5.3579500e+02   9.5300000e-01   5.3614100e+02   8.2304418e+01
   5.3681600e+02   1.0200000e+00   5.3712800e+02   8.4104954e+01
   5.3784600e+02   1.0300000e+00   5.3818000e+02   8.2304418e+01
   5.3886600e+02   1.0200000e+00   5.3925300e+02   7.8001218e+01
   5.3980800e+02   9.4200000e-01   5.4016200e+02   8.2304418e+01
   5.4077400e+02   9.6600000e-01   5.4110100e+02   8.1908137e+01
   5.4175500e+02   9.8200000e-01   5.4208000e+02   8.3556258e+01
   5.4270800e+02   9.5200000e-01   5.4305100e+02   8.4929014e+01
   5.4359200e+02   8.8400000e-01   5.4393600e+02   8.8804435e+01
   5.4448100e+02   8.8900000e-01   5.4482700e+02   8.5661625e+01
   5.4551400e+02   1.0330000e+00   5.4586800e+02   8.7950908e+01
   5.4643400e+02   9.2100000e-01   5.4676700e+02   8.7981391e+01
   5.4736400e+02   9.3000000e-01   5.4769700e+02   8.8347188e+01
   5.4839500e+02   1.0310000e+00   5.4875900e+02   8.0595331e+01
   5.4930600e+02   9.1100000e-01   5.4964900e+02   8.3189445e+01
   5.5012500e+02   8.1900000e-01   5.5046800e+02   8.4441285e+01
   5.5097200e+02   8.4700000e-01   5.5132800e+02   8.5661625e+01
   5.5189000e+02   9.1800000e-01   5.5225700e+02   8.7888925e+01
   5.5283100e+02   9.4100000e-01   5.5316800e+02   8.8438637e+01
   5.5369400e+02   8.6300000e-01   5.5405600e+02   9.2039710e+01
   5.5466900e+02   9.7500000e-01   5.5497600e+02   9.0452555e+01
   5.5573900e+02   1.0700000e+00   5.5605700e+02   8.5203363e+01
   5.5666300e+02   9.2400000e-01   5.5698900e+02   8.4013505e+01
   5.5754000e+02   8.7700000e-01   5.5787500e+02   8.5631142e+01
   5.5845300e+02   9.1300000e-01   5.5876500e+02   8.6363753e+01
   5.5940200e+02   9.4800000e-01   5.5976500e+02   8.4380318e+01
   5.6025200e+02   8.5000000e-01   5.6060600e+02   8.7096364e+01
   5.6113800e+02   8.8600000e-01   5.6144400e+02   9.0025792e+01
   5.6213600e+02   9.9800000e-01   5.6247300e+02   8.5966457e+01
   5.6310100e+02   9.6500000e-01   5.6343800e+02   8.6851483e+01
   5.6395300e+02   8.5100000e-01   5.6429800e+02   8.4471768e+01
   5.6487800e+02   9.2500000e-01   5.6521500e+02   8.8438637e+01
   5.6583500e+02   9.5700000e-01   5.6617500e+02   8.6027423e+01
   5.6669800e+02   8.6400000e-01   5.6703300e+02   8.8804435e+01
   5.6755800e+02   8.6000000e-01   5.6788300e+02   8.9995309e+01
   5.6849800e+02   9.4000000e-01   5.6883900e+02   8.8438637e+01
   5.6947800e+02   9.8000000e-01   5.6981600e+02   8.5234862e+01
   5.7036700e+02   8.8900000e-01   5.7070400e+02   8.5996940e+01
   5.7122600e+02   8.5800000e-01   5.7155600e+02   8.6027423e+01
   5.7216200e+02   9.3600000e-01   5.7247100e+02   8.8743469e+01
   5.7312800e+02   9.6600000e-01   5.7344400e+02   8.9232215e+01
   5.7399200e+02   8.6400000e-01   5.7433500e+02   8.6760034e+01
   5.7484700e+02   8.5500000e-01   5.7518400e+02   8.9598012e+01
   5.7575000e+02   9.0400000e-01   5.7607400e+02   8.7492645e+01
   5.7668800e+02   9.3800000e-01   5.7703800e+02   9.0910818e+01
   5.7753400e+02   8.4500000e-01   5.7787200e+02   9.0452555e+01
   5.7839000e+02   8.5700000e-01   5.7875200e+02   8.7858442e+01
   5.7939000e+02   1.0000000e+00   5.7971900e+02   8.9628495e+01
   5.8036500e+02   9.7400000e-01   5.8072100e+02   8.7126847e+01
   5.8121500e+02   8.5000000e-01   5.8156400e+02   8.7126847e+01
   5.8209100e+02   8.7600000e-01   5.8241100e+02   8.8316705e+01
   5.8300500e+02   9.1500000e-01   5.8334400e+02   8.2365384e+01
   5.8386000e+02   8.5400000e-01   5.8420900e+02   8.5966457e+01
   5.8465900e+02   7.9900000e-01   5.8500100e+02   9.0849852e+01
   5.8548700e+02   8.2900000e-01   5.8582100e+02   9.1276616e+01
   5.8642000e+02   9.3300000e-01   5.8676300e+02   9.0910818e+01
   5.8731400e+02   8.9400000e-01   5.8764800e+02   8.6057906e+01
   5.8813800e+02   8.2400000e-01   5.8848300e+02   9.1673912e+01
   5.8904000e+02   9.0300000e-01   5.8938100e+02   9.0422072e+01
   5.8999200e+02   9.5200000e-01   5.9033200e+02   8.6363753e+01
   5.9093100e+02   9.3900000e-01   5.9127200e+02   8.7126847e+01
   5.9178300e+02   8.5200000e-01   5.9214700e+02   8.6424719e+01
   5.9258200e+02   7.9900000e-01   5.9292700e+02   8.7584094e+01
   5.9341800e+02   8.3600000e-01   5.9377100e+02   8.7920424e+01
   5.9432900e+02   9.1000000e-01   5.9467100e+02   8.6394236e+01
   5.9528200e+02   9.5300000e-01   5.9562900e+02   8.6057906e+01
   5.9612000e+02   8.3800000e-01   5.9645900e+02   8.5570176e+01
   5.9697400e+02   8.5400000e-01   5.9730800e+02   8.5631142e+01
   5.9791200e+02   9.3800000e-01   5.9825500e+02   8.6821000e+01
   5.9885000e+02   9.3800000e-01   5.9919100e+02   8.6027423e+01
   5.9968900e+02   8.3900000e-01   6.0001600e+02   8.7523128e+01
   6.0054100e+02   8.5200000e-01   6.0087700e+02   9.0025792e+01
   6.0147000e+02   9.2900000e-01   6.0178800e+02   8.5966457e+01
   6.0242200e+02   9.5200000e-01   6.0274700e+02   8.7920424e+01
   6.0325200e+02   8.3000000e-01   6.0359000e+02   8.6363753e+01
   6.0405800e+02   8.0700000e-01   6.0439600e+02   9.2772321e+01
   6.0491600e+02   8.5800000e-01   6.0525800e+02   9.3992661e+01
   6.0583000e+02   9.1300000e-01   6.0617600e+02   8.5996940e+01
   6.0667000e+02   8.4000000e-01   6.0701600e+02   9.0056275e+01
   6.0757400e+02   9.0400000e-01   6.0789900e+02   8.9658978e+01
   6.0876500e+02   1.1910000e+00   6.0907900e+02   8.9628495e+01
   6.0973400e+02   9.6900000e-01   6.1008600e+02   8.2243452e+01
   6.1065900e+02   9.2500000e-01   6.1099700e+02   8.3128478e+01
   6.1164000e+02   9.8100000e-01   6.1195800e+02   8.1053594e+01
   6.1258800e+02   9.4800000e-01   6.1293500e+02   7.5530053e+01
   6.1344300e+02   8.5500000e-01   6.1376200e+02   7.9100642e+01
   6.1428900e+02   8.4600000e-01   6.1460800e+02   8.1419392e+01
   6.1521600e+02   9.2700000e-01   6.1556700e+02   8.3128478e+01
   6.1617200e+02   9.5600000e-01   6.1651500e+02   7.9924703e+01
   6.1702500e+02   8.5400000e-01   6.1735500e+02   8.4898531e+01
   6.1797500e+02   9.4900000e-01   6.1829600e+02   8.3586741e+01
   6.1897700e+02   1.0030000e+00   6.1934700e+02   8.0503882e+01
   6.1987300e+02   8.9600000e-01   6.2022300e+02   8.5234862e+01
   6.2073700e+02   8.6400000e-01   6.2106400e+02   8.5203363e+01
   6.2163800e+02   9.0100000e-01   6.2196300e+02   8.7523128e+01
   6.2256300e+02   9.2500000e-01   6.2290600e+02   8.3158961e+01
   6.2340000e+02   8.3700000e-01   6.2374300e+02   8.0656297e+01
   6.2431500e+02   9.1500000e-01   6.2465400e+02   8.4380318e+01
   6.2534600e+02   1.0300000e+00   6.2565300e+02   8.8682502e+01
   6.2629200e+02   9.4700000e-01   6.2666200e+02   8.2304418e+01
   6.2715400e+02   8.6200000e-01   6.2749200e+02   8.8316705e+01
   6.2808600e+02   9.3100000e-01   6.2838200e+02   9.0849852e+01
   6.2914500e+02   1.0600000e+00   6.2946200e+02   9.1704395e+01
   6.3010800e+02   9.6200000e-01   6.3044400e+02   8.8773952e+01
   6.3096200e+02   8.5400000e-01   6.3129400e+02   8.9995309e+01
   6.3190200e+02   9.4000000e-01   6.3220400e+02   7.9924703e+01
   6.3290900e+02   1.0080000e+00   6.3325900e+02   9.3199084e+01
   6.3392600e+02   1.0160000e+00   6.3426100e+02   8.4441285e+01
   6.3484000e+02   9.1400000e-01   6.3518900e+02   8.4043988e+01
   6.3568600e+02   8.4600000e-01   6.3601000e+02   9.0819369e+01
   6.3659000e+02   9.0400000e-01   6.3690700e+02   9.3535415e+01
   6.3757100e+02   9.8100000e-01   6.3789000e+02   8.9995309e+01
   6.3867000e+02   1.0990000e+00   6.3900300e+02   9.2894253e+01
   6.3957300e+02   9.0400000e-01   6.3992300e+02   9.2405507e+01
   6.4052100e+02   9.4700000e-01   6.4085000e+02   8.7950908e+01
   6.4158100e+02   1.0600000e+00   6.4191900e+02   8.6729551e+01
   6.4251600e+02   9.3500000e-01   6.4285200e+02   8.9232215e+01
   6.4339500e+02   8.7900000e-01   6.4373900e+02   9.1185166e+01
   6.4439500e+02   1.0000000e+00   6.4473200e+02   8.7096364e+01
   6.4543500e+02   1.0390000e+00   6.4577000e+02   8.6851483e+01
   6.4632500e+02   8.9000000e-01   6.4667100e+02   9.0880335e+01
   6.4729600e+02   9.7100000e-01   6.4764000e+02   9.1643429e+01
   6.4835400e+02   1.0580000e+00   6.4867700e+02   8.5172879e+01
   6.4933200e+02   9.7700000e-01   6.4967500e+02   8.2273935e+01
   6.5029700e+02   9.6500000e-01   6.5064100e+02   8.2732198e+01
   6.5132100e+02   1.0240000e+00   6.5165400e+02   7.7970735e+01
   6.5229700e+02   9.7600000e-01   6.5266000e+02   7.5132757e+01
   6.5315200e+02   8.5600000e-01   6.5350600e+02   7.6354113e+01
   6.5406800e+02   9.1500000e-01   6.5439000e+02   8.1999587e+01
   6.5508400e+02   1.0160000e+00   6.5543100e+02   8.1969104e+01
   6.5600200e+02   9.1800000e-01   6.5634700e+02   7.8368031e+01
   6.5685500e+02   8.5300000e-01   6.5719600e+02   8.3586741e+01
   6.5786300e+02   1.0080000e+00   6.5816700e+02   8.6057906e+01
   6.5899400e+02   1.1300000e+00   6.5933900e+02   7.9863736e+01
   6.5995700e+02   9.6400000e-01   6.6029600e+02   7.9039676e+01
   6.6089100e+02   9.3300000e-01   6.6123500e+02   8.2884613e+01
   6.6188600e+02   9.9500000e-01   6.6222800e+02   8.4502251e+01
   6.6292000e+02   1.0340000e+00   6.6327700e+02   7.8001218e+01
   6.6381100e+02   8.9000000e-01   6.6412500e+02   8.4868048e+01
   6.6466800e+02   8.5700000e-01   6.6498900e+02   8.8438637e+01
   6.6557500e+02   9.0700000e-01   6.6592700e+02   8.4746116e+01
   6.6654800e+02   9.7300000e-01   6.6688800e+02   8.4715633e+01
   6.6742800e+02   8.8000000e-01   6.6777600e+02   8.4410801e+01
   6.6836500e+02   9.3700000e-01   6.6869700e+02   9.4877688e+01
   6.6940700e+02   1.0420000e+00   6.6971700e+02   9.3199084e+01
   6.7043400e+02   1.0270000e+00   6.7077400e+02   8.8408154e+01
   6.7130800e+02   8.7400000e-01   6.7166500e+02   9.0422072e+01
   6.7224000e+02   9.3200000e-01   6.7256700e+02   9.0788886e+01
   6.7321100e+02   9.7100000e-01   6.7356500e+02   8.9110282e+01
   6.7411500e+02   9.0400000e-01   6.7446500e+02   9.0391589e+01
   6.7495400e+02   8.3900000e-01   6.7528600e+02   9.1612946e+01
   6.7586600e+02   9.1200000e-01   6.7616400e+02   9.5671265e+01
   6.7688900e+02   1.0230000e+00   6.7723100e+02   9.4877688e+01
   6.7785600e+02   9.6700000e-01   6.7819600e+02   9.2039710e+01
   6.7873500e+02   8.7900000e-01   6.7906000e+02   9.2772321e+01
   6.7970800e+02   9.7300000e-01   6.8004500e+02   9.2405507e+01
   6.8069800e+02   9.9000000e-01   6.8104000e+02   8.8408154e+01
   6.8157600e+02   8.7800000e-01   6.8193400e+02   8.8011874e+01
   6.8238000e+02   8.0300000e-01   6.8269300e+02   9.2070193e+01
   6.8321200e+02   8.3300000e-01   6.8353500e+02   9.4847205e+01
   6.8409300e+02   8.8000000e-01   6.8441400e+02   9.5640782e+01
   6.8492600e+02   8.3300000e-01   6.8527300e+02   9.5640782e+01
   6.8574300e+02   8.1700000e-01   6.8607300e+02   9.6923105e+01
   6.8670200e+02   9.5900000e-01   6.8703600e+02   9.4847205e+01
   6.8771100e+02   1.0090000e+00   6.8803100e+02   9.1643429e+01
   6.8859000e+02   8.7900000e-01   6.8893100e+02   9.0086758e+01
   6.8946700e+02   8.7800000e-01   6.8980100e+02   8.7492645e+01
   6.9036600e+02   8.9800000e-01   6.9069100e+02   8.6760034e+01
   6.9123400e+02   8.6800000e-01   6.9157000e+02   8.3158961e+01
   6.9203500e+02   8.0200000e-01   6.9238100e+02   8.8866417e+01
   6.9283900e+02   8.0400000e-01   6.9317300e+02   9.1643429e+01
   6.9368100e+02   8.4200000e-01   6.9398700e+02   9.2039710e+01
   6.9454700e+02   8.6500000e-01   6.9485300e+02   9.2437006e+01
   6.9533700e+02   7.9000000e-01   6.9568200e+02   9.2437006e+01
   6.9611000e+02   7.7300000e-01   6.9646900e+02   9.4816722e+01
   6.9695800e+02   8.4900000e-01   6.9729000e+02   9.4755756e+01
   6.9788300e+02   9.2400000e-01   6.9824100e+02   9.2894253e+01
   6.9881500e+02   9.3300000e-01   6.9917100e+02   9.1673912e+01
   6.9967400e+02   8.5900000e-01   7.0004300e+02   8.4502251e+01
   7.0048800e+02   8.1400000e-01   7.0081900e+02   8.6851483e+01
   7.0132300e+02   8.3500000e-01   7.0162700e+02   8.9964826e+01
   7.0218200e+02   8.5900000e-01   7.0250500e+02   8.7981391e+01
   7.0305600e+02   8.7400000e-01   7.0338100e+02   8.5234862e+01
   7.0386100e+02   8.0500000e-01   7.0417800e+02   8.8804435e+01
   7.0466900e+02   8.0800000e-01   7.0498800e+02   8.7492645e+01
   7.0558800e+02   9.1900000e-01   7.0588900e+02   9.2039710e+01
   7.0661600e+02   1.0280000e+00   7.0694900e+02   8.1786205e+01
   7.0752900e+02   9.1300000e-01   7.0784900e+02   8.5935973e+01
   7.0835700e+02   8.2800000e-01   7.0867900e+02   8.5996940e+01
   7.0923000e+02   8.7200000e-01   7.0955700e+02   8.6027423e+01
   7.1012500e+02   8.9500000e-01   7.1047700e+02   8.6760034e+01
   7.1098500e+02   8.6000000e-01   7.1132700e+02   8.3128478e+01
   7.1178300e+02   7.9800000e-01   7.1213900e+02   8.6881966e+01
   7.1262000e+02   8.3700000e-01   7.1296500e+02   8.9232215e+01
   7.1356100e+02   9.4000000e-01   7.1388800e+02   8.9628495e+01
   7.1450200e+02   9.4100000e-01   7.1483800e+02   8.9658978e+01
   7.1534600e+02   8.4500000e-01   7.1569700e+02   8.8347188e+01
   7.1622500e+02   8.7800000e-01   7.1654600e+02   8.4807082e+01
   7.1711500e+02   8.9000000e-01   7.1747700e+02   8.5203363e+01
   7.1793300e+02   8.1800000e-01   7.1827700e+02   8.6394236e+01
   7.1872600e+02   7.9300000e-01   7.1904700e+02   8.8377671e+01
   7.1957400e+02   8.4800000e-01   7.1989400e+02   8.7126847e+01
   7.2047600e+02   9.0200000e-01   7.2084800e+02   7.8398515e+01
   7.2130700e+02   8.3100000e-01   7.2166300e+02   8.5600659e+01
   7.2214300e+02   8.3600000e-01   7.2246400e+02   9.0941301e+01
   7.2302900e+02   8.8700000e-01   7.2336500e+02   9.0117241e+01
   7.2393800e+02   9.0800000e-01   7.2427400e+02   8.7523128e+01
   7.2477900e+02   8.4100000e-01   7.2512400e+02   8.6851483e+01
   7.2561800e+02   8.3900000e-01   7.2592500e+02   8.8896900e+01
   7.2648700e+02   8.6900000e-01   7.2685600e+02   8.5203363e+01
   7.2739400e+02   9.0700000e-01   7.2772500e+02   8.7981391e+01
   7.2823800e+02   8.4400000e-01   7.2857400e+02   8.3617224e+01
   7.2903000e+02   7.9200000e-01   7.2936500e+02   8.9262698e+01
   7.2987200e+02   8.4200000e-01   7.3017200e+02   9.1276616e+01
   7.3078900e+02   9.1800000e-01   7.3112800e+02   9.1704395e+01
   7.3167800e+02   8.8900000e-01   7.3199200e+02   9.0056275e+01
   7.3251200e+02   8.3300000e-01   7.3286200e+02   8.8804435e+01
   7.3336700e+02   8.5600000e-01   7.3369200e+02   8.9232215e+01
   7.3428800e+02   9.2000000e-01   7.3462400e+02   8.7920424e+01
   7.3520400e+02   9.1600000e-01   7.3555500e+02   8.6729551e+01
   7.3604300e+02   8.3900000e-01   7.3636300e+02   8.7888925e+01
   7.3692200e+02   8.7900000e-01   7.3726300e+02   8.7888925e+01
   7.3789400e+02   9.7300000e-01   7.3826200e+02   8.1084077e+01
   7.3879800e+02   9.0400000e-01   7.3916400e+02   7.8764312e+01
   7.3963700e+02   8.3800000e-01   7.3996400e+02   8.2732198e+01
   7.4058500e+02   9.4800000e-01   7.4089900e+02   8.3556258e+01
   7.4160000e+02   1.0150000e+00   7.4193100e+02   8.3586741e+01
   7.4249600e+02   8.9600000e-01   7.4285400e+02   7.6811360e+01
   7.4333900e+02   8.4300000e-01   7.4364100e+02   8.3708674e+01
   7.4423400e+02   8.9500000e-01   7.4457200e+02   8.1510841e+01
   7.4518900e+02   9.5500000e-01   7.4556200e+02   8.0320983e+01
   7.4605900e+02   8.7000000e-01   7.4639900e+02   8.5631142e+01
   7.4692700e+02   8.6800000e-01   7.4728200e+02   8.7218297e+01
   7.4784100e+02   9.1400000e-01   7.4818000e+02   8.1908137e+01
   7.4869600e+02   8.5500000e-01   7.4905100e+02   8.6394236e+01
   7.4956400e+02   8.6800000e-01   7.4989900e+02   8.3678191e+01
   7.5051300e+02   9.4900000e-01   7.5085100e+02   8.0656297e+01
   7.5140900e+02   8.9700000e-01   7.5177200e+02   8.5172879e+01
   7.5223600e+02   8.2700000e-01   7.5254900e+02   8.7950908e+01
   7.5311700e+02   8.8000000e-01   7.5346000e+02   8.9628495e+01
   7.5405500e+02   9.3800000e-01   7.5438800e+02   8.8316705e+01
   7.5492200e+02   8.6700000e-01   7.5528100e+02   8.7187813e+01
   7.5576300e+02   8.4100000e-01   7.5606100e+02   8.9201731e+01
   7.5664700e+02   8.8400000e-01   7.5698700e+02   8.9598012e+01
   7.5760100e+02   9.5300000e-01   7.5794300e+02   8.8011874e+01
   7.5855400e+02   9.5300000e-01   7.5888900e+02   8.5295828e+01
   7.5939700e+02   8.4300000e-01   7.5971900e+02   8.9232215e+01
   7.6027700e+02   8.8000000e-01   7.6060700e+02   9.0849852e+01
   7.6122000e+02   9.4300000e-01   7.6155700e+02   8.9140765e+01
   7.6210400e+02   8.8400000e-01   7.6244400e+02   9.0483039e+01
   7.6293200e+02   8.2800000e-01   7.6327900e+02   8.9201731e+01
   7.6381700e+02   8.8500000e-01   7.6414600e+02   8.9689461e+01
   7.6481800e+02   1.0010000e+00   7.6513000e+02   8.7218297e+01
   7.6572200e+02   9.0400000e-01   7.6605000e+02   8.6516169e+01
   7.6662000e+02   8.9800000e-01   7.6692500e+02   8.6057906e+01
   7.6757800e+02   9.5800000e-01   7.6792500e+02   8.1602290e+01
   7.6848000e+02   9.0200000e-01   7.6886600e+02   7.8764312e+01
   7.6930800e+02   8.2800000e-01   7.6963300e+02   8.4746116e+01
   7.7016500e+02   8.5700000e-01   7.7048600e+02   8.5996940e+01
   7.7105200e+02   8.8700000e-01   7.7138600e+02   8.5265345e+01
   7.7187000e+02   8.1800000e-01   7.7219400e+02   8.5600659e+01
   7.7266200e+02   7.9200000e-01   7.7298400e+02   8.6057906e+01
   7.7353500e+02   8.7300000e-01   7.7386600e+02   8.6119888e+01
   7.7458500e+02   1.0500000e+00   7.7490700e+02   7.9985669e+01
   7.7563000e+02   1.0450000e+00   7.7595100e+02   7.7178174e+01
   7.7657700e+02   9.4700000e-01   7.7693000e+02   7.0494242e+01
   7.7741700e+02   8.4000000e-01   7.7777300e+02   7.4736476e+01
   7.7828400e+02   8.6700000e-01   7.7861100e+02   7.8368031e+01
   7.7918300e+02   8.9900000e-01   7.7953400e+02   7.7208657e+01
   7.8008500e+02   9.0200000e-01   7.8040700e+02   7.9527406e+01
   7.8096100e+02   8.7600000e-01   7.8130800e+02   7.6811360e+01
   7.8180500e+02   8.4400000e-01   7.8216500e+02   7.9955186e+01
   7.8275900e+02   9.5400000e-01   7.8309200e+02   8.4898531e+01
   7.8383400e+02   1.0750000e+00   7.8415600e+02   7.9833253e+01
   7.8487100e+02   1.0380000e+00   7.8523100e+02   7.5987300e+01
   7.8575500e+02   8.8300000e-01   7.8613400e+02   7.6780877e+01
   7.8662500e+02   8.7000000e-01   7.8695100e+02   8.0656297e+01
   7.8755100e+02   9.2600000e-01   7.8787300e+02   8.1969104e+01
   7.8850400e+02   9.5300000e-01   7.8883900e+02   8.3097995e+01
   7.8937700e+02   8.7300000e-01   7.8972000e+02   8.3617224e+01
   7.9025100e+02   8.7500000e-01   7.9058300e+02   8.6760034e+01
   7.9124200e+02   9.9000000e-01   7.9157200e+02   8.4746116e+01
   7.9216600e+02   9.2400000e-01   7.9249800e+02   8.5203363e+01
   7.9301500e+02   8.4800000e-01   7.9335200e+02   8.7584094e+01
   7.9393200e+02   9.1700000e-01   7.9427400e+02   8.4837565e+01
   7.9491300e+02   9.8100000e-01   7.9524100e+02   8.6424719e+01
   7.9578900e+02   8.7600000e-01   7.9613200e+02   8.2334901e+01
   7.9664600e+02   8.5800000e-01   7.9698200e+02   8.2701715e+01
   7.9759000e+02   9.4400000e-01   7.9789100e+02   8.7126847e+01
   7.9859200e+02   1.0010000e+00   7.9890000e+02   8.3189445e+01
   7.9947600e+02   8.8400000e-01   7.9979800e+02   7.9924703e+01
   8.0028500e+02   8.0900000e-01   8.0063500e+02   8.1510841e+01
   8.0104900e+02   7.6400000e-01   8.0138000e+02   8.5265345e+01
   8.0185600e+02   8.0700000e-01   8.0216800e+02   8.9110282e+01
   8.0284600e+02   9.8900000e-01   8.0317200e+02   8.7920424e+01
   8.0388500e+02   1.0390000e+00   8.0419100e+02   8.7462162e+01
   8.0495700e+02   1.0720000e+00   8.0529800e+02   7.9924703e+01
   8.0601700e+02   1.0610000e+00   8.0634400e+02   7.6354113e+01
   8.0693900e+02   9.2200000e-01   8.0730100e+02   7.2050913e+01
   8.0779800e+02   8.5900000e-01   8.0816000e+02   7.1684100e+01
   8.0869700e+02   8.9900000e-01   8.0904000e+02   7.3607585e+01
   8.0971800e+02   1.0210000e+00   8.1008000e+02   7.3577101e+01
   8.1082700e+02   1.1090000e+00   8.1116000e+02   7.2416711e+01
   8.1186900e+02   1.0420000e+00   8.1220900e+02   6.9273901e+01
   8.1277100e+02   9.0200000e-01   8.1310600e+02   7.1653617e+01
   8.1367600e+02   9.0500000e-01   8.1400600e+02   7.4003865e+01
   8.1467600e+02   1.0000000e+00   8.1504000e+02   7.3210288e+01
   8.1573200e+02   1.0560000e+00   8.1606000e+02   7.8276582e+01
   8.1673000e+02   9.9800000e-01   8.1706000e+02   7.7574454e+01
   8.1759800e+02   8.6800000e-01   8.1792600e+02   7.8428998e+01
   8.1852100e+02   9.2300000e-01   8.1885900e+02   8.4013505e+01
   8.1950800e+02   9.8600000e-01   8.1983300e+02   7.5987300e+01
   8.2049800e+02   9.9000000e-01   8.2085900e+02   8.1480358e+01
   8.2137800e+02   8.8000000e-01   8.2172000e+02   8.2793164e+01
   8.2227700e+02   8.9900000e-01   8.2262100e+02   8.7218297e+01
   8.2334000e+02   1.0630000e+00   8.2364700e+02   8.8408154e+01
   8.2442300e+02   1.0830000e+00   8.2477700e+02   8.0595331e+01
   8.2548600e+02   1.0630000e+00   8.2586500e+02   7.8307065e+01
   8.2640800e+02   9.2200000e-01   8.2674500e+02   7.9985669e+01
   8.2731000e+02   9.0200000e-01   8.2765600e+02   8.0992628e+01
   8.2821000e+02   9.0000000e-01   8.2855400e+02   8.2273935e+01
   8.2915400e+02   9.4300000e-01   8.2949700e+02   8.8347188e+01
   8.3005300e+02   9.0000000e-01   8.3040500e+02   8.6851483e+01
   8.3089500e+02   8.4100000e-01   8.3124100e+02   8.6455203e+01
   8.3180400e+02   9.0900000e-01   8.3212900e+02   8.8866417e+01
   8.3276800e+02   9.6400000e-01   8.3309600e+02   9.0025792e+01
   8.3373200e+02   9.6400000e-01   8.3407600e+02   8.5570176e+01
   8.3458200e+02   8.5100000e-01   8.3493400e+02   8.3983022e+01
   8.3551900e+02   9.3600000e-01   8.3586300e+02   9.0544005e+01
   8.3647000e+02   9.5200000e-01   8.3680500e+02   9.0483039e+01
   8.3735800e+02   8.8800000e-01   8.3769400e+02   8.5509210e+01
   8.3817000e+02   8.1300000e-01   8.3851400e+02   8.8377671e+01
   8.3900000e+02   8.3000000e-01   8.3933500e+02   8.8286222e+01
   8.3989300e+02   8.9300000e-01   8.4022500e+02   9.2100676e+01
   8.4082700e+02   9.3300000e-01   8.4116500e+02   8.8011874e+01
   8.4167300e+02   8.4600000e-01   8.4202300e+02   9.1215649e+01
   8.4256900e+02   8.9600000e-01   8.4290400e+02   9.1673912e+01
   8.4354100e+02   9.7200000e-01   8.4387200e+02   8.5966457e+01
   8.4447800e+02   9.3700000e-01   8.4483100e+02   8.6851483e+01
   8.4533600e+02   8.5800000e-01   8.4567200e+02   8.6394236e+01
   8.4625000e+02   9.1400000e-01   8.4658400e+02   8.8773952e+01
   8.4721300e+02   9.6300000e-01   8.4755800e+02   8.8347188e+01
   8.4808300e+02   8.7000000e-01   8.4842300e+02   8.8042357e+01
   8.4890900e+02   8.2600000e-01   8.4926300e+02   8.8835934e+01
   8.4979000e+02   8.8100000e-01   8.5012300e+02   9.0056275e+01
   8.5076500e+02   9.7500000e-01   8.5110300e+02   9.0513522e+01
   8.5164800e+02   8.8300000e-01   8.5198900e+02   9.0422072e+01
   8.5252800e+02   8.8000000e-01   8.5285000e+02   9.2375024e+01
   8.5350400e+02   9.7600000e-01   8.5383100e+02   9.2833287e+01
   8.5448700e+02   9.8400000e-01   8.5484000e+02   8.9689461e+01
   8.5533900e+02   8.5200000e-01   8.5568200e+02   8.7888925e+01
   8.5619300e+02   8.5400000e-01   8.5654200e+02   9.0056275e+01
   8.5708700e+02   8.9400000e-01   8.5742800e+02   8.5203363e+01
   8.5795200e+02   8.6500000e-01   8.5829000e+02   8.5265345e+01
   8.5876300e+02   8.1100000e-01   8.5910000e+02   8.6333270e+01
   8.5961400e+02   8.5100000e-01   8.5996100e+02   9.0788886e+01
   8.6051700e+02   9.0300000e-01   8.6084500e+02   9.0056275e+01
   8.6140400e+02   8.8700000e-01   8.6176900e+02   8.9232215e+01
   8.6224300e+02   8.3900000e-01   8.6257800e+02   8.8743469e+01
   8.6314200e+02   8.9900000e-01   8.6346800e+02   8.4746116e+01
   8.6406200e+02   9.2000000e-01   8.6438000e+02   8.2304418e+01
   8.6489300e+02   8.3100000e-01   8.6524300e+02   8.1541324e+01
   8.6569400e+02   8.0100000e-01   8.6604900e+02   8.1602290e+01
   8.6657800e+02   8.8500000e-01   8.6689600e+02   8.1023111e+01
   8.6751100e+02   9.3300000e-01   8.6786800e+02   7.4003865e+01
   8.6841700e+02   9.0500000e-01   8.6877000e+02   7.2447194e+01
   8.6935600e+02   9.3900000e-01   8.6970700e+02   7.7574454e+01
   8.7034400e+02   9.8900000e-01   8.7067700e+02   7.7178174e+01
   8.7132900e+02   9.8500000e-01   8.7166500e+02   7.3179805e+01
   8.7220700e+02   8.7800000e-01   8.7257800e+02   7.5560536e+01
   8.7313900e+02   9.3200000e-01   8.7346800e+02   7.5193723e+01
   8.7409000e+02   9.5100000e-01   8.7441500e+02   7.7574454e+01
   8.7498100e+02   8.9200000e-01   8.7532600e+02   7.5895851e+01
   8.7584700e+02   8.6600000e-01   8.7617700e+02   8.1877654e+01
   8.7678000e+02   9.3300000e-01   8.7707500e+02   8.4043988e+01
   8.7782700e+02   1.0470000e+00   8.7816800e+02   7.9588372e+01
   8.7875700e+02   9.3000000e-01   8.7908400e+02   8.2762681e+01
   8.7964100e+02   8.8400000e-01   8.7996000e+02   8.4837565e+01
   8.8063300e+02   9.9200000e-01   8.8095700e+02   8.5234862e+01
   8.8167400e+02   1.0410000e+00   8.8200700e+02   7.9924703e+01
   8.8253200e+02   8.5800000e-01   8.8288300e+02   8.6881966e+01
   8.8339900e+02   8.6700000e-01   8.8374500e+02   7.9955186e+01
   8.8428400e+02   8.8500000e-01   8.8461400e+02   9.1215649e+01
   8.8519600e+02   9.1200000e-01   8.8552400e+02   9.0513522e+01
   8.8602000e+02   8.2400000e-01   8.8637400e+02   9.2405507e+01
   8.8688600e+02   8.6600000e-01   8.8719200e+02   9.5153052e+01
   8.8781200e+02   9.2500000e-01   8.8816600e+02   9.4755756e+01
   8.8869400e+02   8.8200000e-01   8.8906600e+02   9.2405507e+01
   8.8951000e+02   8.1600000e-01   8.8986200e+02   8.6790517e+01
   8.9034700e+02   8.3700000e-01   8.9067300e+02   9.4786239e+01
   8.9129700e+02   9.5000000e-01   8.9162700e+02   9.0880335e+01
   8.9225500e+02   9.5700000e-01   8.9258100e+02   9.0452555e+01
   8.9313300e+02   8.7800000e-01   8.9347300e+02   8.6363753e+01
   8.9395100e+02   8.1800000e-01   8.9428000e+02   8.6790517e+01
   8.9479100e+02   8.4000000e-01   8.9512700e+02   8.8011874e+01
   8.9566800e+02   8.7700000e-01   8.9599400e+02   8.7888925e+01
   8.9656400e+02   8.9600000e-01   8.9689400e+02   8.4746116e+01
   8.9746100e+02   8.9700000e-01   8.9778200e+02   8.7523128e+01
   8.9834000e+02   8.7900000e-01   8.9866700e+02   8.2854130e+01
