   3.8620000e+00   8.1100000e-01   4.1510000e+00   1.2971895e+02
   4.6880000e+00   8.2600000e-01   4.9710000e+00   1.3156145e+02
   5.5080000e+00   8.2100000e-01   5.8110000e+00   1.2947176e+02
   6.3080000e+00   8.0000000e-01   6.6010000e+00   1.3040331e+02
   7.1190000e+00   8.1100000e-01   7.4010000e+00   1.3146074e+02
   7.9400000e+00   8.2100000e-01   8.2210000e+00   1.3195513e+02
   8.7600000e+00   8.2000000e-01   9.0610000e+00   1.2542970e+02
   9.5560000e+00   7.9600000e-01   9.8410000e+00   1.3020189e+02
   1.0358000e+01   8.0200000e-01   1.0641000e+01   1.3192079e+02
   1.1163000e+01   8.0600000e-01   1.1461000e+01   1.3123644e+02
   1.1962000e+01   7.9900000e-01   1.2261000e+01   1.3202150e+02
   1.2776000e+01   8.1400000e-01   1.3061000e+01   1.3545931e+02
   1.3613000e+01   8.3700000e-01   1.3911000e+01   1.3083132e+02
   1.4418000e+01   8.0400000e-01   1.4711000e+01   1.3330324e+02
   1.5252000e+01   8.3500000e-01   1.5531000e+01   1.3528994e+02
   1.6098000e+01   8.4600000e-01   1.6391000e+01   1.3219088e+02
   1.6932000e+01   8.3400000e-01   1.7231000e+01   1.3067339e+02
   1.7757000e+01   8.2500000e-01   1.8051000e+01   1.3301027e+02
   1.8572000e+01   8.1600000e-01   1.8861000e+01   1.3014696e+02
   1.9352000e+01   7.7900000e-01   1.9651000e+01   1.3271730e+02
   2.0114000e+01   7.6200000e-01   2.0411000e+01   1.3330324e+02
   2.0858000e+01   7.4400000e-01   2.1141000e+01   1.3439043e+02
   2.1602000e+01   7.4500000e-01   2.1881000e+01   1.3758105e+02
   2.2352000e+01   7.4900000e-01   2.2631000e+01   1.3927707e+02
   2.3101000e+01   7.4900000e-01   2.3381000e+01   1.3806399e+02
   2.3810000e+01   7.0900000e-01   2.4101000e+01   1.3719882e+02
   2.4500000e+01   6.9100000e-01   2.4791000e+01   1.3596285e+02
   2.5201000e+01   7.0000000e-01   2.5481000e+01   1.4089526e+02
   2.5921000e+01   7.2000000e-01   2.6191000e+01   1.4218616e+02
   2.6685000e+01   7.6400000e-01   2.6971000e+01   1.3968219e+02
   2.7482000e+01   7.9700000e-01   2.7771000e+01   1.3650302e+02
   2.8258000e+01   7.7600000e-01   2.8541000e+01   1.3908709e+02
   2.9044000e+01   7.8700000e-01   2.9331000e+01   1.3905276e+02
   2.9858000e+01   8.1400000e-01   3.0141000e+01   1.3428972e+02
   3.0642000e+01   7.8400000e-01   3.0941000e+01   1.3288668e+02
   3.1438000e+01   7.9600000e-01   3.1721000e+01   1.3438128e+02
   3.2231000e+01   7.9400000e-01   3.2511000e+01   1.3232592e+02
   3.3010000e+01   7.7900000e-01   3.3291000e+01   1.3344744e+02
   3.3788000e+01   7.7800000e-01   3.4071000e+01   1.3368319e+02
   3.4568000e+01   7.8000000e-01   3.4851000e+01   1.3518923e+02
   3.5350000e+01   7.8200000e-01   3.5631000e+01   1.3656024e+02
   3.6132000e+01   7.8200000e-01   3.6421000e+01   1.3745745e+02
   3.6910000e+01   7.7800000e-01   3.7191000e+01   1.3681658e+02
   3.7673000e+01   7.6400000e-01   3.7971000e+01   1.3577288e+02
   3.8432000e+01   7.5800000e-01   3.8721000e+01   1.3585070e+02
   3.9191000e+01   7.5900000e-01   3.9471000e+01   1.3723315e+02
   3.9938000e+01   7.4700000e-01   4.0211000e+01   1.3746890e+02
   4.0667000e+01   7.3000000e-01   4.0961000e+01   1.3802966e+02
   4.1377000e+01   7.1000000e-01   4.1661000e+01   1.4038943e+02
   4.2098000e+01   7.2000000e-01   4.2371000e+01   1.4439945e+02
   4.2807000e+01   7.1000000e-01   4.3081000e+01   1.4500599e+02
   4.3538000e+01   7.3000000e-01   4.3811000e+01   1.4455509e+02
   4.4258000e+01   7.2000000e-01   4.4531000e+01   1.4306278e+02
   4.4955000e+01   6.9700000e-01   4.5231000e+01   1.4429874e+02
   4.5656000e+01   7.0100000e-01   4.5941000e+01   1.4289340e+02
   4.6340000e+01   6.8400000e-01   4.6631000e+01   1.4042377e+02
   4.7039000e+01   7.0000000e-01   4.7321000e+01   1.4228687e+02
   4.7736000e+01   6.9700000e-01   4.8031000e+01   1.4053592e+02
   4.8435000e+01   7.0000000e-01   4.8711000e+01   1.4786930e+02
   4.9151000e+01   7.1600000e-01   4.9421000e+01   1.4635410e+02
   4.9891000e+01   7.3900000e-01   5.0161000e+01   1.4620762e+02
   5.0614000e+01   7.2300000e-01   5.0901000e+01   1.4138965e+02
   5.1325000e+01   7.1200000e-01   5.1611000e+01   1.4458942e+02
   5.2073000e+01   7.4800000e-01   5.2351000e+01   1.4653263e+02
   5.2871000e+01   7.9700000e-01   5.3141000e+01   1.4380436e+02
   5.3712000e+01   8.4200000e-01   5.4001000e+01   1.3887195e+02
   5.4508000e+01   7.9500000e-01   5.4791000e+01   1.3779391e+02
   5.5304000e+01   7.9600000e-01   5.5581000e+01   1.3973712e+02
   5.6109000e+01   8.0600000e-01   5.6391000e+01   1.3806399e+02
   5.6950000e+01   8.4000000e-01   5.7241000e+01   1.3351610e+02
   5.7761000e+01   8.1200000e-01   5.8041000e+01   1.3398760e+02
   5.8578000e+01   8.1600000e-01   5.8851000e+01   1.3654879e+02
   5.9421000e+01   8.4300000e-01   5.9701000e+01   1.3557146e+02
   6.0260000e+01   8.3900000e-01   6.0551000e+01   1.3051775e+02
   6.1078000e+01   8.1900000e-01   6.1361000e+01   1.3408831e+02
   6.1907000e+01   8.2900000e-01   6.2191000e+01   1.3464907e+02
   6.2767000e+01   8.6000000e-01   6.3051000e+01   1.3424624e+02
   6.3618000e+01   8.5100000e-01   6.3911000e+01   1.3044908e+02
   6.4442000e+01   8.2300000e-01   6.4731000e+01   1.3497637e+02
   6.5295000e+01   8.5300000e-01   6.5571000e+01   1.3614367e+02
   6.6157000e+01   8.6200000e-01   6.6431000e+01   1.3583010e+02
   6.7037000e+01   8.8000000e-01   6.7331000e+01   1.3202150e+02
   6.7874000e+01   8.3700000e-01   6.8161000e+01   1.3435839e+02
   6.8726000e+01   8.5200000e-01   6.9001000e+01   1.3573855e+02
   6.9594000e+01   8.6800000e-01   6.9881000e+01   1.3447054e+02
   7.0489000e+01   8.9500000e-01   7.0771000e+01   1.3219088e+02
   7.1330000e+01   8.4100000e-01   7.1631000e+01   1.2950609e+02
   7.2167000e+01   8.3700000e-01   7.2451000e+01   1.3374041e+02
   7.3008000e+01   8.4200000e-01   7.3291000e+01   1.3309954e+02
   7.3883000e+01   8.7400000e-01   7.4171000e+01   1.3032549e+02
   7.4728000e+01   8.4500000e-01   7.5021000e+01   1.2696779e+02
   7.5551000e+01   8.2300000e-01   7.5841000e+01   1.3123644e+02
   7.6407000e+01   8.5700000e-01   7.6691000e+01   1.3004396e+02
   7.7288000e+01   8.8000000e-01   7.7571000e+01   1.2876451e+02
   7.8170000e+01   8.8200000e-01   7.8451000e+01   1.2620332e+02
   7.9027000e+01   8.5700000e-01   7.9331000e+01   1.2321641e+02
   7.9851000e+01   8.2400000e-01   8.0141000e+01   1.2575471e+02
   8.0680000e+01   8.2900000e-01   8.0961000e+01   1.2806871e+02
   8.1524000e+01   8.4400000e-01   8.1811000e+01   1.2661988e+02
   8.2392000e+01   8.6800000e-01   8.2681000e+01   1.2411591e+02
   8.3223000e+01   8.3100000e-01   8.3511000e+01   1.2627198e+02
   8.4080000e+01   8.5700000e-01   8.4361000e+01   1.2724931e+02
   8.4941000e+01   8.6000000e-01   8.5231000e+01   1.2439515e+02
   8.5764000e+01   8.2300000e-01   8.6061000e+01   1.2485520e+02
   8.6595000e+01   8.3100000e-01   8.6881000e+01   1.2647340e+02
   8.7427000e+01   8.3200000e-01   8.7711000e+01   1.2747362e+02
   8.8273000e+01   8.4600000e-01   8.8561000e+01   1.2632692e+02
   8.9097000e+01   8.2500000e-01   8.9401000e+01   1.2630403e+02
   8.9910000e+01   8.1300000e-01   9.0191000e+01   1.3132570e+02
   9.0746000e+01   8.3600000e-01   9.1031000e+01   1.3184297e+02
   9.1596000e+01   8.5000000e-01   9.1881000e+01   1.3066194e+02
   9.2446000e+01   8.5000000e-01   9.2741000e+01   1.2732713e+02
   9.3263000e+01   8.1700000e-01   9.3551000e+01   1.2974184e+02
   9.4087000e+01   8.2500000e-01   9.4371000e+01   1.3179720e+02
   9.4944000e+01   8.5600000e-01   9.5231000e+01   1.3225725e+02
   9.5823000e+01   8.8000000e-01   9.6111000e+01   1.3000047e+02
   9.6660000e+01   8.3700000e-01   9.6951000e+01   1.3097780e+02
   9.7499000e+01   8.3800000e-01   9.7781000e+01   1.3545931e+02
   9.8358000e+01   8.5900000e-01   9.8641000e+01   1.3503130e+02
   9.9220000e+01   8.6200000e-01   9.9511000e+01   1.3146074e+02
   1.0005500e+02   8.3500000e-01   1.0034100e+02   1.3147219e+02
   1.0089200e+02   8.3700000e-01   1.0117100e+02   1.3297594e+02
   1.0174800e+02   8.5600000e-01   1.0203100e+02   1.3150423e+02
   1.0261100e+02   8.6200000e-01   1.0289100e+02   1.2977617e+02
   1.0348000e+02   8.7000000e-01   1.0377100e+02   1.2718065e+02
   1.0430500e+02   8.2500000e-01   1.0460100e+02   1.2627198e+02
   1.0510500e+02   8.0000000e-01   1.0539100e+02   1.2944887e+02
   1.0592700e+02   8.2200000e-01   1.0621100e+02   1.2958391e+02
   1.0676600e+02   8.4000000e-01   1.0705100e+02   1.2773225e+02
   1.0758200e+02   8.1600000e-01   1.0787100e+02   1.2779863e+02
   1.0840000e+02   8.1800000e-01   1.0868100e+02   1.3148363e+02
   1.0923500e+02   8.3500000e-01   1.0951100e+02   1.3213366e+02
   1.1007700e+02   8.4100000e-01   1.1036100e+02   1.2852876e+02
   1.1089100e+02   8.1400000e-01   1.1118100e+02   1.2895448e+02
   1.1169600e+02   8.0500000e-01   1.1198100e+02   1.3120210e+02
   1.1252900e+02   8.3300000e-01   1.1281100e+02   1.3171938e+02
   1.1336600e+02   8.3700000e-01   1.1365100e+02   1.2930467e+02
   1.1417400e+02   8.0800000e-01   1.1447100e+02   1.3043764e+02
   1.1499700e+02   8.2300000e-01   1.1528100e+02   1.3369463e+02
   1.1584800e+02   8.5100000e-01   1.1613100e+02   1.3329180e+02
   1.1669100e+02   8.4300000e-01   1.1699100e+02   1.2937105e+02
   1.1750800e+02   8.1700000e-01   1.1780100e+02   1.3069628e+02
   1.1832700e+02   8.1900000e-01   1.1861100e+02   1.3354815e+02
   1.1916400e+02   8.3700000e-01   1.1944100e+02   1.3275164e+02
   1.2000700e+02   8.4400000e-01   1.2030100e+02   1.3064134e+02
   1.2081700e+02   8.0900000e-01   1.2111100e+02   1.3094347e+02
   1.2163500e+02   8.1800000e-01   1.2191100e+02   1.3372896e+02
   1.2246400e+02   8.2900000e-01   1.2275100e+02   1.3316820e+02
   1.2332000e+02   8.5600000e-01   1.2360100e+02   1.3189791e+02
   1.2418200e+02   8.6200000e-01   1.2448100e+02   1.2910097e+02
   1.2501500e+02   8.3300000e-01   1.2531100e+02   1.2957246e+02
   1.2583600e+02   8.2100000e-01   1.2612100e+02   1.3048342e+02
   1.2667900e+02   8.4300000e-01   1.2696100e+02   1.3005541e+02
   1.2750700e+02   8.2900000e-01   1.2780100e+02   1.2582109e+02
   1.2831200e+02   8.0500000e-01   1.2860100e+02   1.2892244e+02
   1.2913300e+02   8.2100000e-01   1.2942100e+02   1.3102129e+02
   1.2998900e+02   8.5600000e-01   1.3027100e+02   1.3081987e+02
   1.3084600e+02   8.5700000e-01   1.3113100e+02   1.3133715e+02
   1.3166700e+02   8.2100000e-01   1.3196100e+02   1.2758577e+02
   1.3247000e+02   8.0300000e-01   1.3276100e+02   1.3149279e+02
   1.3326600e+02   7.9600000e-01   1.3355100e+02   1.3397616e+02
   1.3408600e+02   8.2000000e-01   1.3437100e+02   1.3370608e+02
   1.3492400e+02   8.3900000e-01   1.3521100e+02   1.3153856e+02
   1.3574100e+02   8.1600000e-01   1.3603100e+02   1.3112429e+02
   1.3654500e+02   8.0400000e-01   1.3683100e+02   1.3455981e+02
   1.3737000e+02   8.2600000e-01   1.3765100e+02   1.3498782e+02
   1.3819100e+02   8.2100000e-01   1.3847100e+02   1.3306521e+02
   1.3899300e+02   8.0200000e-01   1.3929100e+02   1.2915819e+02
   1.3977500e+02   7.8200000e-01   1.4007100e+02   1.3350466e+02
   1.4057400e+02   7.9800000e-01   1.4086100e+02   1.3535860e+02
   1.4140500e+02   8.3200000e-01   1.4168100e+02   1.3526705e+02
   1.4223400e+02   8.2900000e-01   1.4252100e+02   1.3258226e+02
   1.4305600e+02   8.2200000e-01   1.4335100e+02   1.2996614e+02
   1.4386400e+02   8.0900000e-01   1.4415100e+02   1.3430117e+02
   1.4468700e+02   8.2200000e-01   1.4497100e+02   1.3530138e+02
   1.4551100e+02   8.2400000e-01   1.4579100e+02   1.3333529e+02
   1.4634600e+02   8.3500000e-01   1.4664100e+02   1.3047197e+02
   1.4714100e+02   7.9500000e-01   1.4744100e+02   1.2743928e+02
   1.4792300e+02   7.8200000e-01   1.4821100e+02   1.3185213e+02
   1.4872400e+02   8.0100000e-01   1.4901100e+02   1.3279741e+02
   1.4957200e+02   8.4900000e-01   1.4985100e+02   1.3190935e+02
   1.5043700e+02   8.6400000e-01   1.5072100e+02   1.2888811e+02
   1.5125900e+02   8.2200000e-01   1.5156100e+02   1.2689912e+02
   1.5206300e+02   8.0400000e-01   1.5235100e+02   1.3060701e+02
   1.5288500e+02   8.2200000e-01   1.5317100e+02   1.3095491e+02
   1.5371900e+02   8.3400000e-01   1.5400100e+02   1.2964113e+02
   1.5457000e+02   8.5100000e-01   1.5486100e+02   1.2645051e+02
   1.5537200e+02   8.0100000e-01   1.5567100e+02   1.2527177e+02
   1.5617000e+02   7.9800000e-01   1.5645100e+02   1.2781007e+02
   1.5698700e+02   8.1700000e-01   1.5727100e+02   1.2839372e+02
   1.5782800e+02   8.4100000e-01   1.5812100e+02   1.2617128e+02
   1.5864200e+02   8.1400000e-01   1.5893100e+02   1.2298066e+02
   1.5943900e+02   7.9700000e-01   1.5973100e+02   1.2655122e+02
   1.6025500e+02   8.1500000e-01   1.6053100e+02   1.2878740e+02
   1.6109300e+02   8.3800000e-01   1.6138100e+02   1.2758577e+02
   1.6192100e+02   8.2800000e-01   1.6222100e+02   1.2432877e+02
   1.6273700e+02   8.1600000e-01   1.6303100e+02   1.2664277e+02
   1.6354800e+02   8.1100000e-01   1.6383100e+02   1.2800004e+02
   1.6438200e+02   8.3400000e-01   1.6467100e+02   1.2806871e+02
   1.6524700e+02   8.6500000e-01   1.6553100e+02   1.2568833e+02
   1.6608300e+02   8.3700000e-01   1.6637100e+02   1.2326218e+02
   1.6689100e+02   8.0800000e-01   1.6718100e+02   1.2653978e+02
   1.6770700e+02   8.1600000e-01   1.6799100e+02   1.2816942e+02
   1.6854300e+02   8.3700000e-01   1.6882100e+02   1.2810304e+02
   1.6939000e+02   8.4600000e-01   1.6969100e+02   1.2367646e+02
   1.7020800e+02   8.1900000e-01   1.7050100e+02   1.2710283e+02
   1.7103900e+02   8.3100000e-01   1.7132100e+02   1.3087709e+02
   1.7188100e+02   8.4300000e-01   1.7216100e+02   1.3195513e+02
   1.7271800e+02   8.3700000e-01   1.7301100e+02   1.2920168e+02
   1.7352200e+02   8.0400000e-01   1.7381100e+02   1.3271730e+02
   1.7434300e+02   8.2100000e-01   1.7463100e+02   1.3514346e+02
   1.7520000e+02   8.5700000e-01   1.7549100e+02   1.3330324e+02
   1.7602300e+02   8.2300000e-01   1.7632100e+02   1.3158434e+02
   1.7683700e+02   8.1400000e-01   1.7712100e+02   1.3547076e+02
   1.7765600e+02   8.2000000e-01   1.7794100e+02   1.3642520e+02
   1.7849400e+02   8.3800000e-01   1.7878100e+02   1.3433550e+02
   1.7930900e+02   8.1500000e-01   1.7960100e+02   1.3308809e+02
   1.8012500e+02   8.1600000e-01   1.8041100e+02   1.3710955e+02
   1.8094400e+02   8.1800000e-01   1.8123100e+02   1.3849200e+02
   1.8177200e+02   8.2900000e-01   1.8207100e+02   1.3530138e+02
   1.8257100e+02   7.9900000e-01   1.8287100e+02   1.3605441e+02
   1.8338700e+02   8.1600000e-01   1.8367100e+02   1.3894061e+02
   1.8422600e+02   8.3900000e-01   1.8451100e+02   1.3902987e+02
   1.8508400e+02   8.5800000e-01   1.8537100e+02   1.3488482e+02
   1.8590400e+02   8.2000000e-01   1.8620100e+02   1.3526705e+02
   1.8670900e+02   8.0500000e-01   1.8700100e+02   1.3817614e+02
   1.8753300e+02   8.2300000e-01   1.8781100e+02   1.3972568e+02
   1.8835600e+02   8.2400000e-01   1.8865100e+02   1.3536776e+02
   1.8915900e+02   8.0200000e-01   1.8945100e+02   1.3698596e+02
   1.8995400e+02   7.9500000e-01   1.9023100e+02   1.4159106e+02
   1.9078800e+02   8.3400000e-01   1.9106100e+02   1.4239902e+02
   1.9164900e+02   8.6200000e-01   1.9193100e+02   1.4086093e+02
   1.9251100e+02   8.6100000e-01   1.9280100e+02   1.3863620e+02
   1.9333300e+02   8.2200000e-01   1.9363100e+02   1.3511141e+02
   1.9413500e+02   8.0200000e-01   1.9442100e+02   1.3840045e+02
   1.9496700e+02   8.3200000e-01   1.9524100e+02   1.3900699e+02
   1.9581300e+02   8.4600000e-01   1.9610100e+02   1.3618945e+02
   1.9665200e+02   8.3900000e-01   1.9695100e+02   1.3184297e+02
   1.9747500e+02   8.2300000e-01   1.9776100e+02   1.3539065e+02
   1.9832000e+02   8.4400000e-01   1.9860100e+02   1.3716677e+02
   1.9919900e+02   8.7900000e-01   1.9948100e+02   1.3558291e+02
   2.0008100e+02   8.8200000e-01   2.0036100e+02   1.3377474e+02
   2.0093900e+02   8.5800000e-01   2.0123100e+02   1.2697923e+02
   2.0181800e+02   8.7900000e-01   2.0210100e+02   1.3093202e+02
   2.0269400e+02   8.7600000e-01   2.0297100e+02   1.3334673e+02
   2.0352100e+02   8.2700000e-01   2.0381100e+02   1.3156145e+02
   2.0435000e+02   8.2900000e-01   2.0464100e+02   1.2941682e+02
   2.0511700e+02   7.6600000e-01   2.0542100e+02   1.2751710e+02
   2.0587900e+02   7.6200000e-01   2.0617100e+02   1.3479555e+02
   2.0665700e+02   7.7800000e-01   2.0694100e+02   1.3882846e+02
   2.0744900e+02   7.9200000e-01   2.0773100e+02   1.3987216e+02
   2.0825200e+02   8.0300000e-01   2.0854100e+02   1.3860415e+02
   2.0902700e+02   7.7500000e-01   2.0932100e+02   1.3702029e+02
   2.0980800e+02   7.8100000e-01   2.1009100e+02   1.4339923e+02
   2.1059000e+02   7.8200000e-01   2.1087100e+02   1.4349994e+02
   2.1140300e+02   8.1300000e-01   2.1169100e+02   1.4159106e+02
   2.1217200e+02   7.6900000e-01   2.1247100e+02   1.3872775e+02
   2.1293900e+02   7.6700000e-01   2.1322100e+02   1.4319782e+02
   2.1370600e+02   7.6600000e-01   2.1399100e+02   1.4315204e+02
   2.1444400e+02   7.3800000e-01   2.1473100e+02   1.4306278e+02
   2.1516200e+02   7.1900000e-01   2.1545100e+02   1.4342212e+02
   2.1587600e+02   7.1400000e-01   2.1616100e+02   1.4238757e+02
   2.1660400e+02   7.2700000e-01   2.1689100e+02   1.4802723e+02
   2.1736300e+02   7.6000000e-01   2.1764100e+02   1.4928379e+02
   2.1815900e+02   7.9500000e-01   2.1843100e+02   1.4913731e+02
   2.1896200e+02   8.0300000e-01   2.1925100e+02   1.4518451e+02
   2.1974100e+02   7.7900000e-01   2.2003100e+02   1.4786930e+02
   2.2053500e+02   7.9400000e-01   2.2081100e+02   1.4880085e+02
   2.2129600e+02   7.6100000e-01   2.2158100e+02   1.4544315e+02
   2.2204600e+02   7.5000000e-01   2.2234100e+02   1.4191608e+02
   2.2279700e+02   7.5100000e-01   2.2308100e+02   1.4639759e+02
   2.2355300e+02   7.5600000e-01   2.2383100e+02   1.4859944e+02
   2.2431300e+02   7.6000000e-01   2.2459100e+02   1.4891300e+02
   2.2507500e+02   7.6200000e-01   2.2536100e+02   1.4707279e+02
   2.2581100e+02   7.3600000e-01   2.2610100e+02   1.4654407e+02
   2.2652500e+02   7.1400000e-01   2.2681100e+02   1.4409504e+02
   2.2722700e+02   7.0200000e-01   2.2751100e+02   1.4620762e+02
   2.2796800e+02   7.4000000e-01   2.2824100e+02   1.4982396e+02
   2.2872700e+02   7.6000000e-01   2.2900100e+02   1.4971180e+02
   2.2950600e+02   7.7900000e-01   2.2979100e+02   1.4437656e+02
   2.3028300e+02   7.7700000e-01   2.3056100e+02   1.4503803e+02
   2.3106400e+02   7.8100000e-01   2.3134100e+02   1.4791508e+02
   2.3185700e+02   7.9400000e-01   2.3213100e+02   1.4680271e+02
   2.3264400e+02   7.8700000e-01   2.3293100e+02   1.4244480e+02
   2.3342200e+02   7.7800000e-01   2.3371100e+02   1.4493732e+02
   2.3420100e+02   7.7900000e-01   2.3448100e+02   1.4731998e+02
   2.3499400e+02   7.9300000e-01   2.3527100e+02   1.4788075e+02
   2.3577800e+02   7.8400000e-01   2.3606100e+02   1.4355716e+02
   2.3654800e+02   7.7100000e-01   2.3683100e+02   1.4619617e+02
   2.3732000e+02   7.7100000e-01   2.3760100e+02   1.4853306e+02
   2.3811000e+02   7.9000000e-01   2.3838100e+02   1.4720554e+02
   2.3888300e+02   7.7300000e-01   2.3917100e+02   1.4394855e+02
   2.3964900e+02   7.6700000e-01   2.3993100e+02   1.4781208e+02
   2.4042900e+02   7.8000000e-01   2.4070100e+02   1.4886952e+02
   2.4122400e+02   7.9400000e-01   2.4150100e+02   1.4731998e+02
   2.4200900e+02   7.8500000e-01   2.4229100e+02   1.4623966e+02
   2.4278900e+02   7.8000000e-01   2.4307100e+02   1.4916020e+02
   2.4358800e+02   7.9900000e-01   2.4386100e+02   1.4882374e+02
   2.4442700e+02   8.3900000e-01   2.4471100e+02   1.4577961e+02
   2.4522700e+02   8.0100000e-01   2.4552100e+02   1.4410648e+02
   2.4600300e+02   7.7500000e-01   2.4628100e+02   1.4657841e+02
   2.4676800e+02   7.6500000e-01   2.4705100e+02   1.4717350e+02
   2.4756000e+02   7.9200000e-01   2.4784100e+02   1.4493732e+02
   2.4832400e+02   7.6300000e-01   2.4861100e+02   1.4508381e+02
   2.4909600e+02   7.7300000e-01   2.4937100e+02   1.4755573e+02
   2.4989000e+02   7.9400000e-01   2.5016100e+02   1.4762211e+02
   2.5069300e+02   8.0300000e-01   2.5098100e+02   1.4338779e+02
   2.5148800e+02   7.9600000e-01   2.5176100e+02   1.4742069e+02
   2.5229400e+02   8.0600000e-01   2.5257100e+02   1.4853306e+02
   2.5311700e+02   8.2300000e-01   2.5340100e+02   1.4546604e+02
   2.5391300e+02   7.9600000e-01   2.5420100e+02   1.4490528e+02
   2.5471200e+02   7.9900000e-01   2.5499100e+02   1.4737492e+02
   2.5551300e+02   8.0100000e-01   2.5579100e+02   1.4650974e+02
   2.5632800e+02   8.1500000e-01   2.5661100e+02   1.4269199e+02
   2.5709100e+02   7.6300000e-01   2.5737100e+02   1.4463520e+02
   2.5787000e+02   7.7900000e-01   2.5815100e+02   1.4601536e+02
   2.5866900e+02   7.9900000e-01   2.5895100e+02   1.4472446e+02
   2.5946600e+02   7.9700000e-01   2.5975100e+02   1.4086093e+02
   2.6024300e+02   7.7700000e-01   2.6052100e+02   1.4436512e+02
   2.6101900e+02   7.7600000e-01   2.6129100e+02   1.4630833e+02
   2.6179900e+02   7.8000000e-01   2.6207100e+02   1.4506092e+02
   2.6258600e+02   7.8700000e-01   2.6288100e+02   1.4190463e+02
   2.6337400e+02   7.8800000e-01   2.6365100e+02   1.4520740e+02
   2.6417900e+02   8.0500000e-01   2.6445100e+02   1.4625111e+02
   2.6500000e+02   8.2100000e-01   2.6528100e+02   1.4438800e+02
   2.6581400e+02   8.1500000e-01   2.6610100e+02   1.4159106e+02
   2.6659700e+02   7.8300000e-01   2.6688100e+02   1.4462375e+02
   2.6739400e+02   7.9700000e-01   2.6767100e+02   1.4628544e+02
   2.6823500e+02   8.4100000e-01   2.6852100e+02   1.4342212e+02
   2.6905100e+02   8.1600000e-01   2.6933100e+02   1.4255695e+02
   2.6987000e+02   8.1800000e-01   2.7015100e+02   1.4572468e+02
   2.7071100e+02   8.4100000e-01   2.7099100e+02   1.4509525e+02
   2.7154900e+02   8.3800000e-01   2.7184100e+02   1.4105090e+02
   2.7236000e+02   8.1100000e-01   2.7264100e+02   1.4335346e+02
   2.7314900e+02   7.8900000e-01   2.7343100e+02   1.4531955e+02
   2.7396700e+02   8.1800000e-01   2.7425100e+02   1.4280414e+02
   2.7476000e+02   7.9300000e-01   2.7504100e+02   1.4154529e+02
   2.7554300e+02   7.8200000e-01   2.7582100e+02   1.4396000e+02
   2.7634100e+02   7.9800000e-01   2.7662100e+02   1.4382495e+02
   2.7715800e+02   8.1700000e-01   2.7744100e+02   1.4100742e+02
   2.7796200e+02   8.0300000e-01   2.7825100e+02   1.4202823e+02
   2.7875500e+02   7.9300000e-01   2.7903100e+02   1.4452305e+02
   2.7957800e+02   8.2300000e-01   2.7986100e+02   1.4446582e+02
   2.8041500e+02   8.3700000e-01   2.8069100e+02   1.4230975e+02
   2.8117500e+02   7.6000000e-01   2.8146100e+02   1.4152240e+02
   2.8189600e+02   7.2100000e-01   2.8219100e+02   1.4042377e+02
   2.8261000e+02   7.1400000e-01   2.8290100e+02   1.3891772e+02
   2.8333900e+02   7.2800000e-01   2.8361100e+02   1.4377002e+02
   2.8408400e+02   7.4500000e-01   2.8436100e+02   1.4421863e+02
   2.8490600e+02   8.2200000e-01   2.8518100e+02   1.4299411e+02
   2.8572400e+02   8.1800000e-01   2.8601100e+02   1.3823336e+02
   2.8650600e+02   7.8200000e-01   2.8679100e+02   1.4160251e+02
   2.8728500e+02   7.7900000e-01   2.8756100e+02   1.4235553e+02
   2.8810300e+02   8.1800000e-01   2.8838100e+02   1.4143314e+02
   2.8892300e+02   8.2000000e-01   2.8920100e+02   1.3858126e+02
   2.8970500e+02   7.8300000e-01   2.9000100e+02   1.3802966e+02
   2.9048800e+02   7.8200000e-01   2.9077100e+02   1.4190463e+02
   2.9127300e+02   7.8500000e-01   2.9155100e+02   1.4198474e+02
   2.9210200e+02   8.2900000e-01   2.9238100e+02   1.4071445e+02
   2.9291500e+02   8.1300000e-01   2.9320100e+02   1.3616656e+02
   2.9369900e+02   7.8400000e-01   2.9398100e+02   1.4093875e+02
   2.9451400e+02   8.1500000e-01   2.9479100e+02   1.4190463e+02
   2.9533700e+02   8.2400000e-01   2.9562100e+02   1.4095020e+02
   2.9617600e+02   8.3900000e-01   2.9647100e+02   1.3818759e+02
   2.9696700e+02   7.9000000e-01   2.9725100e+02   1.3864764e+02
   2.9773000e+02   7.6300000e-01   2.9801100e+02   1.4172611e+02
   2.9851000e+02   7.8000000e-01   2.9879100e+02   1.4246768e+02
   2.9934000e+02   8.3100000e-01   2.9962100e+02   1.4103030e+02
   3.0015100e+02   8.1100000e-01   3.0044100e+02   1.3656024e+02
   3.0094400e+02   7.9300000e-01   3.0122100e+02   1.3999576e+02
   3.0174000e+02   7.9600000e-01   3.0201100e+02   1.4129810e+02
   3.0256700e+02   8.2700000e-01   3.0285100e+02   1.3963641e+02
   3.0338700e+02   8.2000000e-01   3.0368100e+02   1.3476122e+02
   3.0418500e+02   7.9800000e-01   3.0447100e+02   1.3845767e+02
   3.0498200e+02   7.9700000e-01   3.0526100e+02   1.3992938e+02
   3.0578600e+02   8.0400000e-01   3.0607100e+02   1.3938922e+02
   3.0661800e+02   8.3200000e-01   3.0690100e+02   1.3599719e+02
   3.0741700e+02   7.9900000e-01   3.0771100e+02   1.3315676e+02
   3.0818000e+02   7.6300000e-01   3.0847100e+02   1.3718737e+02
   3.0895500e+02   7.7400000e-01   3.0923100e+02   1.3788546e+02
   3.0975000e+02   7.9500000e-01   3.1003100e+02   1.3751467e+02
   3.1055700e+02   8.0800000e-01   3.1084100e+02   1.3509997e+02
   3.1133400e+02   7.7600000e-01   3.1163100e+02   1.3308809e+02
   3.1209300e+02   7.5900000e-01   3.1237100e+02   1.3698596e+02
   3.1284500e+02   7.5200000e-01   3.1312100e+02   1.3814181e+02
   3.1363000e+02   7.8400000e-01   3.1391100e+02   1.3806399e+02
   3.1441000e+02   7.8000000e-01   3.1470100e+02   1.3452547e+02
   3.1518800e+02   7.7900000e-01   3.1547100e+02   1.4049014e+02
   3.1598300e+02   7.9400000e-01   3.1626100e+02   1.4188403e+02
   3.1678900e+02   8.0700000e-01   3.1707100e+02   1.4105090e+02
   3.1762100e+02   8.3200000e-01   3.1791100e+02   1.3672732e+02
   3.1841500e+02   7.9400000e-01   3.1870100e+02   1.3658084e+02
   3.1918500e+02   7.7000000e-01   3.1947100e+02   1.3900699e+02
   3.1995900e+02   7.7400000e-01   3.2024100e+02   1.3840045e+02
   3.2075400e+02   7.9600000e-01   3.2103100e+02   1.3781680e+02
   3.2154400e+02   7.9000000e-01   3.2184100e+02   1.3534716e+02
   3.2232000e+02   7.7500000e-01   3.2261100e+02   1.3759249e+02
   3.2309900e+02   7.8000000e-01   3.2338100e+02   1.4123172e+02
   3.2391600e+02   8.1700000e-01   3.2419100e+02   1.4036655e+02
   3.2473800e+02   8.2200000e-01   3.2503100e+02   1.3675021e+02
   3.2553600e+02   7.9800000e-01   3.2582100e+02   1.3892917e+02
   3.2634700e+02   8.1200000e-01   3.2662100e+02   1.4080371e+02
   3.2717000e+02   8.2300000e-01   3.2745100e+02   1.4008502e+02
   3.2802600e+02   8.5600000e-01   3.2831100e+02   1.3705233e+02
   3.2886000e+02   8.3400000e-01   3.2915100e+02   1.3552569e+02
   3.2967100e+02   8.1000000e-01   3.2995100e+02   1.3769320e+02
   3.3048800e+02   8.1700000e-01   3.3077100e+02   1.3668383e+02
   3.3130600e+02   8.1900000e-01   3.3160100e+02   1.3323458e+02
   3.3212000e+02   8.1300000e-01   3.3240100e+02   1.3448199e+02
   3.3292100e+02   8.0200000e-01   3.3320100e+02   1.3668383e+02
   3.3376000e+02   8.3800000e-01   3.3404100e+02   1.3435839e+02
   3.3461800e+02   8.5800000e-01   3.3491100e+02   1.3096636e+02
   3.3541800e+02   8.0000000e-01   3.3571100e+02   1.3287523e+02
   3.3621700e+02   7.9800000e-01   3.3650100e+02   1.3448199e+02
   3.3703100e+02   8.1500000e-01   3.3731100e+02   1.3306521e+02
   3.3783400e+02   8.0200000e-01   3.3812100e+02   1.2988832e+02
   3.3862300e+02   7.9000000e-01   3.3890100e+02   1.3333529e+02
   3.3941700e+02   7.9300000e-01   3.3970100e+02   1.3378618e+02
   3.4023200e+02   8.1500000e-01   3.4052100e+02   1.3034837e+02
   3.4102400e+02   7.9200000e-01   3.4131100e+02   1.3058412e+02
   3.4180300e+02   7.7900000e-01   3.4208100e+02   1.3349322e+02
   3.4260500e+02   8.0200000e-01   3.4288100e+02   1.3262804e+02
   3.4340600e+02   8.0200000e-01   3.4370100e+02   1.2956102e+02
   3.4418500e+02   7.7800000e-01   3.4447100e+02   1.3163927e+02
   3.4496300e+02   7.7800000e-01   3.4525100e+02   1.3466051e+02
   3.4574700e+02   7.8400000e-01   3.4603100e+02   1.3427828e+02
   3.4655500e+02   8.0800000e-01   3.4684100e+02   1.3151567e+02
   3.4732000e+02   7.6500000e-01   3.4762100e+02   1.3362826e+02
   3.4807900e+02   7.5800000e-01   3.4836100e+02   1.3667239e+02
   3.4886600e+02   7.8700000e-01   3.4915100e+02   1.3678454e+02
   3.4965500e+02   7.9000000e-01   3.4995100e+02   1.3321169e+02
   3.5043500e+02   7.7900000e-01   3.5073100e+02   1.3630160e+02
   3.5122600e+02   7.9100000e-01   3.5150100e+02   1.3862475e+02
   3.5202600e+02   8.0000000e-01   3.5231100e+02   1.3871631e+02
   3.5283100e+02   8.0500000e-01   3.5312100e+02   1.3451403e+02
   3.5362800e+02   7.9800000e-01   3.5392100e+02   1.3751467e+02
   3.5440600e+02   7.7700000e-01   3.5469100e+02   1.3940066e+02
   3.5518900e+02   7.8300000e-01   3.5547100e+02   1.3867053e+02
   3.5598400e+02   7.9600000e-01   3.5627100e+02   1.3514346e+02
   3.5675700e+02   7.7300000e-01   3.5704100e+02   1.3652590e+02
   3.5752200e+02   7.6400000e-01   3.5780100e+02   1.3987216e+02
   3.5830200e+02   7.8000000e-01   3.5858100e+02   1.3981723e+02
   3.5911400e+02   8.1200000e-01   3.5939100e+02   1.4040088e+02
   3.5993200e+02   8.1800000e-01   3.6022100e+02   1.3759249e+02
   3.6069800e+02   7.6600000e-01   3.6100100e+02   1.3813266e+02
   3.6146700e+02   7.6900000e-01   3.6175100e+02   1.4132098e+02
   3.6223200e+02   7.6400000e-01   3.6251100e+02   1.4251117e+02
   3.6301600e+02   7.8400000e-01   3.6330100e+02   1.3945788e+02
   3.6379100e+02   7.7500000e-01   3.6408100e+02   1.4049014e+02
   3.6456900e+02   7.7800000e-01   3.6485100e+02   1.4353427e+02
   3.6534700e+02   7.7800000e-01   3.6562100e+02   1.4290485e+02
   3.6614600e+02   7.9900000e-01   3.6643100e+02   1.4107379e+02
   3.6691500e+02   7.6900000e-01   3.6720100e+02   1.3833407e+02
   3.6767400e+02   7.5900000e-01   3.6795100e+02   1.4288196e+02
   3.6844300e+02   7.6800000e-01   3.6872100e+02   1.4366931e+02
   3.6923800e+02   7.9500000e-01   3.6952100e+02   1.4209689e+02
   3.7002000e+02   7.8300000e-01   3.7031100e+02   1.3855838e+02
   3.7078900e+02   7.6800000e-01   3.7107100e+02   1.4215183e+02
   3.7155700e+02   7.6900000e-01   3.7184100e+02   1.4361209e+02
   3.7235100e+02   7.9300000e-01   3.7263100e+02   1.4287052e+02
   3.7315000e+02   7.9900000e-01   3.7343100e+02   1.3825625e+02
   3.7392800e+02   7.7800000e-01   3.7421100e+02   1.4140109e+02
   3.7471000e+02   7.8200000e-01   3.7499100e+02   1.4290485e+02
   3.7550400e+02   7.9300000e-01   3.7578100e+02   1.4049014e+02
   3.7627600e+02   7.7200000e-01   3.7657100e+02   1.3777331e+02
   3.7704300e+02   7.6800000e-01   3.7732100e+02   1.4186115e+02
   3.7781100e+02   7.6700000e-01   3.7809100e+02   1.4297351e+02
   3.7862100e+02   8.1000000e-01   3.7890100e+02   1.4220905e+02
   3.7944200e+02   8.2000000e-01   3.7973100e+02   1.3850116e+02
   3.8023700e+02   7.9500000e-01   3.8052100e+02   1.4133243e+02
   3.8101900e+02   7.8200000e-01   3.8130100e+02   1.4280414e+02
   3.8183200e+02   8.1300000e-01   3.8209100e+02   1.3634509e+02
   3.8263500e+02   8.0400000e-01   3.8263600e+02   2.4998507e+01
   3.8343700e+02   8.0200000e-01   3.8400100e+02   1.7499412e+02
   3.8427200e+02   8.3500000e-01   3.8427300e+02   1.7499412e+02
   3.8513500e+02   8.6300000e-01   3.8513600e+02   1.7499412e+02
   3.8598700e+02   8.5100000e-01   3.8598800e+02   1.7499412e+02
   3.8676900e+02   7.8300000e-01   3.8677000e+02   2.4998507e+01
   3.8755000e+02   7.8000000e-01   3.8800100e+02   1.7499412e+02
   3.8832800e+02   7.7800000e-01   3.8832900e+02   1.7499412e+02
   3.8912000e+02   7.9200000e-01   3.8912100e+02   1.7499412e+02
   3.8988500e+02   7.6500000e-01   3.8988600e+02   1.7499412e+02
   3.9067500e+02   7.9000000e-01   3.9067600e+02   2.4998507e+01
   3.9147700e+02   8.0200000e-01   3.9200100e+02   1.7499412e+02
   3.9225600e+02   7.7900000e-01   3.9225700e+02   1.7499412e+02
   3.9303000e+02   7.7400000e-01   3.9303100e+02   1.7499412e+02
   3.9381700e+02   7.8600000e-01   3.9381800e+02   1.7499412e+02
   3.9461500e+02   7.9800000e-01   3.9461600e+02   2.4998507e+01
   3.9538700e+02   7.7200000e-01   3.9600100e+02   1.7499412e+02
   3.9617200e+02   7.8500000e-01   3.9617300e+02   1.7499412e+02
   3.9696000e+02   7.8800000e-01   3.9696100e+02   1.7499412e+02
   3.9776900e+02   8.0900000e-01   3.9777000e+02   1.7499412e+02
   3.9854300e+02   7.7400000e-01   3.9854400e+02   2.4998507e+01
   3.9930700e+02   7.6400000e-01   4.0000100e+02   1.7499412e+02
   4.0008700e+02   7.7900000e-01   4.0008800e+02   1.7499412e+02
   4.0088200e+02   7.9500000e-01   4.0088300e+02   1.7499412e+02
   4.0166000e+02   7.7800000e-01   4.0166100e+02   1.7499412e+02
   4.0244000e+02   7.8000000e-01   4.0244100e+02   2.4998507e+01
   4.0324600e+02   8.0600000e-01   4.0400100e+02   1.7499412e+02
   4.0407900e+02   8.3300000e-01   4.0408000e+02   1.7499412e+02
   4.0487000e+02   7.9100000e-01   4.0487100e+02   1.7499412e+02
   4.0566100e+02   7.9100000e-01   4.0566200e+02   1.7499412e+02
   4.0647200e+02   8.1200000e-01   4.0647300e+02   2.4998507e+01
   4.0727800e+02   8.0600000e-01   4.0800100e+02   1.7499412e+02
   4.0806500e+02   7.8700000e-01   4.0806600e+02   1.7499412e+02
   4.0883400e+02   7.6900000e-01   4.0883500e+02   1.7499412e+02
   4.0963200e+02   7.9800000e-01   4.0963300e+02   1.7499412e+02
   4.1046500e+02   8.3300000e-01   4.1046600e+02   2.4998507e+01
   4.1127000e+02   8.0500000e-01   4.1200100e+02   1.7499412e+02
   4.1205500e+02   7.8500000e-01   4.1205600e+02   1.7499412e+02
   4.1284100e+02   7.8600000e-01   4.1284200e+02   1.7499412e+02
   4.1365100e+02   8.1000000e-01   4.1365200e+02   1.7499412e+02
   4.1448500e+02   8.3400000e-01   4.1448600e+02   2.4998507e+01
   4.1528200e+02   7.9800000e-01   4.1600100e+02   1.7499412e+02
   4.1606300e+02   7.8000000e-01   4.1606400e+02   1.7499412e+02
   4.1686200e+02   7.9900000e-01   4.1686300e+02   1.7499412e+02
   4.1769900e+02   8.3700000e-01   4.1770000e+02   1.7499412e+02
   4.1851700e+02   8.1800000e-01   4.1851800e+02   2.4998507e+01
   4.1929600e+02   7.7900000e-01   4.2000100e+02   1.7499412e+02
   4.2007400e+02   7.7900000e-01   4.2007500e+02   1.7499412e+02
   4.2087300e+02   7.9900000e-01   4.2087400e+02   1.7499412e+02
   4.2165500e+02   7.8200000e-01   4.2165600e+02   1.7499412e+02
   4.2243000e+02   7.7500000e-01   4.2243100e+02   2.4998507e+01
   4.2321000e+02   7.8000000e-01   4.2400100e+02   1.7499412e+02
   4.2404300e+02   8.3400000e-01   4.2404400e+02   1.7499412e+02
   4.2484800e+02   8.0400000e-01   4.2484900e+02   1.7499412e+02
   4.2562500e+02   7.7700000e-01   4.2562600e+02   1.7499412e+02
   4.2639700e+02   7.7200000e-01   4.2639800e+02   2.4998507e+01
   4.2718300e+02   7.8600000e-01   4.2718400e+02   2.4998507e+01
   4.2798400e+02   8.0100000e-01   4.2800100e+02   1.7499412e+02
   4.2879300e+02   8.0900000e-01   4.2879400e+02   1.7499412e+02
   4.2957800e+02   7.8500000e-01   4.2957900e+02   1.7499412e+02
   4.3037700e+02   7.9900000e-01   4.3037800e+02   2.4998507e+01
   4.3119700e+02   8.2000000e-01   4.3199200e+02   3.9997153e+01
   4.3199100e+02   7.9400000e-01   4.3200100e+02   1.7499412e+02
   4.3277200e+02   7.8200000e-01   4.3277300e+02   1.7499412e+02
   4.3357600e+02   8.0400000e-01   4.3357700e+02   1.7499412e+02
   4.3445200e+02   8.7600000e-01   4.3445300e+02   2.4998507e+01
   4.3526900e+02   8.1700000e-01   4.3560100e+02   1.2825868e+02
   4.3606700e+02   7.9800000e-01   4.3636100e+02   1.3195513e+02
   4.3687000e+02   8.0300000e-01   4.3717100e+02   1.3192079e+02
   4.3768400e+02   8.1400000e-01   4.3798100e+02   1.3112429e+02
   4.3847800e+02   7.9400000e-01   4.3878100e+02   1.2861803e+02
   4.3923700e+02   7.5900000e-01   4.3953100e+02   1.3201006e+02
   4.3999600e+02   7.6000000e-01   4.4028100e+02   1.3292101e+02
   4.4077700e+02   7.8000000e-01   4.4107100e+02   1.3232592e+02
   4.4156000e+02   7.8400000e-01   4.4186100e+02   1.2943742e+02
   4.4233700e+02   7.7600000e-01   4.4264100e+02   1.3347033e+02
   4.4311700e+02   7.8100000e-01   4.4341100e+02   1.3526705e+02
   4.4392800e+02   8.1000000e-01   4.4422100e+02   1.3404253e+02
   4.4475500e+02   8.2700000e-01   4.4505100e+02   1.3129137e+02
   4.4555100e+02   7.9600000e-01   4.4584100e+02   1.3320025e+02
   4.4635000e+02   7.9900000e-01   4.4664100e+02   1.3411120e+02
   4.4715100e+02   8.0100000e-01   4.4745100e+02   1.3313387e+02
   4.4797200e+02   8.2100000e-01   4.4827100e+02   1.2992037e+02
   4.4876300e+02   7.9100000e-01   4.4906100e+02   1.3156145e+02
   4.4954400e+02   7.8100000e-01   4.4983100e+02   1.3306521e+02
   4.5034100e+02   7.9700000e-01   4.5063100e+02   1.3245867e+02
   4.5114400e+02   8.0300000e-01   4.5144100e+02   1.3057268e+02
   4.5192300e+02   7.7900000e-01   4.5223100e+02   1.2983110e+02
   4.5270000e+02   7.7700000e-01   4.5299100e+02   1.3253878e+02
   4.5348000e+02   7.7900000e-01   4.5385100e+02   1.4056796e+02
   4.5428100e+02   8.0100000e-01   4.5458100e+02   1.4103030e+02
   4.5503700e+02   7.5600000e-01   4.5534100e+02   1.2920168e+02
   4.5575900e+02   7.2200000e-01   4.5606100e+02   1.3029115e+02
   4.5645200e+02   6.9300000e-01   4.5675100e+02   1.3024767e+02
   4.5715400e+02   7.0200000e-01   4.5744100e+02   1.3432406e+02
   4.5789200e+02   7.3800000e-01   4.5818100e+02   1.3438128e+02
   4.5871500e+02   8.2300000e-01   4.5900100e+02   1.3342455e+02
   4.5956700e+02   8.5200000e-01   4.5986100e+02   1.3050630e+02
   4.6038400e+02   8.1700000e-01   4.6068100e+02   1.3171938e+02
   4.6118200e+02   7.9800000e-01   4.6147100e+02   1.3236940e+02
   4.6199700e+02   8.1500000e-01   4.6229100e+02   1.3089769e+02
   4.6281500e+02   8.1800000e-01   4.6311100e+02   1.2668626e+02
   4.6360000e+02   7.8500000e-01   4.6390100e+02   1.2931383e+02
   4.6438900e+02   7.8900000e-01   4.6467100e+02   1.3087709e+02
   4.6521300e+02   8.2400000e-01   4.6550100e+02   1.3000047e+02
   4.6603300e+02   8.2000000e-01   4.6633100e+02   1.2824724e+02
   4.6681400e+02   7.8100000e-01   4.6712100e+02   1.2580049e+02
   4.6757100e+02   7.5700000e-01   4.6787100e+02   1.2802293e+02
   4.6832800e+02   7.5700000e-01   4.6862100e+02   1.2928178e+02
   4.6912200e+02   7.9300000e-01   4.6941100e+02   1.2907808e+02
   4.6993700e+02   8.1500000e-01   4.7023100e+02   1.2664277e+02
   4.7071700e+02   7.8000000e-01   4.7106100e+02   1.3354815e+02
   4.7149800e+02   7.8200000e-01   4.7179100e+02   1.2746217e+02
   4.7229200e+02   7.9300000e-01   4.7258100e+02   1.2733857e+02
   4.7311100e+02   8.1900000e-01   4.7340100e+02   1.2460801e+02
   4.7389700e+02   7.8600000e-01   4.7420100e+02   1.2558534e+02
   4.7467200e+02   7.7600000e-01   4.7496100e+02   1.2669770e+02
   4.7546500e+02   7.9300000e-01   4.7576100e+02   1.2657411e+02
   4.7627300e+02   8.0800000e-01   4.7657100e+02   1.2375428e+02
   4.7706600e+02   7.9300000e-01   4.7737100e+02   1.2310426e+02
   4.7782900e+02   7.6300000e-01   4.7812100e+02   1.2607972e+02
   4.7860000e+02   7.7100000e-01   4.7889100e+02   1.2619188e+02
   4.7939600e+02   7.9600000e-01   4.7969100e+02   1.2493531e+02
   4.8018600e+02   7.9000000e-01   4.8049100e+02   1.2274491e+02
   4.8096000e+02   7.7400000e-01   4.8126100e+02   1.2427155e+02
   4.8170400e+02   7.4400000e-01   4.8200100e+02   1.2678697e+02
   4.8247800e+02   7.7400000e-01   4.8277100e+02   1.2672059e+02
   4.8328300e+02   8.0500000e-01   4.8358100e+02   1.2548463e+02
   4.8409400e+02   8.1100000e-01   4.8440100e+02   1.2544114e+02
   4.8491200e+02   8.1800000e-01   4.8520100e+02   1.2740495e+02
   4.8572300e+02   8.1100000e-01   4.8601100e+02   1.2731569e+02
   4.8653100e+02   8.0800000e-01   4.8683100e+02   1.2471101e+02
   4.8732800e+02   7.9700000e-01   4.8762100e+02   1.2617128e+02
   4.8812500e+02   7.9600000e-01   4.8841100e+02   1.2686708e+02
   4.8892700e+02   8.0300000e-01   4.8923100e+02   1.2485520e+02
   4.8972100e+02   7.9400000e-01   4.9002100e+02   1.2278840e+02
   4.9048400e+02   7.6300000e-01   4.9078100e+02   1.2545030e+02
   4.9126300e+02   7.7900000e-01   4.9156100e+02   1.2578904e+02
   4.9209600e+02   8.3300000e-01   4.9239100e+02   1.2365357e+02
   4.9289300e+02   7.9700000e-01   4.9319100e+02   1.2260987e+02
   4.9367900e+02   7.8600000e-01   4.9398100e+02   1.2541825e+02
   4.9446900e+02   7.9000000e-01   4.9476100e+02   1.2570893e+02
   4.9527600e+02   8.0800000e-01   4.9557100e+02   1.2434022e+02
   4.9607400e+02   7.9800000e-01   4.9638100e+02   1.2168976e+02
   4.9684600e+02   7.7200000e-01   4.9714100e+02   1.2414796e+02
   4.9761000e+02   7.6400000e-01   4.9791100e+02   1.2518250e+02
   4.9839500e+02   7.8600000e-01   4.9869100e+02   1.2421662e+02
   4.9918600e+02   7.9100000e-01   4.9949100e+02   1.2186829e+02
   4.9995700e+02   7.7000000e-01   5.0026100e+02   1.2575471e+02
   5.0073000e+02   7.7300000e-01   5.0102100e+02   1.2730424e+02
   5.0152500e+02   7.9600000e-01   5.0182100e+02   1.2746217e+02
   5.0235700e+02   8.3200000e-01   5.0265100e+02   1.2475450e+02
   5.0313800e+02   7.8100000e-01   5.0343100e+02   1.2703416e+02
   5.0390800e+02   7.7000000e-01   5.0420100e+02   1.2851732e+02
   5.0467800e+02   7.7000000e-01   5.0498000e+02   1.2792222e+02
   5.0547500e+02   7.9800000e-01   5.0578100e+02   1.2564256e+02
   5.0624700e+02   7.7200000e-01   5.0654100e+02   1.2689912e+02
   5.0701000e+02   7.6300000e-01   5.0731100e+02   1.2976473e+02
   5.0781200e+02   8.0200000e-01   5.0811100e+02   1.3052690e+02
   5.0866300e+02   8.5100000e-01   5.0896100e+02   1.2841661e+02
   5.0947900e+02   8.1700000e-01   5.0978100e+02   1.2755143e+02
   5.1026300e+02   7.8400000e-01   5.1057100e+02   1.2943742e+02
   5.1105800e+02   7.9500000e-01   5.1135100e+02   1.2944887e+02
   5.1186200e+02   8.0500000e-01   5.1216100e+02   1.2803438e+02
   5.1269000e+02   8.2800000e-01   5.1298100e+02   1.2688997e+02
   5.1347800e+02   7.8800000e-01   5.1379100e+02   1.2534959e+02
   5.1423700e+02   7.5900000e-01   5.1454100e+02   1.2748506e+02
   5.1501100e+02   7.7400000e-01   5.1530100e+02   1.2835939e+02
   5.1578800e+02   7.7700000e-01   5.1608100e+02   1.2783296e+02
   5.1659200e+02   8.0400000e-01   5.1689100e+02   1.2611406e+02
   5.1738800e+02   7.9600000e-01   5.1769100e+02   1.2641618e+02
   5.1818300e+02   7.9400000e-01   5.1847100e+02   1.2851732e+02
   5.1898300e+02   8.0100000e-01   5.1928100e+02   1.2806871e+02
   5.1980600e+02   8.2200000e-01   5.2010100e+02   1.2461945e+02
   5.2058200e+02   7.7700000e-01   5.2089100e+02   1.2465379e+02
   5.2134400e+02   7.6100000e-01   5.2164100e+02   1.2630403e+02
   5.2211800e+02   7.7400000e-01   5.2241100e+02   1.2689912e+02
   5.2291500e+02   7.9800000e-01   5.2321100e+02   1.2649629e+02
   5.2371200e+02   7.9700000e-01   5.2401100e+02   1.2415940e+02
   5.2447800e+02   7.6600000e-01   5.2478100e+02   1.2714631e+02
   5.2525200e+02   7.7400000e-01   5.2554100e+02   1.2944887e+02
   5.2603500e+02   7.8300000e-01   5.2633100e+02   1.2859514e+02
   5.2685100e+02   8.1600000e-01   5.2715100e+02   1.2641618e+02
   5.2764500e+02   7.9400000e-01   5.2794100e+02   1.2701356e+02
   5.2843000e+02   7.8500000e-01   5.2873100e+02   1.2898881e+02
   5.2922000e+02   7.9000000e-01   5.2951100e+02   1.2928178e+02
   5.3000200e+02   7.8200000e-01   5.3030100e+02   1.2714631e+02
   5.3076700e+02   7.6400000e-01   5.3107100e+02   1.2750566e+02
   5.3152000e+02   7.5400000e-01   5.3182100e+02   1.3003481e+02
   5.3228300e+02   7.6300000e-01   5.3258100e+02   1.3022478e+02
   5.3306200e+02   7.7900000e-01   5.3336100e+02   1.2795656e+02
   5.3384400e+02   7.8200000e-01   5.3414100e+02   1.3041475e+02
   5.3467100e+02   8.2700000e-01   5.3496100e+02   1.3153856e+02
   5.3553600e+02   8.6500000e-01   5.3583100e+02   1.2884233e+02
   5.3640600e+02   8.7000000e-01   5.3671100e+02   1.2696779e+02
   5.3723000e+02   8.2400000e-01   5.3752100e+02   1.2768648e+02
   5.3804300e+02   8.1300000e-01   5.3834100e+02   1.2628343e+02
   5.3885800e+02   8.1500000e-01   5.3916100e+02   1.2408158e+02
   5.3966800e+02   8.1000000e-01   5.3996100e+02   1.2564256e+02
   5.4047200e+02   8.0400000e-01   5.4077100e+02   1.2605683e+02
   5.4126700e+02   7.9500000e-01   5.4157100e+02   1.2306992e+02
   5.4204600e+02   7.7900000e-01   5.4234100e+02   1.2493531e+02
   5.4283600e+02   7.9000000e-01   5.4313100e+02   1.2636125e+02
   5.4368000e+02   8.4400000e-01   5.4397100e+02   1.2442948e+02
   5.4451900e+02   8.3800000e-01   5.4482100e+02   1.2214982e+02
   5.4532200e+02   8.0300000e-01   5.4562100e+02   1.2474305e+02
   5.4613300e+02   8.1100000e-01   5.4643100e+02   1.2553041e+02
   5.4697500e+02   8.4100000e-01   5.4727100e+02   1.2361008e+02
   5.4777900e+02   8.0400000e-01   5.4809100e+02   1.2131897e+02
   5.4854400e+02   7.6500000e-01   5.4884100e+02   1.2454163e+02
   5.4931600e+02   7.7100000e-01   5.4961100e+02   1.2630403e+02
   5.5010600e+02   7.9000000e-01   5.5040100e+02   1.2637269e+02
   5.5091100e+02   8.0500000e-01   5.5121100e+02   1.2582109e+02
   5.5169200e+02   7.8100000e-01   5.5200100e+02   1.2731569e+02
   5.5246600e+02   7.7400000e-01   5.5276100e+02   1.3016756e+02
   5.5325000e+02   7.8500000e-01   5.5354100e+02   1.3060701e+02
   5.5404900e+02   7.9900000e-01   5.5435100e+02   1.2688997e+02
   5.5482600e+02   7.7600000e-01   5.5512100e+02   1.2841661e+02
   5.5558700e+02   7.6100000e-01   5.5588100e+02   1.3075350e+02
   5.5636300e+02   7.7600000e-01   5.5666100e+02   1.2995470e+02
   5.5713700e+02   7.7400000e-01   5.5744100e+02   1.2772081e+02
   5.5789400e+02   7.5700000e-01   5.5819100e+02   1.3052690e+02
   5.5865300e+02   7.5900000e-01   5.5894100e+02   1.3169649e+02
   5.5942400e+02   7.7200000e-01   5.5972100e+02   1.3149279e+02
   5.6021700e+02   7.9300000e-01   5.6052100e+02   1.2900026e+02
   5.6099700e+02   7.8000000e-01   5.6129100e+02   1.3180864e+02
   5.6177700e+02   7.8000000e-01   5.6207100e+02   1.3326891e+02
   5.6258600e+02   8.0800000e-01   5.6287100e+02   1.3239229e+02
   5.6339000e+02   8.0500000e-01   5.6369100e+02   1.2896593e+02
   5.6417600e+02   7.8500000e-01   5.6447100e+02   1.3158434e+02
   5.6496000e+02   7.8400000e-01   5.6525100e+02   1.3226870e+02
   5.6574400e+02   7.8400000e-01   5.6603100e+02   1.3136003e+02
   5.6652700e+02   7.8300000e-01   5.6683100e+02   1.2857454e+02
   5.6730700e+02   7.7900000e-01   5.6761100e+02   1.2950609e+02
   5.6808100e+02   7.7400000e-01   5.6837100e+02   1.3220232e+02
   5.6886000e+02   7.7900000e-01   5.6915100e+02   1.3209932e+02
   5.6967800e+02   8.1800000e-01   5.6997100e+02   1.3097780e+02
   5.7049800e+02   8.2000000e-01   5.7080100e+02   1.2883089e+02
   5.7127900e+02   7.8100000e-01   5.7158100e+02   1.3038271e+02
   5.7205200e+02   7.7300000e-01   5.7234100e+02   1.3209017e+02
   5.7282700e+02   7.7500000e-01   5.7311100e+02   1.3171938e+02
   5.7362900e+02   8.0200000e-01   5.7392100e+02   1.2898881e+02
   5.7440800e+02   7.7900000e-01   5.7470100e+02   1.3049486e+02
   5.7520300e+02   7.9500000e-01   5.7549100e+02   1.3314531e+02
   5.7601500e+02   8.1300000e-01   5.7631100e+02   1.3313387e+02
   5.7682900e+02   8.1400000e-01   5.7713100e+02   1.3020189e+02
   5.7762600e+02   7.9700000e-01   5.7792100e+02   1.3238085e+02
   5.7842200e+02   7.9600000e-01   5.7871100e+02   1.3416613e+02
   5.7922900e+02   8.0700000e-01   5.7952100e+02   1.3212221e+02
   5.8002200e+02   7.9300000e-01   5.8032100e+02   1.3139208e+02
   5.8080200e+02   7.8000000e-01   5.8109100e+02   1.3402193e+02
   5.8159900e+02   7.9700000e-01   5.8189100e+02   1.3451403e+02
   5.8245200e+02   8.5200000e-01   5.8274100e+02   1.3212221e+02
   5.8325200e+02   8.0000000e-01   5.8355100e+02   1.3206728e+02
   5.8403400e+02   7.8200000e-01   5.8433100e+02   1.3453692e+02
   5.8481600e+02   7.8300000e-01   5.8511100e+02   1.3484133e+02
   5.8564500e+02   8.2900000e-01   5.8593100e+02   1.3269671e+02
   5.8645200e+02   8.0700000e-01   5.8675100e+02   1.3207872e+02
   5.8724700e+02   7.9500000e-01   5.8754100e+02   1.3401049e+02
   5.8803400e+02   7.8700000e-01   5.8833100e+02   1.3497637e+02
   5.8886400e+02   8.3000000e-01   5.8915100e+02   1.3136919e+02
   5.8966900e+02   8.0500000e-01   5.8997100e+02   1.3238085e+02
   5.9048200e+02   8.1300000e-01   5.9077100e+02   1.3480700e+02
   5.9128600e+02   8.0400000e-01   5.9158100e+02   1.3302172e+02
   5.9209800e+02   8.1200000e-01   5.9239100e+02   1.3040331e+02
   5.9288000e+02   7.8200000e-01   5.9317100e+02   1.3312243e+02
   5.9367600e+02   7.9600000e-01   5.9396100e+02   1.3377474e+02
   5.9449400e+02   8.1800000e-01   5.9478100e+02   1.3188646e+02
   5.9531300e+02   8.1800000e-01   5.9561100e+02   1.3051775e+02
   5.9610500e+02   7.9300000e-01   5.9639100e+02   1.3293245e+02
   5.9689800e+02   7.9300000e-01   5.9719100e+02   1.3345888e+02
   5.9771200e+02   8.1300000e-01   5.9800100e+02   1.3234652e+02
   5.9855300e+02   8.4100000e-01   5.9885100e+02   1.3004396e+02
   5.9935400e+02   8.0100000e-01   5.9965100e+02   1.3223436e+02
   6.0014900e+02   7.9400000e-01   6.0044100e+02   1.3345888e+02
   6.0094900e+02   8.0100000e-01   6.0124100e+02   1.3205584e+02
   6.0176200e+02   8.1300000e-01   6.0205100e+02   1.2888811e+02
   6.0254400e+02   7.8200000e-01   6.0284100e+02   1.3148363e+02
   6.0334600e+02   8.0200000e-01   6.0363100e+02   1.3263948e+02
   6.0420600e+02   8.6000000e-01   6.0449100e+02   1.3121355e+02
   6.0505800e+02   8.5200000e-01   6.0535100e+02   1.2792222e+02
   6.0585800e+02   8.0100000e-01   6.0615100e+02   1.2970750e+02
   6.0665600e+02   7.9800000e-01   6.0694100e+02   1.3110140e+02
   6.0747200e+02   8.1700000e-01   6.0776100e+02   1.3100984e+02
   6.0829400e+02   8.2200000e-01   6.0859100e+02   1.2803438e+02
   6.0908600e+02   7.9200000e-01   6.0938100e+02   1.2919252e+02
   6.0986300e+02   7.7700000e-01   6.1015100e+02   1.3074205e+02
   6.1066100e+02   7.9800000e-01   6.1094100e+02   1.3100984e+02
   6.1148700e+02   8.2600000e-01   6.1178100e+02   1.2850587e+02
   6.1228400e+02   7.9700000e-01   6.1258100e+02   1.2869813e+02
   6.1306300e+02   7.8000000e-01   6.1335100e+02   1.3043764e+02
   6.1385800e+02   7.9400000e-01   6.1414100e+02   1.3084276e+02
   6.1467500e+02   8.1700000e-01   6.1496100e+02   1.2931383e+02
   6.1545600e+02   7.8100000e-01   6.1575100e+02   1.2726075e+02
   6.1622300e+02   7.6700000e-01   6.1652100e+02   1.3066194e+02
   6.1701000e+02   7.8700000e-01   6.1730100e+02   1.3159578e+02
   6.1782500e+02   8.1500000e-01   6.1811100e+02   1.3087709e+02
   6.1864900e+02   8.2300000e-01   6.1895100e+02   1.2871873e+02
   6.1945000e+02   8.0200000e-01   6.1974100e+02   1.3162783e+02
   6.2025700e+02   8.0700000e-01   6.2055100e+02   1.3215654e+02
   6.2109100e+02   8.3400000e-01   6.2138100e+02   1.3006685e+02
   6.2189100e+02   8.0100000e-01   6.2219100e+02   1.2822664e+02
   6.2267300e+02   7.8200000e-01   6.2297100e+02   1.3077410e+02
   6.2347100e+02   7.9800000e-01   6.2376100e+02   1.3121355e+02
   6.2430600e+02   8.3500000e-01   6.2460100e+02   1.2877595e+02
   6.2512800e+02   8.2200000e-01   6.2542100e+02   1.3053835e+02
   6.2594900e+02   8.2200000e-01   6.2624100e+02   1.3215654e+02
   6.2679000e+02   8.4100000e-01   6.2708100e+02   1.3085420e+02
   6.2762500e+02   8.3500000e-01   6.2793100e+02   1.2842805e+02
   6.2843700e+02   8.1200000e-01   6.2873100e+02   1.3059557e+02
   6.2924100e+02   8.0400000e-01   6.2953100e+02   1.3141497e+02
   6.3007900e+02   8.3800000e-01   6.3037100e+02   1.3020189e+02
   6.3089500e+02   8.1600000e-01   6.3119100e+02   1.2888811e+02
   6.3168300e+02   7.8800000e-01   6.3198100e+02   1.3214510e+02
   6.3249000e+02   8.0800000e-01   6.3278100e+02   1.3180864e+02
   6.3331100e+02   8.2100000e-01   6.3360100e+02   1.2914674e+02
   6.3410900e+02   7.9800000e-01   6.3440100e+02   1.3060701e+02
   6.3488900e+02   7.8000000e-01   6.3518100e+02   1.3284090e+02
   6.3569200e+02   8.0300000e-01   6.3598100e+02   1.3196657e+02
   6.3650600e+02   8.1400000e-01   6.3680100e+02   1.2915819e+02
   6.3728400e+02   7.7900000e-01   6.3758100e+02   1.3095491e+02
   6.3806100e+02   7.7600000e-01   6.3834100e+02   1.3332384e+02
   6.3884600e+02   7.8500000e-01   6.3913100e+02   1.3313387e+02
   6.3963800e+02   7.9200000e-01   6.3993100e+02   1.2957246e+02
   6.4040600e+02   7.6900000e-01   6.4070100e+02   1.3195513e+02
   6.4117900e+02   7.7300000e-01   6.4147100e+02   1.3349322e+02
   6.4197400e+02   7.9500000e-01   6.4226100e+02   1.3344744e+02
   6.4278000e+02   8.0600000e-01   6.4307100e+02   1.2935960e+02
   6.4356100e+02   7.8100000e-01   6.4385100e+02   1.3206728e+02
   6.4435000e+02   7.8900000e-01   6.4463100e+02   1.3339251e+02
   6.4515400e+02   8.0400000e-01   6.4544100e+02   1.3231447e+02
   6.4597900e+02   8.2500000e-01   6.4627100e+02   1.2973039e+02
   6.4677800e+02   7.9900000e-01   6.4708100e+02   1.3038271e+02
   6.4756800e+02   7.9000000e-01   6.4785100e+02   1.3115633e+02
   6.4835600e+02   7.8800000e-01   6.4865100e+02   1.3056124e+02
   6.4917400e+02   8.1800000e-01   6.4947100e+02   1.2808015e+02
   6.4995700e+02   7.8300000e-01   6.5026100e+02   1.2866380e+02
   6.5070900e+02   7.5200000e-01   6.5101100e+02   1.3050630e+02
   6.5144000e+02   7.3100000e-01   6.5173100e+02   1.3166216e+02
   6.5222700e+02   7.8700000e-01   6.5251100e+02   1.3156145e+02
   6.5307700e+02   8.5100000e-01   6.5336100e+02   1.3266237e+02
   6.5396600e+02   8.8800000e-01   6.5425100e+02   1.3359392e+02
   6.5484200e+02   8.7600000e-01   6.5513100e+02   1.3262804e+02
   6.5562600e+02   7.8400000e-01   6.5592100e+02   1.3158434e+02
   6.5635800e+02   7.3200000e-01   6.5665100e+02   1.3064134e+02
   6.5709700e+02   7.3900000e-01   6.5739100e+02   1.3107851e+02
   6.5788000e+02   7.8300000e-01   6.5817100e+02   1.3043764e+02
   6.5866800e+02   7.8800000e-01   6.5896100e+02   1.3043764e+02
   6.5950800e+02   8.4000000e-01   6.5979100e+02   1.3017900e+02
   6.6035900e+02   8.5100000e-01   6.6066100e+02   1.2575471e+02
   6.6116800e+02   8.1000000e-01   6.6146100e+02   1.2782152e+02
   6.6196400e+02   7.9500000e-01   6.6225100e+02   1.2915819e+02
   6.6278000e+02   8.1600000e-01   6.6306100e+02   1.2715776e+02
   6.6362500e+02   8.4500000e-01   6.6391100e+02   1.2613694e+02
   6.6448400e+02   8.5900000e-01   6.6477100e+02   1.2653062e+02
   6.6531100e+02   8.2700000e-01   6.6561100e+02   1.2413651e+02
   6.6609900e+02   7.8800000e-01   6.6639100e+02   1.2490098e+02
   6.6686600e+02   7.6700000e-01   6.6716100e+02   1.2615983e+02
   6.6764400e+02   7.7800000e-01   6.6793100e+02   1.2564256e+02
   6.6847200e+02   8.2900000e-01   6.6876100e+02   1.2304703e+02
   6.6926200e+02   7.9000000e-01   6.6956100e+02   1.2273347e+02
   6.7004300e+02   7.8000000e-01   6.7033100e+02   1.2615983e+02
   6.7083200e+02   7.9000000e-01   6.7112100e+02   1.2672059e+02
   6.7165400e+02   8.2200000e-01   6.7194100e+02   1.2576615e+02
   6.7249200e+02   8.3800000e-01   6.7278100e+02   1.2429444e+02
   6.7329000e+02   7.9800000e-01   6.7359100e+02   1.2423722e+02
   6.7405000e+02   7.6000000e-01   6.7434100e+02   1.2651918e+02
   6.7481200e+02   7.6200000e-01   6.7510100e+02   1.2767503e+02
   6.7560900e+02   7.9700000e-01   6.7590100e+02   1.2586686e+02
   6.7642800e+02   8.1900000e-01   6.7672100e+02   1.2566545e+02
   6.7722600e+02   7.9800000e-01   6.7753100e+02   1.2405869e+02
   6.7799900e+02   7.7300000e-01   6.7829100e+02   1.2613694e+02
   6.7874700e+02   7.4900000e-01   6.7904100e+02   1.2775285e+02
   6.7952500e+02   7.7800000e-01   6.7982100e+02   1.2650773e+02
   6.8034000e+02   8.1500000e-01   6.8063100e+02   1.2528321e+02
   6.8115600e+02   8.1700000e-01   6.8145100e+02   1.2377717e+02
   6.8193500e+02   7.7900000e-01   6.8223100e+02   1.2683275e+02
   6.8271500e+02   7.8000000e-01   6.8300100e+02   1.2830446e+02
   6.8349600e+02   7.8100000e-01   6.8379100e+02   1.2733857e+02
   6.8430800e+02   8.1200000e-01   6.8460100e+02   1.2424867e+02
   6.8509000e+02   7.8100000e-01   6.8539100e+02   1.2526032e+02
   6.8585500e+02   7.6500000e-01   6.8615100e+02   1.2732713e+02
   6.8664400e+02   7.8800000e-01   6.8693100e+02   1.2695634e+02
   6.8745200e+02   8.0800000e-01   6.8774100e+02   1.2555329e+02
   6.8828200e+02   8.3100000e-01   6.8857100e+02   1.2403581e+02
   6.8907300e+02   7.9100000e-01   6.8938100e+02   1.2258698e+02
   6.8984400e+02   7.7100000e-01   6.9014100e+02   1.2515962e+02
   6.9060900e+02   7.6500000e-01   6.9090100e+02   1.2567689e+02
   6.9139300e+02   7.8400000e-01   6.9169100e+02   1.2404725e+02
   6.9219200e+02   7.9800000e-01   6.9249100e+02   1.2239701e+02
   6.9296500e+02   7.7300000e-01   6.9327100e+02   1.2325074e+02
   6.9372800e+02   7.6400000e-01   6.9402100e+02   1.2483460e+02
   6.9449800e+02   7.7000000e-01   6.9479100e+02   1.2527177e+02
   6.9529400e+02   7.9600000e-01   6.9558100e+02   1.2348649e+02
   6.9609600e+02   8.0200000e-01   6.9639100e+02   1.2181336e+02
   6.9687500e+02   7.7900000e-01   6.9717100e+02   1.2271058e+02
   6.9762700e+02   7.5200000e-01   6.9792100e+02   1.2453019e+02
   6.9839000e+02   7.6300000e-01   6.9868100e+02   1.2540681e+02
   6.9917400e+02   7.8400000e-01   6.9946100e+02   1.2364213e+02
   6.9998500e+02   8.1100000e-01   7.0028100e+02   1.2246339e+02
   7.0077100e+02   7.8700000e-01   7.0108100e+02   1.2294633e+02
   7.0153600e+02   7.6400000e-01   7.0184100e+02   1.2526032e+02
   7.0230800e+02   7.7300000e-01   7.0260100e+02   1.2585542e+02
   7.0310500e+02   7.9600000e-01   7.0340100e+02   1.2486665e+02
   7.0390300e+02   7.9800000e-01   7.0421100e+02   1.2274491e+02
   7.0467800e+02   7.7500000e-01   7.0498100e+02   1.2578904e+02
   7.0544400e+02   7.6600000e-01   7.0574100e+02   1.2679841e+02
   7.0624300e+02   7.9800000e-01   7.0653100e+02   1.2664277e+02
   7.0706700e+02   8.2400000e-01   7.0737100e+02   1.2694490e+02
   7.0790200e+02   8.3600000e-01   7.0820100e+02   1.2678697e+02
   7.0870300e+02   8.0100000e-01   7.0902100e+02   1.2566545e+02
   7.0948000e+02   7.7700000e-01   7.0979000e+02   1.2827012e+02
   7.1025800e+02   7.7800000e-01   7.1055100e+02   1.2875307e+02
   7.1105000e+02   7.9300000e-01   7.1134100e+02   1.2632692e+02
   7.1180500e+02   7.5500000e-01   7.1211100e+02   1.2721498e+02
   7.1256600e+02   7.6100000e-01   7.1286100e+02   1.3042619e+02
   7.1332600e+02   7.6000000e-01   7.1362100e+02   1.3098924e+02
   7.1411500e+02   7.8900000e-01   7.1441100e+02   1.2827012e+02
   7.1490300e+02   7.8800000e-01   7.1520100e+02   1.2932527e+02
   7.1566900e+02   7.6600000e-01   7.1596100e+02   1.3034837e+02
   7.1644600e+02   7.7700000e-01   7.1674100e+02   1.2948320e+02
   7.1726700e+02   8.2100000e-01   7.1756100e+02   1.2768648e+02
   7.1807200e+02   8.0600000e-01   7.1838100e+02   1.2503602e+02
   7.1884400e+02   7.7100000e-01   7.1914100e+02   1.2798860e+02
   7.1961800e+02   7.7400000e-01   7.1991100e+02   1.2898881e+02
   7.2040400e+02   7.8600000e-01   7.2070100e+02   1.2821519e+02
   7.2120200e+02   7.9800000e-01   7.2150100e+02   1.2488954e+02
   7.2197900e+02   7.7600000e-01   7.2227100e+02   1.2760866e+02
   7.2275500e+02   7.7600000e-01   7.2304100e+02   1.2876451e+02
   7.2355100e+02   7.9600000e-01   7.2384100e+02   1.2809160e+02
   7.2435600e+02   8.0500000e-01   7.2465100e+02   1.2557389e+02
   7.2513500e+02   7.7900000e-01   7.2544100e+02   1.2648484e+02
   7.2591100e+02   7.7600000e-01   7.2620100e+02   1.2788789e+02
   7.2669800e+02   7.8800000e-01   7.2700100e+02   1.2700212e+02
   7.2749400e+02   7.9600000e-01   7.2779100e+02   1.2449586e+02
   7.2825700e+02   7.6300000e-01   7.2856100e+02   1.2580964e+02
   7.2901500e+02   7.5800000e-01   7.2931100e+02   1.2795656e+02
   7.2977600e+02   7.6200000e-01   7.3007100e+02   1.2741639e+02
   7.3055300e+02   7.7600000e-01   7.3085100e+02   1.2414796e+02
   7.3132100e+02   7.6800000e-01   7.3161100e+02   1.2672059e+02
   7.3208700e+02   7.6700000e-01   7.3238100e+02   1.2815797e+02
   7.3288200e+02   7.9400000e-01   7.3317100e+02   1.2699067e+02
   7.3367800e+02   7.9700000e-01   7.3398100e+02   1.2437226e+02
   7.3443500e+02   7.5700000e-01   7.3473100e+02   1.2614839e+02
   7.3519000e+02   7.5500000e-01   7.3548100e+02   1.2755143e+02
   7.3596400e+02   7.7400000e-01   7.3626100e+02   1.2623765e+02
   7.3675700e+02   7.9300000e-01   7.3706100e+02   1.2331712e+02
   7.3751900e+02   7.6200000e-01   7.3782100e+02   1.2577760e+02
   7.3828300e+02   7.6300000e-01   7.3857100e+02   1.2758577e+02
   7.3906000e+02   7.7700000e-01   7.3935100e+02   1.2666337e+02
   7.3984200e+02   7.8200000e-01   7.4014100e+02   1.2386872e+02
   7.4061600e+02   7.7400000e-01   7.4091100e+02   1.2588975e+02
   7.4139400e+02   7.7900000e-01   7.4168100e+02   1.2745073e+02
   7.4219300e+02   7.9800000e-01   7.4249100e+02   1.2592408e+02
   7.4297900e+02   7.8700000e-01   7.4328100e+02   1.2300355e+02
   7.4373600e+02   7.5700000e-01   7.4404100e+02   1.2566545e+02
   7.4448900e+02   7.5300000e-01   7.4478100e+02   1.2702272e+02
   7.4526400e+02   7.7500000e-01   7.4556100e+02   1.2733857e+02
   7.4605000e+02   7.8700000e-01   7.4635100e+02   1.2448441e+02
   7.4682900e+02   7.7900000e-01   7.4713100e+02   1.2787645e+02
   7.4762500e+02   7.9600000e-01   7.4792100e+02   1.2878740e+02
   7.4842700e+02   8.0300000e-01   7.4872100e+02   1.2806871e+02
   7.4923900e+02   8.1200000e-01   7.4954100e+02   1.2561967e+02
   7.5002200e+02   7.8300000e-01   7.5032100e+02   1.2776430e+02
   7.5080300e+02   7.8200000e-01   7.5110100e+02   1.2849443e+02
   7.5160700e+02   8.0300000e-01   7.5190100e+02   1.2751710e+02
   7.5242800e+02   8.2200000e-01   7.5273100e+02   1.2564256e+02
   7.5320100e+02   7.7200000e-01   7.5351100e+02   1.2613694e+02
   7.5395900e+02   7.5800000e-01   7.5426100e+02   1.2823579e+02
   7.5472100e+02   7.6300000e-01   7.5501100e+02   1.2833879e+02
   7.5551900e+02   7.9800000e-01   7.5582100e+02   1.2783296e+02
   7.5632700e+02   8.0800000e-01   7.5663100e+02   1.2706849e+02
   7.5711100e+02   7.8500000e-01   7.5741100e+02   1.2994325e+02
   7.5790700e+02   7.9500000e-01   7.5820100e+02   1.3201006e+02
   7.5871100e+02   8.0400000e-01   7.5901100e+02   1.3123644e+02
   7.5954000e+02   8.2900000e-01   7.5984100e+02   1.2871873e+02
   7.6033200e+02   7.9200000e-01   7.6064100e+02   1.2900026e+02
   7.6112000e+02   7.8700000e-01   7.6141100e+02   1.3057268e+02
   7.6191800e+02   7.9900000e-01   7.6221100e+02   1.3044908e+02
   7.6272300e+02   8.0500000e-01   7.6302100e+02   1.2756288e+02
   7.6350500e+02   7.8100000e-01   7.6381000e+02   1.2718065e+02
   7.6431300e+02   8.0900000e-01   7.6461100e+02   1.2889955e+02
   7.6512900e+02   8.1500000e-01   7.6543100e+02   1.2823579e+02
   7.6596100e+02   8.3200000e-01   7.6626100e+02   1.2542970e+02
   7.6675500e+02   7.9500000e-01   7.6705100e+02   1.2680986e+02
   7.6755200e+02   7.9600000e-01   7.6784100e+02   1.2835939e+02
   7.6835500e+02   8.0300000e-01   7.6865100e+02   1.2595613e+02
   7.6914600e+02   7.9100000e-01   7.6945100e+02   1.2424867e+02
   7.6991400e+02   7.6800000e-01   7.7021100e+02   1.2718065e+02
   7.7067800e+02   7.6400000e-01   7.7097100e+02   1.2721498e+02
   7.7147600e+02   7.9800000e-01   7.7177100e+02   1.2559678e+02
   7.7227200e+02   7.9600000e-01   7.7258000e+02   1.2375428e+02
   7.7303700e+02   7.6500000e-01   7.7334100e+02   1.2628343e+02
   7.7380300e+02   7.6600000e-01   7.7409100e+02   1.2819230e+02
   7.7458200e+02   7.7800000e-01   7.7488100e+02   1.2617128e+02
   7.7536200e+02   7.8000000e-01   7.7566100e+02   1.2458741e+02
   7.7612600e+02   7.6400000e-01   7.7642100e+02   1.2710283e+02
   7.7690100e+02   7.7500000e-01   7.7719100e+02   1.2897737e+02
   7.7769700e+02   7.9600000e-01   7.7799100e+02   1.2827012e+02
   7.7849600e+02   7.9900000e-01   7.7879100e+02   1.2544114e+02
   7.7926900e+02   7.7200000e-01   7.7957100e+02   1.2723787e+02
   7.8003900e+02   7.7000000e-01   7.8033100e+02   1.2862947e+02
   7.8082200e+02   7.8300000e-01   7.8112100e+02   1.2827012e+02
   7.8165400e+02   8.3300000e-01   7.8195100e+02   1.2674348e+02
   7.8247600e+02   8.2100000e-01   7.8278100e+02   1.2504746e+02
   7.8325500e+02   7.7900000e-01   7.8355100e+02   1.2696779e+02
   7.8402000e+02   7.6500000e-01   7.8431100e+02   1.2809160e+02
   7.8479800e+02   7.7800000e-01   7.8509100e+02   1.2776430e+02
   7.8560400e+02   8.0500000e-01   7.8590100e+02   1.2529466e+02
   7.8638800e+02   7.8400000e-01   7.8669100e+02   1.2542970e+02
   7.8716100e+02   7.7400000e-01   7.8745100e+02   1.2788789e+02
   7.8793400e+02   7.7300000e-01   7.8823100e+02   1.2864091e+02
   7.8874600e+02   8.1200000e-01   7.8904100e+02   1.2793367e+02
   7.8958600e+02   8.4000000e-01   7.8988100e+02   1.2610261e+02
   7.9040700e+02   8.2100000e-01   7.9071100e+02   1.2523744e+02
   7.9118500e+02   7.7800000e-01   7.9149100e+02   1.2788789e+02
   7.9196300e+02   7.7800000e-01   7.9226100e+02   1.2789934e+02
   7.9276000e+02   7.9700000e-01   7.9305100e+02   1.2683275e+02
   7.9355800e+02   7.9800000e-01   7.9386100e+02   1.2513673e+02
   7.9435600e+02   7.9800000e-01   7.9465100e+02   1.2704561e+02
   7.9513900e+02   7.8300000e-01   7.9543100e+02   1.2901170e+02
   7.9595200e+02   8.1300000e-01   7.9624100e+02   1.2833879e+02
   7.9678600e+02   8.3400000e-01   7.9708100e+02   1.2593324e+02
   7.9758900e+02   8.0300000e-01   7.9789100e+02   1.2665422e+02
   7.9837400e+02   7.8500000e-01   7.9867100e+02   1.2870958e+02
   7.9917500e+02   8.0200000e-01   7.9947100e+02   1.2887666e+02
   8.0001000e+02   8.3500000e-01   8.0030100e+02   1.2683275e+02
   8.0083200e+02   8.2200000e-01   8.0114100e+02   1.2527177e+02
   8.0162500e+02   7.9200000e-01   8.0192100e+02   1.2731569e+02
   8.0240700e+02   7.8300000e-01   8.0270100e+02   1.2870958e+02
   8.0322400e+02   8.1700000e-01   8.0352100e+02   1.2870958e+02
   8.0405700e+02   8.3300000e-01   8.0435100e+02   1.2664277e+02
   8.0486500e+02   8.0800000e-01   8.0517100e+02   1.2715776e+02
   8.0564700e+02   7.8200000e-01   8.0594100e+02   1.2987688e+02
   8.0644300e+02   7.9600000e-01   8.0674100e+02   1.3039415e+02
   8.0725900e+02   8.1600000e-01   8.0755100e+02   1.2970750e+02
   8.0810200e+02   8.4300000e-01   8.0840100e+02   1.2842805e+02
   8.0893600e+02   8.3400000e-01   8.0924100e+02   1.2712571e+02
   8.0971000e+02   7.7400000e-01   8.1001100e+02   1.2957246e+02
   8.1047900e+02   7.6900000e-01   8.1077100e+02   1.2961824e+02
   8.1127100e+02   7.9200000e-01   8.1156100e+02   1.2876451e+02
   8.1206700e+02   7.9500000e-01   8.1236100e+02   1.2729280e+02
   8.1284500e+02   7.7900000e-01   8.1315100e+02   1.2716920e+02
   8.1360400e+02   7.5900000e-01   8.1390100e+02   1.2944887e+02
   8.1436600e+02   7.6200000e-01   8.1466100e+02   1.3065050e+02
   8.1514800e+02   7.8200000e-01   8.1544100e+02   1.2962968e+02
   8.1594100e+02   7.9300000e-01   8.1624100e+02   1.2793367e+02
   8.1671200e+02   7.7100000e-01   8.1701100e+02   1.2825868e+02
   8.1748300e+02   7.7000000e-01   8.1777100e+02   1.3010118e+02
   8.1826000e+02   7.7800000e-01   8.1855100e+02   1.2952898e+02
   8.1904400e+02   7.8400000e-01   8.1934100e+02   1.2682130e+02
   8.1980500e+02   7.6100000e-01   8.2010100e+02   1.2821519e+02
   8.2058200e+02   7.7600000e-01   8.2087100e+02   1.2969606e+02
   8.2137700e+02   7.9600000e-01   8.2167100e+02   1.2910097e+02
   8.2217700e+02   7.9900000e-01   8.2248100e+02   1.2620332e+02
   8.2295400e+02   7.7700000e-01   8.2325100e+02   1.2879884e+02
   8.2371600e+02   7.6200000e-01   8.2401100e+02   1.3003481e+02
   8.2449600e+02   7.8000000e-01   8.2479100e+02   1.2759721e+02
   8.2525800e+02   7.6100000e-01   8.2556100e+02   1.2711427e+02
   8.2602000e+02   7.6300000e-01   8.2631100e+02   1.3059557e+02
   8.2679300e+02   7.7300000e-01   8.2708100e+02   1.3064134e+02
   8.2759200e+02   7.9900000e-01   8.2789100e+02   1.2819230e+02
   8.2838700e+02   7.9400000e-01   8.2868100e+02   1.2920168e+02
   8.2918500e+02   7.9800000e-01   8.2948100e+02   1.3085420e+02
   8.3000300e+02   8.1800000e-01   8.3030100e+02   1.2958391e+02
   8.3080800e+02   8.0400000e-01   8.3111100e+02   1.2659700e+02
   8.3158700e+02   7.7900000e-01   8.3188100e+02   1.2887666e+02
   8.3238300e+02   7.9600000e-01   8.3268100e+02   1.3012407e+02
   8.3319600e+02   8.1300000e-01   8.3349100e+02   1.2834794e+02
   8.3399300e+02   7.9800000e-01   8.3429100e+02   1.2692201e+02
   8.3477400e+02   7.8100000e-01   8.3507100e+02   1.2928178e+02
   8.3557100e+02   7.9700000e-01   8.3586100e+02   1.2984255e+02
   8.3638400e+02   8.1300000e-01   8.3668100e+02   1.2722642e+02
   8.3717600e+02   7.9300000e-01   8.3747100e+02   1.2802293e+02
   8.3797100e+02   7.9500000e-01   8.3826100e+02   1.3003481e+02
   8.3879400e+02   8.2300000e-01   8.3908100e+02   1.2986543e+02
   8.3961300e+02   8.1800000e-01   8.3991100e+02   1.2711427e+02
   8.4040900e+02   7.9600000e-01   8.4071100e+02   1.2915819e+02
   8.4121000e+02   8.0100000e-01   8.4150100e+02   1.2986543e+02
   8.4203200e+02   8.2200000e-01   8.4233100e+02   1.2775285e+02
   8.4282500e+02   7.9300000e-01   8.4312100e+02   1.2769792e+02
   8.4362900e+02   8.0400000e-01   8.4392100e+02   1.2977617e+02
   8.4444600e+02   8.1700000e-01   8.4474100e+02   1.2943742e+02
   8.4524100e+02   7.9400000e-01   8.4554100e+02   1.2712571e+02
   8.4602500e+02   7.8400000e-01   8.4632100e+02   1.2995470e+02
   8.4682300e+02   7.9800000e-01   8.4711100e+02   1.3081987e+02
   8.4764800e+02   8.2400000e-01   8.4794100e+02   1.3004396e+02
   8.4844100e+02   7.9300000e-01   8.4874100e+02   1.2828157e+02
   8.4923700e+02   7.9600000e-01   8.4953100e+02   1.3034837e+02
   8.5004300e+02   8.0600000e-01   8.5034100e+02   1.3131426e+02
   8.5086100e+02   8.1800000e-01   8.5116100e+02   1.2857454e+02
   8.5165400e+02   7.9300000e-01   8.5195100e+02   1.2819230e+02
   8.5243500e+02   7.8100000e-01   8.5273100e+02   1.2959535e+02
   8.5323200e+02   7.9700000e-01   8.5352100e+02   1.2973039e+02
   8.5405100e+02   8.1900000e-01   8.5434100e+02   1.2864091e+02
   8.5484900e+02   7.9800000e-01   8.5515100e+02   1.2617128e+02
   8.5562500e+02   7.7600000e-01   8.5592100e+02   1.2839372e+02
   8.5639900e+02   7.7400000e-01   8.5669100e+02   1.2958391e+02
   8.5719200e+02   7.9300000e-01   8.5748100e+02   1.2867525e+02
   8.5798600e+02   7.9400000e-01   8.5828100e+02   1.2626054e+02
   8.5874800e+02   7.6200000e-01   8.5904100e+02   1.2785585e+02
   8.5951400e+02   7.6500000e-01   8.5980100e+02   1.3032549e+02
   8.6030300e+02   7.8900000e-01   8.6059100e+02   1.3034837e+02
   8.6110600e+02   8.0300000e-01   8.6140100e+02   1.2830446e+02
   8.6188200e+02   7.7700000e-01   8.6218100e+02   1.2833879e+02
   8.6264500e+02   7.6300000e-01   8.6294100e+02   1.3008974e+02
   8.6343300e+02   7.8800000e-01   8.6372100e+02   1.3040331e+02
   8.6423200e+02   7.9900000e-01   8.6452100e+02   1.2870958e+02
   8.6500400e+02   7.7200000e-01   8.6531100e+02   1.2655122e+02
   8.6576700e+02   7.6300000e-01   8.6606100e+02   1.2912386e+02
   8.6653200e+02   7.6400000e-01   8.6682100e+02   1.3035982e+02
   8.6731300e+02   7.8200000e-01   8.6760100e+02   1.2955186e+02
   8.6808700e+02   7.7400000e-01   8.6838100e+02   1.2676637e+02
   8.6885200e+02   7.6400000e-01   8.6915100e+02   1.2891099e+02
   8.6962600e+02   7.7400000e-01   8.6991100e+02   1.3037126e+02
   8.7040900e+02   7.8300000e-01   8.7070100e+02   1.3053835e+02
   8.7121600e+02   8.0700000e-01   8.7151100e+02   1.2823579e+02
   8.7200200e+02   7.8700000e-01   8.7230100e+02   1.2795656e+02
   8.7278200e+02   7.7900000e-01   8.7307100e+02   1.2985399e+02
   8.7358200e+02   8.0000000e-01   8.7387100e+02   1.2979906e+02
   8.7438500e+02   8.0300000e-01   8.7468100e+02   1.2755143e+02
   8.7517800e+02   7.9300000e-01   8.7547100e+02   1.2828157e+02
   8.7596400e+02   7.8600000e-01   8.7626100e+02   1.2977617e+02
   8.7677300e+02   8.0900000e-01   8.7706100e+02   1.2930467e+02
   8.7758200e+02   8.0900000e-01   8.7788100e+02   1.2809160e+02
   8.7837700e+02   7.9400000e-01   8.7868100e+02   1.2757432e+02
   8.7915200e+02   7.7500000e-01   8.7944100e+02   1.2954042e+02
   8.7993300e+02   7.8000000e-01   8.8022100e+02   1.3020189e+02
   8.8073000e+02   7.9800000e-01   8.8102100e+02   1.2825868e+02
   8.8149400e+02   7.6400000e-01   8.8180100e+02   1.2787645e+02
   8.8226800e+02   7.7400000e-01   8.8256100e+02   1.3087709e+02
   8.8305000e+02   7.8300000e-01   8.8334100e+02   1.3156145e+02
   8.8386400e+02   8.1400000e-01   8.8415100e+02   1.3004396e+02
   8.8466300e+02   7.9900000e-01   8.8496100e+02   1.2879884e+02
   8.8545800e+02   7.9500000e-01   8.8575100e+02   1.3150423e+02
   8.8624500e+02   7.8800000e-01   8.8654100e+02   1.3178575e+02
   8.8704600e+02   8.0000000e-01   8.8734100e+02   1.3085420e+02
   8.8782100e+02   7.7500000e-01   8.8812100e+02   1.2980821e+02
   8.8855300e+02   7.3300000e-01   8.8885100e+02   1.3081987e+02
   8.8926000e+02   7.0700000e-01   8.8957100e+02   1.3057268e+02
   8.8997400e+02   7.1400000e-01   8.9026100e+02   1.3228014e+02
   8.9069300e+02   7.2000000e-01   8.9098100e+02   1.3351610e+02
   8.9143200e+02   7.3800000e-01   8.9172100e+02   1.3256166e+02
   8.9217100e+02   7.4000000e-01   8.9246100e+02   1.3051775e+02
   8.9292700e+02   7.5500000e-01   8.9321100e+02   1.3277453e+02
   8.9370700e+02   7.8000000e-01   8.9399100e+02   1.3339251e+02
   8.9450800e+02   8.0100000e-01   8.9480100e+02   1.3029115e+02
   8.9529500e+02   7.8800000e-01   8.9559100e+02   1.2865236e+02
   8.9607300e+02   7.7800000e-01   8.9636100e+02   1.3029115e+02
   8.9686900e+02   7.9600000e-01   8.9716100e+02   1.2930467e+02
   8.9766600e+02   7.9700000e-01   8.9796100e+02   1.2641618e+02
   8.9843900e+02   7.7400000e-01   8.9873100e+02   1.2697923e+02
   8.9922200e+02   7.8300000e-01   8.9951100e+02   1.2918108e+02
   9.0001000e+02   7.8800000e-01   9.0030100e+02   1.2793367e+02
   9.0080400e+02   7.9400000e-01   9.0110100e+02   1.2544114e+02
   9.0158400e+02   7.8000000e-01   9.0188100e+02   1.2765214e+02
