   2.9620400e+02   9.6800000e-01   2.9658200e+02   8.5691902e+01
   2.9712100e+02   9.1700000e-01   2.9749800e+02   8.5691902e+01
   2.9804700e+02   9.2600000e-01   2.9842500e+02   8.6484942e+01
   2.9901700e+02   9.6900000e-01   2.9938400e+02   8.5996778e+01
   2.9996500e+02   9.4800000e-01   3.0036200e+02   8.5296289e+01
   3.0088300e+02   9.1800000e-01   3.0123600e+02   8.5661052e+01
   3.0184200e+02   9.5900000e-01   3.0222100e+02   8.5661052e+01
   3.0281300e+02   9.7100000e-01   3.0318400e+02   8.5296289e+01
   3.0373200e+02   9.1800000e-01   3.0411700e+02   8.5661052e+01
   3.0468000e+02   9.4800000e-01   3.0505600e+02   8.6058479e+01
   3.0564400e+02   9.6500000e-01   3.0604300e+02   8.6027629e+01
   3.0657200e+02   9.2700000e-01   3.0696300e+02   8.6425056e+01
   3.0751900e+02   9.4700000e-01   3.0790000e+02   8.7156395e+01
   3.0849200e+02   9.7400000e-01   3.0887500e+02   8.6882370e+01
   3.0944600e+02   9.5400000e-01   3.0983500e+02   8.6851519e+01
   3.1037600e+02   9.3000000e-01   3.1076000e+02   8.8439415e+01
   3.1134800e+02   9.7200000e-01   3.1175300e+02   8.8011137e+01
   3.1232400e+02   9.7600000e-01   3.1270200e+02   8.8408564e+01
   3.1324400e+02   9.2000000e-01   3.1363400e+02   8.9782320e+01
   3.1420900e+02   9.6500000e-01   3.1458100e+02   9.0911087e+01
   3.1520700e+02   9.9800000e-01   3.1557800e+02   9.1704127e+01
   3.1613500e+02   9.2800000e-01   3.1651300e+02   9.1734978e+01
   3.1708900e+02   9.5400000e-01   3.1745900e+02   9.2773008e+01
   3.1807200e+02   9.8300000e-01   3.1845200e+02   9.1734978e+01
   3.1900100e+02   9.2900000e-01   3.1937600e+02   9.2497168e+01
   3.1995900e+02   9.5800000e-01   3.2033900e+02   9.3687635e+01
   3.2093500e+02   9.7600000e-01   3.2133300e+02   9.1765828e+01
   3.2184800e+02   9.1300000e-01   3.2223900e+02   9.2161441e+01
   3.2279100e+02   9.4400000e-01   3.2317200e+02   9.2101555e+01
   3.2374000e+02   9.4900000e-01   3.2411900e+02   9.1673277e+01
   3.2464700e+02   9.0700000e-01   3.2503000e+02   9.0880237e+01
   3.2559900e+02   9.5100000e-01   3.2599500e+02   9.0880237e+01
   3.2658100e+02   9.8200000e-01   3.2699300e+02   8.8408564e+01
   3.2751600e+02   9.3500000e-01   3.2789000e+02   8.7980286e+01
   3.2849400e+02   9.7800000e-01   3.2886900e+02   8.6851519e+01
   3.2946300e+02   9.6900000e-01   3.2985400e+02   8.4044121e+01
   3.3037000e+02   9.0700000e-01   3.3075500e+02   8.3708394e+01
   3.3133300e+02   9.6300000e-01   3.3172900e+02   8.2487076e+01
   3.3229400e+02   9.6200000e-01   3.3267700e+02   8.0626970e+01
   3.3320200e+02   9.0700000e-01   3.3359300e+02   8.0717707e+01
   3.3413500e+02   9.3300000e-01   3.3453300e+02   8.0351130e+01
   3.3507700e+02   9.4200000e-01   3.3544900e+02   7.9284064e+01
   3.3599100e+02   9.1400000e-01   3.3636800e+02   7.9955517e+01
   3.3694500e+02   9.5400000e-01   3.3731500e+02   7.9588940e+01
   3.3793300e+02   9.8800000e-01   3.3832600e+02   7.9558090e+01
   3.3886400e+02   9.3100000e-01   3.3924700e+02   7.9558090e+01
   3.3982500e+02   9.6100000e-01   3.4020700e+02   8.0381980e+01
   3.4080800e+02   9.8300000e-01   3.4118600e+02   7.9955517e+01
   3.4173200e+02   9.2400000e-01   3.4212600e+02   8.1144170e+01
   3.4270300e+02   9.7100000e-01   3.4304600e+02   8.1969876e+01
   3.4369300e+02   9.9000000e-01   3.4405000e+02   8.1969876e+01
   3.4461800e+02   9.2500000e-01   3.4500400e+02   8.2793767e+01
   3.4553800e+02   9.1900000e-01   3.4593100e+02   8.4470584e+01
   3.4648300e+02   9.4500000e-01   3.4687000e+02   8.4868011e+01
   3.4742100e+02   9.3800000e-01   3.4779700e+02   8.5936892e+01
   3.4831800e+02   8.9700000e-01   3.4868400e+02   8.7522972e+01
   3.4931500e+02   9.9700000e-01   3.4970700e+02   8.7615524e+01
   3.5031300e+02   9.9800000e-01   3.5069000e+02   8.6851519e+01
   3.5124100e+02   9.2800000e-01   3.5164200e+02   8.6058479e+01
   3.5220200e+02   9.6200000e-01   3.5257700e+02   8.5203738e+01
   3.5317500e+02   9.7200000e-01   3.5356200e+02   8.3281931e+01
   3.5410600e+02   9.3100000e-01   3.5448700e+02   8.1541598e+01
   3.5503600e+02   9.3000000e-01   3.5540700e+02   8.1541598e+01
   3.5600400e+02   9.6800000e-01   3.5638700e+02   7.9984553e+01
   3.5696500e+02   9.6100000e-01   3.5735300e+02   7.8703348e+01
   3.5788000e+02   9.1400000e-01   3.5826600e+02   7.9619791e+01
   3.5884100e+02   9.6200000e-01   3.5922600e+02   7.8855786e+01
   3.5979800e+02   9.5700000e-01   3.6017900e+02   7.8336771e+01
   3.6070400e+02   9.0600000e-01   3.6109800e+02   7.8824936e+01
   3.6163500e+02   9.3100000e-01   3.6199800e+02   7.8855786e+01
   3.6257700e+02   9.4200000e-01   3.6299800e+02   7.8062746e+01
   3.6349500e+02   9.1800000e-01   3.6387800e+02   7.8886637e+01
   3.6446500e+02   9.7100000e-01   3.6486100e+02   7.8398472e+01
   3.6548800e+02   1.0230000e+00   3.6587800e+02   7.8062746e+01
   3.6645700e+02   9.6900000e-01   3.6687700e+02   7.7727020e+01
   3.6743500e+02   9.7800000e-01   3.6780300e+02   7.8307736e+01
   3.6843100e+02   9.9500000e-01   3.6881600e+02   7.8001045e+01
   3.6936500e+02   9.3400000e-01   3.6974200e+02   7.8460173e+01
   3.7031500e+02   9.5100000e-01   3.7070100e+02   7.8855786e+01
   3.7128400e+02   9.6900000e-01   3.7166200e+02   7.8460173e+01
   3.7219700e+02   9.1300000e-01   3.7260300e+02   7.9191513e+01
   3.7303900e+02   8.4100000e-01   3.7340100e+02   7.9955517e+01
   3.7381000e+02   7.7200000e-01   3.7419500e+02   8.0717707e+01
   3.7463600e+02   8.2500000e-01   3.7501500e+02   8.0351130e+01
   3.7549600e+02   8.6000000e-01   3.7587500e+02   8.1084284e+01
   3.7637500e+02   8.7900000e-01   3.7674100e+02   8.1908175e+01
   3.7733300e+02   9.5800000e-01   3.7771400e+02   8.1479897e+01
   3.7828800e+02   9.5500000e-01   3.7866100e+02   8.0686856e+01
   3.7919200e+02   9.0400000e-01   3.7957400e+02   8.1572448e+01
   3.8017600e+02   9.8400000e-01   3.8055400e+02   8.1084284e+01
   3.8119100e+02   1.0150000e+00   3.8159600e+02   8.0717707e+01
   3.8212400e+02   9.3300000e-01   3.8249300e+02   8.0412831e+01
   3.8307900e+02   9.5400000e-01   3.8347400e+02   8.0717707e+01
   3.8404300e+02   9.6400000e-01   3.8441400e+02   8.0320279e+01
   3.8494000e+02   8.9700000e-01   3.8531300e+02   8.0686856e+01
   3.8587900e+02   9.3900000e-01   3.8625800e+02   8.1510747e+01
   3.8684400e+02   9.6600000e-01   3.8723300e+02   8.0717707e+01
   3.8776700e+02   9.2300000e-01   3.8815300e+02   8.1144170e+01
   3.8872100e+02   9.5400000e-01   3.8909800e+02   8.1908175e+01
   3.8969700e+02   9.7600000e-01   3.9007800e+02   8.1175021e+01
   3.9060300e+02   9.0600000e-01   3.9100100e+02   8.1541598e+01
   3.9154300e+02   9.4100000e-01   3.9192000e+02   8.1998912e+01
   3.9250900e+02   9.6500000e-01   3.9289900e+02   8.1939025e+01
   3.9345200e+02   9.4300000e-01   3.9383900e+02   8.1939025e+01
   3.9436600e+02   9.1300000e-01   3.9473500e+02   8.2762916e+01
   3.9531300e+02   9.4700000e-01   3.9569200e+02   8.2274752e+01
   3.9625100e+02   9.3800000e-01   3.9662000e+02   8.1939025e+01
   3.9712300e+02   8.7200000e-01   3.9751800e+02   8.3189379e+01
   3.9802700e+02   9.0400000e-01   3.9838800e+02   8.3586807e+01
   3.9896700e+02   9.4100000e-01   3.9937400e+02   8.3189379e+01
   3.9986700e+02   9.0000000e-01   4.0025500e+02   8.3646693e+01
   4.0081000e+02   9.4200000e-01   4.0118700e+02   8.3922533e+01
   4.0178000e+02   9.7000000e-01   4.0215600e+02   8.3646693e+01
   4.0271700e+02   9.3700000e-01   4.0311500e+02   8.2822802e+01
   4.0367800e+02   9.6200000e-01   4.0404800e+02   8.3982420e+01
   4.0466800e+02   9.9000000e-01   4.0504700e+02   8.3129493e+01
   4.0562300e+02   9.5400000e-01   4.0602000e+02   8.3220230e+01
   4.0658700e+02   9.6500000e-01   4.0700100e+02   8.4074971e+01
   4.0755400e+02   9.6600000e-01   4.0798100e+02   8.3251080e+01
   4.0847100e+02   9.1700000e-01   4.0883500e+02   8.4074971e+01
   4.0939800e+02   9.2800000e-01   4.0977500e+02   8.4868011e+01
   4.1035000e+02   9.5200000e-01   4.1073900e+02   8.4470584e+01
   4.1124300e+02   8.9200000e-01   4.1163900e+02   8.4898862e+01
   4.1212800e+02   8.8500000e-01   4.1249500e+02   8.6425056e+01
   4.1304100e+02   9.1300000e-01   4.1341400e+02   8.6455907e+01
   4.1394500e+02   9.0400000e-01   4.1431900e+02   8.6484942e+01
   4.1481000e+02   8.6600000e-01   4.1520100e+02   8.8011137e+01
   4.1574600e+02   9.3500000e-01   4.1613400e+02   8.8011137e+01
   4.1667300e+02   9.2700000e-01   4.1707500e+02   8.8499301e+01
   4.1754300e+02   8.7000000e-01   4.1791400e+02   8.8865878e+01
   4.1846600e+02   9.2300000e-01   4.1883900e+02   8.8468451e+01
   4.1943300e+02   9.6700000e-01   4.1981400e+02   8.8072838e+01
   4.2034500e+02   9.1200000e-01   4.2073900e+02   8.8011137e+01
   4.2129800e+02   9.5200000e-01   4.2168000e+02   8.8316013e+01
   4.2226200e+02   9.6400000e-01   4.2265400e+02   8.6851519e+01
   4.2316000e+02   8.9800000e-01   4.2353300e+02   8.7187246e+01
   4.2410600e+02   9.4600000e-01   4.2448200e+02   8.7187246e+01
   4.2506000e+02   9.5400000e-01   4.2544100e+02   8.6484942e+01
   4.2596000e+02   9.0100000e-01   4.2635500e+02   8.5296289e+01
   4.2685500e+02   8.9400000e-01   4.2723400e+02   8.5265439e+01
   4.2780400e+02   9.4900000e-01   4.2820100e+02   8.3281931e+01
   4.2873800e+02   9.3400000e-01   4.2914100e+02   8.1115134e+01
   4.2968500e+02   9.4700000e-01   4.3006200e+02   7.9588940e+01
   4.3069000e+02   1.0050000e+00   4.3106200e+02   7.7636283e+01
   4.3164100e+02   9.5000000e-01   4.3203400e+02   7.6750691e+01
   4.3259100e+02   9.5000000e-01   4.3299500e+02   7.6841428e+01
   4.3358200e+02   9.9100000e-01   4.3397500e+02   7.6445815e+01
   4.3453200e+02   9.5000000e-01   4.3491600e+02   7.6476665e+01
   4.3547100e+02   9.3900000e-01   4.3585700e+02   7.7208005e+01
   4.3646400e+02   9.9300000e-01   4.3683600e+02   7.7238855e+01
   4.3744400e+02   9.7900000e-01   4.3784400e+02   7.7574582e+01
   4.3835800e+02   9.1400000e-01   4.3874100e+02   7.8398472e+01
   4.3931000e+02   9.5200000e-01   4.3967600e+02   7.9253214e+01
   4.4027200e+02   9.6200000e-01   4.4064800e+02   7.9862966e+01
   4.4118500e+02   9.1300000e-01   4.4156200e+02   8.1510747e+01
   4.4216900e+02   9.8400000e-01   4.4253700e+02   8.2365488e+01
   4.4320100e+02   1.0320000e+00   4.4357600e+02   8.1084284e+01
   4.4417900e+02   9.7900000e-01   4.4457500e+02   8.0686856e+01
   4.4516700e+02   9.8700000e-01   4.4553500e+02   8.1479897e+01
   4.4618000e+02   1.0130000e+00   4.4656000e+02   8.0291244e+01
   4.4715800e+02   9.7800000e-01   4.4754200e+02   7.9955517e+01
   4.4808400e+02   9.2700000e-01   4.4846900e+02   8.0626970e+01
   4.4905200e+02   9.6800000e-01   4.4941500e+02   8.0351130e+01
   4.5000700e+02   9.5500000e-01   4.5038100e+02   8.0291244e+01
   4.5093300e+02   9.2500000e-01   4.5134200e+02   8.0748557e+01
   4.5189900e+02   9.6700000e-01   4.5228400e+02   8.1510747e+01
   4.5290800e+02   1.0090000e+00   4.5328200e+02   8.0748557e+01
   4.5386800e+02   9.6000000e-01   4.5423600e+02   8.1572448e+01
   4.5486300e+02   9.9500000e-01   4.5527500e+02   8.1969876e+01
   4.5586400e+02   1.0010000e+00   4.5623500e+02   8.1572448e+01
   4.5680300e+02   9.3800000e-01   4.5718200e+02   8.1939025e+01
   4.5774500e+02   9.4200000e-01   4.5812000e+02   8.3220230e+01
   4.5873100e+02   9.8600000e-01   4.5912300e+02   8.3677544e+01
   4.5975100e+02   1.0210000e+00   4.6014000e+02   8.3251080e+01
   4.6073500e+02   9.8400000e-01   4.6111500e+02   8.3220230e+01
   4.6176700e+02   1.0320000e+00   4.6215600e+02   8.3251080e+01
   4.6281400e+02   1.0470000e+00   4.6320100e+02   8.1846474e+01
   4.6378700e+02   9.7300000e-01   4.6415500e+02   8.1969876e+01
   4.6479800e+02   1.0110000e+00   4.6517600e+02   8.2396339e+01
   4.6583700e+02   1.0390000e+00   4.6621400e+02   8.1541598e+01
   4.6683400e+02   9.9800000e-01   4.6722300e+02   8.1144170e+01
   4.6777900e+02   9.4400000e-01   4.6817500e+02   8.1908175e+01
   4.6876000e+02   9.8200000e-01   4.6915600e+02   8.2029762e+01
   4.6976000e+02   9.9900000e-01   4.7014300e+02   8.1479897e+01
   4.7069100e+02   9.3200000e-01   4.7105500e+02   8.1969876e+01
   4.7166600e+02   9.7400000e-01   4.7207500e+02   8.2396339e+01
   4.7266100e+02   9.9500000e-01   4.7303600e+02   8.1144170e+01
   4.7361300e+02   9.5200000e-01   4.7401500e+02   8.1115134e+01
   4.7461300e+02   1.0010000e+00   4.7499400e+02   8.0717707e+01
   4.7564000e+02   1.0260000e+00   4.7601500e+02   7.9955517e+01
   4.7659400e+02   9.5400000e-01   4.7699500e+02   7.9588940e+01
   4.7757300e+02   9.7900000e-01   4.7800200e+02   7.9588940e+01
   4.7856500e+02   9.9200000e-01   4.7896200e+02   7.8429323e+01
   4.7949700e+02   9.3300000e-01   4.7987500e+02   7.8398472e+01
   4.8045600e+02   9.5900000e-01   4.8082000e+02   7.8795900e+01
   4.8140400e+02   9.4800000e-01   4.8178200e+02   7.7636283e+01
   4.8230800e+02   9.0300000e-01   4.8269500e+02   7.8062746e+01
   4.8325700e+02   9.5000000e-01   4.8363500e+02   7.8460173e+01
   4.8424500e+02   9.8700000e-01   4.8463500e+02   7.8093597e+01
   4.8516700e+02   9.2200000e-01   4.8555500e+02   7.7665318e+01
   4.8609800e+02   9.3100000e-01   4.8647900e+02   7.7665318e+01
   4.8707000e+02   9.7200000e-01   4.8745900e+02   7.6841428e+01
   4.8799300e+02   9.2300000e-01   4.8838200e+02   7.6933979e+01
   4.8893800e+02   9.4500000e-01   4.8930000e+02   7.7696169e+01
   4.8992700e+02   9.8900000e-01   4.9029800e+02   7.7238855e+01
   4.9086600e+02   9.3900000e-01   4.9127400e+02   7.7238855e+01
   4.9182300e+02   9.5700000e-01   4.9219300e+02   7.7727020e+01
   4.9285000e+02   1.0270000e+00   4.9325300e+02   7.7208005e+01
   4.9385500e+02   1.0050000e+00   4.9427900e+02   7.6841428e+01
   4.9477900e+02   9.2500000e-01   4.9517700e+02   7.7605432e+01
   4.9575300e+02   9.7400000e-01   4.9615200e+02   7.8031895e+01
   4.9674400e+02   9.9100000e-01   4.9713200e+02   7.8001045e+01
   4.9766800e+02   9.2400000e-01   4.9805100e+02   7.8520060e+01
   4.9863000e+02   9.6200000e-01   4.9901100e+02   7.9619791e+01
   4.9960500e+02   9.7500000e-01   5.0001100e+02   7.9648827e+01
   5.0055400e+02   9.5000000e-01   5.0097600e+02   8.0320279e+01
   5.0153400e+02   9.7900000e-01   5.0191000e+02   8.0686856e+01
   5.0253900e+02   1.0050000e+00   5.0291400e+02   7.9924667e+01
   5.0346300e+02   9.2400000e-01   5.0385000e+02   8.0717707e+01
   5.0442500e+02   9.6200000e-01   5.0480900e+02   8.0412831e+01
   5.0538700e+02   9.6200000e-01   5.0576800e+02   7.9893816e+01
   5.0631200e+02   9.2500000e-01   5.0668800e+02   7.9893816e+01
   5.0730800e+02   9.9600000e-01   5.0768700e+02   7.8795900e+01
   5.0835600e+02   1.0480000e+00   5.0875300e+02   7.6872278e+01
   5.0935800e+02   1.0020000e+00   5.0974700e+02   7.5255347e+01
   5.1031100e+02   9.5300000e-01   5.1068800e+02   7.5926800e+01
   5.1133300e+02   1.0220000e+00   5.1172600e+02   7.6017537e+01
   5.1236000e+02   1.0260000e+00   5.1276600e+02   7.4034029e+01
   5.1331500e+02   9.5600000e-01   5.1368600e+02   7.4400606e+01
   5.1429100e+02   9.7600000e-01   5.1465200e+02   7.5162796e+01
   5.1528900e+02   9.9900000e-01   5.1566500e+02   7.4767183e+01
   5.1625100e+02   9.6200000e-01   5.1663900e+02   7.5102909e+01
   5.1716700e+02   9.1600000e-01   5.1756300e+02   7.5591074e+01
   5.1815300e+02   9.8600000e-01   5.1854300e+02   7.6414964e+01
   5.1912600e+02   9.7300000e-01   5.1950200e+02   7.6414964e+01
   5.2002900e+02   9.0300000e-01   5.2040700e+02   7.7636283e+01
   5.2098200e+02   9.5200000e-01   5.2137400e+02   7.7910308e+01
   5.2197000e+02   9.8800000e-01   5.2236100e+02   7.7972009e+01
   5.2290400e+02   9.3500000e-01   5.2328700e+02   7.9191513e+01
   5.2388000e+02   9.7600000e-01   5.2426000e+02   7.9588940e+01
   5.2489400e+02   1.0140000e+00   5.2527900e+02   7.8855786e+01
   5.2584100e+02   9.4700000e-01   5.2624300e+02   7.9648827e+01
   5.2682300e+02   9.8200000e-01   5.2719900e+02   7.9955517e+01
   5.2786500e+02   1.0420000e+00   5.2824600e+02   7.9558090e+01
   5.2884500e+02   9.8000000e-01   5.2924100e+02   7.9558090e+01
   5.2981300e+02   9.6800000e-01   5.3020200e+02   7.9588940e+01
   5.3082700e+02   1.0140000e+00   5.3120400e+02   7.8855786e+01
   5.3183000e+02   1.0040000e+00   5.3222300e+02   7.8001045e+01
   5.3277400e+02   9.4300000e-01   5.3315700e+02   7.7574582e+01
   5.3377400e+02   1.0000000e+00   5.3414000e+02   7.7636283e+01
   5.3477200e+02   9.9800000e-01   5.3515500e+02   7.6781541e+01
   5.3572200e+02   9.5000000e-01   5.3609400e+02   7.6841428e+01
   5.3669500e+02   9.7300000e-01   5.3705500e+02   7.7269706e+01
   5.3770600e+02   1.0110000e+00   5.3809900e+02   7.6414964e+01
   5.3864900e+02   9.4300000e-01   5.3905300e+02   7.6841428e+01
   5.3956200e+02   9.1300000e-01   5.3995800e+02   7.7696169e+01
   5.4049800e+02   9.3600000e-01   5.4087900e+02   7.7665318e+01
   5.4142800e+02   9.3000000e-01   5.4181200e+02   7.7238855e+01
   5.4233000e+02   9.0200000e-01   5.4271100e+02   7.7696169e+01
   5.4332200e+02   9.9200000e-01   5.4371100e+02   7.7391293e+01
   5.4431000e+02   9.8800000e-01   5.4469100e+02   7.6872278e+01
   5.4526000e+02   9.5000000e-01   5.4563000e+02   7.7329592e+01
   5.4627500e+02   1.0160000e+00   5.4665500e+02   7.6872278e+01
   5.4728200e+02   1.0070000e+00   5.4767500e+02   7.6048387e+01
   5.4826400e+02   9.8200000e-01   5.4867300e+02   7.6781541e+01
   5.4927600e+02   1.0120000e+00   5.4967400e+02   7.6017537e+01
   5.5024900e+02   9.7300000e-01   5.5062800e+02   7.5681810e+01
   5.5118100e+02   9.3200000e-01   5.5155900e+02   7.5926800e+01
   5.5214600e+02   9.6500000e-01   5.5252000e+02   7.5591074e+01
   5.5311500e+02   9.6900000e-01   5.5350700e+02   7.5650960e+01
   5.5401500e+02   9.0000000e-01   5.5438500e+02   7.6414964e+01
   5.5497100e+02   9.5600000e-01   5.5536500e+02   7.6476665e+01
   5.5602100e+02   1.0500000e+00   5.5640500e+02   7.6841428e+01
   5.5702500e+02   1.0050000e+00   5.5743100e+02   7.6445815e+01
   5.5794800e+02   9.2300000e-01   5.5834800e+02   7.7636283e+01
   5.5892500e+02   9.7600000e-01   5.5939000e+02   7.6017537e+01
   5.5990800e+02   9.8300000e-01   5.5994300e+02   7.5621924e+01
   5.6084100e+02   9.3300000e-01   5.6084900e+02   7.0067013e+01
   5.6180600e+02   9.6600000e-01   5.6183000e+02   6.5002081e+01
   5.6280400e+02   9.9800000e-01   5.6288600e+02   6.2590295e+01
   5.6375000e+02   9.4500000e-01   5.6378000e+02   6.0849961e+01
   5.6467500e+02   9.2500000e-01   5.6468000e+02   5.8561577e+01
   5.6567300e+02   9.9800000e-01   5.6574400e+02   5.7311223e+01
   5.6668200e+02   1.0090000e+00   5.6672500e+02   5.6059054e+01
   5.6764400e+02   9.6200000e-01   5.6859700e+02   5.4899437e+01
   5.6863000e+02   9.8600000e-01   5.6934300e+02   5.6028204e+01
   5.6963900e+02   1.0090000e+00   5.6965700e+02   5.5663442e+01
   5.7059900e+02   9.6000000e-01   5.7129600e+02   5.9813746e+01
   5.7150000e+02   9.0100000e-01   5.7203500e+02   6.4971230e+01
   5.7244800e+02   9.4900000e-01   5.7299900e+02   6.7321315e+01
   5.7343300e+02   9.8400000e-01   5.7399400e+02   6.9273973e+01
   5.7437000e+02   9.3800000e-01   5.7489300e+02   7.1288331e+01
   5.7532800e+02   9.5800000e-01   5.7582100e+02   7.3150252e+01
   5.7630800e+02   9.8100000e-01   5.7679200e+02   7.3302690e+01
   5.7725100e+02   9.4200000e-01   5.7769200e+02   7.4400606e+01
   5.7821700e+02   9.6600000e-01   5.7867700e+02   7.6048387e+01
   5.7921100e+02   9.9300000e-01   5.7965100e+02   7.5986686e+01
   5.8015800e+02   9.4700000e-01   5.8061000e+02   7.6841428e+01
   5.8113500e+02   9.7600000e-01   5.8155000e+02   7.8124447e+01
   5.8212100e+02   9.8700000e-01   5.8253500e+02   7.7665318e+01
   5.8307400e+02   9.5300000e-01   5.8348700e+02   7.7941159e+01
   5.8403100e+02   9.5700000e-01   5.8443300e+02   7.8795900e+01
   5.8502400e+02   9.9300000e-01   5.8544600e+02   7.8031895e+01
   5.8596700e+02   9.4400000e-01   5.8637400e+02   7.7636283e+01
   5.8694500e+02   9.7700000e-01   5.8734900e+02   7.7636283e+01
   5.8794600e+02   1.0010000e+00   5.8833200e+02   7.5957651e+01
   5.8888900e+02   9.4300000e-01   5.8927200e+02   7.5162796e+01
   5.8985200e+02   9.6300000e-01   5.9024300e+02   7.4857920e+01
   5.9083700e+02   9.8500000e-01   5.9124300e+02   7.4431456e+01
   5.9177300e+02   9.3700000e-01   5.9212100e+02  -1.1922825e+00
   5.9271500e+02   9.4200000e-01   5.9362000e+02  -1.2213183e+00
   5.9370600e+02   9.9100000e-01   5.9432000e+02  -1.2213183e+00
   5.9467300e+02   9.6700000e-01   5.9472400e+02  -1.2521688e+00
   5.9562900e+02   9.5600000e-01   5.9617900e+02  -1.2213183e+00
   5.9660200e+02   9.7400000e-01   5.9700400e+02  -1.1922825e+00
   5.9752600e+02   9.2400000e-01   5.9765800e+02  -1.2213183e+00
   5.9846400e+02   9.3800000e-01   5.9882300e+02  -1.1922825e+00
   5.9944000e+02   9.7600000e-01   5.9958000e+02  -1.2213183e+00
   6.0038600e+02   9.4600000e-01   6.0063400e+02  -1.2213183e+00
   6.0134900e+02   9.6300000e-01   6.0197800e+02  -1.2521688e+00
   6.0234400e+02   9.9500000e-01   6.0259300e+02  -1.2213183e+00
   6.0331800e+02   9.7300000e-01   6.0347800e+02  -1.2521688e+00
   6.0426500e+02   9.4700000e-01   6.0500200e+02   8.8651739e+01
   6.0524600e+02   9.8200000e-01   6.0563600e+02   1.0363603e+02
   6.0621500e+02   9.6800000e-01   6.0659800e+02   1.0290469e+02
   6.0709700e+02   8.8200000e-01   6.0749600e+02   1.0571209e+02
   6.0801700e+02   9.2000000e-01   6.0840900e+02   1.0644342e+02
   6.0897300e+02   9.5600000e-01   6.0934900e+02   1.0488819e+02
   6.0991500e+02   9.4200000e-01   6.1030800e+02   1.0525477e+02
   6.1089900e+02   9.8400000e-01   6.1127500e+02   1.0601696e+02
   6.1190000e+02   1.0010000e+00   6.1228700e+02   1.0418589e+02
   6.1284600e+02   9.4600000e-01   6.1322700e+02   1.0528381e+02
   6.1383300e+02   9.8700000e-01   6.1420500e+02   1.0601696e+02
   6.1481800e+02   9.8500000e-01   6.1520400e+02   1.0531466e+02
   6.1574300e+02   9.2400000e-01   6.1612400e+02   1.0687170e+02
   6.1668200e+02   9.3900000e-01   6.1705400e+02   1.0708584e+02
   6.1765600e+02   9.7400000e-01   6.1805100e+02   1.0604781e+02
   6.1860000e+02   9.4400000e-01   6.1900700e+02   1.0442907e+02
   6.1950900e+02   9.0900000e-01   6.1989600e+02   1.0873362e+02
   6.2045900e+02   9.5100000e-01   6.2085300e+02   1.0552880e+02
   6.2141000e+02   9.5100000e-01   6.2179600e+02   1.0400260e+02
   6.2229800e+02   8.8800000e-01   6.2268600e+02   1.0675012e+02
   6.2324300e+02   9.4500000e-01   6.2361900e+02   1.0684085e+02
   6.2423400e+02   9.9100000e-01   6.2461900e+02   1.0330030e+02
   6.2517900e+02   9.4500000e-01   6.2555900e+02   1.0333115e+02
   6.2617300e+02   9.9400000e-01   6.2655300e+02   1.0522392e+02
   6.2719500e+02   1.0220000e+00   6.2757600e+02   1.0204995e+02
   6.2816500e+02   9.7000000e-01   6.2855600e+02   1.0208080e+02
   6.2916300e+02   9.9800000e-01   6.2954400e+02   1.0449077e+02
   6.3019800e+02   1.0350000e+00   6.3058200e+02   1.0299542e+02
   6.3119800e+02   1.0000000e+00   6.3157500e+02   1.0204995e+02
   6.3213500e+02   9.3700000e-01   6.3252100e+02   1.0604781e+02
   6.3313700e+02   1.0020000e+00   6.3351800e+02   1.0491905e+02
   6.3417500e+02   1.0380000e+00   6.3456100e+02   1.0366688e+02
   6.3514200e+02   9.6800000e-01   6.3553100e+02   1.0445992e+02
   6.3613700e+02   9.9500000e-01   6.3653800e+02   1.0565038e+02
   6.3718000e+02   1.0430000e+00   6.3757000e+02   1.0406430e+02
   6.3818200e+02   1.0010000e+00   6.3857100e+02   1.0525477e+02
   6.3913200e+02   9.5100000e-01   6.3951000e+02   1.0851948e+02
   6.4013600e+02   1.0040000e+00   6.4053700e+02   1.0723828e+02
   6.4115000e+02   1.0140000e+00   6.4154900e+02   1.0687170e+02
   6.4209900e+02   9.4800000e-01   6.4249300e+02   1.0974080e+02
   6.4308300e+02   9.8500000e-01   6.4344900e+02   1.0885521e+02
   6.4408700e+02   1.0040000e+00   6.4447300e+02   1.0723828e+02
   6.4500500e+02   9.1800000e-01   6.4539300e+02   1.1004568e+02
   6.4596200e+02   9.5700000e-01   6.4635100e+02   1.1010557e+02
   6.4699900e+02   1.0370000e+00   6.4739300e+02   1.0970995e+02
   6.4802600e+02   1.0270000e+00   6.4841300e+02   1.0925082e+02
   6.4898700e+02   9.6100000e-01   6.4937200e+02   1.1395099e+02
   6.4996900e+02   9.8200000e-01   6.5036900e+02   1.1358442e+02
   6.5095200e+02   9.8200000e-01   6.5137000e+02   1.1282223e+02
   6.5186900e+02   9.1800000e-01   6.5224900e+02   1.1562963e+02
   6.5284000e+02   9.7100000e-01   6.5323000e+02   1.1721752e+02
   6.5386600e+02   1.0260000e+00   6.5426900e+02   1.1440831e+02
   6.5482200e+02   9.5700000e-01   6.5520200e+02   1.1437927e+02
   6.5576500e+02   9.4300000e-01   6.5612900e+02   1.1627023e+02
   6.5677700e+02   1.0120000e+00   6.5716600e+02   1.1355538e+02
   6.5776100e+02   9.8400000e-01   6.5816000e+02   1.1083872e+02
   6.5865300e+02   8.9200000e-01   6.5905900e+02   1.1196749e+02
   6.5961200e+02   9.5900000e-01   6.6000700e+02   1.0238567e+02
   6.6062500e+02   1.0120000e+00   6.6101800e+02   9.6556735e+01
   6.6161000e+02   9.8600000e-01   6.6199800e+02   9.2466317e+01
   6.6253200e+02   9.2200000e-01   6.6292500e+02   9.1246814e+01
   6.6351300e+02   9.8100000e-01   6.6388400e+02   8.7156395e+01
   6.6449000e+02   9.7700000e-01   6.6488400e+02   8.2303787e+01
   6.6541900e+02   9.2900000e-01   6.6583500e+02   8.4806310e+01
   6.6638000e+02   9.6200000e-01   6.6677600e+02   8.6820669e+01
   6.6735800e+02   9.7700000e-01   6.6775900e+02   8.6027629e+01
   6.6829300e+02   9.3500000e-01   6.6868700e+02   8.7980286e+01
   6.6928400e+02   9.9100000e-01   6.6967300e+02   8.7218096e+01
   6.7029800e+02   1.0140000e+00   6.7070700e+02   8.4746424e+01
   6.7128400e+02   9.8600000e-01   6.7167800e+02   8.1084284e+01
   6.7221200e+02   9.2800000e-01   6.7262700e+02   8.5172887e+01
   6.7318800e+02   9.7700000e-01   6.7359500e+02   8.8439415e+01
   6.7416900e+02   9.8100000e-01   6.7455400e+02   8.8408564e+01
   6.7511700e+02   9.4800000e-01   6.7553000e+02   8.8804177e+01
   6.7605900e+02   9.4200000e-01   6.7644300e+02   9.3168621e+01
   6.7702900e+02   9.7000000e-01   6.7741600e+02   9.3261172e+01
   6.7800100e+02   9.7200000e-01   6.7839300e+02   9.0911087e+01
   6.7892100e+02   9.2000000e-01   6.7931500e+02   9.3230322e+01
   6.7986000e+02   9.3800000e-01   6.8025200e+02   9.5244680e+01
   6.8082900e+02   9.6900000e-01   6.8123400e+02   9.4054212e+01
   6.8175500e+02   9.2600000e-01   6.8215400e+02   9.4023362e+01
   6.8271500e+02   9.6000000e-01   6.8308600e+02   9.6099421e+01
   6.8370100e+02   9.8600000e-01   6.8408700e+02   9.4023362e+01
   6.8465700e+02   9.5600000e-01   6.8506500e+02   9.3625934e+01
   6.8561500e+02   9.5800000e-01   6.8602400e+02   9.5366268e+01
   6.8661000e+02   9.9500000e-01   6.8700400e+02   9.4420789e+01
   6.8756300e+02   9.5300000e-01   6.8800300e+02   9.2497168e+01
   6.8849300e+02   9.2900000e-01   6.8888200e+02   9.6037720e+01
   6.8945700e+02   9.6400000e-01   6.8986300e+02   9.6068571e+01
   6.9043500e+02   9.7800000e-01   6.9084300e+02   9.3535197e+01
   6.9136100e+02   9.2700000e-01   6.9176200e+02   9.4023362e+01
   6.9232700e+02   9.6500000e-01   6.9270100e+02   9.5671143e+01
   6.9332300e+02   9.9600000e-01   6.9372000e+02   9.3625934e+01
   6.9430100e+02   9.7800000e-01   6.9469200e+02   9.2344730e+01
   6.9524000e+02   9.3900000e-01   6.9564500e+02   9.4359088e+01
   6.9624500e+02   1.0050000e+00   6.9663900e+02   9.4816402e+01
   6.9725700e+02   1.0130000e+00   6.9765300e+02   9.3932625e+01
   6.9820900e+02   9.5200000e-01   6.9861200e+02   9.5182979e+01
   6.9918100e+02   9.7200000e-01   6.9958300e+02   9.6190158e+01
   7.0013400e+02   9.5200000e-01   7.0051700e+02   9.3961661e+01
   7.0100800e+02   8.7500000e-01   7.0139600e+02   9.6892462e+01
   7.0193500e+02   9.2700000e-01   7.0231100e+02   9.8052079e+01
   7.0291200e+02   9.7700000e-01   7.0330400e+02   9.6099421e+01
   7.0388000e+02   9.6700000e-01   7.0428300e+02   9.3992511e+01
   7.0478100e+02   9.0100000e-01   7.0518200e+02   9.6128457e+01
   7.0571800e+02   9.3800000e-01   7.0609900e+02   9.5275531e+01
   7.0666500e+02   9.4700000e-01   7.0704800e+02   9.3137770e+01
   7.0758700e+02   9.2200000e-01   7.0800100e+02   9.2466317e+01
   7.0850400e+02   9.1800000e-01   7.0888200e+02   9.5671143e+01
   7.0944000e+02   9.3600000e-01   7.0985200e+02   9.3992511e+01
   7.1034800e+02   9.0800000e-01   7.1075300e+02   9.3566048e+01
   7.1122400e+02   8.7600000e-01   7.1161900e+02   9.6068571e+01
   7.1216800e+02   9.4400000e-01   7.1255100e+02   9.5640293e+01
   7.1316500e+02   9.9700000e-01   7.1355200e+02   9.3199471e+01
   7.1409600e+02   9.3100000e-01   7.1449200e+02   9.4023362e+01
   7.1505200e+02   9.5700000e-01   7.1545000e+02   9.6099421e+01
   7.1603100e+02   9.7900000e-01   7.1643000e+02   9.3199471e+01
   7.1699100e+02   9.6000000e-01   7.1737500e+02   9.3199471e+01
   7.1794500e+02   9.5400000e-01   7.1833400e+02   9.6128457e+01
   7.1891800e+02   9.7300000e-01   7.1931600e+02   9.4756516e+01
   7.1986000e+02   9.4200000e-01   7.2025400e+02   9.3230322e+01
   7.2075000e+02   8.8900000e-01   7.2114600e+02   9.5671143e+01
   7.2168400e+02   9.3400000e-01   7.2209300e+02   9.6068571e+01
   7.2263100e+02   9.4700000e-01   7.2303900e+02   9.3504347e+01
   7.2353400e+02   9.0300000e-01   7.2396600e+02   9.4878103e+01
   7.2444700e+02   9.1300000e-01   7.2485000e+02   9.4847253e+01
   7.2524800e+02   8.0100000e-01   7.2564400e+02   9.5671143e+01
   7.2605400e+02   8.0600000e-01   7.2644500e+02   9.4847253e+01
   7.2691900e+02   8.6500000e-01   7.2730500e+02   9.2437281e+01
   7.2777600e+02   8.5700000e-01   7.2816300e+02   9.2466317e+01
   7.2855100e+02   7.7400000e-01   7.2898300e+02   9.4785552e+01
   7.2934900e+02   7.9800000e-01   7.2973600e+02   9.5611257e+01
   7.3025500e+02   9.0600000e-01   7.3065600e+02   9.4359088e+01
   7.3121800e+02   9.6300000e-01   7.3162600e+02   9.1794864e+01
   7.3216200e+02   9.4400000e-01   7.3255700e+02   8.8713440e+01
   7.3303400e+02   8.7200000e-01   7.3342500e+02   9.0513660e+01
   7.3394300e+02   9.0900000e-01   7.3433200e+02   8.8286977e+01
   7.3486200e+02   9.1900000e-01   7.3526600e+02   8.2458040e+01
   7.3573400e+02   8.7100000e-01   7.3615900e+02   7.9588940e+01
   7.3665400e+02   9.2100000e-01   7.3702500e+02   8.1175021e+01
   7.3761600e+02   9.6200000e-01   7.3802700e+02   8.1969876e+01
   7.3857300e+02   9.5700000e-01   7.3898100e+02   8.1084284e+01
   7.3947700e+02   9.0400000e-01   7.3989200e+02   8.5203738e+01
   7.4040600e+02   9.2900000e-01   7.4079700e+02   8.6851519e+01
   7.4134100e+02   9.3500000e-01   7.4174400e+02   8.5630201e+01
   7.4221600e+02   8.7500000e-01   7.4264100e+02   8.6089330e+01
   7.4311600e+02   9.0000000e-01   7.4353500e+02   8.8011137e+01
   7.4403900e+02   9.2300000e-01   7.4443600e+02   8.7553823e+01
   7.4494000e+02   9.0200000e-01   7.4534100e+02   8.6425056e+01
   7.4581300e+02   8.7300000e-01   7.4621300e+02   9.0025495e+01
   7.4673800e+02   9.2500000e-01   7.4711900e+02   8.9599032e+01
   7.4768300e+02   9.4400000e-01   7.4809800e+02   8.7522972e+01
   7.4857700e+02   8.9400000e-01   7.4897300e+02   8.8865878e+01
   7.4952100e+02   9.4400000e-01   7.4991300e+02   9.1246814e+01
   7.5050900e+02   9.8800000e-01   7.5091200e+02   9.0118047e+01
   7.5143300e+02   9.2400000e-01   7.5181900e+02   9.0087196e+01
   7.5237100e+02   9.3800000e-01   7.5277100e+02   9.3199471e+01
   7.5335100e+02   9.8000000e-01   7.5373800e+02   9.2863745e+01
   7.5432300e+02   9.7300000e-01   7.5471800e+02   9.1215963e+01
   7.5522200e+02   8.9900000e-01   7.5563000e+02   9.4023362e+01
   7.5615900e+02   9.3700000e-01   7.5657000e+02   9.5304566e+01
   7.5709000e+02   9.3100000e-01   7.5748900e+02   9.4847253e+01
   7.5797600e+02   8.8600000e-01   7.5836900e+02   9.4023362e+01
   7.5881300e+02   8.3800000e-01   7.5919700e+02   9.6435148e+01
   7.5969200e+02   8.7800000e-01   7.6007600e+02   9.8418656e+01
   7.6058400e+02   8.9300000e-01   7.6099600e+02   9.6006870e+01
   7.6146500e+02   8.8000000e-01   7.6185500e+02   9.6404297e+01
   7.6236200e+02   8.9800000e-01   7.6274700e+02   1.0006644e+02
   7.6329800e+02   9.3500000e-01   7.6368800e+02   1.0006644e+02
   7.6420500e+02   9.0700000e-01   7.6458700e+02   9.8173666e+01
   7.6506400e+02   8.5900000e-01   7.6546800e+02   1.0079778e+02
   7.6596900e+02   9.0500000e-01   7.6636800e+02   1.0210983e+02
   7.6687000e+02   9.0000000e-01   7.6727100e+02   9.9730711e+01
   7.6773200e+02   8.6200000e-01   7.6812600e+02   9.9669010e+01
   7.6863100e+02   8.9900000e-01   7.6901100e+02   1.0082863e+02
   7.6956700e+02   9.3500000e-01   7.6996000e+02   9.8906820e+01
   7.7049800e+02   9.3200000e-01   7.7089800e+02   9.6006870e+01
   7.7137100e+02   8.7300000e-01   7.7178000e+02   9.8021228e+01
   7.7227300e+02   9.0200000e-01   7.7265100e+02   9.6983199e+01
   7.7317900e+02   9.0600000e-01   7.7356400e+02   9.3290208e+01
   7.7405100e+02   8.7100000e-01   7.7444900e+02   9.3261172e+01
   7.7497600e+02   9.2600000e-01   7.7535600e+02   9.3504347e+01
   7.7596800e+02   9.9200000e-01   7.7637500e+02   9.1215963e+01
   7.7694300e+02   9.7500000e-01   7.7734800e+02   8.8011137e+01
   7.7786300e+02   9.2000000e-01   7.7825000e+02   9.0087196e+01
   7.7883600e+02   9.7200000e-01   7.7924800e+02   9.1704127e+01
   7.7981500e+02   9.8000000e-01   7.8020800e+02   9.0880237e+01
   7.8073800e+02   9.2300000e-01   7.8114300e+02   9.1673277e+01
   7.8166800e+02   9.3000000e-01   7.8205300e+02   9.4694815e+01
   7.8263400e+02   9.6500000e-01   7.8304300e+02   9.5275531e+01
   7.8361300e+02   9.8000000e-01   7.8401500e+02   9.3137770e+01
   7.8452700e+02   9.1400000e-01   7.8492600e+02   9.6068571e+01
   7.8544300e+02   9.1500000e-01   7.8584700e+02   9.8142816e+01
   7.8639400e+02   9.5200000e-01   7.8682000e+02   9.6923312e+01
   7.8730400e+02   9.0900000e-01   7.8771200e+02   9.6799910e+01
   7.8822300e+02   9.1900000e-01   7.8861800e+02   1.0000474e+02
   7.8916900e+02   9.4700000e-01   7.8956400e+02   9.8142816e+01
   7.9007200e+02   9.0200000e-01   7.9046100e+02   9.6892462e+01
   7.9096500e+02   8.9300000e-01   7.9137200e+02   1.0000474e+02
   7.9191800e+02   9.5400000e-01   7.9230600e+02   9.9302433e+01
   7.9286100e+02   9.4200000e-01   7.9325700e+02   9.6404297e+01
   7.9377400e+02   9.1300000e-01   7.9415500e+02   9.9973886e+01
   7.9473800e+02   9.6500000e-01   7.9512400e+02   9.8447692e+01
   7.9569200e+02   9.5400000e-01   7.9609700e+02   9.5275531e+01
   7.9658200e+02   8.9000000e-01   7.9698400e+02   9.7716353e+01
   7.9753700e+02   9.5500000e-01   7.9797600e+02   9.6830761e+01
   7.9852000e+02   9.8300000e-01   7.9889100e+02   9.3932625e+01
   7.9944400e+02   9.2400000e-01   7.9983100e+02   9.5152129e+01
   8.0040100e+02   9.5700000e-01   8.0078300e+02   9.6861611e+01
   8.0138700e+02   9.8600000e-01   8.0176300e+02   9.4847253e+01
   8.0230900e+02   9.2200000e-01   8.0268300e+02   9.6495034e+01
   8.0326900e+02   9.6100000e-01   8.0365900e+02   9.8875970e+01
   8.0426300e+02   9.9300000e-01   8.0464400e+02   9.7716353e+01
   8.0520600e+02   9.4300000e-01   8.0560300e+02   9.6128457e+01
   8.0610100e+02   8.9500000e-01   8.0649500e+02   9.9180846e+01
   8.0705300e+02   9.5200000e-01   8.0742000e+02   9.9669010e+01
   8.0804300e+02   9.9000000e-01   8.0842900e+02   9.7990378e+01
   8.0896200e+02   9.1900000e-01   8.0935400e+02   9.8845119e+01
   8.0990200e+02   9.4000000e-01   8.1028700e+02   9.9883149e+01
   8.1088200e+02   9.8000000e-01   8.1129300e+02   9.7623801e+01
   8.1184100e+02   9.5900000e-01   8.1223800e+02   9.6923312e+01
   8.1275200e+02   9.1100000e-01   8.1315300e+02   9.9302433e+01
   8.1370600e+02   9.5400000e-01   8.1409800e+02   9.8875970e+01
   8.1467800e+02   9.7200000e-01   8.1505900e+02   9.6099421e+01
   8.1558700e+02   9.0900000e-01   8.1599800e+02   9.6159308e+01
   8.1651800e+02   9.3100000e-01   8.1691100e+02   9.6556735e+01
   8.1747800e+02   9.6000000e-01   8.1789000e+02   9.3137770e+01
   8.1839400e+02   9.1600000e-01   8.1878900e+02   9.1734978e+01
   8.1935100e+02   9.5700000e-01   8.1975000e+02   9.2832894e+01
   8.2033600e+02   9.8500000e-01   8.2073600e+02   8.9323192e+01
   8.2126400e+02   9.2800000e-01   8.2166900e+02   8.5630201e+01
   8.2209200e+02   8.2800000e-01   8.2250800e+02   8.2396339e+01
   8.2288300e+02   7.9100000e-01   8.2326700e+02   8.2334638e+01
   8.2376400e+02   8.8000000e-01   8.2419400e+02   7.9467353e+01
   8.2488400e+02   1.1200000e+00   8.2525400e+02   7.6750691e+01
   8.2596500e+02   1.0820000e+00   8.2636600e+02   7.4705482e+01
   8.2699700e+02   1.0320000e+00   8.2741900e+02   7.3576715e+01
   8.2796000e+02   9.6300000e-01   8.2838500e+02   7.5926800e+01
   8.2894300e+02   9.8200000e-01   8.2932500e+02   7.5957651e+01
   8.2993400e+02   9.9100000e-01   8.3034600e+02   7.5560223e+01
   8.3090200e+02   9.6800000e-01   8.3131300e+02   7.4705482e+01
   8.3181000e+02   9.0800000e-01   8.3220500e+02   7.8367622e+01
   8.3277300e+02   9.6300000e-01   8.3317100e+02   7.8031895e+01
   8.3375600e+02   9.8300000e-01   8.3414500e+02   7.8031895e+01
   8.3472200e+02   9.6600000e-01   8.3512300e+02   7.7269706e+01
   8.3564300e+02   9.2100000e-01   8.3603000e+02   7.9893816e+01
   8.3660900e+02   9.6600000e-01   8.3702700e+02   8.0686856e+01
   8.3762200e+02   1.0130000e+00   8.3801600e+02   8.1420010e+01
   8.3862900e+02   1.0070000e+00   8.3904300e+02   8.0717707e+01
   8.3956900e+02   9.4000000e-01   8.3999500e+02   8.1450861e+01
   8.4055700e+02   9.8700000e-01   8.4098200e+02   8.3617657e+01
   8.4155100e+02   9.9400000e-01   8.4200100e+02   8.3220230e+01
   8.4249400e+02   9.4300000e-01   8.4322100e+02  -1.2213183e+00
   8.4349000e+02   9.9600000e-01   8.4442500e+02  -1.2213183e+00
   8.4452000e+02   1.0300000e+00   8.4502000e+02  -1.2521688e+00
   8.4552900e+02   1.0080000e+00   8.4568600e+02  -1.2213183e+00
   8.4645200e+02   9.2300000e-01   8.4670000e+02  -1.2521688e+00
   8.4743300e+02   9.8100000e-01   8.4799900e+02  -1.2521688e+00
   8.4842700e+02   9.9500000e-01   8.4844500e+02  -1.2521688e+00
   8.4938500e+02   9.5700000e-01   8.5020500e+02  -1.2213183e+00
   8.5029200e+02   9.0700000e-01   8.5033900e+02  -1.2521688e+00
   8.5124700e+02   9.5600000e-01   8.5179800e+02  -1.2213183e+00
   8.5222400e+02   9.7700000e-01   8.5269800e+02  -1.2521688e+00
   8.5313100e+02   9.0700000e-01   8.5323700e+02  -1.2521688e+00
   8.5409400e+02   9.6300000e-01   8.5455700e+02  -1.2521688e+00
   8.5505800e+02   9.6300000e-01   8.5521600e+02  -1.2213183e+00
   8.5597600e+02   9.1900000e-01   8.5657600e+02  -1.2213183e+00
   8.5687800e+02   9.0100000e-01   8.5771500e+02  -1.2521688e+00
   8.5785000e+02   9.7200000e-01   8.5865500e+02  -1.2213183e+00
   8.5886100e+02   1.0110000e+00   8.5903500e+02  -1.2521688e+00
   8.5981400e+02   9.5300000e-01   8.5985400e+02  -1.2830194e+00
   8.6071700e+02   9.0200000e-01   8.6083400e+02  -1.2521688e+00
   8.6166400e+02   9.4700000e-01   8.6220000e+02  -1.2521688e+00
   8.6259700e+02   9.3400000e-01   8.6295400e+02  -1.2521688e+00
   8.6348400e+02   8.8700000e-01   8.6404100e+02  -1.2213183e+00
   8.6442200e+02   9.3800000e-01   8.6459300e+02  -1.2521688e+00
   8.6538600e+02   9.6400000e-01   8.6565300e+02  -1.2521688e+00
   8.6631800e+02   9.3200000e-01   8.6633300e+02  -1.2213183e+00
   8.6726500e+02   9.4700000e-01   8.6753200e+02  -1.2213183e+00
   8.6821200e+02   9.4700000e-01   8.6835700e+02  -1.2830194e+00
   8.6911500e+02   9.0300000e-01   8.6913300e+02  -1.2830194e+00
   8.7007400e+02   9.5900000e-01   8.7009300e+02  -1.2213183e+00
   8.7104300e+02   9.6900000e-01   8.7113300e+02  -1.2213183e+00
   8.7195100e+02   9.0800000e-01   8.7259300e+02  -1.2213183e+00
   8.7291500e+02   9.6400000e-01   8.7293300e+02  -1.2521688e+00
   8.7388300e+02   9.6800000e-01   8.7455300e+02  -1.2213183e+00
   8.7478000e+02   8.9700000e-01   8.7481200e+02  -1.2830194e+00
   8.7574100e+02   9.6100000e-01   8.7673300e+02  -1.2521688e+00
   8.7673700e+02   9.9700000e-01   8.7719200e+02  -1.2213183e+00
   8.7765700e+02   9.1900000e-01   8.7767200e+02  -1.2521688e+00
   8.7858900e+02   9.3300000e-01   8.7931200e+02  -1.1922825e+00
   8.7954600e+02   9.5700000e-01   8.7967200e+02  -1.2213183e+00
   8.8050500e+02   9.5900000e-01   8.8075700e+02  -1.2521688e+00
   8.8147300e+02   9.6800000e-01   8.8199900e+02  -1.2213183e+00
   8.8243700e+02   9.6400000e-01   8.8259100e+02  -1.2521688e+00
   8.8335600e+02   9.1900000e-01   8.8361200e+02  -1.2521688e+00
   8.8436100e+02   1.0050000e+00   8.8499100e+02  -1.1922825e+00
   8.8539400e+02   1.0330000e+00   8.8571800e+02  -1.2521688e+00
   8.8634600e+02   9.5200000e-01   8.8687800e+02  -1.2521688e+00
   8.8734100e+02   9.9500000e-01   8.8795600e+02  -1.2213183e+00
   8.8832800e+02   9.8700000e-01   8.8849500e+02  -1.2521688e+00
   8.8926800e+02   9.3900000e-01   8.8929000e+02  -1.2521688e+00
   8.9024100e+02   9.7300000e-01   8.9027600e+02  -1.2521688e+00
   8.9119900e+02   9.5800000e-01   8.9131700e+02  -1.2521688e+00
   8.9209200e+02   8.9300000e-01   8.9241600e+02  -1.2213183e+00
   8.9302900e+02   9.3800000e-01   8.9340900e+02  -1.2521688e+00
   8.9404000e+02   1.0110000e+00   8.9444800e+02  -1.2521688e+00
   8.9497100e+02   9.3000000e-01   8.9518800e+02  -1.2213183e+00
   8.9597600e+02   1.0050000e+00   8.9610800e+02  -1.2521688e+00
   8.9697100e+02   9.9500000e-01   8.9708900e+02  -1.2521688e+00
   8.9792300e+02   9.5200000e-01   8.9822800e+02  -1.2213183e+00
   8.9891900e+02   9.9600000e-01   8.9912700e+02  -1.2213183e+00
   8.9989600e+02   9.7700000e-01   9.0022700e+02  -1.2521688e+00
   9.0083500e+02   9.3800000e-01   9.0111200e+02  -1.2521688e+00
   9.0181300e+02   9.7800000e-01   9.0190600e+02  -1.2521688e+00
   9.0276600e+02   9.5400000e-01   9.0305100e+02  -1.2521688e+00
   9.0365300e+02   8.8700000e-01   9.0370600e+02  -1.2521688e+00
   9.0460600e+02   9.5200000e-01   9.0494500e+02  -1.2213183e+00
   9.0557200e+02   9.6700000e-01   9.0624500e+02  -1.2213183e+00
   9.0650400e+02   9.3200000e-01   9.0690400e+02  -1.2521688e+00
   9.0749400e+02   9.9000000e-01   9.0822400e+02  -1.2213183e+00
   9.0850200e+02   1.0080000e+00   9.0914900e+02  -1.2521688e+00
   9.0944500e+02   9.4300000e-01   9.0980300e+02  -1.2521688e+00
   9.1040600e+02   9.6100000e-01   9.1100300e+02  -1.2213183e+00
   9.1138000e+02   9.7400000e-01   9.1140200e+02  -1.2830194e+00
   9.1231100e+02   9.3100000e-01   9.1310200e+02  -1.2213183e+00
   9.1328400e+02   9.7400000e-01   9.1392600e+02  -1.2213183e+00
   9.1428800e+02   1.0040000e+00   9.1498000e+02  -1.2213183e+00
   9.1524000e+02   9.5200000e-01   9.1538800e+02  -1.2521688e+00
   9.1617900e+02   9.3900000e-01   9.1618100e+02  -1.2521688e+00
   9.1716300e+02   9.8400000e-01   9.1795900e+02  -1.2213183e+00
   9.1809200e+02   9.2900000e-01   9.1882000e+02  -1.2213183e+00
   9.1901300e+02   9.2100000e-01   9.1933800e+02  -1.2213183e+00
   9.1997000e+02   9.5700000e-01   9.2034600e+02  -1.2521688e+00
   9.2088000e+02   9.1000000e-01   9.2106300e+02  -1.2213183e+00
   9.2179000e+02   9.1000000e-01   9.2264400e+02  -1.2213183e+00
   9.2275100e+02   9.6100000e-01   9.2285600e+02  -1.2213183e+00
   9.2372000e+02   9.6800000e-01   9.2405600e+02  -1.2213183e+00
   9.2465800e+02   9.3800000e-01   9.2499600e+02  -1.2213183e+00
   9.2569200e+02   1.0340000e+00   9.2629500e+02  -1.2213183e+00
   9.2672500e+02   1.0330000e+00   9.2693600e+02  -1.2521688e+00
   9.2767200e+02   9.4700000e-01   9.2841500e+02  -1.2213183e+00
   9.2868900e+02   1.0170000e+00   9.2875400e+02  -1.2213183e+00
   9.2969000e+02   1.0010000e+00   9.2975400e+02  -1.2521688e+00
   9.3062500e+02   9.3500000e-01   9.3109400e+02  -1.2213183e+00
   9.3162100e+02   9.9600000e-01   9.3173300e+02  -1.2213183e+00
   9.3261200e+02   9.9100000e-01   9.3267300e+02  -1.2521688e+00
   9.3352900e+02   9.1700000e-01   9.3387800e+02  -1.2213183e+00
   9.3450100e+02   9.7200000e-01   9.3463300e+02  -1.2521688e+00
   9.3549300e+02   9.9200000e-01   9.3579300e+02  -1.2213183e+00
   9.3641400e+02   9.2100000e-01   9.3645300e+02  -1.2213183e+00
   9.3742200e+02   1.0080000e+00   9.3745900e+02  -1.1922825e+00
   9.3846700e+02   1.0450000e+00   9.3901200e+02  -1.2521688e+00
   9.3947100e+02   1.0050000e+00   9.3955700e+02  -1.2521688e+00
   9.4043600e+02   9.6500000e-01   9.4089700e+02  -1.2213183e+00
   9.4142700e+02   9.9000000e-01   9.4187200e+02  -1.2213183e+00
   9.4242000e+02   9.9300000e-01   9.4247900e+02  -1.2521688e+00
   9.4337300e+02   9.5300000e-01   9.4339200e+02  -1.2521688e+00
   9.4436600e+02   9.9300000e-01   9.4459900e+02  -1.2213183e+00
   9.4537600e+02   1.0100000e+00   9.4541900e+02  -1.2213183e+00
   9.4634100e+02   9.6500000e-01   9.4665200e+02  -1.2521688e+00
   9.4731800e+02   9.7700000e-01   9.4735100e+02  -1.2521688e+00
   9.4830300e+02   9.8500000e-01   9.4839100e+02  -1.2521688e+00
   9.4925600e+02   9.5300000e-01   9.4929100e+02  -1.2830194e+00
   9.5022100e+02   9.6500000e-01   9.5113100e+02  -1.1922825e+00
   9.5123700e+02   1.0170000e+00   9.5143100e+02  -1.2213183e+00
   9.5224100e+02   1.0040000e+00   9.5233700e+02  -1.2521688e+00
   9.5322100e+02   9.8100000e-01   9.5323100e+02  -1.2521688e+00
   9.5423700e+02   1.0150000e+00   9.5423800e+02  -1.2521688e+00
   9.5522900e+02   9.9200000e-01   9.5543000e+02  -1.2213183e+00
   9.5615500e+02   9.2600000e-01   9.5615700e+02  -1.2830194e+00
   9.5715600e+02   1.0010000e+00   9.5719600e+02  -1.2521688e+00
   9.5817400e+02   1.0180000e+00   9.5817600e+02  -1.2521688e+00
   9.5913300e+02   9.5900000e-01   9.6000900e+02  -1.2521688e+00
   9.6010100e+02   9.6900000e-01   9.6066900e+02  -1.1922825e+00
   9.6109600e+02   9.9400000e-01   9.6187500e+02  -1.2213183e+00
   9.6204500e+02   9.5000000e-01   9.6260800e+02  -1.2213183e+00
   9.6296100e+02   9.1600000e-01   9.6322800e+02  -1.2521688e+00
   9.6394000e+02   9.7900000e-01   9.6487500e+02  -1.2213183e+00
   9.6493000e+02   9.9000000e-01   9.6510800e+02  -1.2213183e+00
   9.6586300e+02   9.3300000e-01   9.6608700e+02  -1.2213183e+00
   9.6686600e+02   1.0030000e+00   9.6724700e+02  -1.2213183e+00
   9.6791500e+02   1.0490000e+00   9.6848700e+02  -1.2213183e+00
   9.6886300e+02   9.4800000e-01   9.6900700e+02  -1.2521688e+00
   9.6981800e+02   9.5500000e-01   9.6988600e+02  -1.2521688e+00
   9.7084000e+02   1.0220000e+00   9.7118600e+02  -1.2213183e+00
   9.7187300e+02   1.0330000e+00   9.7190600e+02  -1.2521688e+00
   9.7288000e+02   1.0070000e+00   9.7344500e+02  -1.2213183e+00
   9.7401600e+02   1.1350000e+00   9.7435200e+02  -1.2521688e+00
   9.7516300e+02   1.1470000e+00   9.7596600e+02  -1.2213183e+00
   9.7623500e+02   1.0720000e+00   9.7724500e+02  -1.2521688e+00
   9.7740300e+02   1.1680000e+00   9.7838400e+02  -1.2521688e+00
   9.7851900e+02   1.1160000e+00   9.7857000e+02  -1.2521688e+00
   9.7956600e+02   1.0460000e+00   9.7986500e+02  -1.2521688e+00
   9.8067900e+02   1.1140000e+00   9.8136400e+02  -1.2213183e+00
   9.8175700e+02   1.0770000e+00   9.8218300e+02  -1.2213183e+00
   9.8279400e+02   1.0380000e+00   9.8354800e+02  -1.2213183e+00
   9.8389400e+02   1.0990000e+00   9.8394400e+02  -1.2830194e+00
   9.8493200e+02   1.0380000e+00   9.8554300e+02  -1.2213183e+00
   9.8593600e+02   1.0040000e+00   9.8597000e+02  -1.2521688e+00
   9.8699300e+02   1.0580000e+00   9.8778200e+02  -1.2521688e+00
   9.8802200e+02   1.0290000e+00   9.8824900e+02  -1.2213183e+00
   9.8898100e+02   9.5800000e-01   9.8924700e+02  -1.2521688e+00
   9.8999400e+02   1.0140000e+00   9.9012800e+02  -1.2830194e+00
   9.9099200e+02   9.9800000e-01   9.9124700e+02  -1.2521688e+00
   9.9194300e+02   9.5100000e-01   9.9232900e+02  -1.2521688e+00
   9.9298100e+02   1.0380000e+00   9.9318700e+02  -1.2521688e+00
   9.9401000e+02   1.0280000e+00   9.9428100e+02  -1.2521688e+00
   9.9500000e+02   9.9000000e-01   9.9588700e+02  -1.2213183e+00
   9.9605700e+02   1.0570000e+00   9.9624000e+02  -1.2213183e+00
   9.9706800e+02   1.0110000e+00   9.9726000e+02  -1.2521688e+00
   9.9808300e+02   1.0150000e+00   9.9856600e+02  -1.2521688e+00
   9.9916400e+02   1.0820000e+00   9.9966500e+02  -5.8071598e-01
   1.0002030e+03   1.0380000e+00   1.0005790e+03  -1.2521688e+00
   1.0012090e+03   1.0060000e+00   1.0018790e+03  -1.2213183e+00
   1.0022710e+03   1.0630000e+00   1.0023530e+03  -1.2213183e+00
   1.0033000e+03   1.0290000e+00   1.0036460e+03  -1.2213183e+00
   1.0042860e+03   9.8600000e-01   1.0042990e+03  -1.2521688e+00
   1.0053160e+03   1.0310000e+00   1.0059190e+03  -1.2521688e+00
   1.0063140e+03   9.9700000e-01   1.0063390e+03  -1.1922825e+00
   1.0072640e+03   9.5100000e-01   1.0074180e+03  -1.2830194e+00
   1.0082830e+03   1.0190000e+00   1.0087980e+03  -1.2213183e+00
   1.0092830e+03   1.0000000e+00   1.0100580e+03  -1.2213183e+00
   1.0102470e+03   9.6400000e-01   1.0107840e+03  -1.2213183e+00
   1.0112870e+03   1.0400000e+00   1.0114030e+03  -1.1614320e+00
   1.0123000e+03   1.0120000e+00   1.0130630e+03  -1.2213183e+00
   1.0132390e+03   9.4000000e-01   1.0132850e+03  -1.2521688e+00
   1.0142310e+03   9.9100000e-01   1.0148370e+03  -8.2570554e-01
   1.0152450e+03   1.0140000e+00   1.0153010e+03  -1.2213183e+00
   1.0161940e+03   9.4900000e-01   1.0163850e+03  -1.2521688e+00
   1.0172100e+03   1.0150000e+00   1.0179840e+03  -1.2521688e+00
   1.0182430e+03   1.0340000e+00   1.0187670e+03  -1.2521688e+00
   1.0192030e+03   9.6000000e-01   1.0198030e+03  -1.2521688e+00
   1.0202400e+03   1.0370000e+00   1.0210060e+03  -1.2213183e+00
   1.0213040e+03   1.0630000e+00   1.0213640e+03  -1.2830194e+00
   1.0222860e+03   9.8200000e-01   1.0230790e+03  -1.2213183e+00
   1.0233080e+03   1.0220000e+00   1.0235390e+03  -1.2213183e+00
   1.0243440e+03   1.0370000e+00   1.0252800e+03  -1.1305814e+00
   1.0253120e+03   9.6700000e-01   1.0253450e+03  -1.2521688e+00
   1.0263200e+03   1.0080000e+00   1.0263860e+03  -1.2521688e+00
   1.0273340e+03   1.0140000e+00   1.0274000e+03  -1.2521688e+00
   1.0282680e+03   9.3400000e-01   1.0288400e+03  -1.2213183e+00
   1.0292550e+03   9.8600000e-01   1.0293000e+03  -1.2521688e+00
   1.0302780e+03   1.0240000e+00   1.0310200e+03  -1.2213183e+00
   1.0312550e+03   9.7600000e-01   1.0317890e+03  -1.2521688e+00
   1.0322870e+03   1.0330000e+00   1.0330620e+03  -1.2521688e+00
   1.0333330e+03   1.0460000e+00   1.0335420e+03  -1.2521688e+00
   1.0343120e+03   9.7800000e-01   1.0344220e+03  -1.2521688e+00
   1.0353600e+03   1.0490000e+00   1.0356090e+03  -1.2830194e+00
   1.0364000e+03   1.0390000e+00   1.0366020e+03  -1.2830194e+00
   1.0373800e+03   9.8100000e-01   1.0376110e+03  -1.2213183e+00
   1.0384130e+03   1.0330000e+00   1.0384710e+03  -1.2830194e+00
   1.0394510e+03   1.0380000e+00   1.0398290e+03  -1.2521688e+00
   1.0404290e+03   9.7700000e-01   1.0408040e+03  -1.2830194e+00
   1.0414630e+03   1.0340000e+00   1.0422900e+03  -1.2521688e+00
   1.0424810e+03   1.0180000e+00   1.0425040e+03  -1.2521688e+00
   1.0434140e+03   9.3300000e-01   1.0435310e+03  -1.2521688e+00
   1.0444220e+03   1.0080000e+00   1.0451740e+03  -1.2213183e+00
   1.0454550e+03   1.0330000e+00   1.0458910e+03  -1.2521688e+00
   1.0464210e+03   9.6600000e-01   1.0473270e+03  -1.2213183e+00
   1.0474300e+03   1.0090000e+00   1.0476470e+03  -1.2213183e+00
   1.0484710e+03   1.0410000e+00   1.0488520e+03  -1.2521688e+00
   1.0494570e+03   9.8600000e-01   1.0499360e+03  -1.2213183e+00
   1.0504280e+03   9.7100000e-01   1.0510680e+03  -1.2521688e+00
   1.0514310e+03   1.0030000e+00   1.0515550e+03  -1.2213183e+00
   1.0523870e+03   9.5600000e-01   1.0532580e+03  -1.2521688e+00
   1.0533920e+03   1.0050000e+00   1.0539900e+03  -1.2213183e+00
   1.0544030e+03   1.0120000e+00   1.0544360e+03  -1.2830194e+00
   1.0553520e+03   9.4900000e-01   1.0554950e+03  -1.2521688e+00
   1.0563130e+03   9.6100000e-01   1.0565120e+03  -1.2521688e+00
   1.0572970e+03   9.8500000e-01   1.0577520e+03  -1.2213183e+00
   1.0582440e+03   9.4700000e-01   1.0587720e+03  -1.2521688e+00
   1.0592170e+03   9.7400000e-01   1.0596790e+03  -1.2213183e+00
   1.0602140e+03   9.9700000e-01   1.0610940e+03  -1.2213183e+00
   1.0612070e+03   9.9300000e-01   1.0617530e+03  -1.2521688e+00
   1.0621520e+03   9.4600000e-01   1.0624930e+03  -1.2521688e+00
   1.0631570e+03   1.0050000e+00   1.0632600e+03  -1.2830194e+00
   1.0641600e+03   1.0030000e+00   1.0641810e+03  -1.2213183e+00
   1.0651130e+03   9.5300000e-01   1.0654740e+03  -1.2521688e+00
   1.0661220e+03   1.0090000e+00   1.0662940e+03  -1.2521688e+00
   1.0671300e+03   1.0080000e+00   1.0671540e+03  -1.2521688e+00
   1.0681090e+03   9.7900000e-01   1.0682350e+03  -1.2830194e+00
   1.0691350e+03   1.0270000e+00   1.0691950e+03  -1.2521688e+00
   1.0701250e+03   9.9000000e-01   1.0703350e+03  -1.2521688e+00
   1.0710990e+03   9.7400000e-01   1.0711150e+03  -1.2830194e+00
   1.0721090e+03   1.0100000e+00   1.0721560e+03  -1.2830194e+00
   1.0731080e+03   9.9900000e-01   1.0731770e+03  -1.2521688e+00
   1.0740630e+03   9.5600000e-01   1.0747770e+03  -1.2213183e+00
   1.0750950e+03   1.0320000e+00   1.0753560e+03  -1.2521688e+00
   1.0761370e+03   1.0420000e+00   1.0768430e+03  -1.2521688e+00
   1.0771100e+03   9.7300000e-01   1.0777650e+03  -1.2213183e+00
   1.0781420e+03   1.0320000e+00   1.0783780e+03  -1.2521688e+00
   1.0791990e+03   1.0570000e+00   1.0794060e+03  -1.2213183e+00
   1.0801990e+03   1.0000000e+00   1.0805220e+03  -1.2521688e+00
   1.0812330e+03   1.0330000e+00   1.0820590e+03  -1.2213183e+00
   1.0822560e+03   1.0230000e+00   1.0826860e+03  -1.2213183e+00
   1.0832080e+03   9.5200000e-01   1.0834000e+03  -1.2213183e+00
   1.0841990e+03   9.9200000e-01   1.0842590e+03  -1.2521688e+00
   1.0852310e+03   1.0320000e+00   1.0854870e+03  -1.2521688e+00
   1.0862110e+03   9.8000000e-01   1.0862260e+03  -1.2521688e+00
   1.0872130e+03   1.0020000e+00   1.0878600e+03  -1.2521688e+00
   1.0882510e+03   1.0380000e+00   1.0883410e+03  -1.2213183e+00
   1.0892130e+03   9.6200000e-01   1.0892420e+03  -1.2521688e+00
   1.0902150e+03   1.0020000e+00   1.0904820e+03  -1.2213183e+00
   1.0912750e+03   1.0590000e+00   1.0914620e+03  -1.2213183e+00
   1.0922820e+03   1.0080000e+00   1.0923270e+03  -1.2521688e+00
   1.0933270e+03   1.0440000e+00   1.0942840e+03  -1.2521688e+00
   1.0943620e+03   1.0350000e+00   1.0943830e+03  -1.2521688e+00
   1.0953260e+03   9.6400000e-01   1.0958520e+03  -1.2521688e+00
   1.0963420e+03   1.0150000e+00   1.0972320e+03  -1.2521688e+00
   1.0973210e+03   9.7900000e-01   1.0976040e+03  -1.2521688e+00
   1.0982620e+03   9.4100000e-01   1.0989450e+03  -1.2213183e+00
   1.0992650e+03   1.0030000e+00   1.0999250e+03  -1.2213183e+00
   1.1002600e+03   9.9500000e-01   1.1004050e+03  -1.2521688e+00
   1.1011800e+03   9.2000000e-01   1.1015460e+03  -1.2521688e+00
   1.1021920e+03   1.0120000e+00   1.1026910e+03  -1.2521688e+00
   1.1031660e+03   9.7400000e-01   1.1037270e+03  -1.2213183e+00
   1.1040540e+03   8.8800000e-01   1.1044520e+03  -1.1922825e+00
   1.1049320e+03   8.7900000e-01   1.1050310e+03  -1.2830194e+00
   1.1058430e+03   9.1100000e-01   1.1059120e+03  -1.2830194e+00
   1.1068280e+03   9.8500000e-01   1.1068880e+03  -1.2830194e+00
   1.1079080e+03   1.0800000e+00   1.1085750e+03  -1.2521688e+00
   1.1089840e+03   1.0760000e+00   1.1094500e+03  -1.2521688e+00
   1.1099900e+03   1.0060000e+00   1.1106120e+03  -1.2521688e+00
   1.1110800e+03   1.0900000e+00   1.1118790e+03  -1.2521688e+00
   1.1121730e+03   1.0930000e+00   1.1122800e+03  -1.2521688e+00
   1.1132110e+03   1.0380000e+00   1.1134990e+03  -1.2521688e+00
   1.1142980e+03   1.0880000e+00   1.1144020e+03  -1.2213183e+00
   1.1153460e+03   1.0480000e+00   1.1158220e+03  -1.2213183e+00
   1.1163780e+03   1.0320000e+00   1.1170560e+03  -1.2213183e+00
   1.1174060e+03   1.0280000e+00   1.1174160e+03  -1.2213183e+00
   1.1182850e+03   8.7900000e-01   1.1184970e+03  -1.2521688e+00
   1.1191630e+03   8.7900000e-01   1.1198250e+03  -1.2521688e+00
   1.1200830e+03   9.2000000e-01   1.1200850e+03  -1.2830194e+00
   1.1210540e+03   9.7000000e-01   1.1212580e+03  -1.2521688e+00
   1.1221130e+03   1.0600000e+00   1.1223190e+03  -1.2521688e+00
   1.1230930e+03   9.8000000e-01   1.1236810e+03  -1.2521688e+00
   1.1239830e+03   8.8900000e-01   1.1245450e+03  -1.2521688e+00
   1.1249320e+03   9.4900000e-01   1.1257420e+03  -1.2213183e+00
   1.1259520e+03   1.0200000e+00   1.1261700e+03  -1.2213183e+00
   1.1268910e+03   9.3900000e-01   1.1278300e+03  -1.2521688e+00
   1.1279130e+03   1.0220000e+00   1.1280630e+03  -1.2521688e+00
   1.1289260e+03   1.0130000e+00   1.1292440e+03  -1.2213183e+00
   1.1298620e+03   9.3600000e-01   1.1298650e+03  -1.2521688e+00
   1.1308900e+03   1.0280000e+00   1.1313260e+03  -1.2213183e+00
   1.1318850e+03   9.9500000e-01   1.1326870e+03  -1.2213183e+00
   1.1328130e+03   9.2800000e-01   1.1332520e+03  -1.2521688e+00
   1.1338520e+03   1.0390000e+00   1.1344560e+03  -1.2521688e+00
   1.1348920e+03   1.0410000e+00   1.1355350e+03  -1.2213183e+00
   1.1358690e+03   9.7600000e-01   1.1364300e+03  -1.2521688e+00
   1.1368740e+03   1.0050000e+00   1.1375580e+03  -1.2521688e+00
   1.1379160e+03   1.0430000e+00   1.1386200e+03  -1.2521688e+00
   1.1388690e+03   9.5200000e-01   1.1397370e+03  -1.2213183e+00
   1.1398710e+03   1.0030000e+00   1.1404930e+03  -1.2521688e+00
   1.1409100e+03   1.0380000e+00   1.1409340e+03  -1.2521688e+00
   1.1418980e+03   9.8900000e-01   1.1422200e+03  -1.2521688e+00
   1.1428430e+03   9.4500000e-01   1.1431950e+03  -1.2830194e+00
   1.1439140e+03   1.0710000e+00   1.1439970e+03  -1.2521688e+00
   1.1449680e+03   1.0530000e+00   1.1450960e+03  -1.2521688e+00
   1.1459660e+03   9.9800000e-01   1.1459830e+03  -1.2521688e+00
   1.1470120e+03   1.0460000e+00   1.1470380e+03  -1.2521688e+00
   1.1480530e+03   1.0410000e+00   1.1484790e+03  -1.2521688e+00
   1.1490390e+03   9.8700000e-01   1.1496590e+03  -1.2521688e+00
   1.1500910e+03   1.0520000e+00   1.1507400e+03  -1.2521688e+00
   1.1511350e+03   1.0440000e+00   1.1512800e+03  -1.2213183e+00
   1.1520890e+03   9.5400000e-01   1.1524610e+03  -1.2521688e+00
   1.1531060e+03   1.0170000e+00   1.1534480e+03  -1.2521688e+00
   1.1541480e+03   1.0420000e+00   1.1547230e+03  -1.2521688e+00
   1.1551330e+03   9.8600000e-01   1.1560510e+03  -1.2213183e+00
   1.1561400e+03   1.0070000e+00   1.1561630e+03  -1.2521688e+00
   1.1571730e+03   1.0330000e+00   1.1574700e+03  -1.2213183e+00
   1.1581380e+03   9.6500000e-01   1.1585460e+03  -1.2213183e+00
   1.1591290e+03   9.9100000e-01   1.1593710e+03  -1.2521688e+00
   1.1602090e+03   1.0810000e+00   1.1603140e+03  -1.2521688e+00
   1.1612710e+03   1.0610000e+00   1.1613280e+03  -1.2830194e+00
   1.1622760e+03   1.0050000e+00   1.1628490e+03  -1.2521688e+00
   1.1632400e+03   9.6400000e-01   1.1634740e+03  -1.2521688e+00
   1.1642470e+03   1.0070000e+00   1.1644700e+03  -1.2521688e+00
   1.1652630e+03   1.0160000e+00   1.1653510e+03  -1.2521688e+00
   1.1662070e+03   9.4400000e-01   1.1668510e+03  -1.2521688e+00
   1.1672130e+03   1.0060000e+00   1.1678930e+03  -1.2213183e+00
   1.1682360e+03   1.0230000e+00   1.1686720e+03  -1.2521688e+00
   1.1691990e+03   9.6400000e-01   1.1699930e+03  -1.2521688e+00
   1.1702320e+03   1.0330000e+00   1.1704600e+03  -1.2213183e+00
   1.1712710e+03   1.0390000e+00   1.1717740e+03  -1.2213183e+00
   1.1722580e+03   9.8700000e-01   1.1725630e+03  -1.2521688e+00
   1.1732520e+03   9.9400000e-01   1.1733560e+03  -1.2213183e+00
   1.1742640e+03   1.0120000e+00   1.1744420e+03  -1.2521688e+00
   1.1752190e+03   9.5600000e-01   1.1752440e+03  -1.2521688e+00
   1.1761930e+03   9.7400000e-01   1.1762770e+03  -1.2521688e+00
   1.1772020e+03   1.0090000e+00   1.1779040e+03  -1.2521688e+00
   1.1781690e+03   9.6700000e-01   1.1782190e+03  -1.2830194e+00
   1.1790820e+03   9.1300000e-01   1.1794190e+03  -1.2521688e+00
   1.1800810e+03   1.0000000e+00   1.1801400e+03  -1.2521688e+00
   1.1810970e+03   1.0160000e+00   1.1811200e+03  -1.2521688e+00
   1.1820570e+03   9.6000000e-01   1.1829410e+03  -1.2521688e+00
   1.1830740e+03   1.0170000e+00   1.1835020e+03  -1.2521688e+00
   1.1841170e+03   1.0430000e+00   1.1842690e+03  -1.2213183e+00
   1.1850990e+03   9.8200000e-01   1.1853500e+03  -1.2213183e+00
   1.1861090e+03   1.0100000e+00   1.1864910e+03  -1.2521688e+00
   1.1871560e+03   1.0470000e+00   1.1874650e+03  -1.2213183e+00
   1.1881320e+03   9.7600000e-01   1.1882920e+03  -1.2521688e+00
   1.1891330e+03   1.0010000e+00   1.1896260e+03  -1.2521688e+00
   1.1901620e+03   1.0300000e+00   1.1904930e+03  -1.2521688e+00
   1.1911460e+03   9.8300000e-01   1.1917750e+03  -1.2521688e+00
   1.1921440e+03   9.9900000e-01   1.1922470e+03  -1.2830194e+00
   1.1931530e+03   1.0090000e+00   1.1935480e+03  -1.2521688e+00
