   2.0090000e+00   7.4500000e-01   2.0100000e+00   2.7195010e+02
   2.7320000e+00   7.2400000e-01   2.7330000e+00   2.7163477e+02
   3.4600000e+00   7.2800000e-01   3.4610000e+00   2.7132359e+02
   4.2070000e+00   7.4700000e-01   4.2080000e+00   2.7102070e+02
   4.9670000e+00   7.6000000e-01   4.9680000e+00   2.7068462e+02
   5.7400000e+00   7.7300000e-01   5.7410000e+00   2.7034439e+02
   6.5130000e+00   7.7300000e-01   6.5140000e+00   2.7003321e+02
   7.2570000e+00   7.4300000e-01   7.2580000e+00   2.6970543e+02
   7.9770000e+00   7.2100000e-01   7.9780000e+00   2.6940669e+02
   8.7060000e+00   7.2900000e-01   8.7070000e+00   2.6912870e+02
   9.4740000e+00   7.6800000e-01   9.4750000e+00   2.6882167e+02
   1.0248000e+01   7.7400000e-01   1.0249000e+01   2.6848559e+02
   1.1054000e+01   8.0600000e-01   1.1055000e+01   2.6816610e+02
   1.1839000e+01   7.8500000e-01   1.1840000e+01   2.6786737e+02
   1.2595000e+01   7.5500000e-01   1.2596000e+01   2.6753959e+02
   1.3315000e+01   7.2000000e-01   1.3316000e+01   2.6724915e+02
   1.4033000e+01   7.1800000e-01   1.4034000e+01   2.6696701e+02
   1.4765000e+01   7.3200000e-01   1.4766000e+01   2.6668902e+02
   1.5493000e+01   7.2800000e-01   1.5494000e+01   2.6638613e+02
   1.6203000e+01   7.0900000e-01   1.6204000e+01   2.6609154e+02
   1.6961000e+01   7.5800000e-01   1.6962000e+01   2.6578866e+02
   1.7756000e+01   7.9500000e-01   1.7757000e+01   2.6546503e+02
   1.8541000e+01   7.8500000e-01   1.8542000e+01   2.6513724e+02
   1.9333000e+01   7.9200000e-01   1.9334000e+01   2.6480117e+02
   2.0143000e+01   8.1000000e-01   2.0144000e+01   2.6448583e+02
   2.0922000e+01   7.7900000e-01   2.0923000e+01   2.6418710e+02
   2.1666000e+01   7.4500000e-01   2.1667000e+01   2.6390496e+02
   2.2397000e+01   7.3000000e-01   2.2398000e+01   2.6362696e+02
   2.3090000e+01   6.9400000e-01   2.3091000e+01   2.6337802e+02
   2.3779000e+01   6.8900000e-01   2.3780000e+01   2.6312077e+02
   2.4471000e+01   6.9200000e-01   2.4472000e+01   2.6286353e+02
   2.5159000e+01   6.8800000e-01   2.5591000e+01   2.5983467e+02
   2.5856000e+01   6.9700000e-01   2.5870000e+01   2.5963136e+02
   2.6561000e+01   7.0400000e-01   2.6562000e+01   2.5939486e+02
   2.7275000e+01   7.1400000e-01   2.7276000e+01   2.5911272e+02
   2.7994000e+01   7.2000000e-01   2.7995000e+01   2.5883473e+02
   2.8728000e+01   7.3400000e-01   2.8729000e+01   2.5856503e+02
   2.9474000e+01   7.4500000e-01   2.9475000e+01   2.5827460e+02
   3.0192000e+01   7.1800000e-01   3.0193000e+01   2.5801320e+02
   3.0877000e+01   6.8500000e-01   3.1520000e+01   1.6015614e+00
   3.1541000e+01   6.6500000e-01   3.1611000e+01   1.6140088e+00
   3.2200000e+01   6.5900000e-01   3.2201000e+01   1.6015614e+00
   3.2861000e+01   6.6200000e-01   3.2862000e+01   1.6015614e+00
   3.3505000e+01   6.4300000e-01   3.3801000e+01   1.6140088e+00
   3.4194000e+01   6.9000000e-01   3.4195000e+01   1.6015614e+00
   3.4926000e+01   7.3200000e-01   3.4927000e+01   1.6015614e+00
   3.5645000e+01   7.1800000e-01   3.6001000e+01   1.7499755e+02
   3.6371000e+01   7.2700000e-01   3.6372000e+01   1.7499755e+02
   3.7108000e+01   7.3600000e-01   3.7109000e+01   1.7499755e+02
   3.7882000e+01   7.7400000e-01   3.7883000e+01   2.4994316e+01
   3.8688000e+01   8.0700000e-01   3.9401000e+01   1.7499755e+02
   3.9480000e+01   7.9100000e-01   3.9481000e+01   1.7499755e+02
   4.0199000e+01   7.1900000e-01   4.0200000e+01   1.7499755e+02
   4.0882000e+01   6.8300000e-01   4.0883000e+01   1.7499755e+02
   4.1571000e+01   6.8900000e-01   4.1572000e+01   2.4994316e+01
   4.2269000e+01   6.9800000e-01   4.2270000e+01   2.4994316e+01
   4.2971000e+01   7.0200000e-01   4.3401000e+01   1.7499755e+02
   4.3715000e+01   7.4500000e-01   4.3716000e+01   1.7499755e+02
   4.4459000e+01   7.4300000e-01   4.4460000e+01   1.7499755e+02
   4.5199000e+01   7.4000000e-01   4.5200000e+01   1.7499755e+02
   4.5965000e+01   7.6700000e-01   4.5966000e+01   2.4994316e+01
   4.6725000e+01   7.6000000e-01   4.7401000e+01   1.7499755e+02
   4.7477000e+01   7.5200000e-01   4.7478000e+01   1.7499755e+02
   4.8223000e+01   7.4600000e-01   4.8224000e+01   1.7499755e+02
   4.8941000e+01   7.1800000e-01   4.8942000e+01   1.7499755e+02
   4.9641000e+01   7.0000000e-01   4.9642000e+01   2.4994316e+01
   5.0345000e+01   7.0400000e-01   5.0346000e+01   2.4994316e+01
   5.1038000e+01   6.9300000e-01   5.1401000e+01   1.7499755e+02
   5.1735000e+01   6.9700000e-01   5.1736000e+01   1.7499755e+02
   5.2467000e+01   7.3200000e-01   5.2468000e+01   1.7499755e+02
   5.3221000e+01   7.5400000e-01   5.3222000e+01   1.7499755e+02
   5.3965000e+01   7.4400000e-01   5.3966000e+01   2.4994316e+01
   5.4728000e+01   7.6400000e-01   5.5401000e+01   1.7499755e+02
   5.5483000e+01   7.5400000e-01   5.5484000e+01   1.7499755e+02
   5.6263000e+01   7.8000000e-01   5.6264000e+01   1.7499755e+02
   5.7072000e+01   8.0900000e-01   5.7073000e+01   1.7499755e+02
   5.7847000e+01   7.7500000e-01   5.7848000e+01   2.4994316e+01
   5.8615000e+01   7.6700000e-01   5.8616000e+01   2.4994316e+01
   5.9380000e+01   7.6600000e-01   5.9401000e+01   1.7499755e+02
   6.0112000e+01   7.3200000e-01   6.0113000e+01   1.7499755e+02
   6.0828000e+01   7.1600000e-01   6.0829000e+01   1.7499755e+02
   6.1532000e+01   7.0400000e-01   6.1533000e+01   2.4994316e+01
   6.2240000e+01   7.0800000e-01   6.2241000e+01   2.4994316e+01
   6.2968000e+01   7.2700000e-01   6.3401000e+01   1.7499755e+02
   6.3712000e+01   7.4400000e-01   6.3713000e+01   1.7499755e+02
   6.4457000e+01   7.4600000e-01   6.4458000e+01   1.7499755e+02
   6.5229000e+01   7.7200000e-01   6.5230000e+01   1.7499755e+02
   6.6019000e+01   7.9000000e-01   6.6020000e+01   2.4994316e+01
   6.6778000e+01   7.5900000e-01   6.7401000e+01   1.7499755e+02
   6.7534000e+01   7.5700000e-01   6.7535000e+01   1.7499755e+02
   6.8289000e+01   7.5500000e-01   6.8290000e+01   1.7499755e+02
   6.9020000e+01   7.3100000e-01   6.9021000e+01   1.7499755e+02
   6.9740000e+01   7.2000000e-01   6.9741000e+01   2.4994316e+01
   7.0459000e+01   7.1900000e-01   7.0460000e+01   2.4994316e+01
   7.1179000e+01   7.2000000e-01   7.1401000e+01   1.7499755e+02
   7.1917000e+01   7.3900000e-01   7.1918000e+01   1.7499755e+02
   7.2677000e+01   7.6000000e-01   7.2678000e+01   1.7499755e+02
   7.3442000e+01   7.6600000e-01   7.3443000e+01   2.4994316e+01
   7.4172000e+01   7.3000000e-01   7.4173000e+01   2.4994316e+01
   7.4897000e+01   7.2500000e-01   7.5401000e+01   1.7499755e+02
   7.5621000e+01   7.2400000e-01   7.5622000e+01   1.7499755e+02
   7.6325000e+01   7.0400000e-01   7.6326000e+01   1.7499755e+02
   7.7044000e+01   7.1900000e-01   7.7045000e+01   1.7499755e+02
   7.7803000e+01   7.5800000e-01   7.7804000e+01   2.4994316e+01
   7.8559000e+01   7.5600000e-01   7.8560000e+01   2.4994316e+01
   7.9307000e+01   7.4800000e-01   7.9401000e+01   1.7499755e+02
   8.0057000e+01   7.5000000e-01   8.0058000e+01   1.7499755e+02
   8.0805000e+01   7.4900000e-01   8.0806000e+01   1.7499755e+02
   8.1549000e+01   7.4400000e-01   8.1550000e+01   2.4994316e+01
   8.2308000e+01   7.5900000e-01   8.2309000e+01   2.4994316e+01
   8.3049000e+01   7.4000000e-01   8.3401000e+01   1.7499755e+02
   8.3778000e+01   7.3000000e-01   8.3779000e+01   1.7499755e+02
   8.4513000e+01   7.3500000e-01   8.4514000e+01   1.7499755e+02
   8.5243000e+01   7.3000000e-01   8.5244000e+01   1.7499755e+02
   8.5974000e+01   7.3100000e-01   8.5975000e+01   2.4994316e+01
   8.6705000e+01   7.3100000e-01   8.7401000e+01   1.7499755e+02
   8.7451000e+01   7.4600000e-01   8.7452000e+01   1.7499755e+02
   8.8202000e+01   7.5100000e-01   8.8203000e+01   1.7499755e+02
   8.8981000e+01   7.7900000e-01   8.8982000e+01   1.7499755e+02
   8.9737000e+01   7.5600000e-01   8.9738000e+01   2.4994316e+01
   9.0480000e+01   7.4300000e-01   9.0481000e+01   2.4994316e+01
   9.1216000e+01   7.3600000e-01   9.1401000e+01   1.7499755e+02
   9.1942000e+01   7.2600000e-01   9.1943000e+01   1.7499755e+02
   9.2666000e+01   7.2400000e-01   9.2667000e+01   1.7499755e+02
   9.3434000e+01   7.6800000e-01   9.3435000e+01   2.4994316e+01
   9.4231000e+01   7.9700000e-01   9.4232000e+01   2.4994316e+01
   9.5009000e+01   7.7800000e-01   9.5401000e+01   1.7499755e+02
   9.5797000e+01   7.8800000e-01   9.5798000e+01   1.7499755e+02
   9.6600000e+01   8.0300000e-01   9.6601000e+01   1.7499755e+02
   9.7388000e+01   7.8800000e-01   9.7389000e+01   1.7499755e+02
   9.8174000e+01   7.8700000e-01   9.8175000e+01   2.4994316e+01
   9.8915000e+01   7.4100000e-01   9.9401000e+01   1.7499755e+02
   9.9632000e+01   7.1700000e-01   9.9633000e+01   1.7499755e+02
   1.0035100e+02   7.1900000e-01   1.0035200e+02   1.7499755e+02
   1.0109200e+02   7.4100000e-01   1.0109300e+02   1.7499755e+02
   1.0187100e+02   7.7900000e-01   1.0187200e+02   2.4994316e+01
   1.0263500e+02   7.6400000e-01   1.0340100e+02   1.7499755e+02
   1.0340900e+02   7.7400000e-01   1.0341000e+02   1.7499755e+02
   1.0425100e+02   8.4100000e-01   1.0425200e+02   1.7499755e+02
   1.0504900e+02   7.9900000e-01   1.0505000e+02   1.7499755e+02
   1.0581700e+02   7.6700000e-01   1.0581800e+02   2.4994316e+01
   1.0658900e+02   7.7200000e-01   1.0659000e+02   2.4994316e+01
   1.0734700e+02   7.5800000e-01   1.0740100e+02   1.7499755e+02
   1.0810000e+02   7.5300000e-01   1.0810100e+02   1.7499755e+02
   1.0886400e+02   7.6400000e-01   1.0886500e+02   1.7499755e+02
   1.0962200e+02   7.5800000e-01   1.0962300e+02   2.4994316e+01
   1.1037200e+02   7.5000000e-01   1.1037300e+02   2.4994316e+01
   1.1113200e+02   7.6000000e-01   1.1140100e+02   1.7499755e+02
   1.1189900e+02   7.6600000e-01   1.1190000e+02   1.7499755e+02
   1.1266100e+02   7.6300000e-01   1.1266200e+02   1.7499755e+02
   1.1341800e+02   7.5700000e-01   1.1341900e+02   2.4994316e+01
   1.1413700e+02   7.1900000e-01   1.1413800e+02   2.4994316e+01
   1.1485100e+02   7.1300000e-01   1.1540100e+02   1.7499755e+02
   1.1557900e+02   7.2800000e-01   1.1558000e+02   1.7499755e+02
   1.1630500e+02   7.2700000e-01   1.1630600e+02   1.7499755e+02
   1.1702600e+02   7.2100000e-01   1.1702700e+02   1.7499755e+02
   1.1779200e+02   7.6600000e-01   1.1779300e+02   2.4994316e+01
   1.1861200e+02   8.2000000e-01   1.1939200e+02   3.9997544e+01
   1.1939100e+02   7.7900000e-01   1.1940100e+02   1.7499755e+02
   1.2018800e+02   7.9700000e-01   1.2018900e+02   1.7499755e+02
   1.2096500e+02   7.7700000e-01   1.2096600e+02   1.7499755e+02
   1.2171400e+02   7.4900000e-01   1.2171500e+02   2.4994316e+01
   1.2245300e+02   7.3900000e-01   1.2245400e+02   2.4994316e+01
   1.2319000e+02   7.3700000e-01   1.2340100e+02   1.7499755e+02
   1.2391700e+02   7.2700000e-01   1.2391800e+02   1.7499755e+02
   1.2464900e+02   7.3300000e-01   1.2465000e+02   1.7499755e+02
   1.2539800e+02   7.4900000e-01   1.2539900e+02   5.4996623e+01
   1.2612600e+02   7.2800000e-01   1.2612700e+02   2.4994316e+01
   1.2685600e+02   7.3000000e-01   1.2740100e+02   1.7499755e+02
   1.2758300e+02   7.2700000e-01   1.2758400e+02   1.7499755e+02
   1.2830300e+02   7.2100000e-01   1.2830400e+02   1.7499755e+02
   1.2901800e+02   7.1500000e-01   1.2901900e+02   1.7499755e+02
   1.2973600e+02   7.1800000e-01   1.2973700e+02   2.4994316e+01
   1.3046300e+02   7.2700000e-01   1.3046400e+02   2.4994316e+01
   1.3118600e+02   7.2400000e-01   1.3140100e+02   1.7499755e+02
   1.3190900e+02   7.2300000e-01   1.3191000e+02   1.7499755e+02
   1.3265200e+02   7.4300000e-01   1.3265300e+02   1.7499755e+02
   1.3339200e+02   7.4000000e-01   1.3339300e+02   1.4499525e+02
   1.3413400e+02   7.4200000e-01   1.3413500e+02   2.4994316e+01
   1.3486900e+02   7.3600000e-01   1.3540100e+02   1.7499755e+02
   1.3560500e+02   7.3500000e-01   1.3560600e+02   1.7499755e+02
   1.3631200e+02   7.0800000e-01   1.3631300e+02   1.7499755e+02
   1.3702300e+02   7.1000000e-01   1.3702400e+02   1.7499755e+02
   1.3774400e+02   7.2100000e-01   1.3774500e+02   2.4994316e+01
   1.3846100e+02   7.1600000e-01   1.3846200e+02   2.4994316e+01
   1.3916400e+02   7.0300000e-01   1.3940100e+02   1.7499755e+02
   1.3986900e+02   7.0500000e-01   1.3987000e+02   1.7499755e+02
   1.4058100e+02   7.1200000e-01   1.4058200e+02   1.7499755e+02
   1.4131600e+02   7.3600000e-01   1.4131700e+02   1.7499755e+02
   1.4205000e+02   7.3400000e-01   1.4205100e+02   2.4994316e+01
   1.4279900e+02   7.4900000e-01   1.4340100e+02   1.7499755e+02
   1.4353700e+02   7.3800000e-01   1.4353800e+02   1.7499755e+02
   1.4426000e+02   7.2200000e-01   1.4454100e+02   1.0076560e+02
   1.4496800e+02   7.0800000e-01   1.4524100e+02   1.0228003e+02
   1.4568900e+02   7.2100000e-01   1.4596100e+02   1.0135892e+02
   1.4639000e+02   7.0100000e-01   1.4667100e+02   1.0264930e+02
   1.4709200e+02   7.0200000e-01   1.4738100e+02   1.0239205e+02
   1.4781400e+02   7.2200000e-01   1.4808100e+02   1.0322188e+02
   1.4855200e+02   7.3800000e-01   1.4882100e+02   1.0257046e+02
   1.4930900e+02   7.5700000e-01   1.4957100e+02   1.0430065e+02
   1.5008000e+02   7.7000000e-01   1.5036100e+02   1.0488153e+02
   1.5083700e+02   7.5700000e-01   1.5111100e+02   1.0491472e+02
   1.5157800e+02   7.4200000e-01   1.5185100e+02   1.0584827e+02
   1.5231000e+02   7.3200000e-01   1.5259100e+02   1.0478195e+02
   1.5304000e+02   7.3000000e-01   1.5332100e+02   1.0312230e+02
   1.5376400e+02   7.2500000e-01   1.5404100e+02   1.0351232e+02
   1.5450700e+02   7.4300000e-01   1.5479100e+02   1.0493961e+02
   1.5524100e+02   7.3300000e-01   1.5553100e+02   1.0388574e+02
   1.5597600e+02   7.3600000e-01   1.5624100e+02   1.0387329e+02
   1.5669400e+02   7.1800000e-01   1.5696100e+02   1.0600594e+02
   1.5740100e+02   7.0800000e-01   1.5769100e+02   1.0482759e+02
   1.5811400e+02   7.1300000e-01   1.5838100e+02   1.0812614e+02
   1.5883200e+02   7.1800000e-01   1.5911100e+02   1.0849541e+02
   1.5960000e+02   7.6800000e-01   1.5988100e+02   1.0939162e+02
   1.6033900e+02   7.4000000e-01   1.6062100e+02   1.0802241e+02
   1.6107700e+02   7.3800000e-01   1.6136100e+02   1.0918002e+02
   1.6180300e+02   7.2600000e-01   1.6207100e+02   1.0763239e+02
   1.6251000e+02   7.0700000e-01   1.6279100e+02   1.1004303e+02
   1.6320600e+02   6.9600000e-01   1.6347100e+02   1.1080647e+02
   1.6390000e+02   6.9400000e-01   1.6419100e+02   1.0805975e+02
   1.6458100e+02   6.8000000e-01   1.6486100e+02   1.1021315e+02
   1.6526900e+02   6.8900000e-01   1.6554100e+02   1.1263624e+02
   1.6598300e+02   7.1400000e-01   1.6625100e+02   1.1207610e+02
   1.6675600e+02   7.7200000e-01   1.6703100e+02   1.1259060e+02
   1.6753600e+02   7.8000000e-01   1.6781100e+02   1.1230016e+02
   1.6831800e+02   7.8200000e-01   1.6860100e+02   1.1445355e+02
   1.6912300e+02   8.0400000e-01   1.6941100e+02   1.1085211e+02
   1.6993400e+02   8.1100000e-01   1.7022100e+02   1.0989782e+02
   1.7073800e+02   8.0400000e-01   1.7101100e+02   1.0941652e+02
   1.7154700e+02   8.0900000e-01   1.7181100e+02   1.0701418e+02
   1.7233300e+02   7.8600000e-01   1.7261100e+02   1.0805975e+02
   1.7310400e+02   7.7100000e-01   1.7337100e+02   1.0696024e+02
   1.7386000e+02   7.5600000e-01   1.7414100e+02   1.0459109e+02
   1.7462900e+02   7.6900000e-01   1.7490100e+02   1.0578189e+02
   1.7540700e+02   7.7900000e-01   1.7569100e+02   1.0559932e+02
   1.7622600e+02   8.1900000e-01   1.7650100e+02   1.0547900e+02
   1.7704500e+02   8.1900000e-01   1.7733100e+02   1.0526325e+02
   1.7783100e+02   7.8600000e-01   1.7811100e+02   1.0373637e+02
   1.7864500e+02   8.1500000e-01   1.7892100e+02   1.0414298e+02
   1.7949800e+02   8.5300000e-01   1.7977100e+02   1.0405170e+02
   1.8029900e+02   8.0200000e-01   1.8059100e+02   1.0312230e+02
   1.8106500e+02   7.6600000e-01   1.8133100e+02   1.0310985e+02
   1.8183500e+02   7.7000000e-01   1.8211100e+02   1.0147095e+02
   1.8258300e+02   7.4800000e-01   1.8285100e+02   1.0187756e+02
   1.8332700e+02   7.4400000e-01   1.8359100e+02   1.0233396e+02
   1.8412000e+02   7.9400000e-01   1.8440100e+02   1.0188586e+02
   1.8490400e+02   7.8300000e-01   1.8518100e+02   9.9495965e+01
   1.8567700e+02   7.7300000e-01   1.8594100e+02   1.0145020e+02
   1.8645200e+02   7.7500000e-01   1.8673100e+02   1.0116806e+02
   1.8721900e+02   7.6700000e-01   1.8749100e+02   9.8881894e+01
   1.8796200e+02   7.4300000e-01   1.8824100e+02   9.6724351e+01
   1.8868400e+02   7.2200000e-01   1.8895100e+02   9.8744973e+01
   1.8941500e+02   7.3100000e-01   1.8970100e+02   1.0220119e+02
   1.9017500e+02   7.6000000e-01   1.9044100e+02   1.0373637e+02
   1.9094000e+02   7.6500000e-01   1.9122100e+02   1.0610552e+02
   1.9170300e+02   7.6300000e-01   1.9198100e+02   1.0713865e+02
   1.9249900e+02   7.9600000e-01   1.9277100e+02   1.0866553e+02
   1.9332300e+02   8.2400000e-01   1.9361100e+02   1.0871946e+02
   1.9412900e+02   8.0500000e-01   1.9442100e+02   1.0729632e+02
   1.9490400e+02   7.7500000e-01   1.9518100e+02   1.0810125e+02
   1.9569400e+02   7.9000000e-01   1.9597100e+02   1.0794773e+02
   1.9652300e+02   8.2900000e-01   1.9680100e+02   1.0362434e+02
   1.9732100e+02   7.9800000e-01   1.9760100e+02   1.0174064e+02
   1.9808500e+02   7.6400000e-01   1.9836100e+02   1.0484833e+02
   1.9885700e+02   7.7200000e-01   1.9913100e+02   1.0298538e+02
   1.9961300e+02   7.5600000e-01   1.9990100e+02   1.0229247e+02
   2.0034200e+02   7.2900000e-01   2.0062100e+02   1.0271568e+02
   2.0108300e+02   7.4000000e-01   2.0137100e+02   1.0462428e+02
   2.0183700e+02   7.5400000e-01   2.0211100e+02   1.0462428e+02
   2.0258800e+02   7.5100000e-01   2.0286100e+02   1.0455789e+02
   2.0333100e+02   7.4300000e-01   2.0360100e+02   1.0341274e+02
   2.0409000e+02   7.6000000e-01   2.0437100e+02   1.0417618e+02
   2.0483500e+02   7.4500000e-01   2.0511100e+02   1.0349157e+02
   2.0558300e+02   7.4800000e-01   2.0585100e+02   1.0445832e+02
   2.0634000e+02   7.5700000e-01   2.0661100e+02   1.0223439e+02
   2.0710200e+02   7.6200000e-01   2.0738100e+02   1.0093156e+02
   2.0785000e+02   7.4800000e-01   2.0813100e+02   1.0054154e+02
   2.0858000e+02   7.3000000e-01   2.0886100e+02   1.0054984e+02
   2.0932600e+02   7.4600000e-01   2.0960100e+02   1.0169500e+02
   2.1007200e+02   7.4600000e-01   2.1034100e+02   9.8230482e+01
   2.1082200e+02   7.5000000e-01   2.1110100e+02   9.7487789e+01
   2.1160700e+02   7.8400000e-01   2.1187100e+02   1.0067432e+02
   2.1240800e+02   8.0100000e-01   2.1268100e+02   9.9450324e+01
   2.1320300e+02   7.9600000e-01   2.1348100e+02   9.9408833e+01
   2.1400400e+02   8.0000000e-01   2.1429100e+02   9.7711842e+01
   2.1480700e+02   8.0300000e-01   2.1508100e+02   9.6591579e+01
   2.1556500e+02   7.5800000e-01   2.1584100e+02   9.5234815e+01
   2.1629300e+02   7.2900000e-01   2.1656100e+02   9.6960851e+01
   2.1704300e+02   7.5000000e-01   2.1732100e+02   9.7579070e+01
   2.1782400e+02   7.8100000e-01   2.1811100e+02   9.6118579e+01
   2.1860500e+02   7.8000000e-01   2.1888100e+02   9.8317614e+01
   2.1940400e+02   7.9900000e-01   2.1968100e+02   1.0054154e+02
   2.2025600e+02   8.5200000e-01   2.2055100e+02   9.9383938e+01
   2.2106900e+02   8.1300000e-01   2.2135100e+02   9.9259465e+01
   2.2185100e+02   7.8200000e-01   2.2213100e+02   1.0068676e+02
   2.2262900e+02   7.7800000e-01   2.2291100e+02   1.0191075e+02
   2.2339400e+02   7.6500000e-01   2.2367100e+02   1.0039632e+02
   2.2415600e+02   7.6200000e-01   2.2444100e+02   1.0251653e+02
   2.2493600e+02   7.8000000e-01   2.2522100e+02   1.0035898e+02
   2.2573700e+02   8.0100000e-01   2.2601100e+02   1.0108093e+02
   2.2652800e+02   7.9100000e-01   2.2680100e+02   1.0334635e+02
   2.2733300e+02   8.0500000e-01   2.2761100e+02   1.0152903e+02
   2.2810600e+02   7.7300000e-01   2.2840100e+02   9.8915087e+01
   2.2886300e+02   7.5700000e-01   2.2914100e+02   1.0020546e+02
   2.2961900e+02   7.5500000e-01   2.2990100e+02   9.8342508e+01
   2.3035800e+02   7.4000000e-01   2.3064100e+02   9.8139201e+01
   2.3108900e+02   7.3100000e-01   2.3136100e+02   9.7815570e+01
   2.3182300e+02   7.3400000e-01   2.3209100e+02   9.8118456e+01
   2.3255400e+02   7.3100000e-01   2.3283100e+02   9.7836315e+01
   2.3328700e+02   7.3300000e-01   2.3356100e+02   9.9139140e+01
   2.3403500e+02   7.4800000e-01   2.3430100e+02   9.9699272e+01
   2.3479400e+02   7.5900000e-01   2.3507100e+02   9.6479552e+01
   2.3552900e+02   7.3400000e-01   2.3580100e+02   9.7935894e+01
   2.3626200e+02   7.3400000e-01   2.3655100e+02   1.0075315e+02
   2.3701200e+02   7.5000000e-01   2.3729100e+02   1.0301027e+02
   2.3776300e+02   7.5100000e-01   2.3804100e+02   1.0372807e+02
   2.3850100e+02   7.3800000e-01   2.3878100e+02   1.0495206e+02
   2.3925100e+02   7.5000000e-01   2.3954100e+02   1.0694779e+02
   2.4006300e+02   8.1100000e-01   2.4033100e+02   1.0811369e+02
   2.4086300e+02   8.0100000e-01   2.4115100e+02   1.0672374e+02
   2.4162800e+02   7.6400000e-01   2.4192100e+02   1.0731706e+02
   2.4240100e+02   7.7300000e-01   2.4268100e+02   1.0765314e+02
   2.4315800e+02   7.5700000e-01   2.4344100e+02   1.0528814e+02
   2.4390000e+02   7.4200000e-01   2.4418100e+02   1.0335880e+02
   2.4462300e+02   7.2200000e-01   2.4490100e+02   1.0554539e+02
   2.4534500e+02   7.2300000e-01   2.4562100e+02   1.0620510e+02
   2.4608100e+02   7.3600000e-01   2.4636100e+02   1.0509728e+02
   2.4682100e+02   7.4000000e-01   2.4710000e+02   1.0851616e+02
   2.4758400e+02   7.6300000e-01   2.4786100e+02   1.1087286e+02
   2.4839100e+02   8.0600000e-01   2.4867100e+02   1.0886468e+02
   2.4917300e+02   7.8200000e-01   2.4945100e+02   1.0991026e+02
   2.4995100e+02   7.7800000e-01   2.5022100e+02   1.1004303e+02
   2.5073700e+02   7.8600000e-01   2.5101100e+02   1.0782325e+02
   2.5151900e+02   7.8300000e-01   2.5180100e+02   1.0574869e+02
   2.5228100e+02   7.6200000e-01   2.5255100e+02   1.0640840e+02
   2.5303700e+02   7.5600000e-01   2.5332100e+02   1.0590221e+02
   2.5378700e+02   7.5000000e-01   2.5407100e+02   1.0501845e+02
   2.5453700e+02   7.5000000e-01   2.5482100e+02   1.0754111e+02
   2.5528800e+02   7.5100000e-01   2.5556100e+02   1.0597275e+02
   2.5604300e+02   7.5500000e-01   2.5632100e+02   1.0617190e+02
   2.5679700e+02   7.5500000e-01   2.5707100e+02   1.0719259e+02
   2.5756300e+02   7.6500000e-01   2.5783100e+02   1.0925885e+02
   2.5835800e+02   7.9500000e-01   2.5864100e+02   1.0664490e+02
   2.5913000e+02   7.7200000e-01   2.5941100e+02   1.0717184e+02
   2.5988000e+02   7.5000000e-01   2.6015100e+02   1.0805975e+02
   2.6064500e+02   7.6500000e-01   2.6092100e+02   1.0755356e+02
   2.6141500e+02   7.7000000e-01   2.6169100e+02   1.0478195e+02
   2.6215400e+02   7.3900000e-01   2.6243100e+02   1.0647479e+02
   2.6290400e+02   7.5000000e-01   2.6318100e+02   1.0820497e+02
   2.6365500e+02   7.5100000e-01   2.6393100e+02   1.0700173e+02
   2.6440400e+02   7.5000000e-01   2.6468100e+02   1.0636276e+02
   2.6516100e+02   7.5700000e-01   2.6544100e+02   1.0730461e+02
   2.6594000e+02   7.7900000e-01   2.6621100e+02   1.0701418e+02
   2.6672500e+02   7.8500000e-01   2.6701100e+02   1.0324262e+02
   2.6747000e+02   7.4500000e-01   2.6776100e+02   1.0305176e+02
   2.6821900e+02   7.4900000e-01   2.6849100e+02   1.0315549e+02
   2.6896200e+02   7.4300000e-01   2.6923100e+02   1.0221364e+02
   2.6969700e+02   7.3500000e-01   2.6997100e+02   1.0309740e+02
   2.7042800e+02   7.3100000e-01   2.7071100e+02   1.0263685e+02
   2.7117000e+02   7.4200000e-01   2.7145100e+02   1.0295218e+02
   2.7192900e+02   7.5900000e-01   2.7220100e+02   1.0046271e+02
   2.7267200e+02   7.4300000e-01   2.7295100e+02   1.0121370e+02
   2.7341000e+02   7.3800000e-01   2.7368100e+02   1.0376126e+02
   2.7416800e+02   7.5800000e-01   2.7444100e+02   1.0181947e+02
   2.7494000e+02   7.7200000e-01   2.7522100e+02   9.9856938e+01
   2.7569200e+02   7.5100000e-01   2.7597100e+02   1.0039632e+02
   2.7644000e+02   7.4800000e-01   2.7672100e+02   1.0103529e+02
   2.7719800e+02   7.5800000e-01   2.7748100e+02   1.0184022e+02
   2.7794700e+02   7.5000000e-01   2.7823100e+02   1.0070751e+02
   2.7868600e+02   7.3800000e-01   2.7896100e+02   1.0148339e+02
   2.7944900e+02   7.6300000e-01   2.7972100e+02   1.0266175e+02
   2.8023300e+02   7.8400000e-01   2.8052000e+02   1.0181947e+02
   2.8098300e+02   7.5000000e-01   2.8126100e+02   1.0290654e+02
   2.8171700e+02   7.3300000e-01   2.8200100e+02   1.0324262e+02
   2.8246300e+02   7.4700000e-01   2.8274100e+02   1.0237960e+02
   2.8322100e+02   7.5800000e-01   2.8351100e+02   1.0308910e+02
   2.8396900e+02   7.4800000e-01   2.8425100e+02   1.0403925e+02
   2.8473500e+02   7.6600000e-01   2.8501100e+02   1.0469067e+02
   2.8554100e+02   8.0500000e-01   2.8582100e+02   1.0423011e+02
   2.8637100e+02   8.3000000e-01   2.8665100e+02   1.0500600e+02
   2.8719500e+02   8.2400000e-01   2.8747100e+02   1.0433384e+02
   2.8805300e+02   8.5900000e-01   2.8833100e+02   1.0370318e+02
   2.8885100e+02   7.9800000e-01   2.8913100e+02   1.0091082e+02
   2.8963200e+02   7.8000000e-01   2.8990100e+02   1.0118051e+02
   2.9040800e+02   7.7600000e-01   2.9069100e+02   9.9989710e+01
   2.9117100e+02   7.6300000e-01   2.9146100e+02   9.8969026e+01
   2.9190600e+02   7.3600000e-01   2.9218100e+02   9.8744973e+01
   2.9262800e+02   7.2100000e-01   2.9290100e+02   1.0096890e+02
   2.9335700e+02   7.2900000e-01   2.9363100e+02   1.0057474e+02
   2.9410400e+02   7.4700000e-01   2.9438100e+02   1.0054154e+02
   2.9484400e+02   7.4000000e-01   2.9512100e+02   1.0051665e+02
   2.9559400e+02   7.4900000e-01   2.9587100e+02   1.0204353e+02
   2.9637500e+02   7.8200000e-01   2.9665100e+02   1.0430065e+02
   2.9721200e+02   8.3600000e-01   2.9749100e+02   1.0313060e+02
   2.9798600e+02   7.7400000e-01   2.9826100e+02   1.0147095e+02
   2.9875300e+02   7.6800000e-01   2.9903100e+02   1.0208917e+02
   2.9953400e+02   7.8100000e-01   2.9981100e+02   1.0249163e+02
   3.0029300e+02   7.5900000e-01   3.0058100e+02   1.0115561e+02
   3.0103200e+02   7.3900000e-01   3.0131100e+02   1.0191905e+02
   3.0177000e+02   7.3800000e-01   3.0205100e+02   1.0111412e+02
   3.0254600e+02   7.7600000e-01   3.0282100e+02   1.0113487e+02
   3.0329500e+02   7.5000000e-01   3.0357100e+02   9.9877684e+01
   3.0404200e+02   7.4700000e-01   3.0431100e+02   1.0098965e+02
   3.0480900e+02   7.6700000e-01   3.0508100e+02   1.0041707e+02
   3.0558900e+02   7.8000000e-01   3.0587100e+02   9.9989710e+01
   3.0633400e+02   7.4500000e-01   3.0662100e+02   1.0122615e+02
   3.0707900e+02   7.4400000e-01   3.0735100e+02   1.0118051e+02
   3.0783600e+02   7.5700000e-01   3.0811100e+02   1.0083198e+02
   3.0861400e+02   7.7800000e-01   3.0890100e+02   1.0004780e+02
   3.0935600e+02   7.4200000e-01   3.0964100e+02   1.0094401e+02
   3.1008600e+02   7.3000000e-01   3.1036100e+02   1.0152903e+02
   3.1082000e+02   7.3400000e-01   3.1110100e+02   1.0037143e+02
   3.1155000e+02   7.3100000e-01   3.1183100e+02   9.9732465e+01
   3.1228400e+02   7.3300000e-01   3.1256100e+02   1.0230077e+02
   3.1307000e+02   7.8600000e-01   3.1334100e+02   1.0262855e+02
   3.1387600e+02   8.0600000e-01   3.1415100e+02   9.9778105e+01
   3.1466100e+02   7.8500000e-01   3.1494100e+02   1.0124689e+02
   3.1544700e+02   7.8700000e-01   3.1572100e+02   1.0120125e+02
   3.1626400e+02   8.1700000e-01   3.1654100e+02   9.8902640e+01
   3.1705700e+02   7.9300000e-01   3.1734100e+02   9.6803184e+01
   3.1782900e+02   7.7200000e-01   3.1810100e+02   9.8803061e+01
   3.1859400e+02   7.6600000e-01   3.1888100e+02   9.8263675e+01
   3.1938000e+02   7.8500000e-01   3.1967100e+02   9.6039745e+01
   3.2014600e+02   7.6700000e-01   3.2043100e+02   9.6836377e+01
   3.2089400e+02   7.4800000e-01   3.2118100e+02   9.6960851e+01
   3.2167800e+02   7.8400000e-01   3.2196100e+02   9.7342570e+01
   3.2246200e+02   7.8300000e-01   3.2275100e+02   9.6342631e+01
   3.2322100e+02   7.6000000e-01   3.2349100e+02   9.7633008e+01
   3.2398800e+02   7.6700000e-01   3.2428100e+02   9.7836315e+01
   3.2476500e+02   7.7600000e-01   3.2505100e+02   9.7599815e+01
   3.2552500e+02   7.6000000e-01   3.2580100e+02   9.7815570e+01
   3.2628100e+02   7.5600000e-01   3.2656100e+02   9.8388149e+01
   3.2705300e+02   7.7200000e-01   3.2732100e+02   9.5952614e+01
   3.2780700e+02   7.5400000e-01   3.2809100e+02   9.4334456e+01
   3.2854300e+02   7.3600000e-01   3.2882100e+02   9.5973359e+01
   3.2928800e+02   7.4500000e-01   3.2957100e+02   9.6716052e+01
   3.3004300e+02   7.5600000e-01   3.3032100e+02   9.4479675e+01
   3.3078300e+02   7.3900000e-01   3.3107100e+02   9.4404991e+01
   3.3152500e+02   7.4200000e-01   3.3181100e+02   9.5334394e+01
   3.3228600e+02   7.6100000e-01   3.3257100e+02   9.5749307e+01
   3.3305100e+02   7.6500000e-01   3.3333100e+02   9.3853158e+01
   3.3379800e+02   7.4700000e-01   3.3408100e+02   9.3898798e+01
   3.3454300e+02   7.4500000e-01   3.3483100e+02   9.3695491e+01
   3.3529300e+02   7.5000000e-01   3.3558100e+02   9.2654061e+01
   3.3604000e+02   7.4700000e-01   3.3632100e+02   9.1430070e+01
   3.3676700e+02   7.2700000e-01   3.3705100e+02   9.2753640e+01
   3.3750300e+02   7.3600000e-01   3.3778100e+02   9.2799280e+01
   3.3824300e+02   7.4000000e-01   3.3853100e+02   9.1554544e+01
   3.3896100e+02   7.1800000e-01   3.3924100e+02   9.3326219e+01
   3.3968000e+02   7.1900000e-01   3.3998100e+02   9.2944500e+01
   3.4042100e+02   7.4100000e-01   3.4069100e+02   9.2595973e+01
   3.4117200e+02   7.5100000e-01   3.4144100e+02   9.1936263e+01
   3.4190800e+02   7.3600000e-01   3.4218100e+02   9.4886289e+01
   3.4264700e+02   7.4000000e-01   3.4293100e+02   9.6948403e+01
   3.4339400e+02   7.4700000e-01   3.4368100e+02   9.5346842e+01
   3.4413100e+02   7.3700000e-01   3.4442100e+02   9.5682921e+01
   3.4484700e+02   7.1600000e-01   3.4513100e+02   9.9027114e+01
   3.4557900e+02   7.3200000e-01   3.4585100e+02   1.0066602e+02
   3.4632700e+02   7.4800000e-01   3.4661100e+02   1.0147095e+02
   3.4704000e+02   7.1400000e-01   3.4733100e+02   9.9408833e+01
   3.4771000e+02   6.7000000e-01   3.4800100e+02   9.9105947e+01
   3.4837800e+02   6.6800000e-01   3.4867100e+02   9.7703544e+01
   3.4905700e+02   6.7900000e-01   3.4934100e+02   9.9126693e+01
   3.4974100e+02   6.8400000e-01   3.5002100e+02   1.0197714e+02
   3.5045400e+02   7.1300000e-01   3.5073100e+02   1.0147095e+02
   3.5122400e+02   7.7000000e-01   3.5150100e+02   9.8948280e+01
   3.5197000e+02   7.4700000e-01   3.5225100e+02   1.0014738e+02
   3.5271800e+02   7.4800000e-01   3.5299100e+02   9.9811298e+01
   3.5349300e+02   7.7500000e-01   3.5378100e+02   9.8296868e+01
   3.5425200e+02   7.5800000e-01   3.5453100e+02   9.7296929e+01
   3.5499500e+02   7.4400000e-01   3.5527100e+02   9.8520921e+01
   3.5577400e+02   7.7800000e-01   3.5606100e+02   9.6940105e+01
   3.5654500e+02   7.7100000e-01   3.5683100e+02   9.7139263e+01
   3.5726800e+02   7.2300000e-01   3.5756100e+02   9.8039622e+01
   3.5797100e+02   7.0400000e-01   3.5825100e+02   1.0157468e+02
   3.5868900e+02   7.1800000e-01   3.5897100e+02   1.0298538e+02
   3.5941800e+02   7.2900000e-01   3.5970100e+02   1.0393968e+02
   3.6016200e+02   7.4400000e-01   3.6044100e+02   1.0646649e+02
   3.6094500e+02   7.8300000e-01   3.6122100e+02   1.0820497e+02
   3.6177900e+02   8.3400000e-01   3.6206100e+02   1.0752867e+02
   3.6257100e+02   7.9300000e-01   3.6286100e+02   1.0674448e+02
   3.6335300e+02   7.8100000e-01   3.6362100e+02   1.0752867e+02
   3.6415600e+02   8.0400000e-01   3.6444100e+02   1.0442097e+02
   3.6494700e+02   7.9100000e-01   3.6524100e+02   1.0296463e+02
   3.6570000e+02   7.5200000e-01   3.6598100e+02   1.0374882e+02
   3.6646200e+02   7.6200000e-01   3.6673100e+02   1.0332146e+02
   3.6724300e+02   7.8200000e-01   3.6753000e+02   1.0337954e+02
   3.6801200e+02   7.6900000e-01   3.6829100e+02   1.0276132e+02
   3.6878900e+02   7.7600000e-01   3.6907100e+02   1.0565741e+02
   3.6959900e+02   8.1000000e-01   3.6989100e+02   1.0387329e+02
   3.7039200e+02   7.9300000e-01   3.7067100e+02   1.0224683e+02
   3.7117600e+02   7.8400000e-01   3.7145100e+02   1.0449981e+02
   3.7200500e+02   8.2900000e-01   3.7228100e+02   1.0323432e+02
   3.7279400e+02   7.8900000e-01   3.7308100e+02   1.0065357e+02
   3.7358300e+02   7.8900000e-01   3.7386100e+02   1.0096890e+02
   3.7436000e+02   7.7600000e-01   3.7464100e+02   1.0143775e+02
   3.7511300e+02   7.5300000e-01   3.7539100e+02   1.0103529e+02
   3.7584100e+02   7.2800000e-01   3.7612100e+02   1.0205597e+02
   3.7657900e+02   7.3800000e-01   3.7685100e+02   1.0193150e+02
   3.7735000e+02   7.7200000e-01   3.7763100e+02   1.0086518e+02
   3.7811100e+02   7.6000000e-01   3.7838100e+02   1.0113487e+02
   3.7888400e+02   7.7300000e-01   3.7916100e+02   1.0218045e+02
   3.7966600e+02   7.8200000e-01   3.7995100e+02   1.0202278e+02
   3.8043600e+02   7.7000000e-01   3.8071100e+02   1.0220119e+02
   3.8121100e+02   7.7500000e-01   3.8149100e+02   1.0112242e+02
   3.8198100e+02   7.7000000e-01   3.8227100e+02   1.0096890e+02
   3.8272100e+02   7.4000000e-01   3.8300100e+02   1.0198959e+02
   3.8344700e+02   7.2600000e-01   3.8373100e+02   1.0628393e+02
   3.8416600e+02   7.1900000e-01   3.8445100e+02   1.0312230e+02
   3.8488000e+02   7.1400000e-01   3.8516100e+02   1.0537527e+02
   3.8557900e+02   6.9900000e-01   3.8586100e+02   1.0637521e+02
   3.8626400e+02   6.8500000e-01   3.8654100e+02   1.0760750e+02
   3.8696900e+02   7.0500000e-01   3.8725100e+02   1.0723823e+02
   3.8770900e+02   7.4000000e-01   3.8798100e+02   1.0736270e+02
   3.8847200e+02   7.6200000e-01   3.8875100e+02   1.0737515e+02
   3.8921700e+02   7.4500000e-01   3.8950100e+02   1.0540846e+02
   3.8993800e+02   7.2100000e-01   3.9022100e+02   1.0919246e+02
   3.9065900e+02   7.2100000e-01   3.9094100e+02   1.0635446e+02
   3.9142600e+02   7.6700000e-01   3.9171100e+02   1.0630882e+02
   3.9217800e+02   7.5200000e-01   3.9246100e+02   1.0457864e+02
   3.9294300e+02   7.6500000e-01   3.9322100e+02   1.0430895e+02
   3.9372900e+02   7.8600000e-01   3.9401100e+02   1.0326752e+02
   3.9451700e+02   7.8800000e-01   3.9479100e+02   1.0143775e+02
   3.9529300e+02   7.7600000e-01   3.9558100e+02   1.0169500e+02
   3.9607500e+02   7.8200000e-01   3.9635100e+02   1.0031749e+02
   3.9682600e+02   7.5100000e-01   3.9710100e+02   9.9844491e+01
   3.9756700e+02   7.4100000e-01   3.9785100e+02   9.8915087e+01
   3.9830800e+02   7.4100000e-01   3.9859100e+02   9.6321886e+01
   3.9903600e+02   7.2800000e-01   3.9931100e+02   9.6803184e+01
   3.9976500e+02   7.2900000e-01   4.0005100e+02   9.8309315e+01
   4.0052600e+02   7.6000000e-01   4.0081100e+02   9.8408894e+01
   4.0128600e+02   7.6100000e-01   4.0157100e+02   9.8251228e+01
   4.0204100e+02   7.5500000e-01   4.0231100e+02   1.0108093e+02
   4.0281300e+02   7.7200000e-01   4.0308100e+02   9.9765658e+01
   4.0359800e+02   7.8600000e-01   4.0388100e+02   9.9678526e+01
   4.0436300e+02   7.6500000e-01   4.0464100e+02   1.0058718e+02
   4.0513700e+02   7.7400000e-01   4.0540100e+02   1.0084443e+02
   4.0595200e+02   8.1600000e-01   4.0623100e+02   1.0049590e+02
   4.0672700e+02   7.7400000e-01   4.0701100e+02   9.7711842e+01
   4.0750500e+02   7.7900000e-01   4.0778100e+02   9.8342508e+01
   4.0828900e+02   7.8400000e-01   4.0856100e+02   9.7554175e+01
   4.0905800e+02   7.6900000e-01   4.0934100e+02   9.5425675e+01
   4.0981500e+02   7.5700000e-01   4.1009100e+02   9.6915210e+01
   4.1056300e+02   7.4800000e-01   4.1084100e+02   9.7151710e+01
   4.1130700e+02   7.4500000e-01   4.1159100e+02   9.6255500e+01
   4.1205000e+02   7.4300000e-01   4.1233100e+02   9.9653631e+01
   4.1282000e+02   7.7100000e-01   4.1310100e+02   1.0111412e+02
   4.1362700e+02   8.0700000e-01   4.1390100e+02   1.0214310e+02
   4.1441800e+02   7.9100000e-01   4.1470100e+02   1.0340029e+02
   4.1523300e+02   8.1500000e-01   4.1551100e+02   1.0502675e+02
   4.1603800e+02   8.0500000e-01   4.1632100e+02   1.0354551e+02
   4.1681200e+02   7.7400000e-01   4.1711100e+02   1.0446661e+02
   4.1755700e+02   7.4500000e-01   4.1784100e+02   1.0411809e+02
   4.1831000e+02   7.5300000e-01   4.1860100e+02   1.0460353e+02
   4.1907000e+02   7.5900000e-01   4.1936100e+02   1.0352476e+02
   4.1981300e+02   7.4300000e-01   4.2009100e+02   1.0445832e+02
   4.2056500e+02   7.5200000e-01   4.2083100e+02   1.0698098e+02
   4.2137500e+02   8.0900000e-01   4.2165900e+02   1.0647479e+02
   4.2215400e+02   7.7900000e-01   4.2244100e+02   1.0653288e+02
   4.2295200e+02   7.9800000e-01   4.2323100e+02   1.0648724e+02
   4.2378400e+02   8.3200000e-01   4.2406100e+02   1.0516367e+02
   4.2462000e+02   8.3600000e-01   4.2490100e+02   1.0506409e+02
   4.2546200e+02   8.4200000e-01   4.2574100e+02   1.0599349e+02
   4.2629800e+02   8.3700000e-01   4.2658100e+02   1.0252482e+02
   4.2709200e+02   7.9400000e-01   4.2737100e+02   9.9678526e+01
   4.2786100e+02   7.6900000e-01   4.2813100e+02   9.8836254e+01
   4.2862900e+02   7.6800000e-01   4.2891100e+02   9.7960789e+01
   4.2939800e+02   7.6900000e-01   4.2968100e+02   9.8408894e+01
   4.3017100e+02   7.7300000e-01   4.3044100e+02   9.8429640e+01
   4.3099800e+02   8.2600000e-01   4.3127100e+02   9.7624710e+01
   4.3181500e+02   8.1700000e-01   4.3210100e+02   9.7757482e+01
   4.3263000e+02   8.1500000e-01   4.3290100e+02   9.6637219e+01
   4.3345500e+02   8.2500000e-01   4.3373100e+02   9.6736798e+01
   4.3425900e+02   8.0400000e-01   4.3453100e+02   9.4570956e+01
   4.3501900e+02   7.6100000e-01   4.3530100e+02   9.7388210e+01
   4.3579100e+02   7.7200000e-01   4.3607100e+02   9.6624772e+01
   4.3654500e+02   7.5400000e-01   4.3683100e+02   9.7330122e+01
   4.3730700e+02   7.6200000e-01   4.3758100e+02   1.0075315e+02
   4.3811100e+02   8.0500000e-01   4.3839100e+02   9.8902640e+01
   4.3890200e+02   7.9000000e-01   4.3918100e+02   9.8317614e+01
   4.3968500e+02   7.8300000e-01   4.3996100e+02   1.0049590e+02
   4.4047700e+02   7.9200000e-01   4.4075100e+02   9.8350807e+01
   4.4126500e+02   7.8800000e-01   4.4154100e+02   9.6500298e+01
   4.4203600e+02   7.7200000e-01   4.4231100e+02   9.8554114e+01
   4.4281700e+02   7.8100000e-01   4.4310100e+02   9.6716052e+01
   4.4360200e+02   7.8500000e-01   4.4389100e+02   9.5301201e+01
   4.4437800e+02   7.7600000e-01   4.4466100e+02   9.5604087e+01
   4.4515100e+02   7.7400000e-01   4.4543100e+02   9.6479552e+01
   4.4595900e+02   8.0800000e-01   4.4623100e+02   9.3529526e+01
   4.4677200e+02   8.1300000e-01   4.4706100e+02   9.3305473e+01
   4.4757700e+02   8.0500000e-01   4.4785100e+02   9.4413289e+01
   4.4837500e+02   7.9800000e-01   4.4867100e+02   9.0015219e+01
   4.4915200e+02   7.7700000e-01   4.4944100e+02   9.0766210e+01
   4.4991100e+02   7.5800000e-01   4.5019100e+02   9.1687315e+01
   4.5067100e+02   7.6000000e-01   4.5095100e+02   9.0990263e+01
   4.5143500e+02   7.6400000e-01   4.5172100e+02   9.1508903e+01
   4.5219300e+02   7.5800000e-01   4.5247100e+02   9.3392605e+01
   4.5294400e+02   7.5200000e-01   4.5322100e+02   9.7242991e+01
   4.5372100e+02   7.7700000e-01   4.5401100e+02   9.8106008e+01
   4.5452300e+02   8.0200000e-01   4.5481100e+02   9.9902579e+01
   4.5527700e+02   7.5400000e-01   4.5556100e+02   1.0113487e+02
   4.5600000e+02   7.2400000e-01   4.5628100e+02   1.0168670e+02
   4.5675300e+02   7.5200000e-01   4.5703100e+02   1.0378201e+02
   4.5750900e+02   7.5600000e-01   4.5779100e+02   1.0304346e+02
   4.5825300e+02   7.4400000e-01   4.5854100e+02   1.0281941e+02
   4.5901800e+02   7.6500000e-01   4.5930100e+02   1.0293974e+02
   4.5982000e+02   8.0200000e-01   4.6009100e+02   1.0232567e+02
   4.6060300e+02   7.8300000e-01   4.6088100e+02   9.9790552e+01
   4.6137600e+02   7.7300000e-01   4.6165100e+02   9.9890131e+01
   4.6218300e+02   8.0700000e-01   4.6246100e+02   1.0248333e+02
   4.6298000e+02   7.9800000e-01   4.6326800e+02   9.6724351e+01
   4.6375000e+02   7.6900000e-01   4.6403100e+02   9.8296868e+01
   4.6451900e+02   7.6900000e-01   4.6479100e+02   9.8923386e+01
   4.6527700e+02   7.5800000e-01   4.6555100e+02   9.7599815e+01
   4.6603300e+02   7.5600000e-01   4.6631100e+02   9.6612324e+01
   4.6677600e+02   7.4300000e-01   4.6705100e+02   9.9923324e+01
   4.6754100e+02   7.6400000e-01   4.6781100e+02   1.0086518e+02
   4.6837800e+02   8.3800000e-01   4.6867100e+02   1.0057474e+02
   4.6919900e+02   8.2100000e-01   4.6949100e+02   9.9902579e+01
   4.6997100e+02   7.7200000e-01   4.7026100e+02   1.0333390e+02
   4.7074200e+02   7.7100000e-01   4.7102100e+02   1.0497281e+02
   4.7152200e+02   7.7900000e-01   4.7181100e+02   1.0164936e+02
   4.7227400e+02   7.5200000e-01   4.7256100e+02   1.0183192e+02
   4.7300500e+02   7.3100000e-01   4.7329100e+02   1.0247089e+02
   4.7375400e+02   7.5000000e-01   4.7404100e+02   1.0435459e+02
   4.7453600e+02   7.8200000e-01   4.7481100e+02   1.0476950e+02
   4.7531300e+02   7.7700000e-01   4.7559100e+02   1.0138382e+02
   4.7605500e+02   7.4100000e-01   4.7633100e+02   1.0371562e+02
   4.7680300e+02   7.4800000e-01   4.7707100e+02   1.0413053e+02
   4.7756800e+02   7.6600000e-01   4.7786100e+02   1.0286505e+02
   4.7833900e+02   7.7000000e-01   4.7862100e+02   1.0274888e+02
   4.7908800e+02   7.5000000e-01   4.7938100e+02   1.0272813e+02
   4.7983700e+02   7.4900000e-01   4.8011100e+02   1.0382765e+02
   4.8060500e+02   7.6800000e-01   4.8089100e+02   1.0526325e+02
   4.8138400e+02   7.7900000e-01   4.8167100e+02   1.0476950e+02
   4.8213200e+02   7.4800000e-01   4.8242100e+02   1.0360360e+02
   4.8286300e+02   7.3100000e-01   4.8313100e+02   1.0399776e+02
   4.8361500e+02   7.5200000e-01   4.8389100e+02   1.0620510e+02
   4.8435600e+02   7.4100000e-01   4.8464100e+02   1.0496036e+02
   4.8507700e+02   7.2100000e-01   4.8536100e+02   1.0488153e+02
   4.8579300e+02   7.1600000e-01   4.8607100e+02   1.0596030e+02
   4.8653000e+02   7.3700000e-01   4.8681100e+02   1.0613871e+02
   4.8728300e+02   7.5300000e-01   4.8757100e+02   1.0476120e+02
   4.8802800e+02   7.4500000e-01   4.8830100e+02   1.0749547e+02
   4.8879800e+02   7.7000000e-01   4.8908100e+02   1.0821327e+02
   4.8957000e+02   7.7200000e-01   4.8986100e+02   1.0489397e+02
   4.9031800e+02   7.4900000e-01   4.9059100e+02   1.0380690e+02
   4.9105300e+02   7.3400000e-01   4.9134100e+02   1.0455789e+02
   4.9180100e+02   7.4900000e-01   4.9208100e+02   1.0445832e+02
   4.9253600e+02   7.3500000e-01   4.9281100e+02   1.0233396e+02
   4.9327100e+02   7.3500000e-01   4.9355100e+02   1.0301027e+02
   4.9402700e+02   7.5700000e-01   4.9430100e+02   1.0343348e+02
   4.9478400e+02   7.5700000e-01   4.9507100e+02   1.0202278e+02
   4.9552700e+02   7.4300000e-01   4.9580100e+02   1.0143775e+02
   4.9626000e+02   7.3300000e-01   4.9653100e+02   1.0020546e+02
   4.9701500e+02   7.5400000e-01   4.9729100e+02   1.0151659e+02
   4.9777700e+02   7.6200000e-01   4.9806100e+02   9.9047859e+01
   4.9851700e+02   7.4000000e-01   4.9879100e+02   9.9744912e+01
   4.9926400e+02   7.4700000e-01   4.9953100e+02   9.8653693e+01
   5.0004000e+02   7.7600000e-01   5.0032100e+02   9.8823807e+01
   5.0079800e+02   7.5700000e-01   5.0108100e+02   9.6230605e+01
   5.0154100e+02   7.4400000e-01   5.0181100e+02   9.8869447e+01
   5.0230800e+02   7.6700000e-01   5.0259100e+02   9.7645456e+01
   5.0309900e+02   7.9100000e-01   5.0338100e+02   9.5392482e+01
   5.0385600e+02   7.5800000e-01   5.0414100e+02   9.6019000e+01
   5.0458700e+02   7.3000000e-01   5.0486100e+02   9.6803184e+01
   5.0532400e+02   7.3800000e-01   5.0559100e+02   9.7545877e+01
   5.0606700e+02   7.4300000e-01   5.0635100e+02   9.5346842e+01
   5.0679000e+02   7.2300000e-01   5.0708100e+02   9.7218096e+01
   5.0749100e+02   7.0100000e-01   5.0777100e+02   1.0050835e+02
   5.0820900e+02   7.1800000e-01   5.0849100e+02   1.0132573e+02
   5.0897300e+02   7.6300000e-01   5.0924100e+02   1.0010174e+02
   5.0972400e+02   7.5100000e-01   5.1001100e+02   1.0235886e+02
   5.1046100e+02   7.3700000e-01   5.1074100e+02   1.0454545e+02
   5.1122300e+02   7.6200000e-01   5.1150100e+02   1.0272813e+02
   5.1200800e+02   7.8500000e-01   5.1229100e+02   1.0403925e+02
   5.1275000e+02   7.4200000e-01   5.1304100e+02   1.0304346e+02
   5.1346600e+02   7.1600000e-01   5.1375100e+02   1.0499355e+02
   5.1418300e+02   7.1700000e-01   5.1447000e+02   1.0713865e+02
   5.1491900e+02   7.3600000e-01   5.1520100e+02   1.0629638e+02
   5.1564600e+02   7.2700000e-01   5.1593100e+02   1.0569060e+02
   5.1636400e+02   7.1800000e-01   5.1664100e+02   1.0850786e+02
   5.1710500e+02   7.4000000e-01   5.1738100e+02   1.0793528e+02
   5.1790700e+02   8.0300000e-01   5.1819100e+02   1.0817178e+02
   5.1869400e+02   7.8700000e-01   5.1898100e+02   1.0746228e+02
   5.1947400e+02   7.8000000e-01   5.1975100e+02   1.0862818e+02
   5.2026500e+02   7.9100000e-01   5.2054100e+02   1.0729632e+02
   5.2104400e+02   7.7900000e-01   5.2133100e+02   1.0341274e+02
   5.2178400e+02   7.4000000e-01   5.2206100e+02   1.0343348e+02
   5.2250900e+02   7.2600000e-01   5.2279100e+02   1.0437948e+02
   5.2324800e+02   7.3900000e-01   5.2352100e+02   1.0372807e+02
   5.2397800e+02   7.3000000e-01   5.2426100e+02   1.0264930e+02
   5.2469300e+02   7.1600000e-01   5.2497100e+02   1.0226758e+02
   5.2540900e+02   7.1600000e-01   5.2569100e+02   1.0461183e+02
   5.2615900e+02   7.4900000e-01   5.2644100e+02   1.0316794e+02
   5.2689900e+02   7.4100000e-01   5.2718100e+02   1.0470311e+02
   5.2763000e+02   7.3100000e-01   5.2791100e+02   1.0354551e+02
   5.2839900e+02   7.6800000e-01   5.2867100e+02   1.0464503e+02
   5.2916500e+02   7.6600000e-01   5.2945100e+02   1.0325507e+02
   5.2991300e+02   7.4800000e-01   5.3019100e+02   1.0317624e+02
   5.3066000e+02   7.4700000e-01   5.3093100e+02   1.0276132e+02
   5.3142300e+02   7.6400000e-01   5.3170100e+02   1.0327996e+02
   5.3218800e+02   7.6400000e-01   5.3246100e+02   1.0299782e+02
   5.3294700e+02   7.5900000e-01   5.3323100e+02   1.0183192e+02
   5.3371400e+02   7.6800000e-01   5.3399100e+02   1.0024696e+02
   5.3448400e+02   7.6900000e-01   5.3476100e+02   9.8330061e+01
   5.3522400e+02   7.4000000e-01   5.3550100e+02   1.0145020e+02
   5.3595800e+02   7.3400000e-01   5.3623100e+02   1.0075315e+02
   5.3673500e+02   7.7600000e-01   5.3701100e+02   9.9856938e+01
   5.3751300e+02   7.7900000e-01   5.3779100e+02   9.9587245e+01
   5.3827200e+02   7.5900000e-01   5.3855100e+02   1.0118051e+02
   5.3904000e+02   7.6800000e-01   5.3932100e+02   9.9317552e+01
   5.3980900e+02   7.6900000e-01   5.4009100e+02   9.6288693e+01
   5.4055400e+02   7.4500000e-01   5.4083100e+02   9.9699272e+01
   5.4130400e+02   7.5000000e-01   5.4158100e+02   9.9284359e+01
   5.4206900e+02   7.6500000e-01   5.4234100e+02   9.9520859e+01
   5.4283300e+02   7.6400000e-01   5.4311100e+02   1.0019302e+02
   5.4359300e+02   7.6000000e-01   5.4387100e+02   1.0176553e+02
   5.4436300e+02   7.7000000e-01   5.4464100e+02   1.0180703e+02
   5.4512000e+02   7.5700000e-01   5.4539100e+02   1.0024696e+02
   5.4585800e+02   7.3700000e-01   5.4614100e+02   1.0274058e+02
   5.4660100e+02   7.4300000e-01   5.4687100e+02   1.0443342e+02
   5.4736200e+02   7.6200000e-01   5.4764100e+02   1.0316794e+02
   5.4812600e+02   7.6400000e-01   5.4841100e+02   1.0297708e+02
   5.4888400e+02   7.5800000e-01   5.4916100e+02   1.0166181e+02
   5.4965900e+02   7.7500000e-01   5.4994100e+02   1.0127179e+02
   5.5044100e+02   7.8100000e-01   5.5073100e+02   9.9765658e+01
   5.5122000e+02   7.7900000e-01   5.5149100e+02   1.0091082e+02
   5.5201900e+02   7.9900000e-01   5.5230100e+02   9.8172394e+01
   5.5282900e+02   8.1000000e-01   5.5310100e+02   9.7500236e+01
   5.5360000e+02   7.7100000e-01   5.5388100e+02   9.5927719e+01
   5.5437500e+02   7.7500000e-01   5.5466100e+02   9.7657903e+01
   5.5521000e+02   8.3500000e-01   5.5549100e+02   9.6533491e+01
   5.5598800e+02   7.7900000e-01   5.5626100e+02   9.5413228e+01
   5.5673800e+02   7.5000000e-01   5.5701100e+02   9.6222307e+01
   5.5750300e+02   7.6400000e-01   5.5777100e+02   9.5031508e+01
   5.5828200e+02   7.7900000e-01   5.5857100e+02   9.3259833e+01
   5.5902400e+02   7.4200000e-01   5.5931100e+02   9.5089596e+01
   5.5974700e+02   7.2300000e-01   5.6002100e+02   9.5894526e+01
   5.6050000e+02   7.5300000e-01   5.6077100e+02   9.7288631e+01
   5.6127600e+02   7.7600000e-01   5.6157100e+02   9.7442149e+01
   5.6203200e+02   7.5600000e-01   5.6232100e+02   1.0017227e+02
   5.6280000e+02   7.6800000e-01   5.6309100e+02   1.0393968e+02
   5.6357500e+02   7.7500000e-01   5.6386100e+02   1.0487323e+02
   5.6432600e+02   7.5100000e-01   5.6461100e+02   1.0436703e+02
   5.6507100e+02   7.4500000e-01   5.6535100e+02   1.0555783e+02
   5.6584800e+02   7.7700000e-01   5.6613100e+02   1.0645404e+02
   5.6664200e+02   7.9400000e-01   5.6692100e+02   1.0350402e+02
   5.6741000e+02   7.6800000e-01   5.6770100e+02   1.0390648e+02
   5.6817300e+02   7.6300000e-01   5.6845100e+02   1.0347912e+02
   5.6896200e+02   7.8800000e-01   5.6924100e+02   1.0316794e+02
   5.6972700e+02   7.6500000e-01   5.7000100e+02   1.0145850e+02
   5.7046800e+02   7.4100000e-01   5.7074100e+02   1.0295218e+02
   5.7121300e+02   7.4500000e-01   5.7149100e+02   1.0270739e+02
   5.7194700e+02   7.3400000e-01   5.7223100e+02   1.0103529e+02
   5.7266000e+02   7.1300000e-01   5.7293100e+02   1.0207672e+02
   5.7335900e+02   6.9800000e-01   5.7364100e+02   1.0592710e+02
   5.7407900e+02   7.2000000e-01   5.7436100e+02   1.0444587e+02
   5.7481400e+02   7.3500000e-01   5.7509100e+02   1.0378201e+02
   5.7554800e+02   7.3400000e-01   5.7582100e+02   1.0808050e+02
   5.7631200e+02   7.6400000e-01   5.7658100e+02   1.0851616e+02
   5.7713200e+02   8.2000000e-01   5.7741100e+02   1.0665735e+02
   5.7793800e+02   8.0600000e-01   5.7822100e+02   1.0732951e+02
   5.7871600e+02   7.7800000e-01   5.7899100e+02   1.0776517e+02
   5.7950200e+02   7.8600000e-01   5.7978100e+02   1.0437948e+02
   5.8026000e+02   7.5800000e-01   5.8054100e+02   1.0256217e+02
   5.8101000e+02   7.5000000e-01   5.8129000e+02   1.0381520e+02
   5.8176900e+02   7.5900000e-01   5.8205100e+02   1.0386084e+02
   5.8253100e+02   7.6200000e-01   5.8281100e+02   1.0378201e+02
   5.8326900e+02   7.3900000e-01   5.8355100e+02   1.0251653e+02
   5.8400800e+02   7.3900000e-01   5.8429100e+02   1.0336710e+02
   5.8476600e+02   7.5800000e-01   5.8505100e+02   1.0331316e+02
   5.8554400e+02   7.7800000e-01   5.8582100e+02   1.0347912e+02
   5.8630500e+02   7.6100000e-01   5.8658100e+02   1.0543336e+02
   5.8707700e+02   7.7200000e-01   5.8735100e+02   1.0524250e+02
   5.8785200e+02   7.7500000e-01   5.8813100e+02   1.0301857e+02
   5.8860100e+02   7.4900000e-01   5.8888100e+02   1.0207672e+02
   5.8933500e+02   7.3500000e-01   5.8961100e+02   1.0248333e+02
   5.9006000e+02   7.2500000e-01   5.9033100e+02   1.0370318e+02
   5.9077900e+02   7.2000000e-01   5.9106100e+02   1.0218875e+02
   5.9150000e+02   7.2100000e-01   5.9177100e+02   1.0324262e+02
   5.9222900e+02   7.2800000e-01   5.9250100e+02   1.0425501e+02
   5.9299500e+02   7.6600000e-01   5.9327100e+02   1.0548730e+02
   5.9378500e+02   7.9100000e-01   5.9406100e+02   1.0459109e+02
   5.9454500e+02   7.6000000e-01   5.9481100e+02   1.0473631e+02
   5.9529700e+02   7.5200000e-01   5.9557100e+02   1.0644160e+02
   5.9606400e+02   7.6700000e-01   5.9634100e+02   1.0432139e+02
   5.9682600e+02   7.6200000e-01   5.9710100e+02   1.0452470e+02
   5.9758600e+02   7.6000000e-01   5.9786100e+02   1.0612626e+02
   5.9836500e+02   7.7900000e-01   5.9863100e+02   1.0693534e+02
   5.9914900e+02   7.8400000e-01   5.9943100e+02   1.0410979e+02
