   2.4461000e+01   1.1090000e+00   2.4805000e+01   1.2621966e+02
   2.5505000e+01   1.0430000e+00   2.5849000e+01   1.2692145e+02
   2.6495000e+01   9.9000000e-01   2.6837000e+01   1.2695173e+02
   2.7541000e+01   1.0460000e+00   2.7883000e+01   1.2768471e+02
   2.8600000e+01   1.0590000e+00   2.8929000e+01   1.2896630e+02
   2.9773000e+01   1.1720000e+00   3.0102000e+01   1.2808102e+02
   3.0897000e+01   1.1240000e+00   3.1244000e+01   1.2655542e+02
   3.1966000e+01   1.0690000e+00   3.2310000e+01   1.2496835e+02
   3.3058000e+01   1.0920000e+00   3.3429000e+01   1.2420509e+02
   3.4212000e+01   1.1550000e+00   3.4551000e+01   1.2747096e+02
   3.5372000e+01   1.1600000e+00   3.5704000e+01   1.2866081e+02
   3.6518000e+01   1.1460000e+00   3.6869000e+01   1.2902684e+02
   3.7663000e+01   1.1450000e+00   3.8009000e+01   1.2823331e+02
   3.8775000e+01   1.1120000e+00   3.9119000e+01   1.2695173e+02
   3.9904000e+01   1.1290000e+00   4.0267000e+01   1.2707374e+02
   4.1047000e+01   1.1430000e+00   4.1406000e+01   1.2533439e+02
   4.2247000e+01   1.2000000e+00   4.2596000e+01   1.2777554e+02
   4.3448000e+01   1.2010000e+00   4.3787000e+01   1.2786727e+02
   4.4630000e+01   1.1810000e+00   4.4976000e+01   1.2652423e+02
   4.5761000e+01   1.1310000e+00   4.6115000e+01   1.2573161e+02
   4.6883000e+01   1.1220000e+00   4.7226000e+01   1.2499862e+02
   4.8032000e+01   1.1490000e+00   4.8396000e+01   1.2618938e+02
   4.9204000e+01   1.1720000e+00   4.9542000e+01   1.2579216e+02
   5.0368000e+01   1.1640000e+00   5.0708000e+01   1.2618938e+02
   5.1532000e+01   1.1630000e+00   5.1864000e+01   1.2570042e+02
   5.2695000e+01   1.1630000e+00   5.3048000e+01   1.2545640e+02
   5.3845000e+01   1.1500000e+00   5.4195000e+01   1.2579216e+02
   5.5007000e+01   1.1620000e+00   5.5405000e+01   1.2060437e+02
   5.6207000e+01   1.2000000e+00   5.6544000e+01   1.2655542e+02
   5.7399000e+01   1.1920000e+00   5.7763000e+01   1.2704347e+02
   5.8576000e+01   1.1770000e+00   5.8911000e+01   1.2740950e+02
   5.9733000e+01   1.1570000e+00   6.0070000e+01   1.2698200e+02
   6.0887000e+01   1.1540000e+00   6.1245000e+01   1.2579216e+02
   6.2014000e+01   1.1270000e+00   6.2395000e+01   1.2386933e+02
   6.3149000e+01   1.1350000e+00   6.3489000e+01   1.2463259e+02
   6.4316000e+01   1.1670000e+00   6.4672000e+01   1.2374732e+02
   6.5462000e+01   1.1450000e+00   6.5804000e+01   1.2347302e+02
   6.6605000e+01   1.1430000e+00   6.6948000e+01   1.2307579e+02
   6.7712000e+01   1.1070000e+00   6.8071000e+01   1.2109242e+02
   6.8817000e+01   1.1060000e+00   6.9171000e+01   1.2185568e+02
   6.9945000e+01   1.1270000e+00   7.0277000e+01   1.2267949e+02
   7.1082000e+01   1.1370000e+00   7.1451000e+01   1.1978056e+02
   7.2209000e+01   1.1270000e+00   7.2559000e+01   1.1981084e+02
   7.3303000e+01   1.0940000e+00   7.3672000e+01   1.1828523e+02
   7.4383000e+01   1.0810000e+00   7.4719000e+01   1.2652423e+02
   7.5505000e+01   1.1220000e+00   7.5887000e+01   1.2466286e+02
   7.6647000e+01   1.1410000e+00   7.6980000e+01   1.2570042e+02
   7.7764000e+01   1.1180000e+00   7.8099000e+01   1.2576188e+02
   7.8894000e+01   1.1300000e+00   7.9228000e+01   1.2536466e+02
   8.0001000e+01   1.1060000e+00   8.0348000e+01   1.2502890e+02
   8.1081000e+01   1.0800000e+00   8.1442000e+01   1.2304552e+02
   8.2168000e+01   1.0880000e+00   8.2521000e+01   1.2347302e+02
   8.3354000e+01   1.1860000e+00   8.3688000e+01   1.2460232e+02
   8.4513000e+01   1.1590000e+00   8.4871000e+01   1.2420509e+02
   8.5604000e+01   1.0910000e+00   8.5950000e+01   1.2350329e+02
   8.6719000e+01   1.1150000e+00   8.7056000e+01   1.2390052e+02
   8.7805000e+01   1.0860000e+00   8.8170000e+01   1.2301525e+02
   8.8877000e+01   1.0730000e+00   8.9209000e+01   1.2567015e+02
   8.9989000e+01   1.1110000e+00   9.0339000e+01   1.2573161e+02
   9.1130000e+01   1.1420000e+00   9.1470000e+01   1.2698200e+02
   9.2201000e+01   1.0710000e+00   9.2566000e+01   1.2624993e+02
   9.3294000e+01   1.0930000e+00   9.3626000e+01   1.2856907e+02
   9.4440000e+01   1.1460000e+00   9.4776000e+01   1.2783700e+02
   9.5560000e+01   1.1200000e+00   9.5918000e+01   1.2786727e+02
   9.6676000e+01   1.1170000e+00   9.7019000e+01   1.2786727e+02
   9.7755000e+01   1.0790000e+00   9.8096000e+01   1.2658569e+02
   9.8877000e+01   1.1230000e+00   9.9218000e+01   1.2621966e+02
   9.9916000e+01   1.0380000e+00   1.0028600e+02   1.2615819e+02
   1.0101600e+02   1.1000000e+00   1.0135700e+02   1.2783700e+02
   1.0211700e+02   1.1010000e+00   1.0249300e+02   1.2829477e+02
   1.0320200e+02   1.0850000e+00   1.0355900e+02   1.2866081e+02
   1.0427700e+02   1.0750000e+00   1.0461600e+02   1.2863053e+02
   1.0533200e+02   1.0550000e+00   1.0567400e+02   1.2820303e+02
   1.0642400e+02   1.0930000e+00   1.0677400e+02   1.2829477e+02
   1.0756800e+02   1.1440000e+00   1.0790100e+02   1.2698200e+02
   1.0863800e+02   1.0700000e+00   1.0898100e+02   1.2570042e+02
   1.0973000e+02   1.0920000e+00   1.1008700e+02   1.2301525e+02
   1.1080400e+02   1.0740000e+00   1.1114100e+02   1.2356476e+02
   1.1187300e+02   1.0690000e+00   1.1221500e+02   1.2386933e+02
   1.1298100e+02   1.1080000e+00   1.1331400e+02   1.2539585e+02
   1.1408900e+02   1.1080000e+00   1.1444200e+02   1.2420509e+02
   1.1519900e+02   1.1100000e+00   1.1554000e+02   1.2386933e+02
   1.1628700e+02   1.0890000e+00   1.1662300e+02   1.2298497e+02
   1.1737800e+02   1.0900000e+00   1.1771500e+02   1.2380878e+02
   1.1849200e+02   1.1150000e+00   1.1883500e+02   1.2383905e+02
   1.1961400e+02   1.1210000e+00   1.1996200e+02   1.2423628e+02
   1.2072100e+02   1.1080000e+00   1.2106200e+02   1.2307579e+02
   1.2180900e+02   1.0880000e+00   1.2217400e+02   1.2258775e+02
   1.2292700e+02   1.1180000e+00   1.2327500e+02   1.2258775e+02
   1.2406300e+02   1.1360000e+00   1.2442300e+02   1.2063464e+02
   1.2516500e+02   1.1020000e+00   1.2551400e+02   1.2106214e+02
   1.2624600e+02   1.0810000e+00   1.2659100e+02   1.1981084e+02
   1.2730100e+02   1.0550000e+00   1.2765700e+02   1.2188595e+02
   1.2838900e+02   1.0880000e+00   1.2873000e+02   1.2411335e+02
   1.2954900e+02   1.1600000e+00   1.2989200e+02   1.2530411e+02
   1.3068900e+02   1.1400000e+00   1.3103900e+02   1.2618938e+02
   1.3179300e+02   1.1030000e+00   1.3214000e+02   1.2506009e+02
   1.3284900e+02   1.0560000e+00   1.3319900e+02   1.2582243e+02
   1.3401500e+02   1.1660000e+00   1.3436800e+02   1.2789755e+02
   1.3515200e+02   1.1370000e+00   1.3550700e+02   1.2786727e+02
   1.3627000e+02   1.1180000e+00   1.3662100e+02   1.2875255e+02
   1.3740100e+02   1.1310000e+00   1.3774300e+02   1.2908831e+02
   1.3857200e+02   1.1710000e+00   1.3893000e+02   1.2747096e+02
   1.3975300e+02   1.1800000e+00   1.4010100e+02   1.2609765e+02
   1.4085500e+02   1.1020000e+00   1.4120900e+02   1.2426655e+02
   1.4196100e+02   1.1060000e+00   1.4231000e+02   1.2426655e+02
   1.4309600e+02   1.1350000e+00   1.4345200e+02   1.2228226e+02
   1.4421700e+02   1.1200000e+00   1.4457200e+02   1.2270976e+02
   1.4536100e+02   1.1440000e+00   1.4571900e+02   1.2225199e+02
   1.4648400e+02   1.1230000e+00   1.4683000e+02   1.2353357e+02
   1.4765200e+02   1.1680000e+00   1.4800600e+02   1.2234372e+02
   1.4879300e+02   1.1420000e+00   1.4912900e+02   1.2185568e+02
   1.4990800e+02   1.1150000e+00   1.5027800e+02   1.1822377e+02
   1.5104100e+02   1.1320000e+00   1.5139300e+02   1.2191622e+02
   1.5217200e+02   1.1310000e+00   1.5251900e+02   1.2109242e+02
   1.5329600e+02   1.1240000e+00   1.5364900e+02   1.2185568e+02
   1.5440000e+02   1.1040000e+00   1.5477300e+02   1.2347302e+02
   1.5551300e+02   1.1130000e+00   1.5586800e+02   1.2426655e+02
   1.5666700e+02   1.1530000e+00   1.5699800e+02   1.2704347e+02
   1.5782700e+02   1.1600000e+00   1.5817500e+02   1.2869108e+02
   1.5898700e+02   1.1600000e+00   1.5933600e+02   1.2832505e+02
   1.6014200e+02   1.1550000e+00   1.6048300e+02   1.2820303e+02
   1.6123900e+02   1.0970000e+00   1.6159900e+02   1.2664716e+02
   1.6234400e+02   1.1040000e+00   1.6268400e+02   1.2658569e+02
   1.6348400e+02   1.1410000e+00   1.6382400e+02   1.2618938e+02
   1.6463400e+02   1.1500000e+00   1.6499200e+02   1.2585362e+02
   1.6574300e+02   1.1090000e+00   1.6608500e+02   1.2457112e+02
   1.6683300e+02   1.0900000e+00   1.6719900e+02   1.2356476e+02
   1.6792700e+02   1.0940000e+00   1.6827300e+02   1.2576188e+02
   1.6904200e+02   1.1160000e+00   1.6940200e+02   1.2496835e+02
   1.7014800e+02   1.1050000e+00   1.7049400e+02   1.2707374e+02
   1.7125300e+02   1.1060000e+00   1.7159000e+02   1.2536466e+02
   1.7234400e+02   1.0900000e+00   1.7269500e+02   1.2506009e+02
   1.7340500e+02   1.0610000e+00   1.7376100e+02   1.2506009e+02
   1.7453400e+02   1.1290000e+00   1.7486100e+02   1.2621966e+02
   1.7570300e+02   1.1690000e+00   1.7605900e+02   1.2582243e+02
   1.7682100e+02   1.1180000e+00   1.7718900e+02   1.2621966e+02
   1.7794000e+02   1.1190000e+00   1.7828100e+02   1.2506009e+02
   1.7904000e+02   1.1000000e+00   1.7942400e+02   1.2234372e+02
   1.8014900e+02   1.1090000e+00   1.8047600e+02   1.2460232e+02
   1.8129700e+02   1.1480000e+00   1.8163100e+02   1.2344275e+02
   1.8243400e+02   1.1370000e+00   1.8276400e+02   1.2304552e+02
   1.8353700e+02   1.1030000e+00   1.8388000e+02   1.2231345e+02
   1.8461100e+02   1.0730000e+00   1.8497300e+02   1.2304552e+02
   1.8574100e+02   1.1300000e+00   1.8608600e+02   1.2579216e+02
   1.8692300e+02   1.1820000e+00   1.8728200e+02   1.2542612e+02
   1.8804000e+02   1.1170000e+00   1.8841000e+02   1.2618938e+02
   1.8920800e+02   1.1680000e+00   1.8957800e+02   1.2750124e+02
   1.9036600e+02   1.1570000e+00   1.9072500e+02   1.2698200e+02
   1.9149500e+02   1.1300000e+00   1.9185900e+02   1.2789755e+02
   1.9268400e+02   1.1890000e+00   1.9303900e+02   1.2866081e+02
   1.9385600e+02   1.1720000e+00   1.9418600e+02   1.2710493e+02
   1.9495300e+02   1.0970000e+00   1.9532000e+02   1.2579216e+02
   1.9609800e+02   1.1450000e+00   1.9648700e+02   1.2506009e+02
   1.9724900e+02   1.1500000e+00   1.9758900e+02   1.2463259e+02
   1.9838100e+02   1.1320000e+00   1.9872100e+02   1.2341156e+02
   1.9950000e+02   1.1200000e+00   1.9984200e+02   1.2347302e+02
   2.0064600e+02   1.1450000e+00   2.0097500e+02   1.2390052e+02
   2.0178000e+02   1.1350000e+00   2.0213000e+02   1.2393079e+02
   2.0288900e+02   1.1090000e+00   2.0323600e+02   1.2261802e+02
   2.0391700e+02   1.0280000e+00   2.0426900e+02   1.2142818e+02
   2.0487500e+02   9.5700000e-01   2.0523000e+02   1.2231345e+02
   2.0588600e+02   1.0110000e+00   2.0621700e+02   1.2344275e+02
   2.0693400e+02   1.0480000e+00   2.0728600e+02   1.2380878e+02
   2.0797700e+02   1.0430000e+00   2.0832400e+02   1.2624993e+02
   2.0904700e+02   1.0700000e+00   2.0941100e+02   1.2740950e+02
   2.1022400e+02   1.1770000e+00   2.1054900e+02   1.2829477e+02
   2.1139300e+02   1.1690000e+00   2.1174600e+02   1.2750124e+02
   2.1250300e+02   1.1100000e+00   2.1284700e+02   1.2661597e+02
   2.1361400e+02   1.1110000e+00   2.1395300e+02   1.2582243e+02
   2.1469800e+02   1.0840000e+00   2.1504800e+02   1.2506009e+02
   2.1577800e+02   1.0790000e+00   2.1612700e+02   1.2423628e+02
   2.1684200e+02   1.0650000e+00   2.1717500e+02   1.2460232e+02
   2.1794400e+02   1.1020000e+00   2.1827600e+02   1.2545640e+02
   2.1911900e+02   1.1750000e+00   2.1946600e+02   1.2682972e+02
   2.2021200e+02   1.0920000e+00   2.2057400e+02   1.2582243e+02
   2.2133300e+02   1.1210000e+00   2.2167900e+02   1.2652423e+02
   2.2241600e+02   1.0830000e+00   2.2275300e+02   1.2423628e+02
   2.2349500e+02   1.0790000e+00   2.2385800e+02   1.2466286e+02
   2.2455900e+02   1.0640000e+00   2.2491900e+02   1.2472433e+02
   2.2567600e+02   1.1170000e+00   2.2601200e+02   1.2576188e+02
   2.2685000e+02   1.1740000e+00   2.2721600e+02   1.2542612e+02
   2.2799100e+02   1.1410000e+00   2.2834100e+02   1.2658569e+02
   2.2907800e+02   1.0870000e+00   2.2943100e+02   1.2499862e+02
   2.3018300e+02   1.1050000e+00   2.3054500e+02   1.2499862e+02
   2.3128100e+02   1.0990000e+00   2.3163200e+02   1.2420509e+02
   2.3241400e+02   1.1320000e+00   2.3278000e+02   1.2417482e+02
   2.3359200e+02   1.1780000e+00   2.3394000e+02   1.2423628e+02
   2.3471500e+02   1.1240000e+00   2.3507400e+02   1.2270976e+02
   2.3586200e+02   1.1470000e+00   2.3621000e+02   1.2130617e+02
   2.3698500e+02   1.1230000e+00   2.3735100e+02   1.1819349e+02
   2.3812500e+02   1.1400000e+00   2.3848800e+02   1.1968882e+02
   2.3928000e+02   1.1550000e+00   2.3962100e+02   1.1794947e+02
   2.4042500e+02   1.1450000e+00   2.4076300e+02   1.1712566e+02
   2.4154100e+02   1.1160000e+00   2.4188200e+02   1.1504963e+02
   2.4265200e+02   1.1110000e+00   2.4298900e+02   1.1660643e+02
   2.4378700e+02   1.1350000e+00   2.4412200e+02   1.1746051e+02
   2.4492200e+02   1.1350000e+00   2.4528100e+02   1.1862099e+02
   2.4604600e+02   1.1240000e+00   2.4640800e+02   1.1822377e+02
   2.4716100e+02   1.1150000e+00   2.4748900e+02   1.1981084e+02
   2.4828900e+02   1.1280000e+00   2.4864100e+02   1.2060437e+02
   2.4942800e+02   1.1390000e+00   2.4977000e+02   1.2060437e+02
   2.5053600e+02   1.1080000e+00   2.5087000e+02   1.2014660e+02
   2.5162400e+02   1.0870000e+00   2.5197300e+02   1.1974937e+02
   2.5271500e+02   1.0920000e+00   2.5308600e+02   1.1984111e+02
   2.5388700e+02   1.1710000e+00   2.5424400e+02   1.2191622e+02
   2.5506700e+02   1.1800000e+00   2.5542700e+02   1.2148964e+02
   2.5617900e+02   1.1120000e+00   2.5652700e+02   1.2097041e+02
   2.5730800e+02   1.1290000e+00   2.5766100e+02   1.1978056e+02
   2.5843600e+02   1.1280000e+00   2.5876500e+02   1.1978056e+02
   2.5958600e+02   1.1500000e+00   2.5992400e+02   1.1941361e+02
   2.6070900e+02   1.1230000e+00   2.6104800e+02   1.1865127e+02
   2.6182000e+02   1.1110000e+00   2.6218600e+02   1.1901730e+02
   2.6290500e+02   1.0850000e+00   2.6324500e+02   1.2063464e+02
   2.6402200e+02   1.1170000e+00   2.6438200e+02   1.2234372e+02
   2.6516300e+02   1.1410000e+00   2.6550200e+02   1.2225199e+02
   2.6631700e+02   1.1540000e+00   2.6666200e+02   1.2228226e+02
   2.6738700e+02   1.0700000e+00   2.6774900e+02   1.2148964e+02
   2.6852100e+02   1.1340000e+00   2.6886400e+02   1.2267949e+02
   2.6968300e+02   1.1620000e+00   2.7003600e+02   1.2142818e+02
   2.7080300e+02   1.1200000e+00   2.7114800e+02   1.2277122e+02
   2.7189900e+02   1.0960000e+00   2.7224300e+02   1.2310698e+02
   2.7299100e+02   1.0920000e+00   2.7334200e+02   1.2420509e+02
   2.7412200e+02   1.1320000e+00   2.7446400e+02   1.2420509e+02
   2.7522400e+02   1.1020000e+00   2.7558200e+02   1.2377851e+02
   2.7632000e+02   1.0960000e+00   2.7666400e+02   1.2386933e+02
   2.7742100e+02   1.1010000e+00   2.7779300e+02   1.2426655e+02
   2.7854000e+02   1.1200000e+00   2.7887800e+02   1.2344275e+02
   2.7964400e+02   1.1040000e+00   2.7999300e+02   1.2353357e+02
   2.8072300e+02   1.0790000e+00   2.8108400e+02   1.2502890e+02
   2.8188400e+02   1.1610000e+00   2.8224200e+02   1.2463259e+02
   2.8299300e+02   1.1090000e+00   2.8334400e+02   1.2432710e+02
   2.8410000e+02   1.1070000e+00   2.8447300e+02   1.2402253e+02
   2.8517600e+02   1.0760000e+00   2.8551200e+02   1.2386933e+02
   2.8625800e+02   1.0820000e+00   2.8660000e+02   1.2423628e+02
   2.8737100e+02   1.1130000e+00   2.8772400e+02   1.2499862e+02
   2.8851800e+02   1.1470000e+00   2.8886800e+02   1.2539585e+02
   2.8957600e+02   1.0580000e+00   2.8994900e+02   1.2350329e+02
   2.9067300e+02   1.0960000e+00   2.9102000e+02   1.2377851e+02
   2.9175500e+02   1.0820000e+00   2.9210600e+02   1.2145845e+02
   2.9280300e+02   1.0480000e+00   2.9314900e+02   1.2145845e+02
   2.9388400e+02   1.0800000e+00   2.9423100e+02   1.2234372e+02
   2.9496600e+02   1.0820000e+00   2.9531600e+02   1.2264921e+02
   2.9602800e+02   1.0620000e+00   2.9638600e+02   1.2310698e+02
   2.9705900e+02   1.0310000e+00   2.9742900e+02   1.2350329e+02
   2.9810000e+02   1.0410000e+00   2.9846900e+02   1.2457112e+02
   2.9913300e+02   1.0340000e+00   2.9948500e+02   1.2579216e+02
   3.0014500e+02   1.0120000e+00   3.0050600e+02   1.2664716e+02
   3.0124300e+02   1.0980000e+00   3.0159400e+02   1.2908831e+02
   3.0231300e+02   1.0700000e+00   3.0268700e+02   1.2792874e+02
   3.0337800e+02   1.0650000e+00   3.0373400e+02   1.2743977e+02
   3.0437100e+02   9.9300000e-01   3.0473800e+02   1.2786727e+02
   3.0548200e+02   1.1110000e+00   3.0586800e+02   1.2869108e+02
   3.0656400e+02   1.0820000e+00   3.0692800e+02   1.2786727e+02
   3.0756800e+02   1.0040000e+00   3.0791500e+02   1.2747096e+02
   3.0863300e+02   1.0640000e+00   3.0897600e+02   1.2780673e+02
   3.0968600e+02   1.0530000e+00   3.1004900e+02   1.2579216e+02
   3.1070200e+02   1.0160000e+00   3.1106900e+02   1.2618938e+02
   3.1173600e+02   1.0330000e+00   3.1207700e+02   1.2704347e+02
   3.1277300e+02   1.0370000e+00   3.1312500e+02   1.2701319e+02
   3.1377000e+02   9.9800000e-01   3.1413600e+02   1.2664716e+02
   3.1477700e+02   1.0070000e+00   3.1511700e+02   1.2743977e+02
   3.1580800e+02   1.0310000e+00   3.1617900e+02   1.2747096e+02
   3.1681400e+02   1.0060000e+00   3.1717300e+02   1.2582243e+02
   3.1780100e+02   9.8600000e-01   3.1816600e+02   1.2747096e+02
   3.1882800e+02   1.0270000e+00   3.1917200e+02   1.2664716e+02
   3.1986900e+02   1.0410000e+00   3.2021200e+02   1.2747096e+02
   3.2087400e+02   1.0050000e+00   3.2121400e+02   1.2615819e+02
   3.2187000e+02   9.9600000e-01   3.2221400e+02   1.2783700e+02
   3.2289100e+02   1.0220000e+00   3.2324100e+02   1.2780673e+02
   3.2391400e+02   1.0230000e+00   3.2425900e+02   1.2743977e+02
   3.2490500e+02   9.9100000e-01   3.2528000e+02   1.2621966e+02
   3.2591000e+02   1.0050000e+00   3.2626000e+02   1.2621966e+02
   3.2694400e+02   1.0340000e+00   3.2729400e+02   1.2615819e+02
   3.2796400e+02   1.0200000e+00   3.2831400e+02   1.2573161e+02
   3.2895600e+02   9.9200000e-01   3.2930100e+02   1.2539585e+02
   3.3000500e+02   1.0490000e+00   3.3038000e+02   1.2661597e+02
   3.3106300e+02   1.0580000e+00   3.3141300e+02   1.2612792e+02
   3.3210200e+02   1.0390000e+00   3.3248200e+02   1.2530411e+02
   3.3309300e+02   9.9100000e-01   3.3348100e+02   1.2542612e+02
   3.3412000e+02   1.0270000e+00   3.3448300e+02   1.2621966e+02
   3.3517800e+02   1.0590000e+00   3.3552200e+02   1.2536466e+02
   3.3622300e+02   1.0440000e+00   3.3655800e+02   1.2420509e+02
   3.3726000e+02   1.0380000e+00   3.3763400e+02   1.2426655e+02
   3.3833100e+02   1.0700000e+00   3.3866000e+02   1.2466286e+02
   3.3940900e+02   1.0780000e+00   3.3976000e+02   1.2390052e+02
   3.4045400e+02   1.0450000e+00   3.4082000e+02   1.2344275e+02
   3.4148900e+02   1.0350000e+00   3.4183300e+02   1.2417482e+02
   3.4257400e+02   1.0850000e+00   3.4292200e+02   1.2344275e+02
   3.4365400e+02   1.0800000e+00   3.4400100e+02   1.2304552e+02
   3.4469300e+02   1.0380000e+00   3.4503300e+02   1.2179421e+02
   3.4574400e+02   1.0510000e+00   3.4608000e+02   1.2304552e+02
   3.4680900e+02   1.0650000e+00   3.4716000e+02   1.2188595e+02
   3.4787200e+02   1.0630000e+00   3.4821500e+02   1.2145845e+02
   3.4891700e+02   1.0450000e+00   3.4926300e+02   1.2225199e+02
   3.5002100e+02   1.1040000e+00   3.5036100e+02   1.2231345e+02
   3.5111000e+02   1.0890000e+00   3.5148300e+02   1.2139790e+02
   3.5216500e+02   1.0550000e+00   3.5251900e+02   1.2145845e+02
   3.5325000e+02   1.0850000e+00   3.5357900e+02   1.2191622e+02
   3.5434600e+02   1.0960000e+00   3.5468800e+02   1.2182540e+02
   3.5541700e+02   1.0720000e+00   3.5578700e+02   1.2185568e+02
   3.5647000e+02   1.0530000e+00   3.5681800e+02   1.2176394e+02
   3.5755900e+02   1.0890000e+00   3.5790200e+02   1.2225199e+02
   3.5865000e+02   1.0910000e+00   3.5901700e+02   1.2072638e+02
   3.5971000e+02   1.0600000e+00   3.6006800e+02   1.1901730e+02
   3.6076000e+02   1.0500000e+00   3.6110900e+02   1.1944480e+02
   3.6185000e+02   1.0900000e+00   3.6219600e+02   1.2023834e+02
   3.6292600e+02   1.0770000e+00   3.6327700e+02   1.2066492e+02
   3.6398100e+02   1.0550000e+00   3.6431600e+02   1.2267949e+02
   3.6510000e+02   1.1190000e+00   3.6548500e+02   1.2374732e+02
   3.6622400e+02   1.1250000e+00   3.6658300e+02   1.2426655e+02
   3.6732700e+02   1.1030000e+00   3.6768400e+02   1.2344275e+02
   3.6840900e+02   1.0820000e+00   3.6876100e+02   1.2304552e+02
   3.6952200e+02   1.1140000e+00   3.6986400e+02   1.2383905e+02
   3.7064000e+02   1.1180000e+00   3.7097600e+02   1.2222171e+02
   3.7170300e+02   1.0630000e+00   3.7206100e+02   1.2185568e+02
   3.7276400e+02   1.0610000e+00   3.7310300e+02   1.2270976e+02
   3.7386300e+02   1.1000000e+00   3.7419700e+02   1.2460232e+02
   3.7497100e+02   1.1070000e+00   3.7534100e+02   1.2585362e+02
   3.7608700e+02   1.1160000e+00   3.7645100e+02   1.2615819e+02
   3.7717900e+02   1.0930000e+00   3.7755000e+02   1.2621966e+02
   3.7834300e+02   1.1640000e+00   3.7867800e+02   1.2743977e+02
   3.7950800e+02   1.1640000e+00   3.7986500e+02   1.2579216e+02
   3.8058200e+02   1.0750000e+00   3.8094500e+02   1.2542612e+02
   3.8168700e+02   1.1040000e+00   3.8204400e+02   1.2536466e+02
   3.8281500e+02   1.1290000e+00   3.8316500e+02   1.2542612e+02
   3.8393900e+02   1.1240000e+00   3.8430300e+02   1.2350329e+02
   3.8502800e+02   1.0890000e+00   3.8540100e+02   1.2261802e+02
   3.8611100e+02   1.0820000e+00   3.8646300e+02   1.2307579e+02
   3.8722500e+02   1.1150000e+00   3.8757900e+02   1.2267949e+02
   3.8833800e+02   1.1130000e+00   3.8868700e+02   1.2142818e+02
   3.8941500e+02   1.0770000e+00   3.8978300e+02   1.2145845e+02
   3.9053900e+02   1.1240000e+00   3.9088400e+02   1.2347302e+02
   3.9166900e+02   1.1300000e+00   3.9202300e+02   1.2304552e+02
   3.9277400e+02   1.1050000e+00   3.9311300e+02   1.2261802e+02
   3.9385300e+02   1.0790000e+00   3.9419200e+02   1.2298497e+02
   3.9497000e+02   1.1170000e+00   3.9530800e+02   1.2304552e+02
   3.9609300e+02   1.1230000e+00   3.9646700e+02   1.2194742e+02
   3.9718700e+02   1.0930000e+00   3.9753500e+02   1.2060437e+02
   3.9828900e+02   1.1030000e+00   3.9862400e+02   1.2191622e+02
   3.9940300e+02   1.1130000e+00   3.9974300e+02   1.2109242e+02
   4.0049500e+02   1.0920000e+00   4.0084800e+02   1.1981084e+02
   4.0155300e+02   1.0580000e+00   4.0190100e+02   1.2188595e+02
   4.0264000e+02   1.0870000e+00   4.0298200e+02   1.2301525e+02
   4.0373600e+02   1.0960000e+00   4.0408100e+02   1.2383905e+02
   4.0481300e+02   1.0770000e+00   4.0516600e+02   1.2380878e+02
   4.0587700e+02   1.0640000e+00   4.0620800e+02   1.2460232e+02
   4.0699100e+02   1.1140000e+00   4.0732100e+02   1.2533439e+02
   4.0808500e+02   1.0940000e+00   4.0844800e+02   1.2344275e+02
   4.0913800e+02   1.0530000e+00   4.0948200e+02   1.2386933e+02
   4.1022100e+02   1.0830000e+00   4.1056700e+02   1.2502890e+02
   4.1131800e+02   1.0970000e+00   4.1166200e+02   1.2539585e+02
   4.1237500e+02   1.0570000e+00   4.1272700e+02   1.2573161e+02
   4.1342400e+02   1.0490000e+00   4.1375700e+02   1.2615819e+02
   4.1437100e+02   9.4700000e-01   4.1470800e+02   1.2618938e+02
   4.1531500e+02   9.4400000e-01   4.1568700e+02   1.2701319e+02
   4.1630700e+02   9.9100000e-01   4.1668700e+02   1.2655542e+02
   4.1732400e+02   1.0170000e+00   4.1766500e+02   1.2826450e+02
   4.1845000e+02   1.1260000e+00   4.1878600e+02   1.2826450e+02
   4.1950800e+02   1.0580000e+00   4.1986400e+02   1.2701319e+02
   4.2056700e+02   1.0590000e+00   4.2092600e+02   1.2701319e+02
   4.2164500e+02   1.0780000e+00   4.2200200e+02   1.2661597e+02
   4.2274300e+02   1.0980000e+00   4.2309900e+02   1.2539585e+02
   4.2380700e+02   1.0630000e+00   4.2417700e+02   1.2420509e+02
   4.2488500e+02   1.0780000e+00   4.2523200e+02   1.2457112e+02
   4.2597700e+02   1.0920000e+00   4.2630600e+02   1.2463259e+02
   4.2705400e+02   1.0770000e+00   4.2741400e+02   1.2261802e+02
   4.2813500e+02   1.0810000e+00   4.2847900e+02   1.2423628e+02
   4.2924700e+02   1.1130000e+00   4.2958500e+02   1.2390052e+02
   4.3035700e+02   1.1100000e+00   4.3071000e+02   1.2219144e+02
   4.3144600e+02   1.0890000e+00   4.3179300e+02   1.2264921e+02
   4.3256900e+02   1.1230000e+00   4.3292500e+02   1.2225199e+02
   4.3366900e+02   1.1010000e+00   4.3401100e+02   1.2148964e+02
   4.3476500e+02   1.0960000e+00   4.3511900e+02   1.2063464e+02
   4.3582400e+02   1.0580000e+00   4.3615800e+02   1.2066492e+02
   4.3693600e+02   1.1120000e+00   4.3729100e+02   1.2023834e+02
   4.3804800e+02   1.1120000e+00   4.3842500e+02   1.1822377e+02
   4.3912200e+02   1.0740000e+00   4.3946500e+02   1.1892556e+02
   4.4020100e+02   1.0790000e+00   4.4055800e+02   1.2063464e+02
   4.4136800e+02   1.1670000e+00   4.4170300e+02   1.2026861e+02
   4.4244100e+02   1.0720000e+00   4.4277300e+02   1.1892556e+02
   4.4353800e+02   1.0970000e+00   4.4389400e+02   1.1898703e+02
   4.4466400e+02   1.1260000e+00   4.4500500e+02   1.1904758e+02
   4.4586500e+02   1.2010000e+00   4.4620300e+02   1.1904758e+02
   4.4701500e+02   1.1500000e+00   4.4737800e+02   1.1791828e+02
   4.4812100e+02   1.1060000e+00   4.4848300e+02   1.1862099e+02
   4.4926000e+02   1.1390000e+00   4.4959000e+02   1.1895584e+02
   4.5040400e+02   1.1440000e+00   4.5074200e+02   1.1825404e+02
   4.5151800e+02   1.1150000e+00   4.5188300e+02   1.1706420e+02
   4.5263100e+02   1.1130000e+00   4.5298300e+02   1.1752197e+02
   4.5378100e+02   1.1500000e+00   4.5411800e+02   1.1785773e+02
   4.5491300e+02   1.1320000e+00   4.5528600e+02   1.1785773e+02
   4.5605300e+02   1.1400000e+00   4.5641000e+02   1.1819349e+02
   4.5718800e+02   1.1340000e+00   4.5753100e+02   1.1898703e+02
   4.5829100e+02   1.1040000e+00   4.5864400e+02   1.1782746e+02
   4.5935600e+02   1.0640000e+00   4.5969900e+02   1.1858980e+02
   4.6044900e+02   1.0930000e+00   4.6077800e+02   1.2106214e+02
   4.6154800e+02   1.0990000e+00   4.6189800e+02   1.2258775e+02
   4.6269200e+02   1.1440000e+00   4.6303800e+02   1.2423628e+02
   4.6380300e+02   1.1110000e+00   4.6415800e+02   1.2463259e+02
   4.6495400e+02   1.1500000e+00   4.6529700e+02   1.2463259e+02
   4.6608500e+02   1.1310000e+00   4.6644600e+02   1.2374732e+02
   4.6718300e+02   1.0980000e+00   4.6753800e+02   1.2536466e+02
   4.6831300e+02   1.1300000e+00   4.6868100e+02   1.2618938e+02
   4.6938900e+02   1.0760000e+00   4.6972900e+02   1.2493808e+02
   4.7048000e+02   1.0910000e+00   4.7084200e+02   1.2618938e+02
   4.7160600e+02   1.1260000e+00   4.7194300e+02   1.2701319e+02
   4.7272200e+02   1.1160000e+00   4.7307600e+02   1.2573161e+02
   4.7380300e+02   1.0800000e+00   4.7417500e+02   1.2618938e+02
   4.7492300e+02   1.1200000e+00   4.7527500e+02   1.2612792e+02
   4.7603500e+02   1.1120000e+00   4.7640600e+02   1.2490689e+02
   4.7715700e+02   1.1210000e+00   4.7749700e+02   1.2615819e+02
   4.7833700e+02   1.1800000e+00   4.7867800e+02   1.2460232e+02
   4.7942200e+02   1.0850000e+00   4.7977300e+02   1.2304552e+02
   4.8053300e+02   1.1110000e+00   4.8087700e+02   1.2420509e+02
   4.8168300e+02   1.1500000e+00   4.8202000e+02   1.2344275e+02
   4.8279000e+02   1.1070000e+00   4.8313300e+02   1.2261802e+02
   4.8390300e+02   1.1120000e+00   4.8423900e+02   1.2493808e+02
   4.8502100e+02   1.1180000e+00   4.8537600e+02   1.2347302e+02
   4.8615500e+02   1.1340000e+00   4.8651200e+02   1.2463259e+02
   4.8729600e+02   1.1410000e+00   4.8763300e+02   1.2338128e+02
   4.8844200e+02   1.1450000e+00   4.8877100e+02   1.2185568e+02
   4.8956300e+02   1.1220000e+00   4.8991500e+02   1.2145845e+02
   4.9069200e+02   1.1280000e+00   4.9102300e+02   1.2301525e+02
   4.9182800e+02   1.1370000e+00   4.9215300e+02   1.2185568e+02
   4.9295000e+02   1.1220000e+00   4.9329200e+02   1.2264921e+02
   4.9404700e+02   1.0970000e+00   4.9441400e+02   1.2222171e+02
   4.9518900e+02   1.1420000e+00   4.9553400e+02   1.2386933e+02
   4.9634000e+02   1.1510000e+00   4.9669400e+02   1.2301525e+02
   4.9746300e+02   1.1230000e+00   4.9780900e+02   1.2225199e+02
   4.9863000e+02   1.1670000e+00   4.9898000e+02   1.2185568e+02
   4.9979500e+02   1.1650000e+00   5.0015300e+02   1.2148964e+02
   5.0093900e+02   1.1440000e+00   5.0128700e+02   1.2063464e+02
   5.0204800e+02   1.1080000e+00   5.0243100e+02   1.2063464e+02
   5.0319300e+02   1.1460000e+00   5.0353800e+02   1.2100068e+02
   5.0433600e+02   1.1420000e+00   5.0468100e+02   1.2103187e+02
   5.0543200e+02   1.0960000e+00   5.0579200e+02   1.2020714e+02
   5.0651500e+02   1.0830000e+00   5.0687000e+02   1.2148964e+02
   5.0761800e+02   1.1030000e+00   5.0798900e+02   1.2191622e+02
   5.0870800e+02   1.0900000e+00   5.0908400e+02   1.2270976e+02
   5.0977400e+02   1.0660000e+00   5.1013700e+02   1.2499862e+02
   5.1093400e+02   1.1600000e+00   5.1128300e+02   1.2579216e+02
   5.1199500e+02   1.0610000e+00   5.1234300e+02   1.2545640e+02
   5.1305700e+02   1.0630000e+00   5.1342700e+02   1.2704347e+02
   5.1413500e+02   1.0780000e+00   5.1445600e+02   1.2820303e+02
   5.1521800e+02   1.0830000e+00   5.1557000e+02   1.2747096e+02
   5.1625500e+02   1.0370000e+00   5.1660600e+02   1.2658569e+02
   5.1727700e+02   1.0220000e+00   5.1762500e+02   1.2902684e+02
   5.1840200e+02   1.1250000e+00   5.1874800e+02   1.2945434e+02
   5.1949900e+02   1.0970000e+00   5.1985000e+02   1.2942407e+02
   5.2055300e+02   1.0530000e+00   5.2090900e+02   1.2899657e+02
   5.2166300e+02   1.1100000e+00   5.2198900e+02   1.2948462e+02
   5.2278900e+02   1.1260000e+00   5.2316800e+02   1.2789755e+02
   5.2383600e+02   1.0470000e+00   5.2420900e+02   1.2704347e+02
   5.2496000e+02   1.1240000e+00   5.2530300e+02   1.2664716e+02
   5.2612900e+02   1.1690000e+00   5.2646900e+02   1.2542612e+02
   5.2720700e+02   1.0780000e+00   5.2756400e+02   1.2350329e+02
   5.2828200e+02   1.0740000e+00   5.2863500e+02   1.2417482e+02
   5.2940100e+02   1.1190000e+00   5.2974700e+02   1.2307579e+02
   5.3058600e+02   1.1850000e+00   5.3091600e+02   1.2258775e+02
   5.3164600e+02   1.0600000e+00   5.3199700e+02   1.2179421e+02
   5.3274500e+02   1.0990000e+00   5.3308400e+02   1.2304552e+02
   5.3393900e+02   1.1940000e+00   5.3428200e+02   1.2231345e+02
   5.3510600e+02   1.1670000e+00   5.3544300e+02   1.2148964e+02
   5.3621600e+02   1.1100000e+00   5.3656200e+02   1.2103187e+02
   5.3732200e+02   1.1060000e+00   5.3768200e+02   1.2231345e+02
   5.3847100e+02   1.1500000e+00   5.3880400e+02   1.2228226e+02
   5.3962000e+02   1.1490000e+00   5.3996200e+02   1.2063464e+02
   5.4071900e+02   1.0990000e+00   5.4107500e+02   1.1971910e+02
   5.4183800e+02   1.1190000e+00   5.4218100e+02   1.1935306e+02
   5.4297400e+02   1.1350000e+00   5.4332100e+02   1.1898703e+02
   5.4407200e+02   1.0980000e+00   5.4444200e+02   1.1901730e+02
   5.4520700e+02   1.1350000e+00   5.4554100e+02   1.2151992e+02
   5.4637000e+02   1.1630000e+00   5.4671300e+02   1.2106214e+02
   5.4750600e+02   1.1360000e+00   5.4786100e+02   1.1944480e+02
   5.4862300e+02   1.1170000e+00   5.4898700e+02   1.1981084e+02
   5.4977000e+02   1.1470000e+00   5.5010000e+02   1.1984111e+02
   5.5092100e+02   1.1510000e+00   5.5126700e+02   1.1892556e+02
   5.5205200e+02   1.1310000e+00   5.5242300e+02   1.1819349e+02
   5.5323300e+02   1.1810000e+00   5.5357900e+02   1.2029888e+02
   5.5436700e+02   1.1350000e+00   5.5472200e+02   1.2109242e+02
   5.5548700e+02   1.1200000e+00   5.5583100e+02   1.2347302e+02
   5.5665600e+02   1.1690000e+00   5.5700100e+02   1.2341156e+02
   5.5780500e+02   1.1490000e+00   5.5815000e+02   1.2222171e+02
   5.5893700e+02   1.1320000e+00   5.5929700e+02   1.2222171e+02
   5.6006200e+02   1.1250000e+00   5.6044200e+02   1.2148964e+02
   5.6119700e+02   1.1360000e+00   5.6158100e+02   1.2393079e+02
   5.6236100e+02   1.1630000e+00   5.6272000e+02   1.2582243e+02
   5.6351100e+02   1.1500000e+00   5.6385500e+02   1.2539585e+02
   5.6463000e+02   1.1190000e+00   5.6497600e+02   1.2621966e+02
   5.6584400e+02   1.2140000e+00   5.6618800e+02   1.2646368e+02
   5.6699000e+02   1.1460000e+00   5.6732900e+02   1.2563987e+02
   5.6811900e+02   1.1290000e+00   5.6847800e+02   1.2429683e+02
   5.6924300e+02   1.1250000e+00   5.6959300e+02   1.2502890e+02
   5.7039100e+02   1.1480000e+00   5.7073800e+02   1.2536466e+02
   5.7150900e+02   1.1170000e+00   5.7189900e+02   1.2298497e+02
   5.7260300e+02   1.0940000e+00   5.7294600e+02   1.2576188e+02
   5.7373100e+02   1.1280000e+00   5.7407600e+02   1.2615819e+02
   5.7485600e+02   1.1250000e+00   5.7519600e+02   1.2496835e+02
   5.7594200e+02   1.0870000e+00   5.7628600e+02   1.2371704e+02
   5.7700300e+02   1.0610000e+00   5.7735700e+02   1.2463259e+02
   5.7812000e+02   1.1170000e+00   5.7849100e+02   1.2542612e+02
   5.7927600e+02   1.1560000e+00   5.7961800e+02   1.2615819e+02
   5.8039100e+02   1.1150000e+00   5.8073700e+02   1.2655542e+02
   5.8144900e+02   1.0580000e+00   5.8180900e+02   1.2786727e+02
   5.8263200e+02   1.1830000e+00   5.8297500e+02   1.2743977e+02
   5.8371400e+02   1.0820000e+00   5.8405600e+02   1.2582243e+02
   5.8479800e+02   1.0840000e+00   5.8514800e+02   1.2701319e+02
   5.8593000e+02   1.1320000e+00   5.8628800e+02   1.2704347e+02
   5.8703500e+02   1.1050000e+00   5.8741700e+02   1.2460232e+02
   5.8811500e+02   1.0790000e+00   5.8848700e+02   1.2579216e+02
   5.8922300e+02   1.1080000e+00   5.8957900e+02   1.2576188e+02
   5.9030700e+02   1.0840000e+00   5.9068700e+02   1.2429683e+02
   5.9135200e+02   1.0450000e+00   5.9169600e+02   1.2502890e+02
   5.9245900e+02   1.1070000e+00   5.9280200e+02   1.2493808e+02
   5.9359500e+02   1.1350000e+00   5.9395200e+02   1.2536466e+02
   5.9463200e+02   1.0380000e+00   5.9499400e+02   1.2576188e+02
   5.9578700e+02   1.1550000e+00   5.9613400e+02   1.2661597e+02
   5.9693600e+02   1.1490000e+00   5.9729400e+02   1.2579216e+02
   5.9801200e+02   1.0770000e+00   5.9841100e+02   1.2426655e+02
   5.9910200e+02   1.0900000e+00   5.9945400e+02   1.2426655e+02
   6.0022600e+02   1.1240000e+00   6.0059900e+02   1.2228226e+02
   6.0132500e+02   1.0990000e+00   6.0167200e+02   1.2148964e+02
   6.0238900e+02   1.0640000e+00   6.0273100e+02   1.2145845e+02
   6.0346800e+02   1.0800000e+00   6.0381100e+02   1.2142818e+02
   6.0453900e+02   1.0710000e+00   6.0487500e+02   1.2106214e+02
   6.0560100e+02   1.0610000e+00   6.0593700e+02   1.2094013e+02
   6.0669600e+02   1.0960000e+00   6.0703000e+02   1.2063464e+02
   6.0780000e+02   1.1040000e+00   6.0813300e+02   1.1981084e+02
   6.0889200e+02   1.0920000e+00   6.0923700e+02   1.1938334e+02
   6.0996700e+02   1.0750000e+00   6.1029800e+02   1.2020714e+02
   6.1108600e+02   1.1190000e+00   6.1145200e+02   1.1785773e+02
   6.1219400e+02   1.1090000e+00   6.1254200e+02   1.1822377e+02
   6.1326400e+02   1.0700000e+00   6.1360900e+02   1.1871181e+02
   6.1436900e+02   1.1050000e+00   6.1470800e+02   1.1862099e+02
   6.1548100e+02   1.1120000e+00   6.1582400e+02   1.1935306e+02
   6.1656300e+02   1.0820000e+00   6.1690900e+02   1.1978056e+02
   6.1761600e+02   1.0530000e+00   6.1796800e+02   1.2109242e+02
   6.1872100e+02   1.1050000e+00   6.1907000e+02   1.2191622e+02
   6.1981700e+02   1.0960000e+00   6.2017000e+02   1.2148964e+02
   6.2091200e+02   1.0950000e+00   6.2127800e+02   1.2011632e+02
   6.2196300e+02   1.0520000e+00   6.2230900e+02   1.2109242e+02
   6.2306300e+02   1.1000000e+00   6.2342600e+02   1.2060437e+02
   6.2417300e+02   1.1100000e+00   6.2452500e+02   1.2304552e+02
   6.2526300e+02   1.0890000e+00   6.2560700e+02   1.2423628e+02
   6.2634600e+02   1.0830000e+00   6.2668500e+02   1.2695173e+02
   6.2754300e+02   1.1970000e+00   6.2788000e+02   1.2664716e+02
   6.2870500e+02   1.1620000e+00   6.2905900e+02   1.2655542e+02
   6.2988300e+02   1.1780000e+00   6.3022200e+02   1.2463259e+02
   6.3097100e+02   1.0880000e+00   6.3131500e+02   1.2301525e+02
   6.3210400e+02   1.1330000e+00   6.3248700e+02   1.2231345e+02
   6.3327000e+02   1.1660000e+00   6.3360300e+02   1.2264921e+02
   6.3442200e+02   1.1520000e+00   6.3477400e+02   1.2097041e+02
   6.3553900e+02   1.1160000e+00   6.3588000e+02   1.2103187e+02
   6.3667600e+02   1.1370000e+00   6.3702500e+02   1.2148964e+02
   6.3786800e+02   1.1920000e+00   6.3820500e+02   1.2148964e+02
   6.3907500e+02   1.2070000e+00   6.3944300e+02   1.2020714e+02
   6.4023200e+02   1.1570000e+00   6.4057700e+02   1.2020714e+02
   6.4139000e+02   1.1580000e+00   6.4172300e+02   1.2103187e+02
   6.4257700e+02   1.1870000e+00   6.4292400e+02   1.1941361e+02
   6.4373900e+02   1.1620000e+00   6.4409600e+02   1.1782746e+02
   6.4487000e+02   1.1300000e+00   6.4521600e+02   1.2023834e+02
   6.4602200e+02   1.1520000e+00   6.4642200e+02   1.2023834e+02
   6.4717600e+02   1.1540000e+00   6.4751500e+02   1.1978056e+02
   6.4830300e+02   1.1280000e+00   6.4865400e+02   1.1901730e+02
   6.4940300e+02   1.1000000e+00   6.4974000e+02   1.2066492e+02
   6.5054900e+02   1.1460000e+00   6.5091400e+02   1.1904758e+02
   6.5168800e+02   1.1390000e+00   6.5204000e+02   1.1788801e+02
   6.5279600e+02   1.1080000e+00   6.5313300e+02   1.1755224e+02
   6.5392700e+02   1.1300000e+00   6.5428400e+02   1.1858980e+02
   6.5504800e+02   1.1220000e+00   6.5541100e+02   1.1587436e+02
   6.5615900e+02   1.1100000e+00   6.5651200e+02   1.1709447e+02
   6.5724800e+02   1.0900000e+00   6.5759500e+02   1.1709447e+02
   6.5836300e+02   1.1150000e+00   6.5870000e+02   1.1617893e+02
   6.5948100e+02   1.1180000e+00   6.5983100e+02   1.1630094e+02
   6.6055800e+02   1.0770000e+00   6.6090200e+02   1.1852926e+02
   6.6166100e+02   1.1030000e+00   6.6199400e+02   1.2066492e+02
   6.6274400e+02   1.0820000e+00   6.6309500e+02   1.2145845e+02
   6.6382900e+02   1.0850000e+00   6.6417800e+02   1.2420509e+02
   6.6496700e+02   1.1380000e+00   6.6532100e+02   1.2496835e+02
   6.6608500e+02   1.1180000e+00   6.6645000e+02   1.2466286e+02
   6.6718700e+02   1.1020000e+00   6.6753600e+02   1.2542612e+02
   6.6833100e+02   1.1440000e+00   6.6866900e+02   1.2536466e+02
   6.6948900e+02   1.1580000e+00   6.6984800e+02   1.2460232e+02
   6.7060400e+02   1.1150000e+00   6.7094900e+02   1.2457112e+02
   6.7174200e+02   1.1390000e+00   6.7208000e+02   1.2451058e+02
   6.7287600e+02   1.1340000e+00   6.7321500e+02   1.2267949e+02
   6.7396600e+02   1.0900000e+00   6.7430800e+02   1.2264921e+02
   6.7504500e+02   1.0790000e+00   6.7540700e+02   1.2264921e+02
   6.7616100e+02   1.1160000e+00   6.7650300e+02   1.2423628e+02
   6.7726900e+02   1.1070000e+00   6.7762000e+02   1.2383905e+02
   6.7835600e+02   1.0870000e+00   6.7870700e+02   1.2304552e+02
   6.7948000e+02   1.1240000e+00   6.7982700e+02   1.2261802e+02
   6.8061800e+02   1.1380000e+00   6.8096600e+02   1.2103187e+02
   6.8171700e+02   1.0990000e+00   6.8210600e+02   1.2014660e+02
   6.8284400e+02   1.1280000e+00   6.8319200e+02   1.1944480e+02
   6.8398500e+02   1.1410000e+00   6.8434800e+02   1.1822377e+02
   6.8506000e+02   1.0750000e+00   6.8543400e+02   1.1736969e+02
   6.8613500e+02   1.0740000e+00   6.8648700e+02   1.2066492e+02
   6.8723500e+02   1.1000000e+00   6.8759200e+02   1.2185568e+02
   6.8834100e+02   1.1060000e+00   6.8871100e+02   1.2191622e+02
   6.8940600e+02   1.0660000e+00   6.8978900e+02   1.2148964e+02
   6.9049700e+02   1.0910000e+00   6.9086700e+02   1.2307579e+02
   6.9162400e+02   1.1270000e+00   6.9197300e+02   1.2338128e+02
   6.9273700e+02   1.1130000e+00   6.9307900e+02   1.2267949e+02
   6.9384300e+02   1.1060000e+00   6.9419300e+02   1.2390052e+02
   6.9498100e+02   1.1380000e+00   6.9532600e+02   1.2383905e+02
   6.9608700e+02   1.1060000e+00   6.9644500e+02   1.2234372e+02
   6.9717600e+02   1.0900000e+00   6.9752500e+02   1.2335101e+02
   6.9828100e+02   1.1050000e+00   6.9861300e+02   1.2264921e+02
   6.9937800e+02   1.0970000e+00   6.9972500e+02   1.2270976e+02
   7.0047100e+02   1.0920000e+00   7.0081100e+02   1.2423628e+02
   7.0161000e+02   1.1390000e+00   7.0198400e+02   1.2499862e+02
   7.0276300e+02   1.1530000e+00   7.0310900e+02   1.2347302e+02
   7.0389800e+02   1.1350000e+00   7.0424400e+02   1.2390052e+02
   7.0507600e+02   1.1780000e+00   7.0544400e+02   1.2344275e+02
   7.0624900e+02   1.1730000e+00   7.0659000e+02   1.2353357e+02
   7.0740600e+02   1.1570000e+00   7.0776500e+02   1.2310698e+02
   7.0853600e+02   1.1300000e+00   7.0889000e+02   1.2347302e+02
   7.0965700e+02   1.1210000e+00   7.1001000e+02   1.2390052e+02
   7.1082400e+02   1.1670000e+00   7.1115100e+02   1.2386933e+02
   7.1207700e+02   1.2530000e+00   7.1244200e+02   1.2451058e+02
   7.1328500e+02   1.2080000e+00   7.1364900e+02   1.2506009e+02
   7.1442500e+02   1.1400000e+00   7.1478300e+02   1.2377851e+02
   7.1558100e+02   1.1560000e+00   7.1594200e+02   1.2390052e+02
   7.1678100e+02   1.2000000e+00   7.1713000e+02   1.2347302e+02
   7.1797300e+02   1.1920000e+00   7.1832200e+02   1.2264921e+02
   7.1910500e+02   1.1310000e+00   7.1948600e+02   1.2234372e+02
   7.2018600e+02   1.0810000e+00   7.2054700e+02   1.2267949e+02
   7.2128300e+02   1.0970000e+00   7.2162800e+02   1.2429683e+02
   7.2240200e+02   1.1200000e+00   7.2276600e+02   1.2499862e+02
   7.2350800e+02   1.1060000e+00   7.2388100e+02   1.2658569e+02
   7.2464300e+02   1.1350000e+00   7.2498600e+02   1.2740950e+02
   7.2580700e+02   1.1640000e+00   7.2618900e+02   1.2823331e+02
   7.2693100e+02   1.1250000e+00   7.2730500e+02   1.2664716e+02
   7.2799700e+02   1.0660000e+00   7.2834700e+02   1.2661597e+02
   7.2916900e+02   1.1720000e+00   7.2953200e+02   1.2747096e+02
   7.3025300e+02   1.0840000e+00   7.3061200e+02   1.2621966e+02
   7.3133200e+02   1.0790000e+00   7.3167500e+02   1.2615819e+02
   7.3243000e+02   1.0980000e+00   7.3276600e+02   1.2704347e+02
   7.3355000e+02   1.1200000e+00   7.3390100e+02   1.2740950e+02
   7.3466400e+02   1.1130000e+00   7.3502500e+02   1.2618938e+02
   7.3574700e+02   1.0830000e+00   7.3610500e+02   1.2624993e+02
   7.3686100e+02   1.1150000e+00   7.3719900e+02   1.2615819e+02
   7.3801800e+02   1.1570000e+00   7.3840500e+02   1.2579216e+02
   7.3906000e+02   1.0420000e+00   7.3943700e+02   1.2304552e+02
   7.4009600e+02   1.0370000e+00   7.4047800e+02   1.2338128e+02
   7.4115900e+02   1.0630000e+00   7.4151700e+02   1.2463259e+02
   7.4222000e+02   1.0600000e+00   7.4256300e+02   1.2350329e+02
   7.4324500e+02   1.0260000e+00   7.4358500e+02   1.2307579e+02
   7.4428600e+02   1.0400000e+00   7.4463800e+02   1.2423628e+02
   7.4534500e+02   1.0590000e+00   7.4568400e+02   1.2383905e+02
   7.4639200e+02   1.0470000e+00   7.4676300e+02   1.2350329e+02
   7.4742500e+02   1.0340000e+00   7.4777400e+02   1.2377851e+02
   7.4848900e+02   1.0630000e+00   7.4882500e+02   1.2383905e+02
   7.4953100e+02   1.0430000e+00   7.4988500e+02   1.2307579e+02
   7.5054000e+02   1.0090000e+00   7.5090500e+02   1.2304552e+02
   7.5154300e+02   1.0030000e+00   7.5189800e+02   1.2426655e+02
   7.5257400e+02   1.0310000e+00   7.5292300e+02   1.2386933e+02
   7.5360500e+02   1.0310000e+00   7.5394400e+02   1.2350329e+02
   7.5460200e+02   9.9700000e-01   7.5496400e+02   1.2350329e+02
   7.5560000e+02   9.9800000e-01   7.5598400e+02   1.2536466e+02
   7.5665600e+02   1.0570000e+00   7.5702100e+02   1.2460232e+02
   7.5774800e+02   1.0910000e+00   7.5810400e+02   1.2386933e+02
   7.5873500e+02   9.8700000e-01   7.5909400e+02   1.2264921e+02
   7.5975200e+02   1.0170000e+00   7.6010300e+02   1.2350329e+02
   7.6079800e+02   1.0460000e+00   7.6114800e+02   1.2347302e+02
   7.6185600e+02   1.0580000e+00   7.6222200e+02   1.2310698e+02
   7.6287500e+02   1.0200000e+00   7.6323800e+02   1.2344275e+02
   7.6386300e+02   9.8700000e-01   7.6422200e+02   1.2469405e+02
   7.6488700e+02   1.0240000e+00   7.6524000e+02   1.2582243e+02
   7.6592800e+02   1.0410000e+00   7.6627800e+02   1.2615819e+02
   7.6695600e+02   1.0280000e+00   7.6734100e+02   1.2545640e+02
   7.6794700e+02   9.9100000e-01   7.6830000e+02   1.2618938e+02
   7.6899900e+02   1.0520000e+00   7.6937900e+02   1.2710493e+02
   7.7008700e+02   1.0880000e+00   7.7045900e+02   1.2570042e+02
   7.7107400e+02   9.8700000e-01   7.7143900e+02   1.2417482e+02
   7.7207400e+02   1.0000000e+00   7.7244000e+02   1.2463259e+02
   7.7308700e+02   1.0130000e+00   7.7344800e+02   1.2490689e+02
   7.7415100e+02   1.0640000e+00   7.7449600e+02   1.2618938e+02
   7.7524900e+02   1.0980000e+00   7.7559100e+02   1.2579216e+02
   7.7624100e+02   9.9200000e-01   7.7659700e+02   1.2463259e+02
   7.7727200e+02   1.0300000e+00   7.7760200e+02   1.2573161e+02
   7.7831000e+02   1.0380000e+00   7.7868900e+02   1.2463259e+02
   7.7934900e+02   1.0390000e+00   7.7971400e+02   1.2460232e+02
   7.8036900e+02   1.0200000e+00   7.8071400e+02   1.2460232e+02
   7.8141100e+02   1.0420000e+00   7.8179400e+02   1.2502890e+02
   7.8244100e+02   1.0290000e+00   7.8279400e+02   1.2463259e+02
   7.8345300e+02   1.0120000e+00   7.8381400e+02   1.2393079e+02
   7.8445600e+02   1.0030000e+00   7.8480700e+02   1.2570042e+02
   7.8554500e+02   1.0890000e+00   7.8591400e+02   1.2618938e+02
   7.8662900e+02   1.0830000e+00   7.8698800e+02   1.2576188e+02
   7.8763700e+02   1.0090000e+00   7.8800700e+02   1.2460232e+02
   7.8867100e+02   1.0340000e+00   7.8901000e+02   1.2506009e+02
   7.8974600e+02   1.0750000e+00   7.9009200e+02   1.2420509e+02
   7.9081200e+02   1.0660000e+00   7.9115400e+02   1.2393079e+02
   7.9184100e+02   1.0290000e+00   7.9219700e+02   1.2353357e+02
   7.9287000e+02   1.0290000e+00   7.9321200e+02   1.2502890e+02
   7.9392000e+02   1.0500000e+00   7.9427100e+02   1.2539585e+02
   7.9495700e+02   1.0370000e+00   7.9530500e+02   1.2420509e+02
   7.9596100e+02   1.0050000e+00   7.9631200e+02   1.2350329e+02
   7.9697200e+02   1.0110000e+00   7.9730300e+02   1.2460232e+02
   7.9798600e+02   1.0140000e+00   7.9834300e+02   1.2463259e+02
   7.9897900e+02   9.9300000e-01   7.9932400e+02   1.2390052e+02
   7.9994400e+02   9.6500000e-01   8.0032400e+02   1.2506009e+02
   8.0098000e+02   1.0360000e+00   8.0132400e+02   1.2615819e+02
   8.0212500e+02   1.1460000e+00   8.0246300e+02   1.2701319e+02
   8.0319500e+02   1.0690000e+00   8.0359000e+02   1.2542612e+02
   8.0421500e+02   1.0200000e+00   8.0457500e+02   1.2615819e+02
   8.0537500e+02   1.1590000e+00   8.0574200e+02   1.2618938e+02
   8.0650000e+02   1.1250000e+00   8.0684300e+02   1.2573161e+02
   8.0757600e+02   1.0760000e+00   8.0792800e+02   1.2457112e+02
   8.0865900e+02   1.0830000e+00   8.0899400e+02   1.2310698e+02
   8.0970200e+02   1.0420000e+00   8.1006800e+02   1.2231345e+02
   8.1076500e+02   1.0630000e+00   8.1110100e+02   1.2344275e+02
   8.1184000e+02   1.0750000e+00   8.1220000e+02   1.2310698e+02
   8.1288800e+02   1.0480000e+00   8.1326000e+02   1.2499862e+02
   8.1391900e+02   1.0310000e+00   8.1430000e+02   1.2506009e+02
   8.1499700e+02   1.0780000e+00   8.1536100e+02   1.2658569e+02
   8.1612200e+02   1.1250000e+00   8.1648200e+02   1.2539585e+02
   8.1712000e+02   9.9800000e-01   8.1749800e+02   1.2542612e+02
   8.1818300e+02   1.0630000e+00   8.1852500e+02   1.2747096e+02
   8.1927100e+02   1.0880000e+00   8.1961000e+02   1.2615819e+02
   8.2033700e+02   1.0660000e+00   8.2068300e+02   1.2579216e+02
   8.2135900e+02   1.0220000e+00   8.2169700e+02   1.2612792e+02
   8.2243100e+02   1.0720000e+00   8.2277000e+02   1.2649395e+02
   8.2351400e+02   1.0830000e+00   8.2386500e+02   1.2579216e+02
   8.2456800e+02   1.0530000e+00   8.2490900e+02   1.2609765e+02
   8.2565600e+02   1.0890000e+00   8.2598900e+02   1.2740950e+02
   8.2675600e+02   1.1000000e+00   8.2708800e+02   1.2533439e+02
   8.2782700e+02   1.0700000e+00   8.2816900e+02   1.2451058e+02
   8.2888500e+02   1.0590000e+00   8.2923600e+02   1.2502890e+02
   8.2995900e+02   1.0730000e+00   8.3031300e+02   1.2383905e+02
   8.3101000e+02   1.0510000e+00   8.3139800e+02   1.2310698e+02
   8.3201700e+02   1.0080000e+00   8.3240600e+02   1.2377851e+02
   8.3303200e+02   1.0150000e+00   8.3341900e+02   1.2350329e+02
   8.3394600e+02   9.1400000e-01   8.3428800e+02   1.2417482e+02
   8.3487500e+02   9.2800000e-01   8.3519700e+02   1.2423628e+02
   8.3584600e+02   9.7100000e-01   8.3618600e+02   1.2493808e+02
   8.3685500e+02   1.0090000e+00   8.3719900e+02   1.2701319e+02
   8.3797900e+02   1.1240000e+00   8.3831800e+02   1.2823331e+02
   8.3903000e+02   1.0510000e+00   8.3941000e+02   1.2661597e+02
   8.4011100e+02   1.0810000e+00   8.4047100e+02   1.2615819e+02
   8.4120000e+02   1.0890000e+00   8.4158400e+02   1.2615819e+02
   8.4230600e+02   1.1060000e+00   8.4265600e+02   1.2460232e+02
   8.4339500e+02   1.0890000e+00   8.4374400e+02   1.2307579e+02
   8.4446900e+02   1.0740000e+00   8.4481600e+02   1.2307579e+02
   8.4558900e+02   1.1200000e+00   8.4593500e+02   1.2261802e+02
   8.4670200e+02   1.1130000e+00   8.4705400e+02   1.2185568e+02
   8.4775800e+02   1.0570000e+00   8.4811300e+02   1.2063464e+02
   8.4879500e+02   1.0370000e+00   8.4913900e+02   1.2142818e+02
   8.4986600e+02   1.0710000e+00   8.5021600e+02   1.2304552e+02
   8.5102300e+02   1.1570000e+00   8.5139200e+02   1.2496835e+02
   8.5212400e+02   1.1010000e+00   8.5247400e+02   1.2499862e+02
   8.5325400e+02   1.1300000e+00   8.5361300e+02   1.2740950e+02
   8.5445600e+02   1.2020000e+00   8.5481500e+02   1.2743977e+02
   8.5561900e+02   1.1630000e+00   8.5599100e+02   1.2618938e+02
   8.5677100e+02   1.1520000e+00   8.5713100e+02   1.2615819e+02
   8.5795100e+02   1.1800000e+00   8.5828900e+02   1.2570042e+02
   8.5906500e+02   1.1150000e+00   8.5943200e+02   1.2301525e+02
   8.6020000e+02   1.1350000e+00   8.6058300e+02   1.2374732e+02
   8.6136400e+02   1.1640000e+00   8.6170900e+02   1.2377851e+02
   8.6249400e+02   1.1300000e+00   8.6285100e+02   1.2222171e+02
   8.6360600e+02   1.1120000e+00   8.6395200e+02   1.2341156e+02
   8.6474300e+02   1.1370000e+00   8.6509000e+02   1.2225199e+02
   8.6584400e+02   1.1010000e+00   8.6619000e+02   1.2179421e+02
   8.6694700e+02   1.1030000e+00   8.6729900e+02   1.2267949e+02
   8.6806900e+02   1.1210000e+00   8.6844100e+02   1.2142818e+02
   8.6915800e+02   1.0890000e+00   8.6950100e+02   1.2188595e+02
   8.7023600e+02   1.0780000e+00   8.7056500e+02   1.2222171e+02
   8.7135600e+02   1.1200000e+00   8.7168000e+02   1.2264921e+02
   8.7245100e+02   1.0950000e+00   8.7281900e+02   1.2231345e+02
   8.7354800e+02   1.0970000e+00   8.7389200e+02   1.2423628e+02
   8.7466400e+02   1.1150000e+00   8.7501800e+02   1.2423628e+02
   8.7575300e+02   1.0900000e+00   8.7608800e+02   1.2295378e+02
   8.7680300e+02   1.0490000e+00   8.7713800e+02   1.2374732e+02
   8.7791100e+02   1.1080000e+00   8.7825600e+02   1.2377851e+02
   8.7900600e+02   1.0960000e+00   8.7933800e+02   1.2457112e+02
   8.8009300e+02   1.0870000e+00   8.8049900e+02   1.2380878e+02
   8.8116300e+02   1.0690000e+00   8.8150000e+02   1.2621966e+02
   8.8227800e+02   1.1150000e+00   8.8264000e+02   1.2701319e+02
   8.8339100e+02   1.1130000e+00   8.8373000e+02   1.2524265e+02
   8.8446100e+02   1.0700000e+00   8.8480800e+02   1.2493808e+02
   8.8553700e+02   1.0760000e+00   8.8588100e+02   1.2533439e+02
   8.8663500e+02   1.0980000e+00   8.8697600e+02   1.2420509e+02
   8.8771200e+02   1.0770000e+00   8.8805700e+02   1.2390052e+02
   8.8877500e+02   1.0630000e+00   8.8913400e+02   1.2536466e+02
   8.8986500e+02   1.0900000e+00   8.9019800e+02   1.2536466e+02
   8.9092900e+02   1.0640000e+00   8.9127300e+02   1.2658569e+02
   8.9198500e+02   1.0560000e+00   8.9232500e+02   1.2856907e+02
   8.9315400e+02   1.1690000e+00   8.9351600e+02   1.2905803e+02
   8.9426300e+02   1.1090000e+00   8.9462600e+02   1.2814249e+02
   8.9534600e+02   1.0830000e+00   8.9569200e+02   1.2899657e+02
   8.9649300e+02   1.1470000e+00   8.9683700e+02   1.2905803e+02
   8.9758900e+02   1.0960000e+00   8.9793300e+02   1.2740950e+02
   8.9867000e+02   1.0810000e+00   8.9901500e+02   1.2698200e+02
   8.9978700e+02   1.1170000e+00   9.0013300e+02   1.2704347e+02
   9.0090700e+02   1.1200000e+00   9.0127000e+02   1.2579216e+02
   9.0199700e+02   1.0900000e+00   9.0235500e+02   1.2502890e+02
   9.0307300e+02   1.0760000e+00   9.0343500e+02   1.2457112e+02
   9.0417800e+02   1.1050000e+00   9.0451500e+02   1.2460232e+02
   9.0524900e+02   1.0710000e+00   9.0559700e+02   1.2270976e+02
   9.0627200e+02   1.0230000e+00   9.0661500e+02   1.2390052e+02
   9.0731800e+02   1.0460000e+00   9.0764900e+02   1.2545640e+02
   9.0838200e+02   1.0640000e+00   9.0873400e+02   1.2655542e+02
   9.0944200e+02   1.0600000e+00   9.0979500e+02   1.2743977e+02
   9.1053800e+02   1.0960000e+00   9.1090100e+02   1.2896630e+02
   9.1168500e+02   1.1470000e+00   9.1203500e+02   1.2740950e+02
   9.1279700e+02   1.1120000e+00   9.1314100e+02   1.2658569e+02
   9.1383100e+02   1.0340000e+00   9.1418800e+02   1.2579216e+02
   9.1496400e+02   1.1330000e+00   9.1529500e+02   1.2780673e+02
   9.1602900e+02   1.0650000e+00   9.1640100e+02   1.2527384e+02
   9.1710100e+02   1.0720000e+00   9.1746900e+02   1.2582243e+02
   9.1816800e+02   1.0670000e+00   9.1853000e+02   1.2621966e+02
   9.1926300e+02   1.0950000e+00   9.1962000e+02   1.2698200e+02
   9.2033700e+02   1.0740000e+00   9.2067500e+02   1.2573161e+02
   9.2137400e+02   1.0370000e+00   9.2173000e+02   1.2536466e+02
