   8.4031300e+02   7.6800000e-01   8.4056100e+02   1.2878476e+02
   8.4105000e+02   7.3700000e-01   8.4130100e+02   1.3141036e+02
   8.4177500e+02   7.2500000e-01   8.4201100e+02   1.3279051e+02
   8.4253900e+02   7.6400000e-01   8.4277100e+02   1.3317216e+02
   8.4336700e+02   8.2800000e-01   8.4360100e+02   1.3392371e+02
   8.4419700e+02   8.3000000e-01   8.4444100e+02   1.3313795e+02
   8.4507300e+02   8.7600000e-01   8.4532100e+02   1.3550591e+02
   8.4589800e+02   8.2500000e-01   8.4615100e+02   1.2939092e+02
   8.4665800e+02   7.6000000e-01   8.4691100e+02   1.3133232e+02
   8.4739100e+02   7.3300000e-01   8.4763100e+02   1.3282472e+02
   8.4813800e+02   7.4700000e-01   8.4838100e+02   1.3459721e+02
   8.4895100e+02   8.1300000e-01   8.4919100e+02   1.3304815e+02
   8.4979800e+02   8.4700000e-01   8.5004100e+02   1.3441761e+02
   8.5062100e+02   8.2300000e-01   8.5087100e+02   1.3031137e+02
   8.5140900e+02   7.8800000e-01   8.5166100e+02   1.2860516e+02
   8.5214200e+02   7.3300000e-01   8.5239100e+02   1.2963787e+02
   8.5285500e+02   7.1300000e-01   8.5310100e+02   1.3150016e+02
   8.5358600e+02   7.3100000e-01   8.5382100e+02   1.3132056e+02
   8.5435400e+02   7.6800000e-01   8.5459100e+02   1.3175780e+02
   8.5507100e+02   7.1700000e-01   8.5531100e+02   1.3330686e+02
   8.5575800e+02   6.8700000e-01   8.5600100e+02   1.3468701e+02
   8.5646800e+02   7.1000000e-01   8.5671100e+02   1.3616765e+02
   8.5721700e+02   7.4900000e-01   8.5746100e+02   1.3489976e+02
   8.5792600e+02   7.0900000e-01   8.5817100e+02   1.3571865e+02
   8.5862800e+02   7.0200000e-01   8.5887100e+02   1.3627991e+02
   8.5933700e+02   7.0900000e-01   8.5957100e+02   1.3606716e+02
   8.6008300e+02   7.4600000e-01   8.6032100e+02   1.3694165e+02
   8.6087200e+02   7.8900000e-01   8.6111100e+02   1.3606716e+02
   8.6163800e+02   7.6600000e-01   8.6188100e+02   1.3492221e+02
   8.6241400e+02   7.7600000e-01   8.6266100e+02   1.3240886e+02
   8.6314500e+02   7.3100000e-01   8.6339100e+02   1.3128742e+02
   8.6383700e+02   6.9200000e-01   8.6408100e+02   1.3280227e+02
   8.6452400e+02   6.8700000e-01   8.6476100e+02   1.3467525e+02
   8.6524200e+02   7.1800000e-01   8.6548100e+02   1.3648196e+02
   8.6602300e+02   7.8100000e-01   8.6626100e+02   1.3737996e+02
   8.6681300e+02   7.9000000e-01   8.6705100e+02   1.3700900e+02
   8.6760300e+02   7.8900000e-01   8.6784100e+02   1.3584266e+02
   8.6837900e+02   7.7600000e-01   8.6862100e+02   1.3330686e+02
   8.6911100e+02   7.3300000e-01   8.6936100e+02   1.3206141e+02
   8.6980400e+02   6.9300000e-01   8.7005100e+02   1.3317216e+02
   8.7049300e+02   6.8900000e-01   8.7073100e+02   1.3468701e+02
   8.7120700e+02   7.1400000e-01   8.7144100e+02   1.3613451e+02
   8.7194400e+02   7.3600000e-01   8.7218100e+02   1.3671822e+02
   8.7270100e+02   7.5700000e-01   8.7294100e+02   1.3629166e+02
   8.7345800e+02   7.5700000e-01   8.7370100e+02   1.3460790e+02
   8.7416500e+02   7.0700000e-01   8.7441100e+02   1.3500132e+02
   8.7486300e+02   6.9800000e-01   8.7510100e+02   1.3619010e+02
   8.7552700e+02   6.6400000e-01   8.7576100e+02   1.3667332e+02
   8.7617500e+02   6.4800000e-01   8.7641100e+02   1.3737996e+02
   8.7685200e+02   6.7800000e-01   8.7708100e+02   1.3820955e+02
   8.7769500e+02   8.4300000e-01   8.7793100e+02   1.3887236e+02
   8.7847300e+02   7.7800000e-01   8.7871100e+02   1.3360941e+02
   8.7918300e+02   7.1100000e-01   8.7943100e+02   1.3235327e+02
   8.7987500e+02   6.9200000e-01   8.8012100e+02   1.3312726e+02
   8.8058700e+02   7.1200000e-01   8.8082100e+02   1.3300325e+02
   8.8133000e+02   7.4300000e-01   8.8156100e+02   1.3428291e+02
   8.8211100e+02   7.8200000e-01   8.8235100e+02   1.3137722e+02
   8.8291900e+02   8.0800000e-01   8.8316100e+02   1.3037872e+02
   8.8366700e+02   7.4800000e-01   8.8391100e+02   1.2909906e+02
   8.8437300e+02   7.0600000e-01   8.8462100e+02   1.3019912e+02
   8.8507700e+02   7.0500000e-01   8.8532100e+02   1.3212877e+02
   8.8580800e+02   7.3100000e-01   8.8604100e+02   1.3298187e+02
   8.8658000e+02   7.7200000e-01   8.8682100e+02   1.3063636e+02
   8.8732000e+02   7.4000000e-01   8.8756100e+02   1.2894191e+02
   8.8803000e+02   7.1000000e-01   8.8827100e+02   1.3203896e+02
   8.8874600e+02   7.1600000e-01   8.8898100e+02   1.3358696e+02
   8.8949700e+02   7.5100000e-01   8.8973100e+02   1.3193740e+02
   8.9027000e+02   7.7400000e-01   8.9051100e+02   1.3113027e+02
   8.9100000e+02   7.3000000e-01   8.9124100e+02   1.2957052e+02
   8.9169700e+02   6.9700000e-01   8.9194100e+02   1.3157927e+02
   8.9239100e+02   6.9400000e-01   8.9263100e+02   1.3345225e+02
   8.9312000e+02   7.2900000e-01   8.9335100e+02   1.3334000e+02
   8.9389900e+02   7.7800000e-01   8.9414100e+02   1.3099557e+02
   8.9463700e+02   7.3800000e-01   8.9488100e+02   1.2902102e+02
   8.9532700e+02   6.9100000e-01   8.9557100e+02   1.2936847e+02
   8.9600400e+02   6.7600000e-01   8.9624100e+02   1.3153437e+02
   8.9670700e+02   7.0300000e-01   8.9694100e+02   1.3340735e+02
   8.9743900e+02   7.3200000e-01   8.9768100e+02   1.3346401e+02
   8.9819500e+02   7.5500000e-01   8.9844100e+02   1.3088332e+02
   8.9891000e+02   7.1500000e-01   8.9915100e+02   1.2982816e+02
   8.9960100e+02   6.9100000e-01   8.9984100e+02   1.3087156e+02
   9.0029500e+02   6.9400000e-01   9.0053100e+02   1.3089401e+02
   9.0103200e+02   7.3700000e-01   9.0127100e+02   1.3141036e+02
   9.0182200e+02   7.9100000e-01   9.0206100e+02   1.3047921e+02
   9.0261100e+02   7.8800000e-01   9.0285100e+02   1.2773067e+02
   9.0332900e+02   7.1800000e-01   9.0358100e+02   1.2539693e+02
   9.0402600e+02   6.9700000e-01   9.0427100e+02   1.2731481e+02
   9.0472300e+02   6.9700000e-01   9.0496100e+02   1.2865006e+02
   9.0545100e+02   7.2700000e-01   9.0569100e+02   1.2981747e+02
   9.0621500e+02   7.6400000e-01   9.0645100e+02   1.2913327e+02
   9.0698100e+02   7.6600000e-01   9.0722100e+02   1.2626072e+02
   9.0769400e+02   7.1300000e-01   9.0794100e+02   1.2695561e+02
   9.0838500e+02   6.9200000e-01   9.0863100e+02   1.2833576e+02
   9.0911600e+02   7.3100000e-01   9.0935100e+02   1.3023226e+02
   9.0991400e+02   7.9800000e-01   9.1015100e+02   1.3006442e+02
   9.1072200e+02   8.0800000e-01   9.1096100e+02   1.2775312e+02
   9.1148800e+02   7.6500000e-01   9.1173100e+02   1.2421883e+02
   9.1219900e+02   7.1100000e-01   9.1245100e+02   1.2517243e+02
   9.1288600e+02   6.8700000e-01   9.1313100e+02   1.2759597e+02
   9.1358700e+02   7.0100000e-01   9.1382100e+02   1.2946896e+02
   9.1435000e+02   7.6300000e-01   9.1459100e+02   1.3053480e+02
   9.1514800e+02   7.9800000e-01   9.1539100e+02   1.2951386e+02
   9.1589200e+02   7.4500000e-01   9.1614100e+02   1.2858271e+02
   9.1662400e+02   7.3100000e-01   9.1687100e+02   1.3017667e+02
   9.1735400e+02   7.3000000e-01   9.1760100e+02   1.3088332e+02
   9.1813600e+02   7.8200000e-01   9.1838100e+02   1.3154506e+02
   9.1895500e+02   8.1900000e-01   9.1920100e+02   1.3153437e+02
   9.1976800e+02   8.1300000e-01   9.2001100e+02   1.2969346e+02
   9.2056200e+02   7.9300000e-01   9.2081100e+02   1.2705717e+02
   9.2128600e+02   7.2400000e-01   9.2153100e+02   1.2739392e+02
   9.2198200e+02   6.9700000e-01   9.2223100e+02   1.3015422e+02
   9.2268600e+02   7.0400000e-01   9.2292100e+02   1.3166907e+02
   9.2342800e+02   7.4100000e-01   9.2366100e+02   1.3222926e+02
   9.2422100e+02   7.9400000e-01   9.2446100e+02   1.3335176e+02
   9.2502600e+02   8.0400000e-01   9.2527100e+02   1.3270071e+02
   9.2582200e+02   7.9600000e-01   9.2606100e+02   1.3125321e+02
   9.2656400e+02   7.4200000e-01   9.2681100e+02   1.3101802e+02
   9.2727300e+02   7.0800000e-01   9.2751100e+02   1.3219612e+02
   9.2798300e+02   7.1000000e-01   9.2822100e+02   1.3377832e+02
   9.2873700e+02   7.5400000e-01   9.2897100e+02   1.3539366e+02
   9.2953300e+02   7.9600000e-01   9.2977100e+02   1.3503446e+02
   9.3035400e+02   8.2100000e-01   9.3059100e+02   1.3405841e+02
   9.3114500e+02   7.9100000e-01   9.3139100e+02   1.3179201e+02
   9.3187600e+02   7.3100000e-01   9.3212100e+02   1.3210631e+02
   9.3258300e+02   7.0700000e-01   9.3282100e+02   1.3312726e+02
   9.3330300e+02   7.2000000e-01   9.3354100e+02   1.3432781e+02
   9.3406500e+02   7.6100000e-01   9.3430100e+02   1.3385636e+02
   9.3489900e+02   8.3400000e-01   9.3514100e+02   1.3360941e+02
   9.3571700e+02   8.1800000e-01   9.3596100e+02   1.3136546e+02
   9.3648400e+02   7.6700000e-01   9.3673100e+02   1.2869496e+02
   9.3719300e+02   7.1000000e-01   9.3744100e+02   1.2977257e+02
   9.3787900e+02   6.8500000e-01   9.3812100e+02   1.3099557e+02
   9.3857600e+02   6.9700000e-01   9.3881100e+02   1.3360941e+02
   9.3934700e+02   7.7200000e-01   9.3958100e+02   1.3430536e+02
   9.4020100e+02   8.5400000e-01   9.4044100e+02   1.3346401e+02
   9.4102800e+02   8.2700000e-01   9.4127100e+02   1.3056901e+02
   9.4178000e+02   7.5200000e-01   9.4202100e+02   1.3069196e+02
   9.4253700e+02   7.5700000e-01   9.4278100e+02   1.3258846e+02
   9.4336300e+02   8.2600000e-01   9.4360100e+02   1.3193740e+02
   9.4421700e+02   8.5400000e-01   9.4446100e+02   1.3072617e+02
   9.4506600e+02   8.4800000e-01   9.4531100e+02   1.2796587e+02
   9.4583900e+02   7.7300000e-01   9.4609100e+02   1.2697806e+02
   9.4656900e+02   7.3100000e-01   9.4681100e+02   1.2931181e+02
   9.4732200e+02   7.5300000e-01   9.4756100e+02   1.3099557e+02
   9.4812200e+02   8.0000000e-01   9.4836100e+02   1.3108537e+02
   9.4894800e+02   8.2600000e-01   9.4919100e+02   1.3065881e+02
   9.4976400e+02   8.1600000e-01   9.5001100e+02   1.2893122e+02
   9.5051800e+02   7.5400000e-01   9.5076100e+02   1.2798832e+02
   9.5124500e+02   7.2800000e-01   9.5149100e+02   1.3031137e+02
   9.5197800e+02   7.3200000e-01   9.5222100e+02   1.3218436e+02
   9.5274800e+02   7.7000000e-01   9.5298100e+02   1.3175780e+02
   9.5357100e+02   8.2300000e-01   9.5381100e+02   1.3136546e+02
   9.5440200e+02   8.3100000e-01   9.5464100e+02   1.3016491e+02
   9.5517800e+02   7.7600000e-01   9.5542100e+02   1.2817861e+02
   9.5590800e+02   7.3000000e-01   9.5615100e+02   1.2920062e+02
   9.5662600e+02   7.1900000e-01   9.5687100e+02   1.3053480e+02
   9.5738700e+02   7.6000000e-01   9.5762100e+02   1.3162417e+02
   9.5817800e+02   7.9100000e-01   9.5842100e+02   1.3095067e+02
   9.5900100e+02   8.2400000e-01   9.5924100e+02   1.3080421e+02
   9.5980300e+02   8.0200000e-01   9.6005100e+02   1.2766332e+02
   9.6052800e+02   7.2500000e-01   9.6077100e+02   1.2697806e+02
   9.6123400e+02   7.0600000e-01   9.6148100e+02   1.2907661e+02
   9.6194100e+02   7.0700000e-01   9.6218100e+02   1.3134301e+02
   9.6269300e+02   7.5200000e-01   9.6293100e+02   1.3308236e+02
   9.6349700e+02   8.0400000e-01   9.6373100e+02   1.3269002e+02
   9.6430400e+02   8.0700000e-01   9.6455100e+02   1.3142212e+02
   9.6505900e+02   7.5500000e-01   9.6531100e+02   1.2991796e+02
   9.6577900e+02   7.2000000e-01   9.6602100e+02   1.3122007e+02
   9.6649700e+02   7.1800000e-01   9.6674100e+02   1.3345225e+02
   9.6726400e+02   7.6700000e-01   9.6750100e+02   1.3412576e+02
   9.6809400e+02   8.3000000e-01   9.6833100e+02   1.3393547e+02
   9.6891900e+02   8.2600000e-01   9.6916100e+02   1.3225171e+02
   9.6973700e+02   8.1700000e-01   9.6998100e+02   1.2865006e+02
   9.7049500e+02   7.5800000e-01   9.7074100e+02   1.2821282e+02
   9.7121900e+02   7.2400000e-01   9.7146100e+02   1.2979502e+02
   9.7195400e+02   7.3600000e-01   9.7220100e+02   1.3225171e+02
   9.7273200e+02   7.7800000e-01   9.7297100e+02   1.3237572e+02
   9.7354400e+02   8.1200000e-01   9.7378100e+02   1.3167976e+02
   9.7433100e+02   7.8700000e-01   9.7458100e+02   1.2902102e+02
   9.7506200e+02   7.3100000e-01   9.7531100e+02   1.2968277e+02
   9.7578100e+02   7.1900000e-01   9.7602100e+02   1.3134301e+02
   9.7651500e+02   7.3500000e-01   9.7676100e+02   1.3418242e+02
   9.7733100e+02   8.1500000e-01   9.7757100e+02   1.3482171e+02
   9.7817800e+02   8.4700000e-01   9.7842100e+02   1.3427115e+02
   9.7903900e+02   8.6200000e-01   9.7928100e+02   1.3246552e+02
   9.7983800e+02   7.9800000e-01   9.8009100e+02   1.2968277e+02
   9.8058500e+02   7.4700000e-01   9.8083100e+02   1.3180270e+02
   9.8129000e+02   7.0500000e-01   9.8153100e+02   1.3396861e+02
   9.8196900e+02   6.7900000e-01   9.8221100e+02   1.3529317e+02
   9.8268300e+02   7.1400000e-01   9.8292100e+02   1.3735751e+02
   9.8351700e+02   8.3400000e-01   9.8375100e+02   1.3783966e+02
   9.8440800e+02   8.9000000e-01   9.8465100e+02   1.3577531e+02
   9.8520000e+02   7.9300000e-01   9.8545100e+02   1.3317216e+02
   9.8595700e+02   7.5700000e-01   9.8620100e+02   1.3435026e+02
   9.8674600e+02   7.8900000e-01   9.8699100e+02   1.3559571e+02
   9.8760600e+02   8.6000000e-01   9.8785100e+02   1.3459721e+02
   9.8852100e+02   9.1400000e-01   9.8876100e+02   1.3390126e+02
   9.8940900e+02   8.8800000e-01   9.8966100e+02   1.2918886e+02
   9.9022200e+02   8.1300000e-01   9.9047100e+02   1.2866182e+02
   9.9100000e+02   7.7800000e-01   9.9125100e+02   1.3127566e+02
   9.9175800e+02   7.5700000e-01   9.9200100e+02   1.3295942e+02
   9.9254500e+02   7.8800000e-01   9.9279100e+02   1.3493397e+02
   9.9341900e+02   8.7400000e-01   9.9366100e+02   1.3577531e+02
   9.9432500e+02   9.0600000e-01   9.9457100e+02   1.3520337e+02
   9.9524700e+02   9.2200000e-01   9.9549100e+02   1.3387881e+02
   9.9617000e+02   9.2300000e-01   9.9642100e+02   1.3080421e+02
   9.9704100e+02   8.7000000e-01   9.9729100e+02   1.2767401e+02
   9.9783200e+02   7.9100000e-01   9.9808100e+02   1.2894191e+02
   9.9858500e+02   7.5300000e-01   9.9883100e+02   1.3228592e+02
   9.9934700e+02   7.6300000e-01   9.9959100e+02   1.3336245e+02
   1.0001680e+03   8.2000000e-01   1.0004010e+03   1.3410331e+02
   1.0010600e+03   8.9200000e-01   1.0013010e+03   1.3464211e+02
   1.0020250e+03   9.6500000e-01   1.0022710e+03   1.3235327e+02
   1.0029280e+03   9.0300000e-01   1.0031810e+03   1.3084911e+02
   1.0038230e+03   8.9500000e-01   1.0040710e+03   1.3122007e+02
   1.0047800e+03   9.5700000e-01   1.0050210e+03   1.3195985e+02
   1.0058000e+03   1.0200000e+00   1.0060510e+03   1.3062460e+02
   1.0068150e+03   1.0140000e+00   1.0070610e+03   1.2861692e+02
   1.0077240e+03   9.0900000e-01   1.0079810e+03   1.2838066e+02
   1.0085660e+03   8.4200000e-01   1.0088110e+03   1.2998531e+02
   1.0094350e+03   8.6900000e-01   1.0096810e+03   1.3170221e+02
   1.0103530e+03   9.1800000e-01   1.0106010e+03   1.3139967e+02
   1.0112850e+03   9.3200000e-01   1.0115310e+03   1.3252111e+02
   1.0122630e+03   9.7800000e-01   1.0125110e+03   1.3180270e+02
   1.0132170e+03   9.5400000e-01   1.0134710e+03   1.2941337e+02
   1.0140860e+03   8.7000000e-01   1.0143410e+03   1.2922307e+02
   1.0148920e+03   8.0600000e-01   1.0151410e+03   1.3078176e+02
   1.0157400e+03   8.4800000e-01   1.0159810e+03   1.3234151e+02
   1.0166840e+03   9.4400000e-01   1.0169210e+03   1.3221857e+02
   1.0176780e+03   9.9400000e-01   1.0179210e+03   1.3220681e+02
   1.0186700e+03   9.9200000e-01   1.0189110e+03   1.3088332e+02
   1.0196300e+03   9.6000000e-01   1.0198810e+03   1.2909906e+02
   1.0205030e+03   8.7400000e-01   1.0207510e+03   1.2935671e+02
   1.0213300e+03   8.2700000e-01   1.0215810e+03   1.3092822e+02
   1.0221930e+03   8.6300000e-01   1.0224310e+03   1.3089401e+02
   1.0231570e+03   9.6400000e-01   1.0234010e+03   1.3210631e+02
   1.0241690e+03   1.0120000e+00   1.0244210e+03   1.3071441e+02
   1.0250560e+03   8.8800000e-01   1.0253110e+03   1.2922307e+02
   1.0258910e+03   8.3400000e-01   1.0261310e+03   1.3125321e+02
   1.0266530e+03   7.6300000e-01   1.0269010e+03   1.3160172e+02
   1.0274200e+03   7.6700000e-01   1.0276610e+03   1.3143281e+02
   1.0283040e+03   8.8400000e-01   1.0285410e+03   1.3189250e+02
   1.0290930e+03   7.9000000e-01   1.0293410e+03   1.3119762e+02
   1.0298490e+03   7.5500000e-01   1.0300910e+03   1.3362117e+02
   1.0306440e+03   7.9500000e-01   1.0308810e+03   1.3299256e+02
   1.0315120e+03   8.6800000e-01   1.0317510e+03   1.3141036e+02
   1.0324300e+03   9.1800000e-01   1.0326710e+03   1.3016491e+02
   1.0332850e+03   8.5500000e-01   1.0335310e+03   1.2642856e+02
   1.0340650e+03   7.8000000e-01   1.0343110e+03   1.2665307e+02
   1.0348380e+03   7.7400000e-01   1.0350810e+03   1.2782047e+02
   1.0356620e+03   8.2400000e-01   1.0359010e+03   1.2747196e+02
   1.0365180e+03   8.5600000e-01   1.0367610e+03   1.2757352e+02
   1.0373530e+03   8.3500000e-01   1.0375910e+03   1.2557546e+02
   1.0381920e+03   8.3900000e-01   1.0384310e+03   1.2481322e+02
   1.0389810e+03   7.8900000e-01   1.0392310e+03   1.2366827e+02
   1.0397350e+03   7.5400000e-01   1.0399810e+03   1.2576682e+02
   1.0404950e+03   7.6000000e-01   1.0407310e+03   1.2683267e+02
   1.0412840e+03   7.8900000e-01   1.0415210e+03   1.2695561e+02
   1.0421200e+03   8.3600000e-01   1.0423610e+03   1.2578927e+02
   1.0429110e+03   7.9200000e-01   1.0431610e+03   1.2569947e+02
   1.0436630e+03   7.5200000e-01   1.0439110e+03   1.2679846e+02
   1.0444110e+03   7.4800000e-01   1.0446510e+03   1.2895367e+02
   1.0452170e+03   8.0600000e-01   1.0454510e+03   1.2862761e+02
   1.0460520e+03   8.3500000e-01   1.0462910e+03   1.2687757e+02
   1.0468720e+03   8.2000000e-01   1.0471210e+03   1.2534027e+02
   1.0476380e+03   7.6600000e-01   1.0478810e+03   1.2573261e+02
   1.0484040e+03   7.6700000e-01   1.0486410e+03   1.2684336e+02
   1.0492000e+03   7.9600000e-01   1.0494410e+03   1.2758421e+02
   1.0500270e+03   8.2700000e-01   1.0502710e+03   1.2639542e+02
   1.0508140e+03   7.8600000e-01   1.0510610e+03   1.2452137e+02
   1.0515460e+03   7.3300000e-01   1.0517910e+03   1.2602446e+02
   1.0523200e+03   7.7300000e-01   1.0525610e+03   1.2831331e+02
   1.0530770e+03   7.5700000e-01   1.0533110e+03   1.2821282e+02
   1.0538290e+03   7.5200000e-01   1.0540710e+03   1.2706786e+02
   1.0545630e+03   7.3400000e-01   1.0548110e+03   1.2660817e+02
   1.0552900e+03   7.2700000e-01   1.0555310e+03   1.2816792e+02
   1.0560520e+03   7.6200000e-01   1.0562910e+03   1.2856026e+02
   1.0568550e+03   8.0300000e-01   1.0570910e+03   1.2828017e+02
   1.0576910e+03   8.3600000e-01   1.0579310e+03   1.2701227e+02
   1.0584880e+03   7.9600000e-01   1.0587310e+03   1.2427442e+02
   1.0592220e+03   7.3500000e-01   1.0594710e+03   1.2443157e+02
   1.0599540e+03   7.3200000e-01   1.0601910e+03   1.2545252e+02
   1.0607050e+03   7.5100000e-01   1.0609410e+03   1.2779802e+02
   1.0614920e+03   7.8700000e-01   1.0617310e+03   1.2884142e+02
   1.0622370e+03   7.4400000e-01   1.0624810e+03   1.2722501e+02
   1.0629410e+03   7.0500000e-01   1.0631810e+03   1.3055725e+02
   1.0636250e+03   6.8400000e-01   1.0638710e+03   1.3418242e+02
   1.0642850e+03   6.5900000e-01   1.0645210e+03   1.3534876e+02
   1.0649400e+03   6.5600000e-01   1.0651810e+03   1.3696410e+02
   1.0657150e+03   7.7400000e-01   1.0659510e+03   1.3982596e+02
   1.0665060e+03   7.9100000e-01   1.0667510e+03   1.3680695e+02
   1.0672450e+03   7.3900000e-01   1.0674910e+03   1.3560640e+02
   1.0679500e+03   7.0500000e-01   1.0681910e+03   1.3553905e+02
   1.0686770e+03   7.2700000e-01   1.0689110e+03   1.3624676e+02
   1.0693780e+03   7.0100000e-01   1.0696110e+03   1.3632481e+02
   1.0700560e+03   6.7800000e-01   1.0702910e+03   1.3520337e+02
   1.0707740e+03   7.1700000e-01   1.0710110e+03   1.3574110e+02
   1.0715320e+03   7.5800000e-01   1.0717710e+03   1.3459721e+02
   1.0722830e+03   7.5100000e-01   1.0725310e+03   1.3100626e+02
   1.0729960e+03   7.1300000e-01   1.0732410e+03   1.2987306e+02
   1.0736940e+03   6.9800000e-01   1.0739310e+03   1.3084911e+02
   1.0744040e+03   7.1000000e-01   1.0746410e+03   1.3216191e+02
   1.0751640e+03   7.6000000e-01   1.0754010e+03   1.3175780e+02
   1.0759470e+03   7.8300000e-01   1.0761810e+03   1.3082666e+02
   1.0767360e+03   7.8900000e-01   1.0769710e+03   1.2954807e+02
   1.0774910e+03   7.5600000e-01   1.0777410e+03   1.2661993e+02
   1.0782070e+03   7.1600000e-01   1.0784510e+03   1.2734902e+02
   1.0789030e+03   6.9600000e-01   1.0791410e+03   1.2848222e+02
   1.0796030e+03   7.0000000e-01   1.0798410e+03   1.3028892e+02
   1.0803380e+03   7.3500000e-01   1.0805710e+03   1.3128742e+02
   1.0811030e+03   7.6500000e-01   1.0813410e+03   1.3118586e+02
   1.0818580e+03   7.5500000e-01   1.0821010e+03   1.3005266e+02
   1.0825940e+03   7.3600000e-01   1.0828410e+03   1.2775312e+02
   1.0832950e+03   7.0100000e-01   1.0835410e+03   1.2845977e+02
   1.0839780e+03   6.8300000e-01   1.0842210e+03   1.2912151e+02
   1.0846600e+03   6.8100000e-01   1.0849010e+03   1.3062460e+02
   1.0853710e+03   7.1100000e-01   1.0856010e+03   1.3132056e+02
   1.0861410e+03   7.7000000e-01   1.0863810e+03   1.3199406e+02
   1.0869130e+03   7.7200000e-01   1.0871510e+03   1.3081597e+02
   1.0876510e+03   7.3800000e-01   1.0879010e+03   1.2788782e+02
   1.0883470e+03   6.9600000e-01   1.0885910e+03   1.2851536e+02
   1.0890360e+03   6.8900000e-01   1.0892810e+03   1.3006442e+02
   1.0897430e+03   7.0700000e-01   1.0899810e+03   1.3165731e+02
   1.0905330e+03   7.9000000e-01   1.0907710e+03   1.3273492e+02
   1.0913200e+03   7.8700000e-01   1.0915610e+03   1.3028892e+02
   1.0920830e+03   7.6300000e-01   1.0923310e+03   1.2770822e+02
   1.0928080e+03   7.2600000e-01   1.0930510e+03   1.2703472e+02
   1.0935270e+03   7.1900000e-01   1.0937710e+03   1.2940161e+02
   1.0942910e+03   7.6300000e-01   1.0945310e+03   1.2973836e+02
   1.0951080e+03   8.1700000e-01   1.0953510e+03   1.2882966e+02
   1.0959150e+03   8.0700000e-01   1.0961610e+03   1.2660817e+02
   1.0966550e+03   7.4000000e-01   1.0969010e+03   1.2526223e+02
   1.0973630e+03   7.0800000e-01   1.0976110e+03   1.2711276e+02
   1.0980740e+03   7.1100000e-01   1.0983110e+03   1.2967101e+02
   1.0988120e+03   7.3800000e-01   1.0990510e+03   1.3073686e+02
   1.0996030e+03   7.9100000e-01   1.0998410e+03   1.3068126e+02
   1.1004180e+03   8.1500000e-01   1.1006610e+03   1.2989551e+02
   1.1012460e+03   8.2800000e-01   1.1014910e+03   1.2891946e+02
   1.1020660e+03   8.2100000e-01   1.1023210e+03   1.2698982e+02
   1.1028410e+03   7.7400000e-01   1.1030910e+03   1.2750617e+02
   1.1035810e+03   7.4000000e-01   1.1038210e+03   1.2920062e+02
   1.1043420e+03   7.6100000e-01   1.1045810e+03   1.3115272e+02
   1.1051450e+03   8.0300000e-01   1.1053910e+03   1.3152261e+02
   1.1059970e+03   8.5100000e-01   1.1062410e+03   1.3161241e+02
   1.1068360e+03   8.4000000e-01   1.1070810e+03   1.3078176e+02
   1.1076600e+03   8.2400000e-01   1.1079110e+03   1.2983992e+02
   1.1084420e+03   7.8300000e-01   1.1086910e+03   1.2860516e+02
   1.1091760e+03   7.3400000e-01   1.1094210e+03   1.2986237e+02
   1.1099050e+03   7.2900000e-01   1.1101410e+03   1.3172466e+02
   1.1106510e+03   7.4600000e-01   1.1108910e+03   1.3210631e+02
   1.1113530e+03   7.0200000e-01   1.1115910e+03   1.3374411e+02
   1.1120480e+03   6.9500000e-01   1.1122910e+03   1.3451810e+02
   1.1128020e+03   7.5400000e-01   1.1130410e+03   1.3560640e+02
   1.1136090e+03   8.0700000e-01   1.1138510e+03   1.3354206e+02
   1.1143670e+03   7.5800000e-01   1.1146110e+03   1.3257777e+02
   1.1151020e+03   7.3500000e-01   1.1153410e+03   1.3279051e+02
   1.1158350e+03   7.3400000e-01   1.1160710e+03   1.3293697e+02
   1.1165950e+03   7.6000000e-01   1.1168310e+03   1.3307060e+02
   1.1174020e+03   8.0700000e-01   1.1176410e+03   1.3282472e+02
   1.1182380e+03   8.3600000e-01   1.1184810e+03   1.3228592e+02
   1.1190430e+03   8.0500000e-01   1.1192810e+03   1.3136546e+02
   1.1198290e+03   7.8600000e-01   1.1200710e+03   1.2961542e+02
   1.1205580e+03   7.2900000e-01   1.1208110e+03   1.2996286e+02
   1.1212670e+03   7.0900000e-01   1.1215110e+03   1.3184760e+02
   1.1219750e+03   7.0800000e-01   1.1222110e+03   1.3394616e+02
   1.1227100e+03   7.3600000e-01   1.1229410e+03   1.3374411e+02
   1.1234960e+03   7.8500000e-01   1.1237310e+03   1.3418242e+02
   1.1243000e+03   8.0400000e-01   1.1245410e+03   1.3376656e+02
   1.1251100e+03   8.1000000e-01   1.1253510e+03   1.3192671e+02
   1.1258600e+03   7.5000000e-01   1.1261010e+03   1.3115272e+02
   1.1265840e+03   7.2400000e-01   1.1268210e+03   1.3215122e+02
   1.1273130e+03   7.2900000e-01   1.1275510e+03   1.3334000e+02
   1.1281030e+03   7.9000000e-01   1.1283410e+03   1.3303746e+02
   1.1289340e+03   8.3100000e-01   1.1291710e+03   1.3244307e+02
   1.1297680e+03   8.3400000e-01   1.1300110e+03   1.3152261e+02
   1.1305810e+03   8.1300000e-01   1.1308210e+03   1.3074862e+02
   1.1313590e+03   7.7800000e-01   1.1316110e+03   1.2871741e+02
   1.1320780e+03   7.1900000e-01   1.1323310e+03   1.2867251e+02
   1.1327690e+03   6.9100000e-01   1.1330110e+03   1.3141036e+02
   1.1334520e+03   6.8300000e-01   1.1336910e+03   1.3376656e+02
   1.1341910e+03   7.3900000e-01   1.1344210e+03   1.3562885e+02
   1.1350280e+03   8.3700000e-01   1.1352610e+03   1.3570796e+02
   1.1359040e+03   8.7600000e-01   1.1361410e+03   1.3616765e+02
   1.1367890e+03   8.8500000e-01   1.1370310e+03   1.3400282e+02
   1.1376220e+03   8.3200000e-01   1.1378710e+03   1.3139967e+02
   1.1383830e+03   7.6200000e-01   1.1386310e+03   1.3148947e+02
   1.1391220e+03   7.3800000e-01   1.1393610e+03   1.3220681e+02
   1.1398940e+03   7.7300000e-01   1.1401310e+03   1.3409262e+02
   1.1406450e+03   7.5100000e-01   1.1408810e+03   1.3396861e+02
   1.1413530e+03   7.0700000e-01   1.1415910e+03   1.3437271e+02
   1.1420620e+03   7.0900000e-01   1.1423010e+03   1.3583090e+02
   1.1428080e+03   7.4600000e-01   1.1430410e+03   1.3539366e+02
   1.1435560e+03   7.4800000e-01   1.1438010e+03   1.3234151e+02
   1.1442670e+03   7.1100000e-01   1.1445110e+03   1.3243131e+02
   1.1449590e+03   6.9300000e-01   1.1452010e+03   1.3266757e+02
   1.1456550e+03   6.9600000e-01   1.1458910e+03   1.3313795e+02
   1.1463780e+03   7.2300000e-01   1.1466110e+03   1.3377832e+02
   1.1471490e+03   7.7100000e-01   1.1473810e+03   1.3360941e+02
   1.1479220e+03   7.7400000e-01   1.1481610e+03   1.3356451e+02
   1.1486960e+03   7.7300000e-01   1.1489310e+03   1.3284717e+02
   1.1494310e+03   7.3600000e-01   1.1496710e+03   1.3087156e+02
   1.1501330e+03   7.0200000e-01   1.1503710e+03   1.3097312e+02
   1.1508140e+03   6.8000000e-01   1.1510510e+03   1.3350891e+02
   1.1514850e+03   6.7100000e-01   1.1517210e+03   1.3433850e+02
   1.1521870e+03   7.0200000e-01   1.1524210e+03   1.3560640e+02
   1.1529390e+03   7.5200000e-01   1.1531710e+03   1.3723350e+02
   1.1537100e+03   7.7200000e-01   1.1539410e+03   1.3648196e+02
   1.1544960e+03   7.8600000e-01   1.1547310e+03   1.3512426e+02
   1.1552470e+03   7.5100000e-01   1.1554910e+03   1.3371097e+02
   1.1559680e+03   7.2200000e-01   1.1562110e+03   1.3348646e+02
   1.1566620e+03   6.9400000e-01   1.1569010e+03   1.3407017e+02
   1.1573650e+03   7.0300000e-01   1.1576010e+03   1.3510181e+02
   1.1580710e+03   7.0500000e-01   1.1583110e+03   1.3503446e+02
   1.1587440e+03   6.7300000e-01   1.1589810e+03   1.3492221e+02
   1.1594010e+03   6.5800000e-01   1.1596410e+03   1.3606716e+02
   1.1600650e+03   6.6400000e-01   1.1603010e+03   1.3496711e+02
   1.1607370e+03   6.7100000e-01   1.1609710e+03   1.3456300e+02
   1.1613900e+03   6.5300000e-01   1.1616210e+03   1.3467525e+02
   1.1620290e+03   6.3900000e-01   1.1622610e+03   1.3588756e+02
   1.1626820e+03   6.5300000e-01   1.1629110e+03   1.3621255e+02
   1.1634040e+03   7.2200000e-01   1.1636310e+03   1.3687430e+02
   1.1643170e+03   9.1300000e-01   1.1645510e+03   1.3663911e+02
   1.1651100e+03   7.9300000e-01   1.1653510e+03   1.3215122e+02
   1.1659020e+03   7.9300000e-01   1.1661510e+03   1.2968277e+02
   1.1666290e+03   7.2600000e-01   1.1668710e+03   1.2859447e+02
   1.1673190e+03   6.9000000e-01   1.1675610e+03   1.2795517e+02
   1.1679980e+03   6.7900000e-01   1.1682310e+03   1.3197161e+02
   1.1687060e+03   7.0700000e-01   1.1689410e+03   1.3320530e+02
   1.1694880e+03   7.8200000e-01   1.1697210e+03   1.3483240e+02
   1.1702750e+03   7.8700000e-01   1.1705110e+03   1.3410331e+02
   1.1710300e+03   7.5600000e-01   1.1712710e+03   1.3260022e+02
   1.1717560e+03   7.2600000e-01   1.1720010e+03   1.3266757e+02
   1.1724660e+03   7.1000000e-01   1.1727110e+03   1.3433850e+02
   1.1732020e+03   7.3700000e-01   1.1734410e+03   1.3491151e+02
   1.1740040e+03   8.0100000e-01   1.1742410e+03   1.3432781e+02
   1.1748340e+03   8.3000000e-01   1.1750710e+03   1.3318285e+02
   1.1756600e+03   8.2600000e-01   1.1759010e+03   1.3045676e+02
   1.1764170e+03   7.5700000e-01   1.1766610e+03   1.2810057e+02
   1.1771370e+03   7.2000000e-01   1.1773810e+03   1.3043431e+02
   1.1778510e+03   7.1400000e-01   1.1780910e+03   1.3141036e+02
   1.1785970e+03   7.4600000e-01   1.1788310e+03   1.3227416e+02
   1.1793990e+03   8.0200000e-01   1.1796310e+03   1.3299256e+02
   1.1802020e+03   8.0300000e-01   1.1804410e+03   1.3095067e+02
   1.1809670e+03   7.6400000e-01   1.1812110e+03   1.2898681e+02
   1.1816930e+03   7.2600000e-01   1.1819410e+03   1.2969346e+02
   1.1824000e+03   7.0700000e-01   1.1826410e+03   1.3008687e+02
   1.1831220e+03   7.2300000e-01   1.1833610e+03   1.3113027e+02
   1.1838720e+03   7.4900000e-01   1.1841110e+03   1.3161241e+02
   1.1846540e+03   7.8200000e-01   1.1848910e+03   1.3174711e+02
   1.1854370e+03   7.8300000e-01   1.1856810e+03   1.3033382e+02
   1.1861790e+03   7.4200000e-01   1.1864310e+03   1.2766332e+02
   1.1868930e+03   7.1500000e-01   1.1871410e+03   1.2841487e+02
   1.1875810e+03   6.8800000e-01   1.1878210e+03   1.3084911e+02
   1.1882710e+03   6.9000000e-01   1.1885110e+03   1.3106292e+02
   1.1889880e+03   7.1700000e-01   1.1892210e+03   1.3240886e+02
   1.1897420e+03   7.5400000e-01   1.1899810e+03   1.3187005e+02
   1.1905070e+03   7.6400000e-01   1.1907410e+03   1.3114096e+02
   1.1912600e+03   7.5400000e-01   1.1915010e+03   1.2895367e+02
   1.1919720e+03   7.1200000e-01   1.1922210e+03   1.2909906e+02
   1.1926710e+03   6.9800000e-01   1.1929110e+03   1.3055725e+02
   1.1933760e+03   7.0500000e-01   1.1936110e+03   1.3122007e+02
   1.1941000e+03   7.2400000e-01   1.1943410e+03   1.3202720e+02
   1.1948250e+03   7.2500000e-01   1.1950610e+03   1.3240886e+02
   1.1955120e+03   6.8700000e-01   1.1957510e+03   1.3143281e+02
   1.1961800e+03   6.6800000e-01   1.1964210e+03   1.3295942e+02
   1.1968650e+03   6.8500000e-01   1.1971110e+03   1.3106292e+02
   1.1975430e+03   6.7800000e-01   1.1977810e+03   1.3136546e+02
   1.1982140e+03   6.7100000e-01   1.1984510e+03   1.3254356e+02
   1.1988820e+03   6.6800000e-01   1.1991210e+03   1.3314971e+02
   1.1995880e+03   7.0600000e-01   1.1998210e+03   1.3356451e+02
   1.2003450e+03   7.5700000e-01   1.2005810e+03   1.3276806e+02
   1.2011140e+03   7.6900000e-01   1.2013510e+03   1.3185936e+02
   1.2018980e+03   7.8400000e-01   1.2021410e+03   1.2975012e+02
   1.2026420e+03   7.4400000e-01   1.2028910e+03   1.2670973e+02
   1.2033450e+03   7.0400000e-01   1.2035910e+03   1.2743882e+02
   1.2040450e+03   6.9900000e-01   1.2042810e+03   1.3033382e+02
   1.2047710e+03   7.2600000e-01   1.2050110e+03   1.3075931e+02
   1.2055390e+03   7.6800000e-01   1.2057710e+03   1.3084911e+02
   1.2063400e+03   8.0100000e-01   1.2065810e+03   1.3005266e+02
   1.2071530e+03   8.1400000e-01   1.2074010e+03   1.2814547e+02
   1.2079050e+03   7.5200000e-01   1.2081510e+03   1.2773067e+02
   1.2086370e+03   7.3200000e-01   1.2088810e+03   1.2932357e+02
   1.2093630e+03   7.2600000e-01   1.2096110e+03   1.3092822e+02
   1.2101320e+03   7.7000000e-01   1.2103710e+03   1.3320530e+02
   1.2109860e+03   8.5300000e-01   1.2112210e+03   1.3380077e+02
   1.2118250e+03   8.4000000e-01   1.2120610e+03   1.3339666e+02
   1.2126710e+03   8.4500000e-01   1.2129110e+03   1.3199406e+02
   1.2135030e+03   8.3200000e-01   1.2137510e+03   1.3115272e+02
   1.2142880e+03   7.8500000e-01   1.2145410e+03   1.3088332e+02
   1.2150630e+03   7.7500000e-01   1.2153110e+03   1.3151192e+02
   1.2158050e+03   7.4300000e-01   1.2160510e+03   1.3351961e+02
   1.2165640e+03   7.5800000e-01   1.2168010e+03   1.3561816e+02
   1.2173840e+03   8.2100000e-01   1.2176210e+03   1.3660597e+02
   1.2182950e+03   9.1100000e-01   1.2185310e+03   1.3726771e+02
   1.2192330e+03   9.3800000e-01   1.2194710e+03   1.3591001e+02
   1.2201910e+03   9.5800000e-01   1.2204410e+03   1.3297011e+02
   1.2211170e+03   9.2500000e-01   1.2213610e+03   1.2977257e+02
   1.2219830e+03   8.6600000e-01   1.2222310e+03   1.2963787e+02
   1.2228420e+03   8.5900000e-01   1.2230810e+03   1.3101802e+02
   1.2237180e+03   8.7700000e-01   1.2239610e+03   1.3192671e+02
   1.2246050e+03   8.8700000e-01   1.2248510e+03   1.3116341e+02
   1.2254860e+03   8.8000000e-01   1.2257310e+03   1.3347471e+02
   1.2263060e+03   8.2100000e-01   1.2265510e+03   1.3229661e+02
   1.2270570e+03   7.5100000e-01   1.2273010e+03   1.3363186e+02
   1.2277760e+03   7.1900000e-01   1.2280110e+03   1.3506867e+02
   1.2285270e+03   7.5100000e-01   1.2287610e+03   1.3665087e+02
   1.2293760e+03   8.4900000e-01   1.2296110e+03   1.3726771e+02
   1.2302610e+03   8.8500000e-01   1.2305010e+03   1.3506867e+02
   1.2311140e+03   8.5300000e-01   1.2313610e+03   1.3188181e+02
   1.2318790e+03   7.6400000e-01   1.2321210e+03   1.3060215e+02
   1.2326420e+03   7.6300000e-01   1.2328810e+03   1.3154506e+02
   1.2334340e+03   7.9300000e-01   1.2336710e+03   1.3096136e+02
   1.2342380e+03   8.0300000e-01   1.2344810e+03   1.2955876e+02
   1.2350140e+03   7.7600000e-01   1.2352610e+03   1.2666483e+02
   1.2357340e+03   7.2000000e-01   1.2359810e+03   1.2571016e+02
   1.2364460e+03   7.1200000e-01   1.2366810e+03   1.2831331e+02
   1.2371640e+03   7.1900000e-01   1.2374010e+03   1.3013177e+02
   1.2379070e+03   7.4300000e-01   1.2381410e+03   1.2966032e+02
   1.2387040e+03   7.9700000e-01   1.2389410e+03   1.3080421e+02
   1.2394500e+03   7.4600000e-01   1.2396910e+03   1.2678777e+02
   1.2401650e+03   7.1500000e-01   1.2404110e+03   1.2470097e+02
   1.2408560e+03   6.9100000e-01   1.2411010e+03   1.2602446e+02
   1.2415280e+03   6.7200000e-01   1.2417710e+03   1.2777557e+02
   1.2421930e+03   6.6500000e-01   1.2424310e+03   1.2970522e+02
   1.2428610e+03   6.6800000e-01   1.2430910e+03   1.3015422e+02
   1.2435640e+03   7.0300000e-01   1.2438010e+03   1.3091646e+02
   1.2442560e+03   6.9200000e-01   1.2444910e+03   1.2894191e+02
   1.2449370e+03   6.8100000e-01   1.2451710e+03   1.2941337e+02
   1.2455900e+03   6.5300000e-01   1.2458310e+03   1.2920062e+02
   1.2462450e+03   6.5500000e-01   1.2464810e+03   1.2898681e+02
   1.2469270e+03   6.8200000e-01   1.2471710e+03   1.2817861e+02
   1.2476080e+03   6.8100000e-01   1.2478510e+03   1.2788782e+02
   1.2482670e+03   6.6000000e-01   1.2485110e+03   1.2803322e+02
   1.2489320e+03   6.6500000e-01   1.2491710e+03   1.2963787e+02
   1.2496550e+03   7.2300000e-01   1.2498910e+03   1.3130987e+02
   1.2505170e+03   8.6200000e-01   1.2507510e+03   1.3116341e+02
   1.2514200e+03   9.0400000e-01   1.2516610e+03   1.2802146e+02
   1.2522180e+03   7.9700000e-01   1.2524610e+03   1.2400502e+02
   1.2529560e+03   7.3800000e-01   1.2532110e+03   1.2100953e+02
   1.2536490e+03   6.9300000e-01   1.2539010e+03   1.2347797e+02
   1.2543200e+03   6.7100000e-01   1.2545610e+03   1.2638366e+02
   1.2549710e+03   6.5100000e-01   1.2552110e+03   1.2917817e+02
   1.2556640e+03   6.9300000e-01   1.2559010e+03   1.3145526e+02
   1.2564490e+03   7.8400000e-01   1.2566810e+03   1.3211701e+02
   1.2572740e+03   8.2500000e-01   1.2575110e+03   1.3158996e+02
   1.2580770e+03   8.0300000e-01   1.2583210e+03   1.2990727e+02
   1.2588910e+03   8.1300000e-01   1.2591410e+03   1.2617092e+02
   1.2596320e+03   7.4200000e-01   1.2598810e+03   1.2417393e+02
   1.2603510e+03   7.1900000e-01   1.2606010e+03   1.2592397e+02
   1.2610540e+03   7.0300000e-01   1.2613010e+03   1.2705717e+02
   1.2617590e+03   7.0600000e-01   1.2620010e+03   1.2970522e+02
   1.2625160e+03   7.5600000e-01   1.2627510e+03   1.3211701e+02
   1.2633560e+03   8.4100000e-01   1.2635910e+03   1.3312726e+02
   1.2642590e+03   9.0300000e-01   1.2645010e+03   1.3289207e+02
   1.2651460e+03   8.8700000e-01   1.2653910e+03   1.2987306e+02
   1.2659630e+03   8.1700000e-01   1.2662110e+03   1.2508262e+02
   1.2667040e+03   7.4100000e-01   1.2669610e+03   1.2640611e+02
   1.2674260e+03   7.2200000e-01   1.2676710e+03   1.2821282e+02
   1.2681550e+03   7.2900000e-01   1.2683910e+03   1.3081597e+02
   1.2689600e+03   8.0500000e-01   1.2692010e+03   1.3264512e+02
   1.2698160e+03   8.5600000e-01   1.2700610e+03   1.3336245e+02
   1.2706710e+03   8.5500000e-01   1.2709110e+03   1.3273492e+02
   1.2715210e+03   8.5000000e-01   1.2717710e+03   1.3106292e+02
   1.2723150e+03   7.9500000e-01   1.2725710e+03   1.2814547e+02
   1.2730540e+03   7.3800000e-01   1.2733010e+03   1.2890877e+02
   1.2737650e+03   7.1100000e-01   1.2740110e+03   1.3089401e+02
   1.2744510e+03   6.8700000e-01   1.2746910e+03   1.3340735e+02
   1.2751700e+03   7.1900000e-01   1.2754110e+03   1.3511357e+02
   1.2759540e+03   7.8400000e-01   1.2761910e+03   1.3681871e+02
   1.2767340e+03   7.8000000e-01   1.2769710e+03   1.3749221e+02
   1.2775240e+03   7.9000000e-01   1.2777610e+03   1.3662842e+02
   1.2782620e+03   7.3800000e-01   1.2785110e+03   1.3560640e+02
   1.2789700e+03   7.0800000e-01   1.2792110e+03   1.3690851e+02
   1.2796590e+03   6.8800000e-01   1.2799010e+03   1.3998311e+02
   1.2803320e+03   6.7300000e-01   1.2805710e+03   1.4190100e+02
   1.2809650e+03   6.3300000e-01   1.2812010e+03   1.4147551e+02
   1.2816110e+03   6.4600000e-01   1.2818410e+03   1.4413425e+02
   1.2823090e+03   6.9800000e-01   1.2825410e+03   1.4550264e+02
   1.2831190e+03   8.1000000e-01   1.2833510e+03   1.4432454e+02
   1.2838740e+03   7.5600000e-01   1.2841210e+03   1.3780652e+02
   1.2845740e+03   7.0000000e-01   1.2848210e+03   1.3645951e+02
   1.2852520e+03   6.7800000e-01   1.2854910e+03   1.3635902e+02
   1.2859110e+03   6.5900000e-01   1.2861510e+03   1.3788456e+02
   1.2865700e+03   6.5900000e-01   1.2868110e+03   1.3957901e+02
   1.2873200e+03   7.5000000e-01   1.2875510e+03   1.4161021e+02
   1.2881810e+03   8.6100000e-01   1.2884110e+03   1.3984841e+02
   1.2889740e+03   7.9300000e-01   1.2892110e+03   1.3791877e+02
   1.2897620e+03   7.8900000e-01   1.2900010e+03   1.3457476e+02
   1.2905040e+03   7.4100000e-01   1.2907510e+03   1.3175780e+02
   1.2912110e+03   7.0700000e-01   1.2914510e+03   1.3249866e+02
   1.2919190e+03   7.0700000e-01   1.2921610e+03   1.3451810e+02
   1.2926620e+03   7.4400000e-01   1.2929010e+03   1.3698655e+02
   1.2934570e+03   7.9500000e-01   1.2936910e+03   1.3629166e+02
   1.2942860e+03   8.3000000e-01   1.2945210e+03   1.3520337e+02
   1.2950940e+03   8.0800000e-01   1.2953410e+03   1.3350891e+02
   1.2958870e+03   7.9300000e-01   1.2961310e+03   1.3130987e+02
   1.2966290e+03   7.4200000e-01   1.2968710e+03   1.3127566e+02
   1.2973310e+03   7.0200000e-01   1.2975810e+03   1.3414821e+02
   1.2980270e+03   6.9600000e-01   1.2982710e+03   1.3589825e+02
   1.2987670e+03   7.3900000e-01   1.2990010e+03   1.3902951e+02
   1.2995670e+03   8.0100000e-01   1.2998110e+03   1.3926471e+02
   1.3003810e+03   8.1400000e-01   1.3006210e+03   1.3771671e+02
   1.3012150e+03   8.3400000e-01   1.3014610e+03   1.3485485e+02
   1.3019650e+03   7.5000000e-01   1.3022110e+03   1.3183691e+02
   1.3026790e+03   7.1400000e-01   1.3029210e+03   1.3219612e+02
   1.3033790e+03   6.9900000e-01   1.3036210e+03   1.3566306e+02
   1.3040730e+03   6.9400000e-01   1.3043110e+03   1.3856875e+02
   1.3048350e+03   7.6300000e-01   1.3050710e+03   1.4054330e+02
   1.3056850e+03   8.5000000e-01   1.3059210e+03   1.4080201e+02
   1.3065510e+03   8.6600000e-01   1.3067910e+03   1.3897285e+02
   1.3074100e+03   8.5900000e-01   1.3076610e+03   1.3475436e+02
   1.3081780e+03   7.6800000e-01   1.3084310e+03   1.3335176e+02
   1.3088920e+03   7.1400000e-01   1.3091410e+03   1.3552836e+02
   1.3096130e+03   7.2100000e-01   1.3098510e+03   1.3810906e+02
   1.3103690e+03   7.5600000e-01   1.3106110e+03   1.3962391e+02
   1.3111890e+03   8.2000000e-01   1.3114310e+03   1.3976930e+02
   1.3120030e+03   8.1400000e-01   1.3122410e+03   1.3936520e+02
   1.3128450e+03   8.4200000e-01   1.3130910e+03   1.3823200e+02
   1.3136350e+03   7.9000000e-01   1.3138810e+03   1.3502377e+02
   1.3143750e+03   7.4000000e-01   1.3146210e+03   1.3502377e+02
   1.3150970e+03   7.2200000e-01   1.3153410e+03   1.3677381e+02
   1.3157940e+03   6.9700000e-01   1.3160310e+03   1.3771671e+02
   1.3164680e+03   6.7500000e-01   1.3167010e+03   1.3746976e+02
   1.3171870e+03   7.1800000e-01   1.3174210e+03   1.3905196e+02
   1.3180170e+03   8.3000000e-01   1.3182510e+03   1.3852385e+02
   1.3188150e+03   7.9800000e-01   1.3190510e+03   1.3506867e+02
   1.3196080e+03   7.9300000e-01   1.3198510e+03   1.3082666e+02
   1.3203440e+03   7.3600000e-01   1.3205910e+03   1.2807812e+02
   1.3210480e+03   7.0400000e-01   1.3212910e+03   1.3062460e+02
   1.3217370e+03   6.8900000e-01   1.3219710e+03   1.3254356e+02
   1.3224340e+03   6.9700000e-01   1.3226710e+03   1.3396861e+02
   1.3231770e+03   7.4300000e-01   1.3234110e+03   1.3565130e+02
   1.3239650e+03   7.8800000e-01   1.3242010e+03   1.3595491e+02
   1.3247630e+03   7.9800000e-01   1.3250010e+03   1.3393547e+02
   1.3255290e+03   7.6600000e-01   1.3257710e+03   1.2916641e+02
   1.3262510e+03   7.2200000e-01   1.3264910e+03   1.2891946e+02
   1.3269440e+03   6.9300000e-01   1.3271910e+03   1.3069196e+02
   1.3276450e+03   7.0100000e-01   1.3278810e+03   1.3269002e+02
   1.3283850e+03   7.4000000e-01   1.3286210e+03   1.3258846e+02
   1.3291880e+03   8.0300000e-01   1.3294210e+03   1.3243131e+02
   1.3299920e+03   8.0400000e-01   1.3302310e+03   1.3109606e+02
   1.3307640e+03   7.7200000e-01   1.3310110e+03   1.2780871e+02
   1.3314950e+03   7.3100000e-01   1.3317410e+03   1.2761842e+02
   1.3322060e+03   7.1100000e-01   1.3324510e+03   1.2977257e+02
   1.3329090e+03   7.0300000e-01   1.3331510e+03   1.3161241e+02
   1.3336400e+03   7.3100000e-01   1.3338710e+03   1.3134301e+02
   1.3344180e+03   7.7800000e-01   1.3346510e+03   1.3280227e+02
   1.3352030e+03   7.8500000e-01   1.3354410e+03   1.3194916e+02
   1.3359970e+03   7.9300000e-01   1.3362410e+03   1.3050166e+02
   1.3367390e+03   7.4300000e-01   1.3369910e+03   1.2779802e+02
   1.3374680e+03   7.2800000e-01   1.3377210e+03   1.2872917e+02
   1.3381770e+03   7.0900000e-01   1.3384210e+03   1.3136546e+02
   1.3388930e+03   7.1600000e-01   1.3391310e+03   1.3415997e+02
   1.3396670e+03   7.7400000e-01   1.3399010e+03   1.3675136e+02
   1.3404960e+03   8.2900000e-01   1.3407410e+03   1.3634726e+02
   1.3413540e+03   8.5900000e-01   1.3416010e+03   1.3511357e+02
   1.3422050e+03   8.5100000e-01   1.3424510e+03   1.3136546e+02
   1.3429700e+03   7.6500000e-01   1.3432210e+03   1.3192671e+02
   1.3437120e+03   7.4200000e-01   1.3439610e+03   1.3456300e+02
   1.3444830e+03   7.7100000e-01   1.3447210e+03   1.3612275e+02
   1.3453040e+03   8.2100000e-01   1.3455410e+03   1.3678450e+02
   1.3461440e+03   8.4000000e-01   1.3463910e+03   1.3620186e+02
   1.3469510e+03   8.0700000e-01   1.3472010e+03   1.3291452e+02
   1.3476960e+03   7.4500000e-01   1.3479410e+03   1.3295942e+02
   1.3484200e+03   7.2400000e-01   1.3486610e+03   1.3552836e+02
   1.3491730e+03   7.5300000e-01   1.3494110e+03   1.3777231e+02
   1.3499760e+03   8.0200000e-01   1.3502210e+03   1.3778407e+02
   1.3508200e+03   8.4400000e-01   1.3510610e+03   1.3686361e+02
   1.3516390e+03   8.1900000e-01   1.3518910e+03   1.3147771e+02
   1.3523890e+03   7.5000000e-01   1.3526310e+03   1.3197161e+02
   1.3531190e+03   7.3000000e-01   1.3533610e+03   1.3447320e+02
   1.3538760e+03   7.5700000e-01   1.3541110e+03   1.3641461e+02
   1.3546880e+03   8.1200000e-01   1.3549210e+03   1.3587580e+02
   1.3555460e+03   8.5800000e-01   1.3557910e+03   1.3569620e+02
   1.3564050e+03   8.6000000e-01   1.3566510e+03   1.3450741e+02
   1.3572440e+03   8.3800000e-01   1.3574910e+03   1.3020981e+02
   1.3580150e+03   7.7100000e-01   1.3582610e+03   1.3015422e+02
   1.3587470e+03   7.3200000e-01   1.3589910e+03   1.3284717e+02
   1.3594860e+03   7.3900000e-01   1.3597310e+03   1.3426046e+02
   1.3602790e+03   7.9300000e-01   1.3605210e+03   1.3557326e+02
   1.3611640e+03   8.8500000e-01   1.3614010e+03   1.3622431e+02
   1.3620730e+03   9.0900000e-01   1.3623110e+03   1.3419311e+02
   1.3629770e+03   9.0400000e-01   1.3632210e+03   1.3314971e+02
   1.3638670e+03   8.9000000e-01   1.3641210e+03   1.2902102e+02
   1.3646510e+03   7.8400000e-01   1.3649010e+03   1.2878476e+02
   1.3653770e+03   7.2600000e-01   1.3656310e+03   1.3192671e+02
   1.3660880e+03   7.1100000e-01   1.3663310e+03   1.3552836e+02
   1.3668340e+03   7.4500000e-01   1.3670710e+03   1.3734575e+02
   1.3676720e+03   8.3900000e-01   1.3679110e+03   1.3834425e+02
   1.3685340e+03   8.6200000e-01   1.3687810e+03   1.3818710e+02
   1.3694240e+03   8.9000000e-01   1.3696710e+03   1.3641461e+02
   1.3702670e+03   8.4300000e-01   1.3705110e+03   1.3246552e+02
   1.3710470e+03   7.8100000e-01   1.3713010e+03   1.3217367e+02
   1.3717950e+03   7.4800000e-01   1.3720410e+03   1.3503446e+02
   1.3725430e+03   7.4700000e-01   1.3727810e+03   1.3763760e+02
   1.3733540e+03   8.1200000e-01   1.3735910e+03   1.3863610e+02
   1.3742450e+03   8.9000000e-01   1.3744910e+03   1.3843405e+02
   1.3751070e+03   8.6200000e-01   1.3753510e+03   1.3558395e+02
   1.3759120e+03   8.0500000e-01   1.3761610e+03   1.3230837e+02
   1.3766720e+03   7.6100000e-01   1.3769210e+03   1.3267826e+02
   1.3774170e+03   7.4500000e-01   1.3776610e+03   1.3582021e+02
   1.3781720e+03   7.5500000e-01   1.3784110e+03   1.3700900e+02
   1.3789860e+03   8.1300000e-01   1.3792210e+03   1.3689675e+02
   1.3798760e+03   8.9000000e-01   1.3801210e+03   1.3537121e+02
   1.3808400e+03   9.6400000e-01   1.3810910e+03   1.2989551e+02
   1.3817070e+03   8.6700000e-01   1.3819610e+03   1.2734902e+02
   1.3824890e+03   7.8300000e-01   1.3827410e+03   1.3018736e+02
   1.3832730e+03   7.8400000e-01   1.3835210e+03   1.3234151e+02
   1.3841030e+03   8.3100000e-01   1.3843410e+03   1.3345225e+02
   1.3849700e+03   8.6700000e-01   1.3852110e+03   1.3477681e+02
   1.3858580e+03   8.8700000e-01   1.3861010e+03   1.3429360e+02
   1.3867560e+03   8.9800000e-01   1.3870010e+03   1.3304815e+02
   1.3876340e+03   8.7800000e-01   1.3878810e+03   1.2902102e+02
   1.3884450e+03   8.1100000e-01   1.3887010e+03   1.2797763e+02
   1.3891980e+03   7.5300000e-01   1.3894510e+03   1.3045676e+02
   1.3899480e+03   7.5000000e-01   1.3901910e+03   1.3400282e+02
   1.3907480e+03   8.0100000e-01   1.3909910e+03   1.3566306e+02
   1.3916190e+03   8.7000000e-01   1.3918610e+03   1.3670646e+02
   1.3924970e+03   8.7900000e-01   1.3927410e+03   1.3584266e+02
   1.3933470e+03   8.4900000e-01   1.3935910e+03   1.3348646e+02
   1.3941440e+03   7.9800000e-01   1.3943910e+03   1.3089401e+02
   1.3948840e+03   7.4000000e-01   1.3951310e+03   1.3246552e+02
   1.3956020e+03   7.1800000e-01   1.3958410e+03   1.3557326e+02
   1.3963270e+03   7.2500000e-01   1.3965710e+03   1.3834425e+02
   1.3971010e+03   7.7400000e-01   1.3973410e+03   1.3929785e+02
   1.3979240e+03   8.2300000e-01   1.3981610e+03   1.3933206e+02
   1.3987780e+03   8.5400000e-01   1.3990210e+03   1.3721105e+02
   1.3996290e+03   8.5100000e-01   1.3998710e+03   1.3553905e+02
   1.4004550e+03   8.2600000e-01   1.4007010e+03   1.3311550e+02
   1.4012020e+03   7.4700000e-01   1.4014510e+03   1.3308236e+02
   1.4019150e+03   7.1300000e-01   1.4021610e+03   1.3132056e+02
   1.4025840e+03   6.6900000e-01   1.4028310e+03   1.3410331e+02
   1.4032130e+03   6.3000000e-01   1.4034610e+03   1.3777231e+02
   1.4038480e+03   6.3500000e-01   1.4040810e+03   1.4215971e+02
   1.4045470e+03   6.9900000e-01   1.4047810e+03   1.4392151e+02
   1.4055840e+03   1.0360000e+00   1.4058110e+03   1.4470620e+02
   1.4065340e+03   9.5100000e-01   1.4067710e+03   1.4198011e+02
   1.4074200e+03   8.8600000e-01   1.4076610e+03   1.3809730e+02
   1.4082930e+03   8.7300000e-01   1.4085410e+03   1.3235327e+02
   1.4091120e+03   8.1800000e-01   1.4093610e+03   1.3200475e+02
   1.4098870e+03   7.7600000e-01   1.4101310e+03   1.3396861e+02
   1.4105740e+03   6.8600000e-01   1.4108110e+03   1.3528141e+02
   1.4112740e+03   7.0000000e-01   1.4115110e+03   1.3732330e+02
   1.4121840e+03   9.1000000e-01   1.4124210e+03   1.3967950e+02
   1.4131130e+03   9.2900000e-01   1.4133510e+03   1.3670646e+02
   1.4139940e+03   8.8000000e-01   1.4142410e+03   1.3323951e+02
   1.4148140e+03   8.2000000e-01   1.4150610e+03   1.2917817e+02
   1.4155470e+03   7.3400000e-01   1.4157910e+03   1.2921131e+02
   1.4162520e+03   7.0500000e-01   1.4165010e+03   1.3258846e+02
   1.4169480e+03   6.9600000e-01   1.4171810e+03   1.3543856e+02
   1.4176700e+03   7.2300000e-01   1.4179110e+03   1.3774986e+02
   1.4184720e+03   8.0200000e-01   1.4187110e+03   1.3862541e+02
   1.4192970e+03   8.2500000e-01   1.4195310e+03   1.3842336e+02
   1.4201260e+03   8.2800000e-01   1.4203610e+03   1.3672891e+02
   1.4209780e+03   8.5300000e-01   1.4212210e+03   1.3450741e+02
   1.4217640e+03   7.8500000e-01   1.4220110e+03   1.3122007e+02
   1.4225040e+03   7.4000000e-01   1.4227510e+03   1.3373342e+02
   1.4232180e+03   7.1400000e-01   1.4234610e+03   1.3438340e+02
   1.4239190e+03   7.0100000e-01   1.4241610e+03   1.3623500e+02
   1.4246720e+03   7.5300000e-01   1.4249010e+03   1.3877080e+02
   1.4254780e+03   8.0500000e-01   1.4257110e+03   1.3925295e+02
   1.4262910e+03   8.1400000e-01   1.4265310e+03   1.3789632e+02
   1.4271140e+03   8.2300000e-01   1.4273510e+03   1.3561816e+02
   1.4279050e+03   7.9100000e-01   1.4281510e+03   1.3125321e+02
   1.4286320e+03   7.2700000e-01   1.4288810e+03   1.3243131e+02
   1.4293320e+03   6.9900000e-01   1.4295810e+03   1.3387881e+02
   1.4300260e+03   6.9400000e-01   1.4302610e+03   1.3736820e+02
   1.4307540e+03   7.2800000e-01   1.4309910e+03   1.3923157e+02
   1.4315790e+03   8.2500000e-01   1.4318110e+03   1.3952235e+02
   1.4324600e+03   8.8100000e-01   1.4327010e+03   1.3685185e+02
   1.4333860e+03   9.2600000e-01   1.4336310e+03   1.3346401e+02
   1.4342570e+03   8.7100000e-01   1.4345010e+03   1.2748372e+02
   1.4350570e+03   8.0000000e-01   1.4353110e+03   1.2821282e+02
   1.4357960e+03   7.3900000e-01   1.4360410e+03   1.3154506e+02
   1.4365300e+03   7.3300000e-01   1.4367710e+03   1.3308236e+02
   1.4372960e+03   7.6700000e-01   1.4375310e+03   1.3445075e+02
   1.4381230e+03   8.2700000e-01   1.4383610e+03   1.3478750e+02
   1.4389330e+03   8.1000000e-01   1.4391710e+03   1.3557326e+02
   1.4397610e+03   8.2800000e-01   1.4400010e+03   1.3283541e+02
   1.4405390e+03   7.7800000e-01   1.4407910e+03   1.3088332e+02
   1.4412900e+03   7.5100000e-01   1.4415310e+03   1.3187005e+02
   1.4420180e+03   7.2800000e-01   1.4422610e+03   1.3367676e+02
   1.4427510e+03   7.3300000e-01   1.4429910e+03   1.3569620e+02
   1.4435410e+03   7.8900000e-01   1.4437710e+03   1.3622431e+02
   1.4443730e+03   8.3200000e-01   1.4446110e+03   1.3621255e+02
   1.4452240e+03   8.5100000e-01   1.4454610e+03   1.3451810e+02
   1.4460780e+03   8.5400000e-01   1.4463210e+03   1.3224102e+02
   1.4468790e+03   8.0100000e-01   1.4471210e+03   1.2898681e+02
   1.4476260e+03   7.4700000e-01   1.4478710e+03   1.2940161e+02
   1.4483490e+03   7.2300000e-01   1.4485910e+03   1.3340735e+02
   1.4490540e+03   7.0600000e-01   1.4492910e+03   1.3489976e+02
   1.4498000e+03   7.4600000e-01   1.4500310e+03   1.3616765e+02
   1.4506130e+03   8.1300000e-01   1.4508510e+03   1.3824376e+02
   1.4514640e+03   8.5100000e-01   1.4517010e+03   1.3675136e+02
   1.4523300e+03   8.6600000e-01   1.4525710e+03   1.3369921e+02
   1.4531260e+03   7.9600000e-01   1.4533710e+03   1.2973836e+02
   1.4538730e+03   7.4700000e-01   1.4541210e+03   1.3035627e+02
   1.4545790e+03   7.0600000e-01   1.4548210e+03   1.3307060e+02
   1.4552690e+03   6.9000000e-01   1.4555110e+03   1.3479926e+02
   1.4559590e+03   6.8900000e-01   1.4561910e+03   1.3777231e+02
   1.4566740e+03   7.1600000e-01   1.4569110e+03   1.3984841e+02
   1.4574610e+03   7.8700000e-01   1.4576910e+03   1.4105965e+02
   1.4582510e+03   7.9100000e-01   1.4584910e+03   1.3961215e+02
   1.4590850e+03   8.3400000e-01   1.4593210e+03   1.3904020e+02
   1.4599040e+03   8.1900000e-01   1.4601510e+03   1.3463035e+02
   1.4606500e+03   7.4500000e-01   1.4609010e+03   1.3321706e+02
   1.4613620e+03   7.1300000e-01   1.4616010e+03   1.3417066e+02
   1.4620610e+03   6.9900000e-01   1.4623010e+03   1.3649372e+02
   1.4627780e+03   7.1600000e-01   1.4630110e+03   1.3729016e+02
   1.4635260e+03   7.4800000e-01   1.4637610e+03   1.3715546e+02
   1.4642940e+03   7.6800000e-01   1.4645310e+03   1.3731261e+02
   1.4650570e+03   7.6300000e-01   1.4653010e+03   1.3417066e+02
   1.4657750e+03   7.1800000e-01   1.4660210e+03   1.3216191e+02
   1.4664680e+03   6.9400000e-01   1.4667110e+03   1.3281296e+02
   1.4671420e+03   6.7400000e-01   1.4673810e+03   1.3519161e+02
   1.4678250e+03   6.8200000e-01   1.4680610e+03   1.3635902e+02
   1.4685500e+03   7.2500000e-01   1.4687810e+03   1.3757025e+02
   1.4693850e+03   8.3500000e-01   1.4696210e+03   1.3824376e+02
   1.4702740e+03   8.8900000e-01   1.4705110e+03   1.3456300e+02
   1.4711660e+03   8.9200000e-01   1.4714110e+03   1.2785361e+02
   1.4719990e+03   8.3300000e-01   1.4722410e+03   1.2778626e+02
   1.4728220e+03   8.2200000e-01   1.4730610e+03   1.2931181e+02
   1.4737220e+03   9.0000000e-01   1.4739610e+03   1.2897612e+02
   1.4746350e+03   9.1300000e-01   1.4748810e+03   1.2440912e+02
   1.4754810e+03   8.4600000e-01   1.4757310e+03   1.2594642e+02
   1.4763800e+03   8.9900000e-01   1.4766210e+03   1.2592397e+02
   1.4773090e+03   9.2900000e-01   1.4775510e+03   1.2557546e+02
   1.4782190e+03   9.1000000e-01   1.4784710e+03   1.2198557e+02
   1.4790120e+03   7.9300000e-01   1.4792610e+03   1.2252438e+02
   1.4797800e+03   7.6800000e-01   1.4800310e+03   1.2639542e+02
   1.4805800e+03   8.0000000e-01   1.4808210e+03   1.2726991e+02
   1.4813850e+03   8.0500000e-01   1.4816310e+03   1.2826841e+02
   1.4822230e+03   8.3800000e-01   1.4824610e+03   1.2828017e+02
   1.4831100e+03   8.8700000e-01   1.4833610e+03   1.2731481e+02
   1.4839730e+03   8.6300000e-01   1.4842210e+03   1.2485812e+02
   1.4847860e+03   8.1300000e-01   1.4850410e+03   1.2600201e+02
   1.4855880e+03   8.0200000e-01   1.4858310e+03   1.2702296e+02
   1.4864200e+03   8.3200000e-01   1.4866610e+03   1.2850467e+02
   1.4872970e+03   8.7700000e-01   1.4875410e+03   1.2834752e+02
   1.4881730e+03   8.7600000e-01   1.4884210e+03   1.2691071e+02
   1.4890360e+03   8.6200000e-01   1.4892810e+03   1.2581172e+02
   1.4898240e+03   7.8900000e-01   1.4900710e+03   1.2474587e+02
   1.4905770e+03   7.5300000e-01   1.4908210e+03   1.2655257e+02
   1.4913290e+03   7.5100000e-01   1.4915710e+03   1.2821282e+02
   1.4921030e+03   7.7400000e-01   1.4923410e+03   1.2928936e+02
   1.4929280e+03   8.2500000e-01   1.4931710e+03   1.2905416e+02
   1.4937790e+03   8.5100000e-01   1.4940210e+03   1.2823527e+02
   1.4946090e+03   8.3000000e-01   1.4948510e+03   1.2704541e+02
   1.4954470e+03   8.3800000e-01   1.4956910e+03   1.2462186e+02
   1.4962240e+03   7.7700000e-01   1.4964710e+03   1.2140187e+02
   1.4969760e+03   7.5200000e-01   1.4972210e+03   1.2314122e+02
   1.4977040e+03   7.2800000e-01   1.4979510e+03   1.2564281e+02
   1.4984540e+03   7.5000000e-01   1.4986910e+03   1.2758421e+02
   1.4992620e+03   8.0800000e-01   1.4995010e+03   1.2905416e+02
   1.5001160e+03   8.5400000e-01   1.5003610e+03   1.2890877e+02
   1.5009540e+03   8.3800000e-01   1.5011910e+03   1.2811126e+02
   1.5017850e+03   8.3100000e-01   1.5020310e+03   1.2493616e+02
   1.5025510e+03   7.6600000e-01   1.5028010e+03   1.2420707e+02
   1.5032780e+03   7.2700000e-01   1.5035310e+03   1.2623827e+02
   1.5040010e+03   7.2200000e-01   1.5042410e+03   1.2928936e+02
   1.5047350e+03   7.3400000e-01   1.5049810e+03   1.3020981e+02
   1.5055320e+03   7.9700000e-01   1.5057710e+03   1.3120831e+02
   1.5063600e+03   8.2800000e-01   1.5066010e+03   1.3255532e+02
   1.5071920e+03   8.3200000e-01   1.5074410e+03   1.3035627e+02
   1.5080230e+03   8.3100000e-01   1.5082710e+03   1.2795517e+02
   1.5087840e+03   7.6200000e-01   1.5090310e+03   1.2603622e+02
   1.5095230e+03   7.3900000e-01   1.5097710e+03   1.2877407e+02
   1.5102680e+03   7.4500000e-01   1.5105110e+03   1.3063636e+02
   1.5110330e+03   7.6400000e-01   1.5112710e+03   1.3142212e+02
   1.5118020e+03   7.6900000e-01   1.5120410e+03   1.3203896e+02
   1.5125590e+03   7.5700000e-01   1.5128010e+03   1.2803322e+02
   1.5132760e+03   7.1700000e-01   1.5135210e+03   1.2758421e+02
   1.5139760e+03   7.0000000e-01   1.5142210e+03   1.2902102e+02
   1.5146800e+03   7.0300000e-01   1.5149210e+03   1.3109606e+02
   1.5154130e+03   7.3400000e-01   1.5156410e+03   1.3171397e+02
   1.5161770e+03   7.6400000e-01   1.5164110e+03   1.3074862e+02
   1.5169480e+03   7.7100000e-01   1.5171910e+03   1.2843732e+02
   1.5177400e+03   7.9300000e-01   1.5179810e+03   1.2593466e+02
   1.5184810e+03   7.4100000e-01   1.5187310e+03   1.2323102e+02
   1.5191850e+03   7.0400000e-01   1.5194310e+03   1.2392698e+02
   1.5198710e+03   6.8600000e-01   1.5201110e+03   1.2610357e+02
   1.5205360e+03   6.6500000e-01   1.5207710e+03   1.2714697e+02
   1.5211710e+03   6.3500000e-01   1.5214110e+03   1.2782047e+02
   1.5218120e+03   6.4000000e-01   1.5220510e+03   1.2816792e+02
   1.5225660e+03   7.5500000e-01   1.5228010e+03   1.3015422e+02
   1.5233270e+03   7.6100000e-01   1.5235610e+03   1.2796587e+02
   1.5240460e+03   7.1900000e-01   1.5242910e+03   1.2521733e+02
   1.5247480e+03   7.0200000e-01   1.5249910e+03   1.2629386e+02
   1.5254620e+03   7.1400000e-01   1.5257010e+03   1.2844801e+02
   1.5261910e+03   7.2900000e-01   1.5264310e+03   1.2801077e+02
   1.5269570e+03   7.6500000e-01   1.5272010e+03   1.2737147e+02
   1.5277440e+03   7.8700000e-01   1.5279910e+03   1.2523978e+02
   1.5284670e+03   7.2400000e-01   1.5287210e+03   1.2279378e+02
   1.5291780e+03   7.1000000e-01   1.5294210e+03   1.2406168e+02
   1.5298770e+03   6.9900000e-01   1.5301210e+03   1.2706786e+02
   1.5305890e+03   7.1200000e-01   1.5308310e+03   1.2764087e+02
   1.5312780e+03   6.8900000e-01   1.5315110e+03   1.2714697e+02
   1.5319500e+03   6.7200000e-01   1.5321910e+03   1.2771891e+02
   1.5326140e+03   6.6400000e-01   1.5328610e+03   1.2751686e+02
   1.5332890e+03   6.7500000e-01   1.5335310e+03   1.2845977e+02
   1.5339730e+03   6.8400000e-01   1.5342210e+03   1.2675356e+02
   1.5346350e+03   6.6200000e-01   1.5348810e+03   1.2762911e+02
   1.5352860e+03   6.5200000e-01   1.5355310e+03   1.2944651e+02
   1.5359480e+03   6.6100000e-01   1.5361910e+03   1.3172466e+02
   1.5366640e+03   7.1700000e-01   1.5369010e+03   1.3396861e+02
   1.5375050e+03   8.4000000e-01   1.5377410e+03   1.3436095e+02
   1.5383530e+03   8.4900000e-01   1.5386010e+03   1.3212877e+02
   1.5392380e+03   8.8500000e-01   1.5394810e+03   1.2976081e+02
   1.5401040e+03   8.6500000e-01   1.5403510e+03   1.2678777e+02
   1.5409680e+03   8.6500000e-01   1.5412210e+03   1.2136873e+02
   1.5417320e+03   7.6400000e-01   1.5419810e+03   1.2181666e+02
   1.5424400e+03   7.0700000e-01   1.5426910e+03   1.2535203e+02
   1.5431290e+03   6.8900000e-01   1.5433710e+03   1.2878476e+02
   1.5438350e+03   7.0700000e-01   1.5440710e+03   1.3055725e+02
   1.5446170e+03   7.8100000e-01   1.5448510e+03   1.3246552e+02
   1.5454410e+03   8.2400000e-01   1.5456810e+03   1.3176956e+02
   1.5462760e+03   8.3500000e-01   1.5465210e+03   1.2979502e+02
   1.5470910e+03   8.1500000e-01   1.5473410e+03   1.2605867e+02
   1.5478490e+03   7.5800000e-01   1.5481010e+03   1.2587907e+02
   1.5485830e+03   7.3400000e-01   1.5488310e+03   1.2810057e+02
   1.5493000e+03   7.1600000e-01   1.5495410e+03   1.2845977e+02
   1.5500450e+03   7.4600000e-01   1.5502810e+03   1.3005266e+02
   1.5508620e+03   8.1600000e-01   1.5511010e+03   1.3201651e+02
   1.5516820e+03   8.2100000e-01   1.5519210e+03   1.3134301e+02
   1.5524730e+03   7.9100000e-01   1.5527110e+03   1.2854957e+02
   1.5532370e+03   7.6400000e-01   1.5534810e+03   1.2551987e+02
   1.5539580e+03   7.2100000e-01   1.5542010e+03   1.2579996e+02
   1.5546570e+03   7.0000000e-01   1.5549010e+03   1.2823527e+02
   1.5553470e+03   6.9000000e-01   1.5555910e+03   1.2866182e+02
   1.5560530e+03   7.0600000e-01   1.5562910e+03   1.3060215e+02
   1.5568260e+03   7.7300000e-01   1.5570610e+03   1.3141036e+02
   1.5576340e+03   8.0800000e-01   1.5578710e+03   1.3109606e+02
   1.5584490e+03   8.1500000e-01   1.5586910e+03   1.2936847e+02
   1.5592760e+03   8.2700000e-01   1.5595210e+03   1.2532958e+02
   1.5600370e+03   7.6100000e-01   1.5602810e+03   1.2356777e+02
   1.5607680e+03   7.3100000e-01   1.5610210e+03   1.2416217e+02
   1.5614830e+03   7.1500000e-01   1.5617210e+03   1.2703472e+02
   1.5622060e+03   7.2300000e-01   1.5624410e+03   1.2867251e+02
   1.5629780e+03   7.7200000e-01   1.5632210e+03   1.3142212e+02
   1.5637740e+03   7.9600000e-01   1.5640110e+03   1.3128742e+02
   1.5645680e+03   7.9400000e-01   1.5648110e+03   1.3093891e+02
   1.5653580e+03   7.9100000e-01   1.5656010e+03   1.2826841e+02
   1.5660900e+03   7.3100000e-01   1.5663410e+03   1.2788782e+02
   1.5667970e+03   7.0700000e-01   1.5670410e+03   1.2940161e+02
   1.5674870e+03   6.9000000e-01   1.5677310e+03   1.3078176e+02
   1.5681940e+03   7.0700000e-01   1.5684310e+03   1.3338490e+02
   1.5689500e+03   7.5600000e-01   1.5691910e+03   1.3475436e+02
   1.5697420e+03   7.9200000e-01   1.5699810e+03   1.3528141e+02
   1.5705230e+03   7.8100000e-01   1.5707610e+03   1.3309305e+02
   1.5712640e+03   7.4100000e-01   1.5715110e+03   1.2904347e+02
   1.5719800e+03   7.1600000e-01   1.5722210e+03   1.2923376e+02
   1.5726840e+03   7.0400000e-01   1.5729210e+03   1.3078176e+02
   1.5734000e+03   7.1600000e-01   1.5736410e+03   1.3244307e+02
   1.5741360e+03   7.3600000e-01   1.5743710e+03   1.3348646e+02
   1.5749360e+03   8.0000000e-01   1.5751710e+03   1.3399106e+02
   1.5757410e+03   8.0500000e-01   1.5759810e+03   1.3148947e+02
   1.5765390e+03   7.9800000e-01   1.5767810e+03   1.2889701e+02
   1.5772810e+03   7.4200000e-01   1.5775310e+03   1.2692247e+02
   1.5779970e+03   7.1600000e-01   1.5782510e+03   1.2794342e+02
   1.5787020e+03   7.0400000e-01   1.5789410e+03   1.3055725e+02
   1.5794040e+03   7.0200000e-01   1.5796410e+03   1.3251042e+02
   1.5801480e+03   7.4400000e-01   1.5803810e+03   1.3424977e+02
   1.5809310e+03   7.8400000e-01   1.5811710e+03   1.3423801e+02
   1.5816910e+03   7.5900000e-01   1.5819310e+03   1.3221857e+02
   1.5824270e+03   7.3600000e-01   1.5826710e+03   1.2847046e+02
   1.5831420e+03   7.1600000e-01   1.5833810e+03   1.2822351e+02
   1.5838330e+03   6.9000000e-01   1.5840710e+03   1.3048990e+02
   1.5845230e+03   6.9000000e-01   1.5847610e+03   1.3357627e+02
   1.5852180e+03   6.9500000e-01   1.5854510e+03   1.3322775e+02
   1.5859350e+03   7.1700000e-01   1.5861710e+03   1.3529317e+02
   1.5866790e+03   7.4400000e-01   1.5869210e+03   1.3340735e+02
   1.5873920e+03   7.1300000e-01   1.5876310e+03   1.3048990e+02
   1.5880880e+03   6.9500000e-01   1.5883310e+03   1.3234151e+02
   1.5887610e+03   6.7300000e-01   1.5890010e+03   1.3454055e+02
   1.5894110e+03   6.5000000e-01   1.5896510e+03   1.3354206e+02
   1.5900510e+03   6.3900000e-01   1.5902910e+03   1.3341911e+02
   1.5907310e+03   6.8000000e-01   1.5909610e+03   1.3518092e+02
   1.5914890e+03   7.5800000e-01   1.5917210e+03   1.3621255e+02
   1.5923320e+03   8.4300000e-01   1.5925710e+03   1.3220681e+02
   1.5931260e+03   7.9400000e-01   1.5933710e+03   1.2760666e+02
   1.5938890e+03   7.6300000e-01   1.5941410e+03   1.2591221e+02
   1.5946140e+03   7.2500000e-01   1.5948610e+03   1.2586731e+02
   1.5953230e+03   7.0900000e-01   1.5955710e+03   1.2810057e+02
   1.5960590e+03   7.3600000e-01   1.5963010e+03   1.2915572e+02
   1.5968400e+03   7.8100000e-01   1.5970810e+03   1.3025471e+02
   1.5976750e+03   8.3500000e-01   1.5979110e+03   1.2894191e+02
   1.5985300e+03   8.5500000e-01   1.5987710e+03   1.2472342e+02
   1.5993200e+03   7.9000000e-01   1.5995710e+03   1.2171617e+02
   1.6000640e+03   7.4400000e-01   1.6003110e+03   1.2241213e+02
   1.6007770e+03   7.1400000e-01   1.6010210e+03   1.2549742e+02
   1.6015070e+03   7.2900000e-01   1.6017510e+03   1.2710207e+02
   1.6022460e+03   7.3900000e-01   1.6024810e+03   1.2823527e+02
   1.6030240e+03   7.7800000e-01   1.6032610e+03   1.3040117e+02
   1.6038040e+03   7.8000000e-01   1.6040410e+03   1.3127566e+02
   1.6045880e+03   7.8400000e-01   1.6048310e+03   1.3138791e+02
   1.6053270e+03   7.3900000e-01   1.6055710e+03   1.2866182e+02
   1.6060450e+03   7.1900000e-01   1.6062910e+03   1.3072617e+02
   1.6067530e+03   7.0700000e-01   1.6070010e+03   1.3217367e+02
   1.6074510e+03   6.9800000e-01   1.6076910e+03   1.3435026e+02
   1.6081840e+03   7.3300000e-01   1.6084210e+03   1.3677381e+02
   1.6089730e+03   7.8900000e-01   1.6092110e+03   1.3717791e+02
   1.6097810e+03   8.0800000e-01   1.6100210e+03   1.3565130e+02
   1.6105820e+03   8.0100000e-01   1.6108210e+03   1.3344156e+02
   1.6113930e+03   8.1100000e-01   1.6116410e+03   1.3033382e+02
   1.6121330e+03   7.4000000e-01   1.6123810e+03   1.2786537e+02
   1.6128410e+03   7.0800000e-01   1.6130910e+03   1.2959297e+02
   1.6135390e+03   6.9800000e-01   1.6137810e+03   1.3267826e+02
   1.6142510e+03   7.1200000e-01   1.6144910e+03   1.3487731e+02
   1.6149870e+03   7.3500000e-01   1.6152210e+03   1.3639216e+02
   1.6157780e+03   7.9200000e-01   1.6160210e+03   1.3676205e+02
   1.6165840e+03   8.0500000e-01   1.6168210e+03   1.3624676e+02
   1.6174090e+03   8.2600000e-01   1.6176510e+03   1.3328441e+02
   1.6181930e+03   7.8400000e-01   1.6184410e+03   1.3051235e+02
   1.6189400e+03   7.4700000e-01   1.6191810e+03   1.3145526e+02
   1.6196840e+03   7.4400000e-01   1.6199310e+03   1.3210631e+02
   1.6204730e+03   7.8900000e-01   1.6207110e+03   1.3274561e+02
   1.6212840e+03   8.1100000e-01   1.6215210e+03   1.3118586e+02
   1.6220790e+03   7.9500000e-01   1.6223210e+03   1.2948072e+02
   1.6228550e+03   7.7600000e-01   1.6231010e+03   1.2681022e+02
   1.6235940e+03   7.3900000e-01   1.6238410e+03   1.2642856e+02
   1.6242980e+03   7.0400000e-01   1.6245410e+03   1.2683267e+02
   1.6249770e+03   6.7900000e-01   1.6252210e+03   1.2936847e+02
   1.6256680e+03   6.9100000e-01   1.6259010e+03   1.3165731e+02
   1.6263880e+03   7.2000000e-01   1.6266310e+03   1.3401351e+02
   1.6271130e+03   7.2500000e-01   1.6273510e+03   1.3506867e+02
   1.6278150e+03   7.0300000e-01   1.6280510e+03   1.3448496e+02
   1.6284910e+03   6.7600000e-01   1.6287310e+03   1.3391302e+02
   1.6291780e+03   6.8700000e-01   1.6294210e+03   1.3424977e+02
   1.6298940e+03   7.1600000e-01   1.6301310e+03   1.3541611e+02
   1.6305800e+03   6.8600000e-01   1.6308210e+03   1.3358696e+02
   1.6312880e+03   7.0800000e-01   1.6315210e+03   1.3492221e+02
   1.6320570e+03   7.6900000e-01   1.6322910e+03   1.3488906e+02
   1.6328430e+03   7.8500000e-01   1.6330810e+03   1.3284717e+02
   1.6336220e+03   7.7900000e-01   1.6338610e+03   1.2967101e+02
   1.6343960e+03   7.7500000e-01   1.6346410e+03   1.2659748e+02
   1.6351220e+03   7.2600000e-01   1.6353710e+03   1.2574437e+02
   1.6358220e+03   6.9900000e-01   1.6360610e+03   1.2758421e+02
   1.6365140e+03   6.9300000e-01   1.6367510e+03   1.3004197e+02
   1.6372220e+03   7.0700000e-01   1.6374610e+03   1.3203896e+02
   1.6379760e+03   7.5400000e-01   1.6382110e+03   1.3265581e+02
   1.6387560e+03   7.8000000e-01   1.6389910e+03   1.3069196e+02
   1.6394990e+03   7.4300000e-01   1.6397410e+03   1.2973836e+02
   1.6402230e+03   7.2400000e-01   1.6404710e+03   1.3012001e+02
   1.6409610e+03   7.3800000e-01   1.6412010e+03   1.3176956e+02
   1.6417200e+03   7.5900000e-01   1.6419610e+03   1.3193740e+02
   1.6425100e+03   7.9000000e-01   1.6427510e+03   1.3124252e+02
   1.6432960e+03   7.8700000e-01   1.6435410e+03   1.3082666e+02
   1.6440750e+03   7.7800000e-01   1.6443210e+03   1.2862761e+02
   1.6448050e+03   7.3000000e-01   1.6450510e+03   1.2740461e+02
   1.6455030e+03   6.9800000e-01   1.6457510e+03   1.2842556e+02
   1.6462040e+03   7.0100000e-01   1.6464410e+03   1.3071441e+02
   1.6469280e+03   7.2400000e-01   1.6471610e+03   1.3197161e+02
   1.6477020e+03   7.7500000e-01   1.6479410e+03   1.3237572e+02
   1.6484760e+03   7.7300000e-01   1.6487210e+03   1.3056901e+02
   1.6492430e+03   7.6700000e-01   1.6494910e+03   1.3045676e+02
   1.6500150e+03   7.7200000e-01   1.6502610e+03   1.2821282e+02
   1.6507350e+03   7.2000000e-01   1.6509810e+03   1.2794342e+02
   1.6514390e+03   7.0400000e-01   1.6516810e+03   1.3237572e+02
   1.6521760e+03   7.3700000e-01   1.6524210e+03   1.3213946e+02
   1.6529500e+03   7.7400000e-01   1.6531910e+03   1.3071441e+02
   1.6537080e+03   7.5800000e-01   1.6539510e+03   1.2939092e+02
   1.6544260e+03   7.1800000e-01   1.6546710e+03   1.2836997e+02
   1.6550990e+03   6.7300000e-01   1.6553510e+03   1.2639542e+02
   1.6557550e+03   6.5500000e-01   1.6560010e+03   1.2979502e+02
   1.6563870e+03   6.3300000e-01   1.6566310e+03   1.3119762e+02
   1.6570480e+03   6.6100000e-01   1.6572810e+03   1.3346401e+02
   1.6577890e+03   7.4100000e-01   1.6580310e+03   1.3431605e+02
   1.6587000e+03   9.1100000e-01   1.6589410e+03   1.3438340e+02
   1.6595840e+03   8.8500000e-01   1.6598310e+03   1.2926691e+02
   1.6604040e+03   8.2000000e-01   1.6606510e+03   1.2645101e+02
   1.6611740e+03   7.7000000e-01   1.6614210e+03   1.2681022e+02
   1.6619400e+03   7.6600000e-01   1.6621810e+03   1.2724746e+02
   1.6627490e+03   8.0900000e-01   1.6629910e+03   1.2765156e+02
   1.6635770e+03   8.2800000e-01   1.6638210e+03   1.2746127e+02
   1.6644050e+03   8.2800000e-01   1.6646510e+03   1.2735971e+02
   1.6652080e+03   8.0300000e-01   1.6654510e+03   1.2595711e+02
   1.6659630e+03   7.5600000e-01   1.6662110e+03   1.2406168e+02
   1.6666830e+03   7.2000000e-01   1.6669310e+03   1.2666483e+02
   1.6673800e+03   6.9700000e-01   1.6676210e+03   1.2797763e+02
   1.6680680e+03   6.8800000e-01   1.6683110e+03   1.3020981e+02
   1.6687870e+03   7.1900000e-01   1.6690210e+03   1.3166907e+02
   1.6695610e+03   7.7400000e-01   1.6698010e+03   1.3172466e+02
   1.6703650e+03   8.0400000e-01   1.6706110e+03   1.3152261e+02
   1.6711550e+03   7.9000000e-01   1.6714010e+03   1.2812302e+02
   1.6719070e+03   7.5200000e-01   1.6721510e+03   1.2723677e+02
   1.6726330e+03   7.2600000e-01   1.6728710e+03   1.2672042e+02
   1.6733550e+03   7.2200000e-01   1.6736010e+03   1.2820106e+02
   1.6740960e+03   7.4100000e-01   1.6743410e+03   1.2850467e+02
   1.6748470e+03   7.5100000e-01   1.6750810e+03   1.2960366e+02
   1.6755910e+03   7.4400000e-01   1.6758310e+03   1.2853781e+02
   1.6762940e+03   7.0300000e-01   1.6765410e+03   1.2769646e+02
   1.6769710e+03   6.7700000e-01   1.6772110e+03   1.2622651e+02
   1.6776370e+03   6.6600000e-01   1.6778810e+03   1.2610357e+02
   1.6782800e+03   6.4300000e-01   1.6785210e+03   1.2789852e+02
   1.6789200e+03   6.4000000e-01   1.6791510e+03   1.2991796e+02
   1.6796020e+03   6.8100000e-01   1.6798410e+03   1.3151192e+02
   1.6803470e+03   7.4500000e-01   1.6805810e+03   1.3160172e+02
   1.6812000e+03   8.5300000e-01   1.6814410e+03   1.2857202e+02
   1.6819780e+03   7.7900000e-01   1.6822210e+03   1.2290603e+02
   1.6827110e+03   7.3200000e-01   1.6829610e+03   1.2108757e+02
   1.6834190e+03   7.0800000e-01   1.6836610e+03   1.2215341e+02
   1.6841330e+03   7.1400000e-01   1.6843710e+03   1.2361267e+02
   1.6848720e+03   7.4000000e-01   1.6851110e+03   1.2621582e+02
   1.6856700e+03   7.9700000e-01   1.6859110e+03   1.2605867e+02
   1.6864950e+03   8.2500000e-01   1.6867410e+03   1.2555301e+02
   1.6873180e+03   8.2300000e-01   1.6875710e+03   1.2222076e+02
   1.6880880e+03   7.7000000e-01   1.6883410e+03   1.2223252e+02
   1.6888270e+03   7.3900000e-01   1.6890810e+03   1.2352287e+02
   1.6895750e+03   7.4800000e-01   1.6898210e+03   1.2435246e+02
   1.6903260e+03   7.5100000e-01   1.6905710e+03   1.2614847e+02
   1.6910910e+03   7.6500000e-01   1.6913310e+03   1.2841487e+02
   1.6918980e+03   8.0700000e-01   1.6921410e+03   1.2821282e+02
   1.6927090e+03   8.1100000e-01   1.6929510e+03   1.2647346e+02
   1.6934810e+03   7.7300000e-01   1.6937310e+03   1.2553056e+02
   1.6942160e+03   7.3500000e-01   1.6944610e+03   1.2484636e+02
   1.6949160e+03   7.0000000e-01   1.6951610e+03   1.2747196e+02
   1.6955970e+03   6.8100000e-01   1.6958410e+03   1.2995217e+02
   1.6962760e+03   6.7900000e-01   1.6965210e+03   1.3282472e+02
   1.6969950e+03   7.1900000e-01   1.6972410e+03   1.3546101e+02
   1.6977800e+03   7.8500000e-01   1.6980210e+03   1.3694165e+02
   1.6985680e+03   7.8800000e-01   1.6988110e+03   1.3524827e+02
   1.6993690e+03   8.0100000e-01   1.6996110e+03   1.3290276e+02
   1.7001210e+03   7.5200000e-01   1.7003710e+03   1.3000776e+02
   1.7008410e+03   7.2000000e-01   1.7010910e+03   1.3099557e+02
   1.7015440e+03   7.0300000e-01   1.7017910e+03   1.3282472e+02
   1.7022450e+03   7.0100000e-01   1.7024910e+03   1.3320530e+02
   1.7029630e+03   7.1800000e-01   1.7032010e+03   1.3376656e+02
   1.7036930e+03   7.3000000e-01   1.7039310e+03   1.3438340e+02
   1.7044040e+03   7.1100000e-01   1.7046410e+03   1.3363186e+02
   1.7051570e+03   7.5300000e-01   1.7054010e+03   1.3251042e+02
   1.7058880e+03   7.3100000e-01   1.7061310e+03   1.3078176e+02
   1.7065980e+03   7.1000000e-01   1.7068410e+03   1.3069196e+02
   1.7073020e+03   7.0400000e-01   1.7075410e+03   1.3098381e+02
   1.7080070e+03   7.0600000e-01   1.7082410e+03   1.3218436e+02
   1.7087220e+03   7.1500000e-01   1.7089610e+03   1.3247621e+02
   1.7094390e+03   7.1600000e-01   1.7096810e+03   1.3117517e+02
   1.7101350e+03   6.9700000e-01   1.7103710e+03   1.3120831e+02
   1.7108160e+03   6.8100000e-01   1.7110610e+03   1.2942406e+02
   1.7114800e+03   6.6400000e-01   1.7117210e+03   1.2939092e+02
   1.7121150e+03   6.3500000e-01   1.7123610e+03   1.3006442e+02
   1.7127300e+03   6.1500000e-01   1.7129710e+03   1.3318285e+02
   1.7133400e+03   6.1000000e-01   1.7135710e+03   1.3521406e+02
   1.7139610e+03   6.2200000e-01   1.7141910e+03   1.3713301e+02
   1.7146000e+03   6.3900000e-01   1.7148310e+03   1.3826621e+02
   1.7152600e+03   6.6000000e-01   1.7154910e+03   1.3920912e+02
   1.7159180e+03   6.5900000e-01   1.7161510e+03   1.3778407e+02
   1.7165650e+03   6.4700000e-01   1.7168010e+03   1.3790701e+02
   1.7171910e+03   6.2500000e-01   1.7174310e+03   1.3582021e+02
   1.7178240e+03   6.3300000e-01   1.7180610e+03   1.3538297e+02
   1.7184540e+03   6.3000000e-01   1.7186910e+03   1.3611206e+02
   1.7190860e+03   6.3300000e-01   1.7193210e+03   1.3726771e+02
   1.7197420e+03   6.5600000e-01   1.7199710e+03   1.3679626e+02
   1.7204780e+03   7.3600000e-01   1.7207110e+03   1.3659421e+02
   1.7213420e+03   8.6300000e-01   1.7215710e+03   1.3472015e+02
   1.7222120e+03   8.7000000e-01   1.7224510e+03   1.2962611e+02
   1.7230470e+03   8.3500000e-01   1.7232910e+03   1.2679846e+02
   1.7238150e+03   7.6700000e-01   1.7240610e+03   1.2406168e+02
   1.7245190e+03   7.0500000e-01   1.7247710e+03   1.2490302e+02
   1.7251800e+03   6.6100000e-01   1.7254310e+03   1.2726991e+02
   1.7258230e+03   6.4200000e-01   1.7260610e+03   1.3132056e+02
   1.7264910e+03   6.6800000e-01   1.7267210e+03   1.3464211e+02
   1.7273720e+03   8.8100000e-01   1.7276010e+03   1.3741310e+02
   1.7281750e+03   8.0200000e-01   1.7284110e+03   1.3644882e+02
   1.7290020e+03   8.2700000e-01   1.7292410e+03   1.3725595e+02
   1.7297800e+03   7.7800000e-01   1.7300210e+03   1.3540542e+02
   1.7305180e+03   7.3800000e-01   1.7307610e+03   1.3402527e+02
   1.7312560e+03   7.3800000e-01   1.7314910e+03   1.3649372e+02
   1.7320300e+03   7.7400000e-01   1.7322710e+03   1.3605540e+02
   1.7328610e+03   8.3100000e-01   1.7330910e+03   1.3680695e+02
   1.7336860e+03   8.2500000e-01   1.7339310e+03   1.3552836e+02
   1.7345250e+03   8.3900000e-01   1.7347710e+03   1.3323951e+02
   1.7352950e+03   7.7000000e-01   1.7355410e+03   1.3019912e+02
   1.7360140e+03   7.1800000e-01   1.7362510e+03   1.3075931e+02
   1.7367190e+03   7.0600000e-01   1.7369610e+03   1.3179201e+02
   1.7374190e+03   6.9900000e-01   1.7376510e+03   1.3353137e+02
