   2.9437600e+02   9.9500000e-01   2.9469000e+02   1.2966732e+02
   2.9537400e+02   9.9800000e-01   2.9567800e+02   1.2933286e+02
   2.9638000e+02   1.0060000e+00   2.9669000e+02   1.2887405e+02
   2.9737700e+02   9.9700000e-01   2.9768300e+02   1.2643206e+02
   2.9837200e+02   9.9500000e-01   2.9867600e+02   1.2683084e+02
   2.9936400e+02   9.9200000e-01   2.9966300e+02   1.2600541e+02
   3.0036200e+02   9.9800000e-01   3.0066500e+02   1.2560878e+02
   3.0135900e+02   9.9700000e-01   3.0167000e+02   1.2557876e+02
   3.0233300e+02   9.7400000e-01   3.0263700e+02   1.2890406e+02
   3.0327600e+02   9.4300000e-01   3.0359300e+02   1.2963730e+02
   3.0423000e+02   9.5400000e-01   3.0453900e+02   1.3159046e+02
   3.0520500e+02   9.7500000e-01   3.0550700e+02   1.3235371e+02
   3.0618000e+02   9.7500000e-01   3.0648400e+02   1.3189490e+02
   3.0717000e+02   9.9000000e-01   3.0747200e+02   1.3012613e+02
   3.0817700e+02   1.0070000e+00   3.0847200e+02   1.2765413e+02
   3.0919200e+02   1.0140000e+00   3.0949300e+02   1.2563880e+02
   3.1018800e+02   9.9700000e-01   3.1049400e+02   1.2560878e+02
   3.1116800e+02   9.7900000e-01   3.1148200e+02   1.2597540e+02
   3.1215000e+02   9.8300000e-01   3.1245700e+02   1.2768414e+02
   3.1312200e+02   9.7100000e-01   3.1344200e+02   1.2762411e+02
   3.1410100e+02   9.7900000e-01   3.1440200e+02   1.2719532e+02
   3.1510500e+02   1.0050000e+00   3.1540000e+02   1.2524216e+02
   3.1608400e+02   9.7900000e-01   3.1638600e+02   1.2374781e+02
   3.1706200e+02   9.7800000e-01   3.1735700e+02   1.2338120e+02
   3.1804500e+02   9.8300000e-01   3.1834200e+02   1.2451107e+02
   3.1905000e+02   1.0050000e+00   3.1935500e+02   1.2325899e+02
   3.2007000e+02   1.0200000e+00   3.2037500e+02   1.2255791e+02
   3.2107000e+02   9.9900000e-01   3.2137500e+02   1.2212912e+02
   3.2205900e+02   9.8900000e-01   3.2236200e+02   1.2255791e+02
   3.2305900e+02   1.0000000e+00   3.2346200e+02   1.1855941e+02
   3.2404500e+02   9.8600000e-01   3.2449500e+02   1.2371780e+02
   3.2503500e+02   9.9000000e-01   3.2538100e+02   1.1288432e+02
   3.2605300e+02   1.0180000e+00   3.2653400e+02   1.1852939e+02
   3.2707100e+02   1.0190000e+00   3.2743400e+02   1.1178446e+02
   3.2808100e+02   1.0100000e+00   3.2841500e+02   1.1254771e+02
   3.2907300e+02   9.9200000e-01   3.2938100e+02   1.2212912e+02
   3.3005400e+02   9.8100000e-01   3.3035400e+02   1.2203907e+02
   3.3104200e+02   9.8800000e-01   3.3136100e+02   1.2048255e+02
   3.3202700e+02   9.8500000e-01   3.3234200e+02   1.1965926e+02
   3.3298300e+02   9.5600000e-01   3.3331400e+02   1.2005590e+02
   3.3393700e+02   9.5400000e-01   3.3425000e+02   1.1843720e+02
   3.3487800e+02   9.4200000e-01   3.3518800e+02   1.2048255e+02
   3.3580000e+02   9.2200000e-01   3.3611300e+02   1.2216128e+02
   3.3675200e+02   9.5200000e-01   3.3706100e+02   1.2219129e+02
   3.3771700e+02   9.6400000e-01   3.3803100e+02   1.2127582e+02
   3.3869200e+02   9.7500000e-01   3.3899800e+02   1.2042037e+02
   3.3967200e+02   9.8000000e-01   3.3999200e+02   1.2084917e+02
   3.4066900e+02   9.9800000e-01   3.4098000e+02   1.1889601e+02
   3.4166200e+02   9.9300000e-01   3.4197000e+02   1.1685066e+02
   3.4264000e+02   9.7800000e-01   3.4293900e+02   1.1620962e+02
   3.4360600e+02   9.6500000e-01   3.4391900e+02   1.1584300e+02
   3.4460000e+02   9.9500000e-01   3.4491800e+02   1.1407422e+02
   3.4561700e+02   1.0170000e+00   3.4593000e+02   1.1535417e+02
   3.4663200e+02   1.0150000e+00   3.4693800e+02   1.1483747e+02
   3.4764900e+02   1.0170000e+00   3.4795000e+02   1.1581298e+02
   3.4868500e+02   1.0360000e+00   3.4897600e+02   1.1498970e+02
   3.4973400e+02   1.0500000e+00   3.5003700e+02   1.1450087e+02
   3.5077800e+02   1.0430000e+00   3.5107700e+02   1.1492752e+02
   3.5180700e+02   1.0290000e+00   3.5212900e+02   1.1688068e+02
   3.5286000e+02   1.0530000e+00   3.5317800e+02   1.1736950e+02
   3.5392400e+02   1.0640000e+00   3.5423000e+02   1.1767395e+02
   3.5495700e+02   1.0330000e+00   3.5526500e+02   1.1804057e+02
   3.5600000e+02   1.0430000e+00   3.5631700e+02   1.1697287e+02
   3.5707900e+02   1.0790000e+00   3.5738300e+02   1.1727731e+02
   3.5813400e+02   1.0550000e+00   3.5844300e+02   1.1886385e+02
   3.5916000e+02   1.0260000e+00   3.5948700e+02   1.2002374e+02
   3.6020200e+02   1.0420000e+00   3.6052300e+02   1.2048255e+02
   3.6122400e+02   1.0220000e+00   3.6154700e+02   1.2292453e+02
   3.6221700e+02   9.9300000e-01   3.6254400e+02   1.2557876e+02
   3.6321700e+02   1.0010000e+00   3.6353600e+02   1.2560878e+02
   3.6423500e+02   1.0170000e+00   3.6454200e+02   1.2475548e+02
   3.6524500e+02   1.0100000e+00   3.6569400e+02   1.1657623e+02
   3.6627700e+02   1.0320000e+00   3.6675500e+02   1.2011593e+02
   3.6729100e+02   1.0140000e+00   3.6764600e+02   1.0858137e+02
   3.6828400e+02   9.9300000e-01   3.6865700e+02   1.1538633e+02
   3.6929800e+02   1.0140000e+00   3.6966300e+02   1.1407422e+02
   3.7030500e+02   1.0070000e+00   3.7065200e+02   1.1581298e+02
   3.7128800e+02   9.8300000e-01   3.7158400e+02   1.2686086e+02
   3.7226700e+02   9.7900000e-01   3.7256400e+02   1.2689087e+02
   3.7327600e+02   1.0090000e+00   3.7358300e+02   1.2448105e+02
   3.7426900e+02   9.9300000e-01   3.7458100e+02   1.2484553e+02
   3.7526800e+02   9.9900000e-01   3.7557800e+02   1.2408227e+02
   3.7625800e+02   9.9000000e-01   3.7656100e+02   1.2521215e+02
   3.7727600e+02   1.0180000e+00   3.7758100e+02   1.2420448e+02
   3.7829100e+02   1.0140000e+00   3.7859200e+02   1.2405226e+02
   3.7931300e+02   1.0230000e+00   3.7962100e+02   1.2338120e+02
   3.8033600e+02   1.0230000e+00   3.8062100e+02   1.2212912e+02
   3.8135600e+02   1.0190000e+00   3.8166100e+02   1.2258793e+02
   3.8237000e+02   1.0140000e+00   3.8267000e+02   1.2283234e+02
   3.8337700e+02   1.0070000e+00   3.8367700e+02   1.2212912e+02
   3.8435600e+02   9.7900000e-01   3.8467400e+02   1.2332116e+02
   3.8533300e+02   9.7700000e-01   3.8563400e+02   1.2203907e+02
   3.8634800e+02   1.0150000e+00   3.8666300e+02   1.2084917e+02
   3.8733600e+02   9.8800000e-01   3.8767100e+02   1.2206909e+02
   3.8830100e+02   9.6600000e-01   3.8860000e+02   1.2249574e+02
   3.8928600e+02   9.8400000e-01   3.8959800e+02   1.2219129e+02
   3.9026200e+02   9.7700000e-01   3.9057000e+02   1.2130583e+02
   3.9121800e+02   9.5600000e-01   3.9153400e+02   1.2252790e+02
   3.9218700e+02   9.6900000e-01   3.9248700e+02   1.2039036e+02
   3.9317100e+02   9.8400000e-01   3.9346700e+02   1.2048255e+02
   3.9414600e+02   9.7500000e-01   3.9445900e+02   1.2097137e+02
   3.9512800e+02   9.8300000e-01   3.9543600e+02   1.1962710e+02
   3.9612500e+02   9.9700000e-01   3.9644200e+02   1.1926048e+02
   3.9712200e+02   9.9700000e-01   3.9744100e+02   1.1974931e+02
   3.9811300e+02   9.9200000e-01   3.9842200e+02   1.2097137e+02
   3.9910800e+02   9.9500000e-01   3.9941800e+02   1.2045253e+02
   4.0008500e+02   9.7700000e-01   4.0039000e+02   1.2011593e+02
   4.0105900e+02   9.7400000e-01   4.0136700e+02   1.2167245e+02
   4.0198400e+02   9.2500000e-01   4.0228900e+02   1.2365562e+02
   4.0287000e+02   8.8500000e-01   4.0318400e+02   1.2448105e+02
   4.0368400e+02   8.1500000e-01   4.0398700e+02   1.2557876e+02
   4.0455300e+02   8.6800000e-01   4.0486800e+02   1.2722748e+02
   4.0550800e+02   9.5500000e-01   4.0580500e+02   1.2759195e+02
   4.0648400e+02   9.7600000e-01   4.0678400e+02   1.2597540e+02
   4.0750400e+02   1.0190000e+00   4.0781600e+02   1.2090920e+02
   4.0853600e+02   1.0330000e+00   4.0889700e+02   1.1297436e+02
   4.0956300e+02   1.0260000e+00   4.0990500e+02   1.1886385e+02
   4.1057500e+02   1.0130000e+00   4.1091700e+02   1.0940465e+02
   4.1160000e+02   1.0250000e+00   4.1194400e+02   1.1889601e+02
   4.1260000e+02   1.0000000e+00   4.1294400e+02   1.1651406e+02
   4.1358100e+02   9.8100000e-01   4.1392400e+02   1.1962710e+02
   4.1457500e+02   9.9500000e-01   4.1490700e+02   1.1889601e+02
   4.1556800e+02   9.9300000e-01   4.1589800e+02   1.1721728e+02
   4.1654100e+02   9.7300000e-01   4.1684600e+02   1.2966732e+02
   4.1752700e+02   9.8600000e-01   4.1786400e+02   1.2960728e+02
   4.1853300e+02   1.0060000e+00   4.1887700e+02   1.3000392e+02
   4.1952100e+02   9.8800000e-01   4.1983700e+02   1.3156044e+02
   4.2052800e+02   1.0070000e+00   4.2087400e+02   1.2997390e+02
   4.2155800e+02   1.0300000e+00   4.2189200e+02   1.2844740e+02
   4.2257400e+02   1.0160000e+00   4.2289300e+02   1.2249574e+02
   4.2359100e+02   1.0170000e+00   4.2390800e+02   1.1929264e+02
   4.2460600e+02   1.0150000e+00   4.2494500e+02   1.1654622e+02
   4.2559600e+02   9.9000000e-01   4.2594300e+02   1.1657623e+02
   4.2659000e+02   9.9300000e-01   4.2691500e+02   1.1767395e+02
   4.2756300e+02   9.7300000e-01   4.2788700e+02   1.1291433e+02
   4.2854800e+02   9.8500000e-01   4.2888400e+02   1.2328900e+02
   4.2954000e+02   9.9300000e-01   4.2987200e+02   1.2295455e+02
   4.3054500e+02   1.0050000e+00   4.3087200e+02   1.2365562e+02
   4.3152700e+02   9.8300000e-01   4.3186500e+02   1.2408227e+02
   4.3253300e+02   1.0060000e+00   4.3287200e+02   1.2167245e+02
   4.3354300e+02   1.0100000e+00   4.3387000e+02   1.2212912e+02
   4.3453600e+02   9.9300000e-01   4.3487400e+02   1.2371780e+02
   4.3555900e+02   1.0220000e+00   4.3588700e+02   1.2222131e+02
   4.3656600e+02   1.0070000e+00   4.3690400e+02   1.2249574e+02
   4.3756400e+02   9.9800000e-01   4.3789400e+02   1.1538633e+02
   4.3859900e+02   1.0350000e+00   4.3894200e+02   1.1685066e+02
   4.3961500e+02   1.0160000e+00   4.3994300e+02   1.1917044e+02
   4.4060400e+02   9.8900000e-01   4.4095200e+02   1.1688068e+02
   4.4160500e+02   1.0010000e+00   4.4195300e+02   1.1923047e+02
   4.4262500e+02   1.0200000e+00   4.4294200e+02   1.2081701e+02
   4.4362200e+02   9.9700000e-01   4.4396100e+02   1.2359559e+02
   4.4459100e+02   9.6900000e-01   4.4491200e+02   1.1920045e+02
   4.4558200e+02   9.9100000e-01   4.4589800e+02   1.1996371e+02
   4.4655900e+02   9.7700000e-01   4.4689000e+02   1.2170247e+02
   4.4753300e+02   9.7400000e-01   4.4787300e+02   1.2963730e+02
   4.4852700e+02   9.9400000e-01   4.4885700e+02   1.2768414e+02
   4.4952700e+02   1.0000000e+00   4.4988200e+02   1.2640205e+02
   4.5052000e+02   9.9300000e-01   4.5081600e+02   1.2646422e+02
   4.5151600e+02   9.9500000e-01   4.5189300e+02   1.2255791e+02
   4.5253500e+02   1.0190000e+00   4.5299600e+02   1.2850743e+02
   4.5357600e+02   1.0410000e+00   4.5392700e+02   1.1404206e+02
   4.5460600e+02   1.0300000e+00   4.5493400e+02   1.1773612e+02
   4.5565900e+02   1.0530000e+00   4.5600100e+02   1.2338120e+02
   4.5669600e+02   1.0370000e+00   4.5703400e+02   1.2090920e+02
   4.5772100e+02   1.0250000e+00   4.5804000e+02   1.2328900e+02
   4.5875800e+02   1.0370000e+00   4.5906600e+02   1.1489751e+02
   4.5977200e+02   1.0140000e+00   4.6008800e+02   1.2167245e+02
   4.6076500e+02   9.9300000e-01   4.6108000e+02   1.2298456e+02
   4.6179200e+02   1.0270000e+00   4.6209600e+02   1.2371780e+02
   4.6282400e+02   1.0310000e+00   4.6313600e+02   1.2368564e+02
   4.6384600e+02   1.0230000e+00   4.6414500e+02   1.2405226e+02
   4.6487000e+02   1.0240000e+00   4.6517700e+02   1.2322897e+02
   4.6591000e+02   1.0400000e+00   4.6622100e+02   1.2249574e+02
   4.6692600e+02   1.0170000e+00   4.6723800e+02   1.2414445e+02
   4.6793100e+02   1.0050000e+00   4.6823700e+02   1.2554875e+02
   4.6887000e+02   9.3900000e-01   4.6918500e+02   1.2683084e+02
   4.6980200e+02   9.3200000e-01   4.7010400e+02   1.2722748e+02
   4.7078800e+02   9.8600000e-01   4.7109400e+02   1.3006395e+02
   4.7177400e+02   9.8600000e-01   4.7207900e+02   1.3241374e+02
   4.7273800e+02   9.6400000e-01   4.7304700e+02   1.3494791e+02
   4.7368200e+02   9.4300000e-01   4.7398700e+02   1.3699326e+02
   4.7464400e+02   9.6300000e-01   4.7494700e+02   1.3613782e+02
   4.7561800e+02   9.7300000e-01   4.7592500e+02   1.3537456e+02
   4.7657700e+02   9.6000000e-01   4.7690500e+02   1.2637203e+02
   4.7757000e+02   9.9200000e-01   4.7789400e+02   1.2557876e+02
   4.7857200e+02   1.0020000e+00   4.7890200e+02   1.2444889e+02
   4.7958700e+02   1.0150000e+00   4.7991200e+02   1.1996371e+02
   4.8058500e+02   9.9800000e-01   4.8091300e+02   1.2206909e+02
   4.8159200e+02   1.0070000e+00   4.8191400e+02   1.1685066e+02
   4.8260100e+02   1.0090000e+00   4.8292300e+02   1.1736950e+02
   4.8362800e+02   1.0280000e+00   4.8393400e+02   1.2368564e+02
   4.8464300e+02   1.0140000e+00   4.8494500e+02   1.2286235e+02
   4.8565000e+02   1.0070000e+00   4.8594300e+02   1.2371780e+02
   4.8668600e+02   1.0360000e+00   4.8699100e+02   1.2243570e+02
   4.8773600e+02   1.0490000e+00   4.8804300e+02   1.2170247e+02
   4.8878000e+02   1.0450000e+00   4.8909100e+02   1.2127582e+02
   4.8982500e+02   1.0450000e+00   4.9015000e+02   1.2087918e+02
   4.9089900e+02   1.0740000e+00   4.9120300e+02   1.1926048e+02
   4.9197300e+02   1.0740000e+00   4.9229000e+02   1.1733949e+02
   4.9304300e+02   1.0700000e+00   4.9334900e+02   1.1926048e+02
   4.9410100e+02   1.0580000e+00   4.9448700e+02   1.1855941e+02
   4.9517800e+02   1.0770000e+00   4.9552900e+02   1.2295455e+02
   4.9623100e+02   1.0530000e+00   4.9656300e+02   1.1019792e+02
   4.9726100e+02   1.0300000e+00   4.9763800e+02   1.1843720e+02
   4.9832100e+02   1.0600000e+00   4.9866100e+02   1.1614958e+02
   4.9939900e+02   1.0780000e+00   4.9974200e+02   1.1578297e+02
   5.0046100e+02   1.0610000e+00   5.0078000e+02   1.1764393e+02
   5.0150000e+02   1.0390000e+00   5.0180900e+02   1.1691069e+02
   5.0253900e+02   1.0390000e+00   5.0287000e+02   1.1535417e+02
   5.0358800e+02   1.0490000e+00   5.0390900e+02   1.0897800e+02
   5.0459600e+02   1.0090000e+00   5.0494100e+02   1.0940465e+02
   5.0560500e+02   1.0080000e+00   5.0594900e+02   1.0983130e+02
   5.0660600e+02   1.0020000e+00   5.0694100e+02   1.1450087e+02
   5.0759100e+02   9.8500000e-01   5.0792100e+02   1.1538633e+02
   5.0858800e+02   9.9700000e-01   5.0890800e+02   1.1923047e+02
   5.0961400e+02   1.0260000e+00   5.0994900e+02   1.1572079e+02
   5.1064500e+02   1.0310000e+00   5.1093900e+02   1.1807058e+02
   5.1165300e+02   1.0080000e+00   5.1196000e+02   1.1727731e+02
   5.1267300e+02   1.0200000e+00   5.1298000e+02   1.1575295e+02
   5.1369800e+02   1.0250000e+00   5.1400300e+02   1.1413425e+02
   5.1472200e+02   1.0240000e+00   5.1501900e+02   1.1614958e+02
   5.1574500e+02   1.0240000e+00   5.1603800e+02   1.1529414e+02
   5.1678800e+02   1.0420000e+00   5.1709800e+02   1.1450087e+02
   5.1781700e+02   1.0290000e+00   5.1813700e+02   1.1459306e+02
   5.1882200e+02   1.0050000e+00   5.1912500e+02   1.1614958e+02
   5.1985000e+02   1.0280000e+00   5.2015700e+02   1.1492752e+02
   5.2088000e+02   1.0300000e+00   5.2118800e+02   1.1523411e+02
   5.2188700e+02   1.0080000e+00   5.2219600e+02   1.1614958e+02
   5.2290700e+02   1.0190000e+00   5.2320300e+02   1.1694285e+02
   5.2394700e+02   1.0400000e+00   5.2425600e+02   1.1614958e+02
   5.2496300e+02   1.0160000e+00   5.2527600e+02   1.1691069e+02
   5.2595500e+02   9.9200000e-01   5.2626400e+02   1.1886385e+02
   5.2695000e+02   9.9500000e-01   5.2726300e+02   1.1773612e+02
   5.2796300e+02   1.0130000e+00   5.2826400e+02   1.1688068e+02
   5.2896700e+02   1.0050000e+00   5.2928000e+02   1.1620962e+02
   5.2998400e+02   1.0170000e+00   5.3029300e+02   1.1529414e+02
   5.3100500e+02   1.0200000e+00   5.3131500e+02   1.1404206e+02
   5.3199300e+02   9.8900000e-01   5.3230200e+02   1.1453089e+02
   5.3299500e+02   1.0020000e+00   5.3330200e+02   1.1367759e+02
   5.3402100e+02   1.0260000e+00   5.3433800e+02   1.1331097e+02
   5.3504900e+02   1.0280000e+00   5.3537500e+02   1.1450087e+02
   5.3605400e+02   1.0050000e+00   5.3636300e+02   1.1450087e+02
   5.3708400e+02   1.0300000e+00   5.3739500e+02   1.1370760e+02
   5.3812800e+02   1.0430000e+00   5.3845000e+02   1.1248554e+02
   5.3917200e+02   1.0440000e+00   5.3948100e+02   1.1285216e+02
   5.4021500e+02   1.0430000e+00   5.4051300e+02   1.1205889e+02
   5.4126400e+02   1.0490000e+00   5.4157500e+02   1.1132780e+02
   5.4230200e+02   1.0380000e+00   5.4261400e+02   1.1138783e+02
   5.4332300e+02   1.0220000e+00   5.4363400e+02   1.1208890e+02
   5.4437100e+02   1.0480000e+00   5.4467200e+02   1.1172443e+02
   5.4541500e+02   1.0440000e+00   5.4572100e+02   1.1135781e+02
   5.4643900e+02   1.0240000e+00   5.4675900e+02   1.0735931e+02
   5.4749600e+02   1.0570000e+00   5.4779300e+02   1.1199886e+02
   5.4853500e+02   1.0390000e+00   5.4888300e+02   1.1251770e+02
   5.4956700e+02   1.0320000e+00   5.4989900e+02   1.1053453e+02
   5.5060800e+02   1.0410000e+00   5.5095100e+02   1.1123560e+02
   5.5165900e+02   1.0510000e+00   5.5194800e+02   1.1569077e+02
   5.5271200e+02   1.0530000e+00   5.5301800e+02   1.1694285e+02
   5.5378400e+02   1.0720000e+00   5.5407900e+02   1.1532416e+02
   5.5484100e+02   1.0570000e+00   5.5514800e+02   1.0973911e+02
   5.5584300e+02   1.0020000e+00   5.5614100e+02   1.1578297e+02
   5.5685200e+02   1.0090000e+00   5.5716800e+02   1.1575295e+02
   5.5786000e+02   1.0070000e+00   5.5818000e+02   1.1773612e+02
   5.5884200e+02   9.8200000e-01   5.5913700e+02   1.1929264e+02
   5.5985800e+02   1.0160000e+00   5.6017100e+02   1.1886385e+02
   5.6085100e+02   9.9300000e-01   5.6115700e+02   1.1810274e+02
   5.6183200e+02   9.8100000e-01   5.6213900e+02   1.1807058e+02
   5.6283900e+02   1.0060000e+00   5.6314600e+02   1.1733949e+02
   5.6387400e+02   1.0350000e+00   5.6419000e+02   1.1654622e+02
   5.6490400e+02   1.0300000e+00   5.6520900e+02   1.1691069e+02
   5.6593700e+02   1.0330000e+00   5.6623700e+02   1.1532416e+02
   5.6698700e+02   1.0510000e+00   5.6729900e+02   1.1367759e+02
   5.6802600e+02   1.0390000e+00   5.6835700e+02   1.1343317e+02
   5.6908500e+02   1.0590000e+00   5.6938500e+02   1.1212106e+02
   5.7014200e+02   1.0570000e+00   5.7045700e+02   1.1172443e+02
   5.7115900e+02   1.0160000e+00   5.7146400e+02   1.1285216e+02
   5.7217000e+02   1.0120000e+00   5.7247700e+02   1.1291433e+02
   5.7317500e+02   1.0050000e+00   5.7347500e+02   1.1291433e+02
   5.7417600e+02   1.0010000e+00   5.7448300e+02   1.1367759e+02
   5.7520300e+02   1.0270000e+00   5.7550500e+02   1.1410424e+02
   5.7624700e+02   1.0450000e+00   5.7654600e+02   1.1288432e+02
   5.7727500e+02   1.0280000e+00   5.7758400e+02   1.1410424e+02
   5.7830800e+02   1.0320000e+00   5.7860500e+02   1.1410424e+02
   5.7933900e+02   1.0310000e+00   5.7965000e+02   1.1324879e+02
   5.8035000e+02   1.0110000e+00   5.8064200e+02   1.1328095e+02
   5.8134300e+02   9.9400000e-01   5.8165300e+02   1.1407422e+02
   5.8234600e+02   1.0020000e+00   5.8263100e+02   1.1318876e+02
   5.8333100e+02   9.8600000e-01   5.8363900e+02   1.1376763e+02
   5.8431400e+02   9.8300000e-01   5.8462300e+02   1.1486749e+02
   5.8531100e+02   9.9700000e-01   5.8562300e+02   1.1459306e+02
   5.8630900e+02   9.9800000e-01   5.8661300e+02   1.1495754e+02
   5.8730800e+02   9.9900000e-01   5.8762000e+02   1.1538633e+02
   5.8834800e+02   1.0400000e+00   5.8866600e+02   1.1416427e+02
   5.8939000e+02   1.0420000e+00   5.8969300e+02   1.1328095e+02
   5.9043800e+02   1.0490000e+00   5.9077400e+02   1.1178446e+02
   5.9151400e+02   1.0750000e+00   5.9181200e+02   1.1093116e+02
   5.9256100e+02   1.0470000e+00   5.9289400e+02   1.1013575e+02
   5.9361700e+02   1.0560000e+00   5.9395300e+02   1.1099119e+02
   5.9467500e+02   1.0580000e+00   5.9498800e+02   1.1410424e+02
   5.9570500e+02   1.0300000e+00   5.9602200e+02   1.1492752e+02
   5.9675500e+02   1.0500000e+00   5.9706100e+02   1.1364543e+02
   5.9780700e+02   1.0510000e+00   5.9811700e+02   1.1367759e+02
   5.9885000e+02   1.0430000e+00   5.9916100e+02   1.1575295e+02
   5.9983700e+02   9.8700000e-01   6.0016300e+02   1.1733949e+02
   6.0079500e+02   9.5800000e-01   6.0109900e+02   1.1886385e+02
   6.0178400e+02   9.8800000e-01   6.0209500e+02   1.2048255e+02
   6.0276400e+02   9.8100000e-01   6.0307900e+02   1.2365562e+02
   6.0372900e+02   9.6500000e-01   6.0403800e+02   1.2640205e+02
   6.0469000e+02   9.6100000e-01   6.0501200e+02   1.2689087e+02
   6.0564100e+02   9.5100000e-01   6.0595100e+02   1.2762411e+02
   6.0656600e+02   9.2500000e-01   6.0689800e+02   1.2762411e+02
   6.0753100e+02   9.6500000e-01   6.0786900e+02   1.3049274e+02
   6.0851600e+02   9.8500000e-01   6.0886600e+02   1.2814295e+02
   6.0951500e+02   9.9900000e-01   6.0981700e+02   1.2634202e+02
   6.1052400e+02   1.0080000e+00   6.1087800e+02   1.2441888e+02
   6.1155700e+02   1.0340000e+00   6.1189100e+02   1.2130583e+02
   6.1259300e+02   1.0360000e+00   6.1293200e+02   1.1538633e+02
   6.1362000e+02   1.0270000e+00   6.1394900e+02   1.1724730e+02
   6.1463700e+02   1.0170000e+00   6.1491500e+02   1.1810274e+02
   6.1563900e+02   1.0020000e+00   6.1594700e+02   1.1923047e+02
   6.1666600e+02   1.0270000e+00   6.1695300e+02   1.1892603e+02
   6.1771100e+02   1.0450000e+00   6.1802800e+02   1.1779615e+02
   6.1878100e+02   1.0700000e+00   6.1908800e+02   1.1614958e+02
   6.1985100e+02   1.0700000e+00   6.2015600e+02   1.1529414e+02
   6.2089200e+02   1.0420000e+00   6.2119600e+02   1.1572079e+02
   6.2193600e+02   1.0430000e+00   6.2227600e+02   1.0693266e+02
   6.2298800e+02   1.0530000e+00   6.2330700e+02   1.1450087e+02
   6.2404000e+02   1.0520000e+00   6.2434800e+02   1.1410424e+02
   6.2508700e+02   1.0470000e+00   6.2539700e+02   1.1453089e+02
   6.2615200e+02   1.0650000e+00   6.2646200e+02   1.1364543e+02
   6.2723500e+02   1.0820000e+00   6.2753800e+02   1.1413425e+02
   6.2830800e+02   1.0730000e+00   6.2861600e+02   1.1367759e+02
   6.2936400e+02   1.0560000e+00   6.2967100e+02   1.1529414e+02
   6.3041700e+02   1.0530000e+00   6.3073600e+02   1.1575295e+02
   6.3148200e+02   1.0650000e+00   6.3178500e+02   1.1614958e+02
   6.3253400e+02   1.0520000e+00   6.3285200e+02   1.1459306e+02
   6.3356000e+02   1.0260000e+00   6.3389500e+02   1.1535417e+02
   6.3461000e+02   1.0500000e+00   6.3495500e+02   1.0977127e+02
   6.3566200e+02   1.0530000e+00   6.3597400e+02   1.1331097e+02
   6.3668500e+02   1.0230000e+00   6.3698900e+02   1.1328095e+02
   6.3771000e+02   1.0250000e+00   6.3801400e+02   1.1370760e+02
   6.3873900e+02   1.0290000e+00   6.3906300e+02   1.0723710e+02
   6.3977400e+02   1.0350000e+00   6.4007400e+02   1.1288432e+02
   6.4077500e+02   1.0010000e+00   6.4108700e+02   1.1324879e+02
   6.4180900e+02   1.0330000e+00   6.4212200e+02   1.1254771e+02
   6.4284600e+02   1.0370000e+00   6.4315400e+02   1.1215108e+02
   6.4388800e+02   1.0430000e+00   6.4420400e+02   1.1212106e+02
   6.4493500e+02   1.0470000e+00   6.4523700e+02   1.1254771e+02
   6.4598300e+02   1.0480000e+00   6.4629200e+02   1.1260775e+02
   6.4706000e+02   1.0770000e+00   6.4737100e+02   1.1208890e+02
   6.4809500e+02   1.0350000e+00   6.4839800e+02   1.1413425e+02
   6.4914200e+02   1.0480000e+00   6.4945300e+02   1.1416427e+02
   6.5017700e+02   1.0340000e+00   6.5049100e+02   1.1404206e+02
   6.5118500e+02   1.0080000e+00   6.5150000e+02   1.1578297e+02
   6.5218900e+02   1.0050000e+00   6.5250100e+02   1.1453089e+02
   6.5319500e+02   1.0060000e+00   6.5350000e+02   1.1535417e+02
   6.5421300e+02   1.0180000e+00   6.5451000e+02   1.1572079e+02
   6.5523100e+02   1.0180000e+00   6.5555100e+02   1.1578297e+02
   6.5629500e+02   1.0650000e+00   6.5660800e+02   1.1486749e+02
   6.5735400e+02   1.0590000e+00   6.5766900e+02   1.1450087e+02
   6.5839800e+02   1.0430000e+00   6.5871100e+02   1.1654622e+02
   6.5943600e+02   1.0380000e+00   6.5973900e+02   1.1657623e+02
   6.6049200e+02   1.0560000e+00   6.6080500e+02   1.1489751e+02
   6.6154900e+02   1.0570000e+00   6.6187800e+02   1.1572079e+02
   6.6257700e+02   1.0280000e+00   6.6289800e+02   1.1019792e+02
   6.6361400e+02   1.0370000e+00   6.6391000e+02   1.1443870e+02
   6.6464900e+02   1.0350000e+00   6.6493900e+02   1.1370760e+02
   6.6566900e+02   1.0200000e+00   6.6597800e+02   1.1331097e+02
   6.6671200e+02   1.0430000e+00   6.6702100e+02   1.1324879e+02
   6.6776200e+02   1.0500000e+00   6.6806600e+02   1.1050237e+02
   6.6879400e+02   1.0330000e+00   6.6910400e+02   1.1294435e+02
   6.6982400e+02   1.0300000e+00   6.7013300e+02   1.1334098e+02
   6.7085500e+02   1.0300000e+00   6.7114000e+02   1.1279213e+02
   6.7186100e+02   1.0060000e+00   6.7216700e+02   1.1443870e+02
   6.7285000e+02   9.9000000e-01   6.7316300e+02   1.1410424e+02
   6.7383600e+02   9.8600000e-01   6.7412900e+02   1.1541635e+02
   6.7484900e+02   1.0130000e+00   6.7515400e+02   1.1486749e+02
   6.7584800e+02   9.9900000e-01   6.7615700e+02   1.1489751e+02
   6.7682700e+02   9.7900000e-01   6.7714900e+02   1.1691069e+02
   6.7781600e+02   9.9000000e-01   6.7812800e+02   1.1733949e+02
   6.7881000e+02   9.9400000e-01   6.7911300e+02   1.1733949e+02
   6.7982500e+02   1.0150000e+00   6.8014300e+02   1.1779615e+02
   6.8081600e+02   9.9000000e-01   6.8114700e+02   1.1855941e+02
   6.8182100e+02   1.0050000e+00   6.8212400e+02   1.1819279e+02
   6.8282200e+02   1.0010000e+00   6.8313000e+02   1.1965926e+02
   6.8381000e+02   9.8800000e-01   6.8412500e+02   1.2051256e+02
   6.8479900e+02   9.8900000e-01   6.8511300e+02   1.2173248e+02
   6.8579000e+02   9.9100000e-01   6.8610600e+02   1.1968928e+02
   6.8677700e+02   9.8700000e-01   6.8709000e+02   1.1773612e+02
   6.8776300e+02   9.8600000e-01   6.8807500e+02   1.1810274e+02
   6.8876900e+02   1.0060000e+00   6.8907000e+02   1.1654622e+02
   6.8980900e+02   1.0400000e+00   6.9011400e+02   1.1617960e+02
   6.9082300e+02   1.0150000e+00   6.9114900e+02   1.1623963e+02
   6.9183200e+02   1.0090000e+00   6.9214100e+02   1.1614958e+02
   6.9286200e+02   1.0300000e+00   6.9317500e+02   1.1498970e+02
   6.9389300e+02   1.0300000e+00   6.9420100e+02   1.1401205e+02
   6.9490400e+02   1.0110000e+00   6.9522400e+02   1.1398203e+02
   6.9591000e+02   1.0070000e+00   6.9621000e+02   1.1367759e+02
   6.9692800e+02   1.0180000e+00   6.9725100e+02   1.1367759e+02
   6.9790900e+02   9.8100000e-01   6.9821500e+02   1.1370760e+02
   6.9890400e+02   9.9500000e-01   6.9921000e+02   1.1404206e+02
   6.9991000e+02   1.0060000e+00   7.0021100e+02   1.1373762e+02
   7.0090400e+02   9.9300000e-01   7.0122000e+02   1.1407422e+02
   7.0190000e+02   9.9700000e-01   7.0220800e+02   1.1450087e+02
   7.0293400e+02   1.0330000e+00   7.0323300e+02   1.1459306e+02
   7.0393800e+02   1.0050000e+00   7.0426200e+02   1.1373762e+02
   7.0492900e+02   9.9100000e-01   7.0524200e+02   1.1248554e+02
   7.0592800e+02   9.9800000e-01   7.0625000e+02   1.0693266e+02
   7.0693600e+02   1.0080000e+00   7.0723700e+02   1.1251770e+02
   7.0791700e+02   9.8100000e-01   7.0822100e+02   1.1328095e+02
   7.0890800e+02   9.9000000e-01   7.0922000e+02   1.1251770e+02
   7.0994700e+02   1.0400000e+00   7.1025000e+02   1.1251770e+02
   7.1096700e+02   1.0200000e+00   7.1127800e+02   1.1291433e+02
   7.1193100e+02   9.6400000e-01   7.1223200e+02   1.1328095e+02
   7.1288700e+02   9.5600000e-01   7.1319200e+02   1.1370760e+02
   7.1384400e+02   9.5700000e-01   7.1413800e+02   1.1614958e+02
   7.1477000e+02   9.2600000e-01   7.1508500e+02   1.1733949e+02
   7.1560700e+02   8.3700000e-01   7.1594000e+02   1.1614958e+02
   7.1646000e+02   8.5300000e-01   7.1678000e+02   1.2087918e+02
   7.1736600e+02   9.0600000e-01   7.1766700e+02   1.2139802e+02
   7.1832800e+02   9.6200000e-01   7.1862500e+02   1.2008591e+02
   7.1931300e+02   9.8500000e-01   7.1962900e+02   1.1620962e+02
   7.2031200e+02   1.0000000e+00   7.2062200e+02   1.1218110e+02
   7.2131100e+02   9.9900000e-01   7.2162800e+02   1.1059456e+02
   7.2228200e+02   9.7100000e-01   7.2259700e+02   1.1208890e+02
   7.2324000e+02   9.5800000e-01   7.2355900e+02   1.1205889e+02
   7.2423200e+02   9.9200000e-01   7.2455400e+02   1.1202887e+02
   7.2521300e+02   9.8100000e-01   7.2551500e+02   1.1096118e+02
   7.2620600e+02   9.9300000e-01   7.2652500e+02   1.1135781e+02
   7.2720100e+02   9.9500000e-01   7.2751400e+02   1.1208890e+02
   7.2819400e+02   9.9300000e-01   7.2849900e+02   1.1218110e+02
   7.2919100e+02   9.9700000e-01   7.2949200e+02   1.1291433e+02
   7.3017800e+02   9.8700000e-01   7.3048600e+02   1.1532416e+02
   7.3119000e+02   1.0120000e+00   7.3147800e+02   1.1578297e+02
   7.3221200e+02   1.0220000e+00   7.3251600e+02   1.1489751e+02
   7.3325600e+02   1.0440000e+00   7.3357200e+02   1.1462308e+02
   7.3429200e+02   1.0360000e+00   7.3460800e+02   1.1453089e+02
   7.3533500e+02   1.0430000e+00   7.3564500e+02   1.1361541e+02
   7.3638800e+02   1.0530000e+00   7.3669100e+02   1.1257773e+02
   7.3741800e+02   1.0300000e+00   7.3773300e+02   1.1132780e+02
   7.3842900e+02   1.0120000e+00   7.3874100e+02   1.1166225e+02
   7.3943700e+02   1.0070000e+00   7.3974400e+02   1.1245552e+02
   7.4047500e+02   1.0380000e+00   7.4078300e+02   1.1089900e+02
   7.4152800e+02   1.0530000e+00   7.4183000e+02   1.1062457e+02
   7.4257300e+02   1.0450000e+00   7.4289700e+02   1.0653602e+02
   7.4358200e+02   1.0080000e+00   7.4390600e+02   1.0607721e+02
   7.4462300e+02   1.0420000e+00   7.4493100e+02   1.0977127e+02
   7.4566300e+02   1.0400000e+00   7.4595100e+02   1.0900802e+02
   7.4672600e+02   1.0630000e+00   7.4703600e+02   1.0861138e+02
   7.4777600e+02   1.0500000e+00   7.4810400e+02   1.0888581e+02
   7.4884000e+02   1.0630000e+00   7.4915300e+02   1.0858137e+02
   7.4992100e+02   1.0820000e+00   7.5023300e+02   1.0812256e+02
   7.5099300e+02   1.0720000e+00   7.5130300e+02   1.0735931e+02
   7.5205000e+02   1.0570000e+00   7.5236000e+02   1.0775594e+02
   7.5309100e+02   1.0410000e+00   7.5340200e+02   1.0854921e+02
   7.5414100e+02   1.0510000e+00   7.5444700e+02   1.0766375e+02
   7.5520600e+02   1.0640000e+00   7.5552100e+02   1.0864140e+02
   7.5627600e+02   1.0710000e+00   7.5658900e+02   1.0973911e+02
   7.5734300e+02   1.0670000e+00   7.5765100e+02   1.1053453e+02
   7.5843100e+02   1.0880000e+00   7.5875900e+02   1.1016791e+02
   7.5950500e+02   1.0740000e+00   7.5981200e+02   1.1062457e+02
   7.6055200e+02   1.0470000e+00   7.6088700e+02   1.1132780e+02
   7.6163200e+02   1.0800000e+00   7.6194100e+02   1.1010573e+02
   7.6270200e+02   1.0690000e+00   7.6301200e+02   1.0973911e+02
   7.6373300e+02   1.0310000e+00   7.6405900e+02   1.1056454e+02
   7.6473700e+02   1.0050000e+00   7.6504000e+02   1.1172443e+02
   7.6577000e+02   1.0320000e+00   7.6606600e+02   1.1208890e+02
   7.6682200e+02   1.0520000e+00   7.6714600e+02   1.1245552e+02
   7.6787100e+02   1.0490000e+00   7.6817200e+02   1.1416427e+02
   7.6890800e+02   1.0370000e+00   7.6922000e+02   1.1657623e+02
   7.6994800e+02   1.0400000e+00   7.7026000e+02   1.1450087e+02
   7.7097500e+02   1.0270000e+00   7.7127900e+02   1.1328095e+02
   7.7200600e+02   1.0310000e+00   7.7232000e+02   1.1328095e+02
   7.7302300e+02   1.0160000e+00   7.7331800e+02   1.1208890e+02
   7.7396000e+02   9.3700000e-01   7.7426800e+02   1.1181448e+02
   7.7510900e+02   1.1490000e+00   7.7539900e+02   1.1099119e+02
   7.7615100e+02   1.0420000e+00   7.7646600e+02   1.1099119e+02
   7.7718900e+02   1.0380000e+00   7.7748400e+02   1.1102121e+02
   7.7824300e+02   1.0540000e+00   7.7855800e+02   1.0977127e+02
   7.7930600e+02   1.0630000e+00   7.7960700e+02   1.0977127e+02
   7.8036100e+02   1.0560000e+00   7.8067600e+02   1.1172443e+02
   7.8142000e+02   1.0590000e+00   7.8172400e+02   1.1099119e+02
   7.8249700e+02   1.0770000e+00   7.8280000e+02   1.1022794e+02
   7.8357800e+02   1.0810000e+00   7.8392900e+02   1.0421625e+02
   7.8462900e+02   1.0510000e+00   7.8495600e+02   1.1050237e+02
   7.8570300e+02   1.0740000e+00   7.8601700e+02   1.0977127e+02
   7.8677500e+02   1.0720000e+00   7.8708800e+02   1.0983130e+02
   7.8781300e+02   1.0370000e+00   7.8813500e+02   1.0973911e+02
   7.8883800e+02   1.0250000e+00   7.8916600e+02   1.1138783e+02
   7.8988000e+02   1.0420000e+00   7.9018000e+02   1.1205889e+02
   7.9093600e+02   1.0570000e+00   7.9126000e+02   1.1404206e+02
   7.9197000e+02   1.0340000e+00   7.9227700e+02   1.1694285e+02
   7.9299600e+02   1.0270000e+00   7.9331000e+02   1.1846722e+02
   7.9404200e+02   1.0450000e+00   7.9435000e+02   1.1807058e+02
   7.9509600e+02   1.0540000e+00   7.9541600e+02   1.1617960e+02
   7.9611800e+02   1.0230000e+00   7.9644500e+02   1.1535417e+02
   7.9715900e+02   1.0410000e+00   7.9747500e+02   1.1410424e+02
   7.9818700e+02   1.0280000e+00   7.9850400e+02   1.1328095e+02
   7.9922000e+02   1.0330000e+00   7.9952900e+02   1.1297436e+02
   8.0024600e+02   1.0260000e+00   8.0054300e+02   1.1288432e+02
   8.0129700e+02   1.0500000e+00   8.0175000e+02   1.1135781e+02
   8.0234800e+02   1.0510000e+00   8.0281000e+02   1.1742953e+02
   8.0339000e+02   1.0420000e+00   8.0372200e+02   1.0345299e+02
   8.0443200e+02   1.0430000e+00   8.0490900e+02   1.1254771e+02
   8.0551000e+02   1.0780000e+00   8.0589500e+02   1.0778596e+02
   8.0657500e+02   1.0660000e+00   8.0692700e+02   1.0861138e+02
   8.0763300e+02   1.0580000e+00   8.0795300e+02   1.1279213e+02
   8.0871100e+02   1.0780000e+00   8.0902800e+02   1.1218110e+02
   8.0977100e+02   1.0600000e+00   8.1006800e+02   1.1212106e+02
   8.1083900e+02   1.0680000e+00   8.1114300e+02   1.1215108e+02
   8.1193400e+02   1.0950000e+00   8.1224900e+02   1.1025795e+02
   8.1301100e+02   1.0770000e+00   8.1336200e+02   1.0864140e+02
   8.1405500e+02   1.0440000e+00   8.1438200e+02   1.0940465e+02
   8.1513100e+02   1.0760000e+00   8.1544100e+02   1.0818259e+02
   8.1619600e+02   1.0640000e+00   8.1651400e+02   1.0815258e+02
   8.1723100e+02   1.0350000e+00   8.1755800e+02   1.0937464e+02
   8.1829900e+02   1.0680000e+00   8.1861700e+02   1.0891583e+02
   8.1937400e+02   1.0750000e+00   8.1970300e+02   1.0943467e+02
   8.2043500e+02   1.0610000e+00   8.2074700e+02   1.1059456e+02
   8.2150100e+02   1.0660000e+00   8.2181600e+02   1.1013575e+02
   8.2257200e+02   1.0710000e+00   8.2291100e+02   1.0613939e+02
   8.2363300e+02   1.0620000e+00   8.2394700e+02   1.0858137e+02
   8.2468800e+02   1.0550000e+00   8.2500700e+02   1.0421625e+02
   8.2573800e+02   1.0500000e+00   8.2604800e+02   1.0696267e+02
   8.2675400e+02   1.0150000e+00   8.2706800e+02   1.0693266e+02
   8.2777700e+02   1.0240000e+00   8.2808900e+02   1.0732929e+02
   8.2880300e+02   1.0260000e+00   8.2911500e+02   1.0769591e+02
   8.2979800e+02   9.9400000e-01   8.3013900e+02   1.0500951e+02
   8.3082900e+02   1.0310000e+00   8.3114800e+02   1.0772593e+02
   8.3185300e+02   1.0250000e+00   8.3217100e+02   1.0693266e+02
   8.3286600e+02   1.0130000e+00   8.3317200e+02   1.0775594e+02
   8.3391000e+02   1.0440000e+00   8.3422500e+02   1.0656604e+02
   8.3494300e+02   1.0330000e+00   8.3526900e+02   1.0574275e+02
   8.3593800e+02   9.9500000e-01   8.3624600e+02   1.0534612e+02
   8.3694500e+02   1.0060000e+00   8.3725300e+02   1.0577277e+02
   8.3795900e+02   1.0140000e+00   8.3826700e+02   1.0583280e+02
   8.3896700e+02   1.0070000e+00   8.3926600e+02   1.0610937e+02
   8.3998700e+02   1.0210000e+00   8.4030800e+02   1.0732929e+02
   8.4101300e+02   1.0250000e+00   8.4131400e+02   1.0815258e+02
   8.4204400e+02   1.0320000e+00   8.4234800e+02   1.0897800e+02
   8.4303800e+02   9.9300000e-01   8.4334300e+02   1.1013575e+02
   8.4399400e+02   9.5600000e-01   8.4430200e+02   1.1215108e+02
   8.4489900e+02   9.0600000e-01   8.4521500e+02   1.1450087e+02
   8.4580400e+02   9.0500000e-01   8.4613700e+02   1.1575295e+02
   8.4674900e+02   9.4500000e-01   8.4705200e+02   1.1810274e+02
   8.4770800e+02   9.5900000e-01   8.4802500e+02   1.1956707e+02
   8.4867800e+02   9.7000000e-01   8.4899200e+02   1.1962710e+02
   8.4963000e+02   9.5100000e-01   8.4996000e+02   1.1779615e+02
   8.5059200e+02   9.6300000e-01   8.5092000e+02   1.2008591e+02
   8.5155300e+02   9.6000000e-01   8.5189600e+02   1.2408227e+02
   8.5252200e+02   9.6900000e-01   8.5287400e+02   1.2438886e+02
   8.5352100e+02   9.9900000e-01   8.5382300e+02   1.2335118e+02
   8.5455300e+02   1.0320000e+00   8.5489500e+02   1.2093921e+02
   8.5560700e+02   1.0540000e+00   8.5593100e+02   1.1776614e+02
   8.5666800e+02   1.0620000e+00   8.5698300e+02   1.1538633e+02
   8.5773000e+02   1.0620000e+00   8.5805100e+02   1.1321878e+02
   8.5878400e+02   1.0540000e+00   8.5911100e+02   1.1239549e+02
   8.5986400e+02   1.0800000e+00   8.6018300e+02   1.1062457e+02
   8.6093700e+02   1.0720000e+00   8.6123900e+02   1.0973911e+02
   8.6201700e+02   1.0810000e+00   8.6233400e+02   1.0973911e+02
   8.6308500e+02   1.0680000e+00   8.6338800e+02   1.0977127e+02
   8.6411400e+02   1.0290000e+00   8.6444700e+02   1.1096118e+02
   8.6515200e+02   1.0380000e+00   8.6544700e+02   1.1208890e+02
   8.6622400e+02   1.0720000e+00   8.6654400e+02   1.1224327e+02
   8.6728500e+02   1.0620000e+00   8.6760000e+02   1.1251770e+02
   8.6833400e+02   1.0490000e+00   8.6864000e+02   1.1248554e+02
   8.6940500e+02   1.0710000e+00   8.6970800e+02   1.1248554e+02
   8.7051000e+02   1.1050000e+00   8.7082200e+02   1.1135781e+02
   8.7158200e+02   1.0720000e+00   8.7192200e+02   1.0656604e+02
   8.7268500e+02   1.1030000e+00   8.7300200e+02   1.0812256e+02
   8.7378300e+02   1.0980000e+00   8.7409800e+02   1.0650601e+02
   8.7485200e+02   1.0700000e+00   8.7517100e+02   1.0577277e+02
   8.7588900e+02   1.0360000e+00   8.7619600e+02   1.0845916e+02
   8.7692400e+02   1.0350000e+00   8.7723700e+02   1.0894584e+02
   8.7797900e+02   1.0550000e+00   8.7829400e+02   1.0973911e+02
   8.7905700e+02   1.0780000e+00   8.7936600e+02   1.0980129e+02
   8.8010700e+02   1.0500000e+00   8.8040700e+02   1.0888581e+02
   8.8119400e+02   1.0870000e+00   8.8150700e+02   1.0818259e+02
   8.8226900e+02   1.0750000e+00   8.8258600e+02   1.0653602e+02
   8.8330500e+02   1.0360000e+00   8.8361800e+02   1.0806253e+02
   8.8436400e+02   1.0590000e+00   8.8466900e+02   1.0778596e+02
   8.8544300e+02   1.0790000e+00   8.8575500e+02   1.0729928e+02
   8.8649500e+02   1.0520000e+00   8.8681100e+02   1.0772593e+02
   8.8754900e+02   1.0540000e+00   8.8789000e+02   1.0809254e+02
   8.8861100e+02   1.0620000e+00   8.8896800e+02   1.0534612e+02
   8.8967000e+02   1.0600000e+00   8.8997800e+02   1.0815258e+02
   8.9075300e+02   1.0830000e+00   8.9105400e+02   1.0778596e+02
   8.9185800e+02   1.1050000e+00   8.9216800e+02   1.0729928e+02
   8.9293100e+02   1.0730000e+00   8.9325300e+02   1.0854921e+02
   8.9402100e+02   1.0900000e+00   8.9432600e+02   1.0732929e+02
   8.9511700e+02   1.0960000e+00   8.9542600e+02   1.0690264e+02
   8.9616800e+02   1.0510000e+00   8.9648300e+02   1.0732929e+02
   8.9723300e+02   1.0640000e+00   8.9755600e+02   1.0653602e+02
   8.9828300e+02   1.0510000e+00   8.9860400e+02   1.0738932e+02
   8.9931600e+02   1.0330000e+00   8.9962300e+02   1.0775594e+02
   9.0035700e+02   1.0410000e+00   9.0067000e+02   1.0766375e+02
   9.0140800e+02   1.0510000e+00   9.0172600e+02   1.0729928e+02
   9.0242100e+02   1.0140000e+00   9.0273000e+02   1.0940465e+02
   9.0347300e+02   1.0520000e+00   9.0379400e+02   1.0940465e+02
   9.0451500e+02   1.0420000e+00   9.0482600e+02   1.1099119e+02
   9.0552400e+02   1.0090000e+00   9.0584500e+02   1.1251770e+02
   9.0658200e+02   1.0580000e+00   9.0692400e+02   1.1096118e+02
   9.0764100e+02   1.0590000e+00   9.0792800e+02   1.1224327e+02
   9.0866800e+02   1.0260000e+00   9.0897800e+02   1.1212106e+02
   9.0971600e+02   1.0490000e+00   9.1004200e+02   1.1099119e+02
   9.1079000e+02   1.0730000e+00   9.1110300e+02   1.1022794e+02
   9.1184400e+02   1.0540000e+00   9.1216300e+02   1.1129564e+02
   9.1290700e+02   1.0630000e+00   9.1322000e+02   1.0977127e+02
   9.1397100e+02   1.0640000e+00   9.1428400e+02   1.0937464e+02
   9.1500600e+02   1.0350000e+00   9.1533100e+02   1.0934248e+02
   9.1606300e+02   1.0570000e+00   9.1637200e+02   1.0818259e+02
   9.1712800e+02   1.0650000e+00   9.1745900e+02   1.0766375e+02
   9.1818100e+02   1.0530000e+00   9.1849300e+02   1.0812256e+02
   9.1921800e+02   1.0370000e+00   9.1951900e+02   1.0809254e+02
   9.2026000e+02   1.0410000e+00   9.2056900e+02   1.0861138e+02
   9.2129400e+02   1.0340000e+00   9.2161300e+02   1.0943467e+02
   9.2232400e+02   1.0300000e+00   9.2263900e+02   1.0946468e+02
   9.2336300e+02   1.0390000e+00   9.2368700e+02   1.0894584e+02
   9.2440100e+02   1.0380000e+00   9.2470200e+02   1.0854921e+02
   9.2541700e+02   1.0160000e+00   9.2573300e+02   1.0815258e+02
   9.2637900e+02   9.6200000e-01   9.2669700e+02   1.0854921e+02
   9.2733700e+02   9.5800000e-01   9.2764900e+02   1.1056454e+02
   9.2836900e+02   1.0320000e+00   9.2868100e+02   1.1212106e+02
   9.2941500e+02   1.0460000e+00   9.2974500e+02   1.1288432e+02
   9.3042900e+02   1.0140000e+00   9.3073600e+02   1.1254771e+02
   9.3141400e+02   9.8500000e-01   9.3173800e+02   1.1248554e+02
   9.3240600e+02   9.9200000e-01   9.3272000e+02   1.1218110e+02
   9.3341800e+02   1.0120000e+00   9.3372700e+02   1.1053453e+02
   9.3444700e+02   1.0290000e+00   9.3474800e+02   1.0940465e+02
   9.3548000e+02   1.0330000e+00   9.3579900e+02   1.0854921e+02
   9.3652300e+02   1.0430000e+00   9.3683300e+02   1.0818259e+02
   9.3758100e+02   1.0580000e+00   9.3790600e+02   1.0491732e+02
   9.3861000e+02   1.0280000e+00   9.3895800e+02   1.0418623e+02
   9.3963300e+02   1.0240000e+00   9.3993900e+02   1.0693266e+02
   9.4067600e+02   1.0420000e+00   9.4098800e+02   1.0735931e+02
   9.4173600e+02   1.0600000e+00   9.4204400e+02   1.0815258e+02
   9.4281500e+02   1.0800000e+00   9.4314200e+02   1.0864140e+02
   9.4389100e+02   1.0760000e+00   9.4420400e+02   1.0854921e+02
   9.4498100e+02   1.0900000e+00   9.4529700e+02   1.0769591e+02
   9.4607500e+02   1.0940000e+00   9.4639600e+02   1.0690264e+02
   9.4716000e+02   1.0850000e+00   9.4748500e+02   1.0647385e+02
   9.4821200e+02   1.0520000e+00   9.4854400e+02   1.0897800e+02
   9.4924100e+02   1.0290000e+00   9.4955700e+02   1.1047235e+02
   9.5027400e+02   1.0340000e+00   9.5058700e+02   1.1178446e+02
   9.5132900e+02   1.0540000e+00   9.5165500e+02   1.1282214e+02
   9.5239400e+02   1.0650000e+00   9.5270600e+02   1.1331097e+02
   9.5346600e+02   1.0720000e+00   9.5378100e+02   1.1331097e+02
   9.5450000e+02   1.0340000e+00   9.5482000e+02   1.1331097e+02
   9.5553400e+02   1.0340000e+00   9.5588100e+02   1.1208890e+02
   9.5657200e+02   1.0390000e+00   9.5691000e+02   1.0690264e+02
   9.5763400e+02   1.0620000e+00   9.5794900e+02   1.0858137e+02
   9.5869700e+02   1.0630000e+00   9.5901200e+02   1.0732929e+02
   9.5972200e+02   1.0240000e+00   9.6005300e+02   1.0772593e+02
   9.6075500e+02   1.0340000e+00   9.6107300e+02   1.0778596e+02
   9.6180300e+02   1.0480000e+00   9.6212700e+02   1.0818259e+02
   9.6285000e+02   1.0460000e+00   9.6316500e+02   1.0851919e+02
   9.6389100e+02   1.0420000e+00   9.6420000e+02   1.0888581e+02
   9.6495100e+02   1.0600000e+00   9.6526200e+02   1.0854921e+02
   9.6601800e+02   1.0670000e+00   9.6633100e+02   1.0897800e+02
   9.6706100e+02   1.0430000e+00   9.6738000e+02   1.0690264e+02
   9.6812000e+02   1.0590000e+00   9.6843600e+02   1.0858137e+02
   9.6918100e+02   1.0620000e+00   9.6949100e+02   1.0815258e+02
   9.7022100e+02   1.0400000e+00   9.7054000e+02   1.0809254e+02
   9.7125700e+02   1.0360000e+00   9.7155800e+02   1.0934248e+02
   9.7232800e+02   1.0710000e+00   9.7265700e+02   1.0894584e+02
   9.7340900e+02   1.0810000e+00   9.7372200e+02   1.0812256e+02
   9.7446100e+02   1.0520000e+00   9.7476900e+02   1.0812256e+02
   9.7551600e+02   1.0550000e+00   9.7583500e+02   1.0693266e+02
   9.7657800e+02   1.0610000e+00   9.7691100e+02   1.0574275e+02
   9.7761600e+02   1.0380000e+00   9.7795600e+02   1.0653602e+02
   9.7864800e+02   1.0330000e+00   9.7894400e+02   1.0616940e+02
   9.7969900e+02   1.0510000e+00   9.8001700e+02   1.0656604e+02
   9.8074200e+02   1.0430000e+00   9.8105800e+02   1.0537613e+02
   9.8176500e+02   1.0230000e+00   9.8207900e+02   1.0653602e+02
   9.8280200e+02   1.0370000e+00   9.8312000e+02   1.0571274e+02
   9.8386600e+02   1.0640000e+00   9.8420100e+02   1.0580278e+02
   9.8493300e+02   1.0670000e+00   9.8525700e+02   1.0571274e+02
   9.8598500e+02   1.0520000e+00   9.8628800e+02   1.0540615e+02
   9.8704700e+02   1.0620000e+00   9.8735900e+02   1.0494948e+02
   9.8809600e+02   1.0490000e+00   9.8841000e+02   1.0540615e+02
   9.8913200e+02   1.0360000e+00   9.8944000e+02   1.0619942e+02
   9.9019900e+02   1.0670000e+00   9.9051300e+02   1.0571274e+02
   9.9127300e+02   1.0740000e+00   9.9158700e+02   1.0500951e+02
   9.9232900e+02   1.0560000e+00   9.9265500e+02   1.0500951e+02
   9.9337300e+02   1.0440000e+00   9.9367600e+02   1.0467506e+02
   9.9445200e+02   1.0790000e+00   9.9476300e+02   1.0412406e+02
   9.9549700e+02   1.0450000e+00   9.9581700e+02   1.0391180e+02
   9.9650600e+02   1.0090000e+00   9.9682500e+02   1.0525393e+02
   9.9752300e+02   1.0170000e+00   9.9782400e+02   1.0571274e+02
   9.9847400e+02   9.5100000e-01   9.9879400e+02   1.0693266e+02
   9.9934000e+02   8.6600000e-01   9.9965400e+02   1.0940465e+02
   1.0002770e+03   9.3700000e-01   1.0005830e+03   1.1102121e+02
   1.0012170e+03   9.4000000e-01   1.0015240e+03   1.1166225e+02
   1.0021980e+03   9.8000000e-01   1.0025030e+03   1.1053453e+02
   1.0032070e+03   1.0090000e+00   1.0035120e+03   1.0772593e+02
   1.0042490e+03   1.0430000e+00   1.0045650e+03   1.0577277e+02
   1.0052520e+03   1.0030000e+00   1.0055730e+03   1.0339296e+02
   1.0062640e+03   1.0130000e+00   1.0065730e+03   1.0458286e+02
   1.0072780e+03   1.0140000e+00   1.0075850e+03   1.0503953e+02
   1.0082790e+03   1.0010000e+00   1.0085920e+03   1.0571274e+02
   1.0092880e+03   1.0090000e+00   1.0096010e+03   1.0613939e+02
   1.0103100e+03   1.0220000e+00   1.0106280e+03   1.0537613e+02
   1.0113300e+03   1.0200000e+00   1.0116660e+03   1.0815258e+02
   1.0123330e+03   1.0040000e+00   1.0126500e+03   1.1175445e+02
   1.0133430e+03   1.0100000e+00   1.0136510e+03   1.1373762e+02
   1.0143630e+03   1.0190000e+00   1.0146700e+03   1.1492752e+02
   1.0153770e+03   1.0140000e+00   1.0156830e+03   1.1489751e+02
   1.0163880e+03   1.0110000e+00   1.0167060e+03   1.1373762e+02
   1.0174170e+03   1.0290000e+00   1.0177310e+03   1.1175445e+02
   1.0184540e+03   1.0370000e+00   1.0187760e+03   1.1059456e+02
   1.0194860e+03   1.0320000e+00   1.0198020e+03   1.1050237e+02
   1.0205160e+03   1.0290000e+00   1.0208380e+03   1.0983130e+02
   1.0215530e+03   1.0380000e+00   1.0218900e+03   1.0894584e+02
   1.0225880e+03   1.0340000e+00   1.0229300e+03   1.0571274e+02
   1.0235950e+03   1.0070000e+00   1.0239190e+03   1.0687048e+02
   1.0246160e+03   1.0210000e+00   1.0249520e+03   1.0574275e+02
   1.0256450e+03   1.0290000e+00   1.0259320e+03   1.0650601e+02
   1.0266590e+03   1.0140000e+00   1.0269690e+03   1.0613939e+02
   1.0276690e+03   1.0100000e+00   1.0279880e+03   1.0339296e+02
   1.0286900e+03   1.0200000e+00   1.0289990e+03   1.0537613e+02
   1.0297120e+03   1.0220000e+00   1.0300570e+03   1.0339296e+02
   1.0307100e+03   9.9800000e-01   1.0310290e+03   1.0613939e+02
   1.0317280e+03   1.0170000e+00   1.0320490e+03   1.0690264e+02
   1.0327690e+03   1.0420000e+00   1.0330790e+03   1.0610937e+02
   1.0337840e+03   1.0140000e+00   1.0340920e+03   1.0574275e+02
   1.0348200e+03   1.0360000e+00   1.0351260e+03   1.0543617e+02
   1.0358610e+03   1.0410000e+00   1.0361800e+03   1.0418623e+02
   1.0369090e+03   1.0480000e+00   1.0372190e+03   1.0418623e+02
   1.0379370e+03   1.0290000e+00   1.0382470e+03   1.0497950e+02
   1.0389840e+03   1.0470000e+00   1.0392870e+03   1.0464290e+02
   1.0400120e+03   1.0280000e+00   1.0403240e+03   1.0503953e+02
   1.0410160e+03   1.0040000e+00   1.0413360e+03   1.0613939e+02
   1.0420460e+03   1.0310000e+00   1.0423570e+03   1.0607721e+02
   1.0430860e+03   1.0400000e+00   1.0434070e+03   1.0653602e+02
   1.0441060e+03   1.0200000e+00   1.0444220e+03   1.0778596e+02
   1.0451540e+03   1.0480000e+00   1.0454670e+03   1.0781812e+02
   1.0462300e+03   1.0760000e+00   1.0465570e+03   1.0690264e+02
   1.0472810e+03   1.0510000e+00   1.0475890e+03   1.0616940e+02
   1.0483290e+03   1.0480000e+00   1.0486470e+03   1.0619942e+02
   1.0493820e+03   1.0530000e+00   1.0497050e+03   1.0732929e+02
   1.0504180e+03   1.0360000e+00   1.0507350e+03   1.0940465e+02
   1.0514280e+03   1.0110000e+00   1.0517320e+03   1.1172443e+02
   1.0524570e+03   1.0290000e+00   1.0527640e+03   1.1251770e+02
   1.0535250e+03   1.0680000e+00   1.0538840e+03   1.1248554e+02
   1.0546000e+03   1.0750000e+00   1.0549310e+03   1.0940465e+02
   1.0556410e+03   1.0400000e+00   1.0559640e+03   1.0977127e+02
   1.0567170e+03   1.0770000e+00   1.0570240e+03   1.0854921e+02
   1.0577810e+03   1.0630000e+00   1.0581000e+03   1.0729928e+02
   1.0588330e+03   1.0530000e+00   1.0591520e+03   1.0778596e+02
   1.0599060e+03   1.0720000e+00   1.0602240e+03   1.0656604e+02
   1.0610000e+03   1.0940000e+00   1.0613110e+03   1.0345299e+02
   1.0620660e+03   1.0660000e+00   1.0623710e+03   1.0503953e+02
   1.0631130e+03   1.0470000e+00   1.0634490e+03   1.0574275e+02
   1.0641840e+03   1.0700000e+00   1.0644910e+03   1.0574275e+02
   1.0652540e+03   1.0710000e+00   1.0655650e+03   1.0577277e+02
   1.0663290e+03   1.0750000e+00   1.0666710e+03   1.0616940e+02
   1.0673890e+03   1.0600000e+00   1.0676930e+03   1.0732929e+02
   1.0684590e+03   1.0710000e+00   1.0687740e+03   1.0778596e+02
   1.0695260e+03   1.0670000e+00   1.0698820e+03   1.0812256e+02
   1.0705560e+03   1.0300000e+00   1.0709030e+03   1.0897800e+02
   1.0716150e+03   1.0580000e+00   1.0719620e+03   1.0641382e+02
   1.0726870e+03   1.0720000e+00   1.0729900e+03   1.0693266e+02
   1.0737160e+03   1.0300000e+00   1.0740370e+03   1.0687048e+02
   1.0747260e+03   1.0100000e+00   1.0750500e+03   1.0943467e+02
   1.0757510e+03   1.0240000e+00   1.0760590e+03   1.1010573e+02
   1.0767820e+03   1.0310000e+00   1.0770920e+03   1.0983130e+02
   1.0778130e+03   1.0310000e+00   1.0781410e+03   1.0970910e+02
   1.0788590e+03   1.0460000e+00   1.0791780e+03   1.0769591e+02
   1.0799100e+03   1.0510000e+00   1.0802120e+03   1.0687048e+02
   1.0809380e+03   1.0280000e+00   1.0812490e+03   1.0687048e+02
   1.0819770e+03   1.0390000e+00   1.0822980e+03   1.0616940e+02
   1.0830420e+03   1.0640000e+00   1.0833470e+03   1.0574275e+02
   1.0841100e+03   1.0680000e+00   1.0844090e+03   1.0681045e+02
   1.0851580e+03   1.0480000e+00   1.0854760e+03   1.0818259e+02
   1.0862110e+03   1.0530000e+00   1.0865200e+03   1.0973911e+02
   1.0872590e+03   1.0480000e+00   1.0875810e+03   1.0980129e+02
   1.0883060e+03   1.0470000e+00   1.0886300e+03   1.1025795e+02
   1.0893640e+03   1.0580000e+00   1.0896780e+03   1.0894584e+02
   1.0904240e+03   1.0600000e+00   1.0907460e+03   1.0864140e+02
   1.0914580e+03   1.0340000e+00   1.0917670e+03   1.0937464e+02
   1.0925100e+03   1.0530000e+00   1.0928070e+03   1.0824477e+02
   1.0935550e+03   1.0450000e+00   1.0939000e+03   1.0693266e+02
   1.0945700e+03   1.0140000e+00   1.0949000e+03   1.0497950e+02
   1.0955630e+03   9.9300000e-01   1.0958980e+03   1.0452069e+02
   1.0965730e+03   1.0100000e+00   1.0969070e+03   1.0854921e+02
   1.0975870e+03   1.0140000e+00   1.0979290e+03   1.0815258e+02
   1.0985890e+03   1.0020000e+00   1.0989350e+03   1.1175445e+02
   1.0996170e+03   1.0280000e+00   1.0999560e+03   1.1398203e+02
   1.1006640e+03   1.0470000e+00   1.1009740e+03   1.1407422e+02
   1.1016770e+03   1.0140000e+00   1.1019880e+03   1.1328095e+02
   1.1027110e+03   1.0340000e+00   1.1030060e+03   1.1135781e+02
   1.1037790e+03   1.0680000e+00   1.1040870e+03   1.1019792e+02
   1.1048100e+03   1.0310000e+00   1.1051300e+03   1.0980129e+02
   1.1058350e+03   1.0250000e+00   1.1061540e+03   1.0894584e+02
   1.1068770e+03   1.0420000e+00   1.1071840e+03   1.0772593e+02
   1.1079250e+03   1.0480000e+00   1.1082930e+03   1.0384963e+02
   1.1089620e+03   1.0370000e+00   1.1094390e+03   1.1141784e+02
   1.1100300e+03   1.0680000e+00   1.1103740e+03   9.9090013e+01
   1.1110990e+03   1.0690000e+00   1.1114860e+03   1.0705486e+02
   1.1121550e+03   1.0560000e+00   1.1124910e+03   1.0348301e+02
   1.1132000e+03   1.0460000e+00   1.1135540e+03   1.0738932e+02
   1.1142550e+03   1.0540000e+00   1.1145620e+03   1.1569077e+02
   1.1153330e+03   1.0780000e+00   1.1156560e+03   1.1578297e+02
   1.1164020e+03   1.0700000e+00   1.1167280e+03   1.1538633e+02
   1.1174840e+03   1.0820000e+00   1.1177930e+03   1.1535417e+02
   1.1185680e+03   1.0840000e+00   1.1189040e+03   1.1361541e+02
   1.1196350e+03   1.0670000e+00   1.1199430e+03   1.1730733e+02
   1.1206830e+03   1.0480000e+00   1.1210040e+03   1.1572079e+02
   1.1217190e+03   1.0370000e+00   1.1220370e+03   1.1541635e+02
   1.1227590e+03   1.0400000e+00   1.1230740e+03   1.1328095e+02
   1.1237920e+03   1.0330000e+00   1.1241130e+03   1.1245552e+02
   1.1248450e+03   1.0530000e+00   1.1251690e+03   1.1132780e+02
   1.1258950e+03   1.0500000e+00   1.1262180e+03   1.1056454e+02
   1.1269280e+03   1.0340000e+00   1.1272530e+03   1.0943467e+02
   1.1279620e+03   1.0340000e+00   1.1282690e+03   1.0894584e+02
   1.1290040e+03   1.0420000e+00   1.1293020e+03   1.0772593e+02
   1.1300480e+03   1.0440000e+00   1.1303530e+03   1.0769591e+02
   1.1310820e+03   1.0340000e+00   1.1313870e+03   1.0763373e+02
   1.1321200e+03   1.0380000e+00   1.1324220e+03   1.0858137e+02
   1.1331630e+03   1.0430000e+00   1.1334680e+03   1.1056454e+02
   1.1341850e+03   1.0220000e+00   1.1345000e+03   1.1202887e+02
   1.1351840e+03   9.9900000e-01   1.1354900e+03   1.1489751e+02
   1.1361880e+03   1.0040000e+00   1.1365040e+03   1.1923047e+02
   1.1372290e+03   1.0420000e+00   1.1375700e+03   1.2325899e+02
   1.1382700e+03   1.0410000e+00   1.1385850e+03   1.2481551e+02
   1.1393240e+03   1.0540000e+00   1.1396660e+03   1.2405226e+02
   1.1403960e+03   1.0720000e+00   1.1407060e+03   1.2121364e+02
   1.1414290e+03   1.0330000e+00   1.1417610e+03   1.2045253e+02
   1.1424520e+03   1.0230000e+00   1.1427670e+03   1.1968928e+02
   1.1434790e+03   1.0280000e+00   1.1438080e+03   1.1965926e+02
   1.1445130e+03   1.0330000e+00   1.1448680e+03   1.2008591e+02
   1.1455220e+03   1.0090000e+00   1.1458760e+03   1.2002374e+02
   1.1465410e+03   1.0190000e+00   1.1468970e+03   1.1965926e+02
   1.1475670e+03   1.0260000e+00   1.1479160e+03   1.1843720e+02
   1.1485700e+03   1.0030000e+00   1.1489060e+03   1.1691069e+02
   1.1495590e+03   9.8900000e-01   1.1498940e+03   1.2039036e+02
   1.1505790e+03   1.0200000e+00   1.1509050e+03   1.1807058e+02
   1.1516010e+03   1.0220000e+00   1.1519560e+03   1.1602738e+02
   1.1526130e+03   1.0120000e+00   1.1529480e+03   1.1575295e+02
   1.1536230e+03   1.0100000e+00   1.1539550e+03   1.1648404e+02
   1.1546420e+03   1.0190000e+00   1.1549350e+03   1.1529414e+02
   1.1556700e+03   1.0270000e+00   1.1559820e+03   1.1611742e+02
   1.1566830e+03   1.0130000e+00   1.1570020e+03   1.2164244e+02
   1.1576930e+03   1.0100000e+00   1.1580080e+03   1.2365562e+02
   1.1587270e+03   1.0340000e+00   1.1590730e+03   1.2408227e+02
   1.1597680e+03   1.0420000e+00   1.1600910e+03   1.2371780e+02
   1.1607760e+03   1.0080000e+00   1.1610970e+03   1.2328900e+02
   1.1618130e+03   1.0360000e+00   1.1621370e+03   1.2042037e+02
   1.1628720e+03   1.0590000e+00   1.1631880e+03   1.1843720e+02
   1.1639300e+03   1.0590000e+00   1.1642420e+03   1.1852939e+02
   1.1649550e+03   1.0240000e+00   1.1652750e+03   1.1923047e+02
   1.1659870e+03   1.0330000e+00   1.1663020e+03   1.1962710e+02
   1.1670170e+03   1.0300000e+00   1.1673410e+03   1.1923047e+02
   1.1680420e+03   1.0240000e+00   1.1683760e+03   1.1965926e+02
   1.1690650e+03   1.0240000e+00   1.1693830e+03   1.1889601e+02
   1.1701090e+03   1.0430000e+00   1.1704150e+03   1.1767395e+02
   1.1711370e+03   1.0280000e+00   1.1714640e+03   1.1773612e+02
   1.1721380e+03   1.0010000e+00   1.1724500e+03   1.1810274e+02
   1.1731150e+03   9.7700000e-01   1.1734340e+03   1.1810274e+02
   1.1740970e+03   9.8200000e-01   1.1744130e+03   1.1767395e+02
   1.1750930e+03   9.9600000e-01   1.1754120e+03   1.2005590e+02
   1.1760720e+03   9.7900000e-01   1.1763870e+03   1.2121364e+02
   1.1770450e+03   9.7300000e-01   1.1773690e+03   1.2280232e+02
   1.1780260e+03   9.8100000e-01   1.1783610e+03   1.2417446e+02
   1.1790350e+03   1.0090000e+00   1.1793610e+03   1.2521215e+02
   1.1800560e+03   1.0210000e+00   1.1803820e+03   1.2487769e+02
   1.1811210e+03   1.0640000e+00   1.1814510e+03   1.2252790e+02
   1.1822080e+03   1.0870000e+00   1.1825210e+03   1.1923047e+02
   1.1832810e+03   1.0730000e+00   1.1835910e+03   1.1852939e+02
   1.1843610e+03   1.0800000e+00   1.1846780e+03   1.1767395e+02
   1.1854360e+03   1.0750000e+00   1.1857530e+03   1.1575295e+02
   1.1864780e+03   1.0430000e+00   1.1868130e+03   1.1617960e+02
   1.1875510e+03   1.0720000e+00   1.1878880e+03   1.1407422e+02
   1.1886190e+03   1.0680000e+00   1.1889300e+03   1.1294435e+02
   1.1896590e+03   1.0400000e+00   1.1899670e+03   1.1288432e+02
   1.1907190e+03   1.0610000e+00   1.1910310e+03   1.1254771e+02
