   3.0178800e+02   8.1800000e-01   3.0205100e+02   1.0281324e+02
   3.0262900e+02   8.4100000e-01   3.0289100e+02   1.0018798e+02
   3.0342000e+02   7.9100000e-01   3.0369100e+02   9.7718356e+01
   3.0416500e+02   7.4500000e-01   3.0443100e+02   9.8537749e+01
   3.0492200e+02   7.5700000e-01   3.0518100e+02   9.8963468e+01
   3.0568900e+02   7.6700000e-01   3.0595100e+02   9.8592681e+01
   3.0646300e+02   7.7400000e-01   3.0673100e+02   9.7258306e+01
   3.0720500e+02   7.4200000e-01   3.0747100e+02   9.7931215e+01
   3.0792500e+02   7.2000000e-01   3.0819100e+02   1.0049010e+02
   3.0868200e+02   7.5700000e-01   3.0894100e+02   1.0138732e+02
   3.0952700e+02   8.4500000e-01   3.0978100e+02   1.0004150e+02
   3.1039900e+02   8.7200000e-01   3.1066100e+02   9.9299922e+01
   3.1123400e+02   8.3600000e-01   3.1150100e+02   9.6315317e+01
   3.1197900e+02   7.4400000e-01   3.1225100e+02   9.6191722e+01
   3.1268600e+02   7.0800000e-01   3.1295100e+02   9.7324681e+01
   3.1338600e+02   7.0000000e-01   3.1365100e+02   1.0108519e+02
   3.1408400e+02   6.9800000e-01   3.1435100e+02   1.0520505e+02
   3.1477800e+02   6.9400000e-01   3.1505100e+02   1.0774105e+02
   3.1546300e+02   6.8500000e-01   3.1573100e+02   1.1145807e+02
   3.1614600e+02   6.8300000e-01   3.1641100e+02   1.1374688e+02
   3.1680000e+02   6.5400000e-01   3.1706100e+02   1.1484779e+02
   3.1753700e+02   7.3700000e-01   3.1780100e+02   1.1519569e+02
   3.1839000e+02   8.5300000e-01   3.1865100e+02   1.1369195e+02
   3.1920600e+02   8.1600000e-01   3.1948100e+02   1.1042582e+02
   3.1999600e+02   7.9000000e-01   3.2026100e+02   1.0956065e+02
   3.2081200e+02   8.1500000e-01   3.2108100e+02   1.0726955e+02
   3.2163200e+02   8.2000000e-01   3.2190100e+02   1.0498074e+02
   3.2245300e+02   8.2100000e-01   3.2272100e+02   1.0325269e+02
   3.2321700e+02   7.6300000e-01   3.2349100e+02   1.0135527e+02
   3.2394800e+02   7.3200000e-01   3.2421100e+02   1.0225248e+02
   3.2468600e+02   7.3800000e-01   3.2494100e+02   1.0261183e+02
   3.2544800e+02   7.6200000e-01   3.2571100e+02   1.0174666e+02
   3.2623100e+02   7.8300000e-01   3.2649100e+02   1.0089522e+02
   3.2696600e+02   7.3500000e-01   3.2723100e+02   9.9917900e+01
   3.2766800e+02   7.0200000e-01   3.2793100e+02   1.0081511e+02
   3.2836900e+02   7.0200000e-01   3.2862100e+02   1.0172606e+02
   3.2910000e+02   7.3100000e-01   3.2935100e+02   1.0217466e+02
   3.2986400e+02   7.6400000e-01   3.3012100e+02   1.0126372e+02
   3.3060500e+02   7.4000000e-01   3.3087100e+02   1.0299406e+02
   3.3132900e+02   7.2400000e-01   3.3159100e+02   1.0587796e+02
   3.3210100e+02   7.7200000e-01   3.3236100e+02   1.0628307e+02
   3.3291500e+02   8.1400000e-01   3.3317100e+02   1.0593518e+02
   3.3375400e+02   8.3900000e-01   3.3402100e+02   1.0337629e+02
   3.3453100e+02   7.7700000e-01   3.3480100e+02   1.0267820e+02
   3.3528900e+02   7.5800000e-01   3.3555100e+02   1.0331907e+02
   3.3607600e+02   7.8700000e-01   3.3633100e+02   1.0275831e+02
   3.3685900e+02   7.8300000e-01   3.3712100e+02   1.0108519e+02
   3.3757900e+02   7.2000000e-01   3.3785100e+02   1.0142165e+02
   3.3827700e+02   6.9800000e-01   3.3854100e+02   1.0476788e+02
   3.3898500e+02   7.0700000e-01   3.3924100e+02   1.0831554e+02
   3.3976200e+02   7.7700000e-01   3.4002100e+02   1.1007792e+02
   3.4059600e+02   8.3400000e-01   3.4086100e+02   1.0969569e+02
   3.4137300e+02   7.7700000e-01   3.4164100e+02   1.1066156e+02
   3.4213500e+02   7.6200000e-01   3.4240100e+02   1.1218820e+02
   3.4293000e+02   7.9500000e-01   3.4319100e+02   1.1075083e+02
   3.4375400e+02   8.2400000e-01   3.4401100e+02   1.0753963e+02
   3.4454600e+02   7.9200000e-01   3.4481100e+02   1.0597866e+02
   3.4529500e+02   7.5000000e-01   3.4556100e+02   1.0647305e+02
   3.4606700e+02   7.7200000e-01   3.4633100e+02   1.0623730e+02
   3.4686800e+02   8.0100000e-01   3.4712100e+02   1.0550717e+02
   3.4766600e+02   7.9900000e-01   3.4793100e+02   1.0334196e+02
   3.4841700e+02   7.5000000e-01   3.4868100e+02   1.0447492e+02
   3.4917700e+02   7.6000000e-01   3.4944100e+02   1.0574292e+02
   3.4998000e+02   8.0300000e-01   3.5024100e+02   1.0569943e+02
   3.5083200e+02   8.5200000e-01   3.5109100e+02   1.0400342e+02
   3.5162900e+02   7.9700000e-01   3.5190100e+02   1.0285902e+02
   3.5238900e+02   7.6000000e-01   3.5265100e+02   1.0328474e+02
   3.5317400e+02   7.8600000e-01   3.5343100e+02   1.0243330e+02
   3.5399900e+02   8.2500000e-01   3.5425100e+02   9.9995720e+01
   3.5483900e+02   8.4000000e-01   3.5510100e+02   9.7830508e+01
   3.5561600e+02   7.7600000e-01   3.5588100e+02   9.7166754e+01
   3.5637500e+02   7.5900000e-01   3.5663100e+02   9.6864631e+01
   3.5716300e+02   7.8800000e-01   3.5742100e+02   9.6752479e+01
   3.5795400e+02   7.9100000e-01   3.5821100e+02   9.5360884e+01
   3.5873700e+02   7.8300000e-01   3.5900100e+02   9.3294091e+01
   3.5946900e+02   7.3300000e-01   3.5973100e+02   9.3081232e+01
   3.6018300e+02   7.1300000e-01   3.6044100e+02   9.5090805e+01
   3.6091100e+02   7.2800000e-01   3.6117100e+02   9.8334046e+01
   3.6166500e+02   7.5400000e-01   3.6192100e+02   1.0166884e+02
   3.6244300e+02   7.7800000e-01   3.6271100e+02   1.0383634e+02
   3.6319700e+02   7.5400000e-01   3.6347100e+02   1.0564221e+02
   3.6396700e+02   7.7000000e-01   3.6423100e+02   1.0807979e+02
   3.6478200e+02   8.1500000e-01   3.6504100e+02   1.0880763e+02
   3.6566600e+02   8.8400000e-01   3.6593100e+02   1.0721462e+02
   3.6656400e+02   8.9800000e-01   3.6683100e+02   1.0456418e+02
   3.6736900e+02   8.0500000e-01   3.6764100e+02   1.0624874e+02
   3.6817300e+02   8.0400000e-01   3.6844100e+02   1.0660809e+02
   3.6899900e+02   8.2600000e-01   3.6926100e+02   1.0567654e+02
   3.6982500e+02   8.2600000e-01   3.7009100e+02   1.0409269e+02
   3.7060400e+02   7.7900000e-01   3.7088100e+02   1.0318403e+02
   3.7135500e+02   7.5100000e-01   3.7162100e+02   1.0360059e+02
   3.7210100e+02   7.4700000e-01   3.7236100e+02   1.0443143e+02
   3.7288800e+02   7.8600000e-01   3.7315100e+02   1.0674313e+02
   3.7370500e+02   8.1700000e-01   3.7397100e+02   1.0766323e+02
   3.7451200e+02   8.0800000e-01   3.7478100e+02   1.0687816e+02
   3.7528000e+02   7.6700000e-01   3.7555100e+02   1.0843684e+02
   3.7604700e+02   7.6700000e-01   3.7631100e+02   1.0997492e+02
   3.7686100e+02   8.1400000e-01   3.7712100e+02   1.0879619e+02
   3.7770700e+02   8.4600000e-01   3.7797100e+02   1.0683239e+02
   3.7850900e+02   8.0200000e-01   3.7878100e+02   1.0407209e+02
   3.7925600e+02   7.4700000e-01   3.7952100e+02   1.0336484e+02
   3.8000100e+02   7.4500000e-01   3.8026100e+02   1.0400342e+02
   3.8076900e+02   7.6800000e-01   3.8103100e+02   1.0561932e+02
   3.8158300e+02   8.1400000e-01   3.8185100e+02   1.0660809e+02
   3.8240900e+02   8.2600000e-01   3.8268100e+02   1.0688961e+02
   3.8318400e+02   7.7500000e-01   3.8346100e+02   1.0761745e+02
   3.8394200e+02   7.5800000e-01   3.8421100e+02   1.0925852e+02
   3.8474000e+02   7.9800000e-01   3.8500100e+02   1.0880763e+02
   3.8555900e+02   8.1900000e-01   3.8582100e+02   1.0775249e+02
   3.8640400e+02   8.4500000e-01   3.8667100e+02   1.0711391e+02
   3.8727100e+02   8.6700000e-01   3.8754100e+02   1.0467633e+02
   3.8809100e+02   8.2000000e-01   3.8836100e+02   1.0338544e+02
   3.8887500e+02   7.8400000e-01   3.8914100e+02   1.0418424e+02
   3.8967900e+02   8.0300000e-01   3.8994100e+02   1.0446347e+02
   3.9048700e+02   8.0800000e-01   3.9075100e+02   1.0437421e+02
   3.9122200e+02   7.3600000e-01   3.9150100e+02   1.0539502e+02
   3.9193600e+02   7.1400000e-01   3.9221100e+02   1.0844829e+02
   3.9269100e+02   7.5500000e-01   3.9295100e+02   1.1022211e+02
   3.9350700e+02   8.1500000e-01   3.9377100e+02   1.0961558e+02
   3.9435600e+02   8.4900000e-01   3.9462100e+02   1.0789897e+02
   3.9514900e+02   7.9300000e-01   3.9542100e+02   1.0672024e+02
   3.9593400e+02   7.8500000e-01   3.9620100e+02   1.0678890e+02
   3.9676500e+02   8.3100000e-01   3.9703100e+02   1.0561932e+02
   3.9761100e+02   8.4600000e-01   3.9787100e+02   1.0276975e+02
   3.9846300e+02   8.5300000e-01   3.9873100e+02   1.0199385e+02
   3.9927600e+02   8.1300000e-01   3.9954100e+02   9.9805749e+01
   4.0005300e+02   7.7600000e-01   4.0032100e+02   9.9817193e+01
   4.0083500e+02   7.8300000e-01   4.0110100e+02   9.9805749e+01
   4.0165600e+02   8.2000000e-01   4.0191100e+02   9.9311366e+01
   4.0248700e+02   8.3200000e-01   4.0275100e+02   9.8066255e+01
   4.0327400e+02   7.8700000e-01   4.0354100e+02   9.6999671e+01
   4.0402500e+02   7.5100000e-01   4.0429100e+02   9.7942659e+01
   4.0478100e+02   7.5500000e-01   4.0504100e+02   9.9075619e+01
   4.0558900e+02   8.0800000e-01   4.0585100e+02   9.9132839e+01
   4.0641300e+02   8.2400000e-01   4.0667100e+02   9.7391057e+01
   4.0721100e+02   7.9800000e-01   4.0748100e+02   9.5596632e+01
   4.0797100e+02   7.6000000e-01   4.0824100e+02   9.5944530e+01
   4.0874200e+02   7.7100000e-01   4.0900100e+02   9.5685895e+01
   4.0954900e+02   8.0700000e-01   4.0981100e+02   9.5113693e+01
   4.1038400e+02   8.3500000e-01   4.1065100e+02   9.2957636e+01
   4.1117700e+02   7.9300000e-01   4.1145100e+02   9.1632417e+01
   4.1194900e+02   7.7200000e-01   4.1221100e+02   9.2934748e+01
   4.1274200e+02   7.9300000e-01   4.1300100e+02   9.2644070e+01
   4.1355500e+02   8.1300000e-01   4.1382100e+02   9.3362755e+01
   4.1437700e+02   8.2200000e-01   4.1464100e+02   9.1252474e+01
   4.1514900e+02   7.7200000e-01   4.1542100e+02   9.0533789e+01
   4.1589900e+02   7.5000000e-01   4.1616100e+02   9.2149687e+01
   4.1666400e+02   7.6400000e-01   4.1692100e+02   9.2273283e+01
   4.1743700e+02   7.7300000e-01   4.1770100e+02   9.2721889e+01
   4.1822100e+02   7.8500000e-01   4.1849100e+02   9.2339658e+01
   4.1896900e+02   7.4700000e-01   4.1924100e+02   9.4731462e+01
   4.1971000e+02   7.4200000e-01   4.1998100e+02   9.8457641e+01
   4.2048400e+02   7.7400000e-01   4.2075100e+02   1.0043517e+02
   4.2129800e+02   8.1400000e-01   4.2156100e+02   1.0212889e+02
   4.2213500e+02   8.3700000e-01   4.2240100e+02   1.0053588e+02
   4.2292400e+02   7.8900000e-01   4.2319100e+02   1.0005294e+02
   4.2368400e+02   7.6000000e-01   4.2395100e+02   1.0064803e+02
   4.2447800e+02   7.9400000e-01   4.2474100e+02   1.0028869e+02
   4.2532700e+02   8.4900000e-01   4.2559100e+02   9.8491973e+01
   4.2616500e+02   8.3900000e-01   4.2643100e+02   9.6168833e+01
   4.2694300e+02   7.7800000e-01   4.2721100e+02   9.5685895e+01
   4.2769700e+02   7.5300000e-01   4.2796100e+02   9.6617440e+01
   4.2848600e+02   7.8900000e-01   4.2875100e+02   9.7548984e+01
   4.2928800e+02   8.0200000e-01   4.2955100e+02   9.6695259e+01
   4.3006900e+02   7.8100000e-01   4.3033100e+02   9.5136581e+01
   4.3081900e+02   7.5000000e-01   4.3108100e+02   9.6706703e+01
   4.3159900e+02   7.8000000e-01   4.3186100e+02   9.7267461e+01
   4.3245000e+02   8.5100000e-01   4.3271100e+02   9.6562508e+01
   4.3331400e+02   8.6400000e-01   4.3358100e+02   9.4665087e+01
   4.3411000e+02   7.9600000e-01   4.3438100e+02   9.3978444e+01
   4.3490600e+02   7.9600000e-01   4.3517100e+02   9.5798047e+01
   4.3575800e+02   8.5300000e-01   4.3602100e+02   9.5763714e+01
   4.3660300e+02   8.4500000e-01   4.3687100e+02   9.2687557e+01
   4.3738400e+02   7.8100000e-01   4.3765100e+02   9.2923304e+01
   4.3813300e+02   7.4900000e-01   4.3839100e+02   9.5843823e+01
   4.3891500e+02   7.8100000e-01   4.3917100e+02   9.7043158e+01
   4.3972700e+02   8.1300000e-01   4.3999100e+02   9.9480738e+01
   4.4055000e+02   8.2300000e-01   4.4082100e+02   1.0059081e+02
   4.4133400e+02   7.8400000e-01   4.4161100e+02   1.0161391e+02
   4.4210500e+02   7.7100000e-01   4.4237100e+02   1.0440854e+02
   4.4291700e+02   8.1300000e-01   4.4318100e+02   1.0476788e+02
   4.4376200e+02   8.4500000e-01   4.4403100e+02   1.0299406e+02
   4.4456500e+02   8.0300000e-01   4.4483100e+02   1.0106230e+02
   4.4531700e+02   7.5200000e-01   4.4559100e+02   1.0166884e+02
   4.4609100e+02   7.7400000e-01   4.4635100e+02   1.0320692e+02
   4.4690000e+02   8.0900000e-01   4.4716100e+02   1.0319547e+02
   4.4770700e+02   8.0600000e-01   4.4797100e+02   1.0243330e+02
   4.4845200e+02   7.4500000e-01   4.4872100e+02   1.0303755e+02
   4.4919700e+02   7.4600000e-01   4.4946100e+02   1.0455502e+02
   4.4997500e+02   7.7700000e-01   4.5024100e+02   1.0509289e+02
   4.5077900e+02   8.0400000e-01   4.5104100e+02   1.0593518e+02
   4.5157300e+02   7.9500000e-01   4.5185100e+02   1.0537442e+02
   4.5232300e+02   7.5000000e-01   4.5260100e+02   1.0617092e+02
   4.5308900e+02   7.6600000e-01   4.5336100e+02   1.0833614e+02
   4.5389600e+02   8.0600000e-01   4.5416100e+02   1.0799968e+02
   4.5474100e+02   8.4500000e-01   4.5501100e+02   1.0505856e+02
   4.5557500e+02   8.3400000e-01   4.5584100e+02   1.0205107e+02
   4.5634200e+02   7.6700000e-01   4.5661100e+02   1.0163451e+02
   4.5711100e+02   7.6900000e-01   4.5737100e+02   1.0106230e+02
   4.5789900e+02   7.8900000e-01   4.5816100e+02   1.0009643e+02
   4.5872000e+02   8.2100000e-01   4.5898100e+02   9.8828428e+01
   4.5954400e+02   8.2400000e-01   4.5981100e+02   9.7155310e+01
   4.6031800e+02   7.7400000e-01   4.6059100e+02   9.7526096e+01
   4.6108700e+02   7.6900000e-01   4.6135100e+02   9.9132839e+01
   4.6191000e+02   8.2300000e-01   4.6217100e+02   9.9199215e+01
   4.6278800e+02   8.7700000e-01   4.6305100e+02   9.8155519e+01
   4.6366800e+02   8.8000000e-01   4.6393100e+02   9.6315317e+01
   4.6447800e+02   8.1000000e-01   4.6475100e+02   9.7425389e+01
   4.6525500e+02   7.7700000e-01   4.6552100e+02   1.0078307e+02
   4.6606500e+02   8.1100000e-01   4.6633100e+02   1.0243330e+02
   4.6691600e+02   8.5000000e-01   4.6718100e+02   1.0228682e+02
   4.6776200e+02   8.4600000e-01   4.6803100e+02   1.0117446e+02
   4.6855300e+02   7.9100000e-01   4.6883100e+02   1.0099593e+02
   4.6932200e+02   7.6900000e-01   4.6959100e+02   1.0044433e+02
   4.7012300e+02   8.0100000e-01   4.7038100e+02   1.0055877e+02
   4.7094400e+02   8.2100000e-01   4.7120100e+02   9.9288478e+01
   4.7176500e+02   8.2100000e-01   4.7203100e+02   9.7459721e+01
   4.7253100e+02   7.6600000e-01   4.7280100e+02   9.6562508e+01
   4.7328700e+02   7.5500000e-01   4.7355100e+02   9.7974703e+01
   4.7408300e+02   7.9600000e-01   4.7434100e+02   9.8313446e+01
   4.7491100e+02   8.2800000e-01   4.7517100e+02   9.6505288e+01
   4.7571100e+02   8.0000000e-01   4.7597100e+02   9.5372328e+01
   4.7646700e+02   7.5500000e-01   4.7673100e+02   9.5921642e+01
   4.7723100e+02   7.6400000e-01   4.7749100e+02   9.5864422e+01
   4.7801800e+02   7.8800000e-01   4.7828100e+02   9.5651563e+01
   4.7883400e+02   8.1600000e-01   4.7909100e+02   9.5392928e+01
   4.7961100e+02   7.7700000e-01   4.7988100e+02   9.4047109e+01
   4.8036700e+02   7.5600000e-01   4.8064100e+02   9.6617440e+01
   4.8113000e+02   7.6300000e-01   4.8139100e+02   9.9009244e+01
   4.8191200e+02   7.8200000e-01   4.8218100e+02   1.0065947e+02
   4.8270500e+02   7.9300000e-01   4.8297100e+02   9.9716485e+01
   4.8345200e+02   7.4700000e-01   4.8372100e+02   1.0195036e+02
   4.8420900e+02   7.5700000e-01   4.8447100e+02   1.0298261e+02
   4.8499700e+02   7.8800000e-01   4.8526100e+02   1.0367841e+02
   4.8582000e+02   8.2300000e-01   4.8609100e+02   1.0125456e+02
   4.8659400e+02   7.7400000e-01   4.8686100e+02   1.0042373e+02
   4.8735500e+02   7.6100000e-01   4.8762100e+02   1.0083800e+02
   4.8815700e+02   8.0200000e-01   4.8841100e+02   1.0078307e+02
   4.8898800e+02   8.3100000e-01   4.8925100e+02   9.8716276e+01
   4.8980300e+02   8.1500000e-01   4.9007100e+02   9.5910198e+01
   4.9056200e+02   7.5900000e-01   4.9082100e+02   9.5967418e+01
   4.9131700e+02   7.5500000e-01   4.9158100e+02   9.6091014e+01
   4.9210200e+02   7.8500000e-01   4.9236100e+02   9.7267461e+01
   4.9292000e+02   8.1700000e-01   4.9318100e+02   9.6763923e+01
   4.9375200e+02   8.3200000e-01   4.9402100e+02   9.5731671e+01
   4.9453500e+02   7.8300000e-01   4.9480100e+02   9.4900834e+01
   4.9528300e+02   7.4800000e-01   4.9555100e+02   9.6448068e+01
   4.9605100e+02   7.6800000e-01   4.9632100e+02   9.8066255e+01
   4.9684100e+02   7.9000000e-01   4.9711100e+02   9.9805749e+01
   4.9762300e+02   7.8200000e-01   4.9790100e+02   1.0023147e+02
   4.9837000e+02   7.4700000e-01   4.9864100e+02   1.0309477e+02
   4.9912100e+02   7.5000000e-01   4.9939100e+02   1.0463284e+02
   4.9991600e+02   7.9500000e-01   5.0018100e+02   1.0414991e+02
   5.0072900e+02   8.1300000e-01   5.0099100e+02   1.0266905e+02
   5.0154700e+02   8.1800000e-01   5.0181100e+02   1.0023147e+02
   5.0231700e+02   7.7000000e-01   5.0258100e+02   9.8166963e+01
   5.0305100e+02   7.3400000e-01   5.0332100e+02   9.8963468e+01
   5.0381800e+02   7.6700000e-01   5.0408100e+02   9.9771417e+01
   5.0462800e+02   8.1000000e-01   5.0489100e+02   9.7471165e+01
   5.0541700e+02   7.8800000e-01   5.0569100e+02   9.5484480e+01
   5.0616600e+02   7.4900000e-01   5.0643100e+02   9.7022559e+01
   5.0690600e+02   7.4000000e-01   5.0717100e+02   9.7370457e+01
   5.0767600e+02   7.7100000e-01   5.0793100e+02   9.6741035e+01
   5.0848900e+02   8.1300000e-01   5.0875100e+02   9.9782861e+01
   5.0929600e+02   8.0700000e-01   5.0956100e+02   9.9558558e+01
   5.1005200e+02   7.5600000e-01   5.1032100e+02   1.0310621e+02
   5.1080500e+02   7.5300000e-01   5.1107100e+02   1.0482282e+02
   5.1160900e+02   8.0500000e-01   5.1187100e+02   1.0503567e+02
   5.1245700e+02   8.4800000e-01   5.1272100e+02   1.0298261e+02
   5.1327300e+02   8.1600000e-01   5.1354100e+02   1.0155669e+02
   5.1405800e+02   7.8500000e-01   5.1433100e+02   1.0234175e+02
   5.1488700e+02   8.2900000e-01   5.1515100e+02   1.0190459e+02
   5.1576100e+02   8.7400000e-01   5.1603100e+02   9.8917691e+01
   5.1664200e+02   8.8100000e-01   5.1691100e+02   9.7258306e+01
   5.1745400e+02   8.1200000e-01   5.1772100e+02   9.6123057e+01
   5.1822000e+02   7.6600000e-01   5.1849100e+02   9.6212321e+01
   5.1899800e+02   7.7800000e-01   5.1926100e+02   9.5843823e+01
   5.1980000e+02   8.0200000e-01   5.2006100e+02   9.5843823e+01
   5.2060600e+02   8.0600000e-01   5.2087100e+02   9.4596423e+01
   5.2138800e+02   7.8300000e-01   5.2166100e+02   9.3788473e+01
   5.2215000e+02   7.6200000e-01   5.2241100e+02   9.5775159e+01
   5.2292800e+02   7.7800000e-01   5.2319100e+02   9.6223765e+01
   5.2374600e+02   8.1800000e-01   5.2401100e+02   9.6269541e+01
   5.2458200e+02   8.3600000e-01   5.2485100e+02   9.5484480e+01
   5.2537000e+02   7.8800000e-01   5.2564100e+02   9.5731671e+01
   5.2613100e+02   7.6200000e-01   5.2639100e+02   9.7155310e+01
   5.2692300e+02   7.9200000e-01   5.2719100e+02   9.8437042e+01
   5.2776500e+02   8.4100000e-01   5.2802100e+02   9.8089143e+01
   5.2858700e+02   8.2200000e-01   5.2886100e+02   9.6729591e+01
   5.2934600e+02   7.6000000e-01   5.2961100e+02   9.6931006e+01
   5.3010000e+02   7.5300000e-01   5.3036100e+02   9.7807620e+01
   5.3087900e+02   7.7900000e-01   5.3114100e+02   9.8560637e+01
   5.3168000e+02   8.0200000e-01   5.3195100e+02   9.7301793e+01
   5.3243300e+02   7.5200000e-01   5.3270100e+02   9.7606205e+01
   5.3319200e+02   7.6000000e-01   5.3346100e+02   9.9164883e+01
   5.3398600e+02   7.9400000e-01   5.3425100e+02   9.9288478e+01
   5.3479800e+02   8.1200000e-01   5.3506100e+02   9.7313237e+01
   5.3558000e+02   7.8100000e-01   5.3585100e+02   9.5573743e+01
   5.3632700e+02   7.4800000e-01   5.3660100e+02   9.7649692e+01
   5.3708700e+02   7.5900000e-01   5.3735100e+02   1.0185881e+02
   5.3787400e+02   7.8700000e-01   5.3814100e+02   1.0464429e+02
   5.3868400e+02   8.1000000e-01   5.3896100e+02   1.0551861e+02
   5.3949000e+02   8.0600000e-01   5.3977100e+02   1.0564221e+02
   5.4026300e+02   7.7300000e-01   5.4054100e+02   1.0641811e+02
   5.4104600e+02   7.8400000e-01   5.4131100e+02   1.0774105e+02
   5.4187000e+02   8.2400000e-01   5.4214100e+02   1.0603588e+02
   5.4271300e+02   8.4200000e-01   5.4298100e+02   1.0311765e+02
   5.4352200e+02   8.0900000e-01   5.4379100e+02   1.0133238e+02
   5.4429700e+02   7.7500000e-01   5.4457100e+02   1.0143309e+02
   5.4507700e+02   7.8000000e-01   5.4534100e+02   1.0113097e+02
   5.4588000e+02   8.0300000e-01   5.4615100e+02   1.0153380e+02
   5.4670600e+02   8.2500000e-01   5.4697100e+02   1.0024291e+02
   5.4746200e+02   7.5600000e-01   5.4774100e+02   1.0037795e+02
   5.4819700e+02   7.3500000e-01   5.4846100e+02   1.0197096e+02
   5.4895800e+02   7.6200000e-01   5.4922100e+02   1.0226393e+02
   5.4974300e+02   7.8500000e-01   5.5000100e+02   1.0174666e+02
   5.5054500e+02   8.0200000e-01   5.5081100e+02   1.0136672e+02
   5.5129000e+02   7.4500000e-01   5.5156100e+02   1.0069152e+02
   5.5203300e+02   7.4300000e-01   5.5230100e+02   1.0244246e+02
   5.5281500e+02   7.8200000e-01   5.5307100e+02   1.0232115e+02
   5.5365700e+02   8.4200000e-01   5.5392100e+02   1.0070296e+02
   5.5446400e+02   8.0700000e-01   5.5473100e+02   9.8805540e+01
   5.5522200e+02   7.5800000e-01   5.5549100e+02   9.9020688e+01
   5.5600900e+02   7.8700000e-01   5.5627100e+02   9.9737085e+01
   5.5680900e+02   8.0000000e-01   5.5707100e+02   9.8009035e+01
   5.5760200e+02   7.9400000e-01   5.5787100e+02   9.6235209e+01
   5.5836000e+02   7.5800000e-01   5.5863100e+02   9.6594552e+01
   5.5910400e+02   7.4400000e-01   5.5937100e+02   9.8727720e+01
   5.5988700e+02   7.8300000e-01   5.6015100e+02   1.0081511e+02
   5.6070400e+02   8.1700000e-01   5.6097100e+02   1.0251112e+02
   5.6153400e+02   8.3100000e-01   5.6180100e+02   1.0241041e+02
   5.6231300e+02   7.7900000e-01   5.6258100e+02   1.0295973e+02
   5.6309300e+02   7.8000000e-01   5.6336100e+02   1.0379056e+02
   5.6391900e+02   8.2600000e-01   5.6418100e+02   1.0632656e+02
   5.6480600e+02   8.8700000e-01   5.6508100e+02   1.0797679e+02
   5.6568300e+02   8.7600000e-01   5.6596100e+02   1.0726955e+02
   5.6649600e+02   8.1400000e-01   5.6677100e+02   1.0765178e+02
   5.6730900e+02   8.1300000e-01   5.6758100e+02   1.0721462e+02
   5.6815000e+02   8.4200000e-01   5.6842100e+02   1.0726955e+02
   5.6901500e+02   8.6400000e-01   5.6928100e+02   1.0527142e+02
   5.6983200e+02   8.1800000e-01   5.7011100e+02   1.0361204e+02
   5.7061700e+02   7.8400000e-01   5.7089000e+02   1.0319547e+02
   5.7142700e+02   8.1000000e-01   5.7169100e+02   1.0312910e+02
   5.7231300e+02   8.8600000e-01   5.7258100e+02   1.0119734e+02
   5.7321200e+02   8.9900000e-01   5.7348100e+02   9.7661136e+01
   5.7402700e+02   8.1500000e-01   5.7430100e+02   9.7537540e+01
   5.7481800e+02   7.9100000e-01   5.7508100e+02   9.8356934e+01
   5.7565400e+02   8.3600000e-01   5.7592100e+02   9.7347569e+01
   5.7653400e+02   8.8000000e-01   5.7680100e+02   9.4518603e+01
   5.7736300e+02   8.2900000e-01   5.7763100e+02   9.2923304e+01
   5.7813800e+02   7.7500000e-01   5.7841100e+02   9.3866293e+01
   5.7889000e+02   7.5200000e-01   5.7915100e+02   9.5619520e+01
   5.7966400e+02   7.7400000e-01   5.7993000e+02   9.7166754e+01
   5.8045400e+02   7.9000000e-01   5.8072100e+02   9.9446406e+01
   5.8122300e+02   7.6900000e-01   5.8150100e+02   1.0183821e+02
   5.8198200e+02   7.5900000e-01   5.8225100e+02   1.0510434e+02
   5.8278300e+02   8.0100000e-01   5.8305100e+02   1.0706814e+02
   5.8377600e+02   9.9300000e-01   5.8404100e+02   1.0774105e+02
   5.8478800e+02   1.0120000e+00   5.8506100e+02   1.0679806e+02
   5.8571800e+02   9.3000000e-01   5.8599100e+02   1.0462140e+02
   5.8661800e+02   8.9900000e-01   5.8689100e+02   1.0331907e+02
   5.8753000e+02   9.1200000e-01   5.8780100e+02   1.0363264e+02
   5.8837000e+02   8.4000000e-01   5.8865100e+02   1.0113097e+02
   5.8912100e+02   7.5100000e-01   5.8939100e+02   1.0318403e+02
   5.8988400e+02   7.6300000e-01   5.9015100e+02   1.0535153e+02
   5.9067800e+02   7.9300000e-01   5.9094100e+02   1.0683239e+02
   5.9149200e+02   8.1400000e-01   5.9176100e+02   1.0762889e+02
   5.9228300e+02   7.9100000e-01   5.9256100e+02   1.0871837e+02
   5.9307100e+02   7.8800000e-01   5.9334100e+02   1.1106439e+02
   5.9397600e+02   9.0500000e-01   5.9424100e+02   1.1026789e+02
   5.9491700e+02   9.4100000e-01   5.9519100e+02   1.0660809e+02
   5.9574100e+02   8.2400000e-01   5.9601100e+02   1.0590084e+02
   5.9653800e+02   7.9800000e-01   5.9681100e+02   1.0642956e+02
   5.9737200e+02   8.3400000e-01   5.9764000e+02   1.0446347e+02
   5.9821600e+02   8.4400000e-01   5.9849100e+02   1.0241041e+02
   5.9899500e+02   7.7900000e-01   5.9927100e+02   1.0182677e+02
   5.9975600e+02   7.6200000e-01   6.0050100e+02   1.7499308e+02
   6.0056300e+02   8.0600000e-01   6.0056400e+02   1.7499308e+02
   6.0141300e+02   8.5100000e-01   6.0141400e+02   1.7499308e+02
   6.0227200e+02   8.5900000e-01   6.0227300e+02   1.7499308e+02
   6.0307800e+02   8.0600000e-01   6.0307900e+02   2.4998358e+01
   6.0389800e+02   8.2000000e-01   6.0450100e+02   1.7499308e+02
   6.0477100e+02   8.7300000e-01   6.0477200e+02   1.7499308e+02
   6.0567200e+02   9.0100000e-01   6.0567300e+02   1.7499308e+02
   6.0649500e+02   8.2300000e-01   6.0649600e+02   9.9995720e+01
   6.0731800e+02   8.2200000e-01   6.0731900e+02   2.4998358e+01
   6.0819700e+02   8.8000000e-01   6.0850100e+02   1.7499308e+02
   6.0910200e+02   9.0500000e-01   6.0910300e+02   1.7499308e+02
   6.0994400e+02   8.4200000e-01   6.0994500e+02   1.7499308e+02
   6.1073700e+02   7.9300000e-01   6.1073800e+02   2.4998358e+01
   6.1156300e+02   8.2600000e-01   6.1156400e+02   2.4998358e+01
   6.1244600e+02   8.8200000e-01   6.1250100e+02   1.7499308e+02
   6.1337400e+02   9.2800000e-01   6.1337500e+02   1.7499308e+02
   6.1419100e+02   8.1700000e-01   6.1419200e+02   1.7499308e+02
   6.1497600e+02   7.8600000e-01   6.1497700e+02   2.4998358e+01
   6.1579400e+02   8.1800000e-01   6.1650100e+02   1.7499308e+02
   6.1663800e+02   8.4400000e-01   6.1663900e+02   1.7499308e+02
   6.1741900e+02   7.8100000e-01   6.1742000e+02   1.7499308e+02
   6.1818800e+02   7.6800000e-01   6.1818900e+02   1.7499308e+02
   6.1899800e+02   8.1100000e-01   6.1899900e+02   2.4998358e+01
   6.1987300e+02   8.7500000e-01   6.2050100e+02   1.7499308e+02
   6.2081300e+02   9.4000000e-01   6.2081400e+02   1.7499308e+02
   6.2163700e+02   8.2300000e-01   6.2163800e+02   1.7499308e+02
   6.2240100e+02   7.6500000e-01   6.2240200e+02   1.7499308e+02
   6.2319400e+02   7.9300000e-01   6.2319500e+02   2.4998358e+01
   6.2400400e+02   8.1000000e-01   6.2450100e+02   1.7499308e+02
   6.2479100e+02   7.8700000e-01   6.2479200e+02   1.7499308e+02
   6.2554500e+02   7.5500000e-01   6.2554600e+02   1.7499308e+02
   6.2634000e+02   7.9500000e-01   6.2634100e+02   1.7499308e+02
   6.2723700e+02   8.9700000e-01   6.2723800e+02   2.4998358e+01
   6.2819500e+02   9.5700000e-01   6.2850100e+02   1.7499308e+02
   6.2904800e+02   8.5300000e-01   6.2904900e+02   1.7499308e+02
   6.2986500e+02   8.1700000e-01   6.2986600e+02   1.7499308e+02
   6.3071500e+02   8.5000000e-01   6.3071600e+02   2.4998358e+01
   6.3160500e+02   8.8900000e-01   6.3160600e+02   2.4998358e+01
   6.3245300e+02   8.4800000e-01   6.3250100e+02   1.7499308e+02
   6.3321900e+02   7.6600000e-01   6.3322000e+02   1.7499308e+02
   6.3398000e+02   7.6100000e-01   6.3398100e+02   1.7499308e+02
   6.3475000e+02   7.6900000e-01   6.3475100e+02   2.4998358e+01
   6.3556500e+02   8.1600000e-01   6.3556600e+02   2.4998358e+01
   6.3639600e+02   8.3100000e-01   6.3650100e+02   1.7499308e+02
   6.3717600e+02   7.8000000e-01   6.3717700e+02   1.7499308e+02
   6.3797200e+02   7.9600000e-01   6.3797300e+02   1.7499308e+02
   6.3885700e+02   8.8500000e-01   6.3885800e+02   2.4998358e+01
   6.3981500e+02   9.5800000e-01   6.4050100e+02   1.7499308e+02
   6.4070800e+02   8.9300000e-01   6.4070900e+02   1.7499308e+02
   6.4151100e+02   8.0300000e-01   6.4151200e+02   1.7499308e+02
   6.4231400e+02   8.0300000e-01   6.4231500e+02   1.7499308e+02
   6.4316600e+02   8.5100000e-01   6.4316700e+02   2.4998358e+01
   6.4403000e+02   8.6400000e-01   6.4450100e+02   1.7499308e+02
   6.4484100e+02   8.1100000e-01   6.4484200e+02   1.7499308e+02
   6.4562400e+02   7.8300000e-01   6.4562500e+02   1.7499308e+02
   6.4645400e+02   8.3000000e-01   6.4645500e+02   1.7499308e+02
   6.4731500e+02   8.6100000e-01   6.4731600e+02   2.4998358e+01
   6.4821400e+02   8.9900000e-01   6.4850100e+02   1.7499308e+02
   6.4904700e+02   8.3300000e-01   6.4904800e+02   1.7499308e+02
   6.4984400e+02   7.9800000e-01   6.4984500e+02   1.7499308e+02
   6.5065700e+02   8.1300000e-01   6.5065800e+02   2.4998358e+01
   6.5149800e+02   8.4100000e-01   6.5149900e+02   2.4998358e+01
   6.5233900e+02   8.4100000e-01   6.5250100e+02   1.7499308e+02
   6.5312900e+02   7.9000000e-01   6.5313000e+02   1.7499308e+02
   6.5389000e+02   7.6200000e-01   6.5416100e+02   1.0000716e+02
   6.5468400e+02   7.9300000e-01   6.5495100e+02   1.0070296e+02
   6.5551500e+02   8.3200000e-01   6.5578100e+02   1.0023147e+02
   6.5629800e+02   7.8200000e-01   6.5657100e+02   9.9334255e+01
   6.5705800e+02   7.6000000e-01   6.5733100e+02   1.0061370e+02
   6.5782000e+02   7.6200000e-01   6.5808100e+02   1.0234175e+02
   6.5859400e+02   7.7400000e-01   6.5886100e+02   1.0392560e+02
   6.5939700e+02   8.0300000e-01   6.5967100e+02   1.0601300e+02
   6.6016900e+02   7.7200000e-01   6.6045100e+02   1.0797679e+02
   6.6093400e+02   7.6500000e-01   6.6120100e+02   1.1094080e+02
   6.6179000e+02   8.5600000e-01   6.6206100e+02   1.1272607e+02
   6.6280600e+02   1.0160000e+00   6.6308100e+02   1.1122232e+02
   6.6371500e+02   9.0900000e-01   6.6399100e+02   1.0998637e+02
   6.6454700e+02   8.3200000e-01   6.6482100e+02   1.0833614e+02
   6.6541800e+02   8.7100000e-01   6.6569100e+02   1.0803401e+02
   6.6632100e+02   9.0400000e-01   6.6659100e+02   1.0502652e+02
   6.6715500e+02   8.3400000e-01   6.6743100e+02   1.0594662e+02
   6.6793200e+02   7.7700000e-01   6.6821100e+02   1.0623730e+02
   6.6874400e+02   8.1200000e-01   6.6901100e+02   1.0676601e+02
   6.6961900e+02   8.7500000e-01   6.6988100e+02   1.0615948e+02
   6.7052600e+02   9.0800000e-01   6.7079100e+02   1.0402631e+02
   6.7134200e+02   8.1500000e-01   6.7162100e+02   1.0381345e+02
   6.7212100e+02   7.8000000e-01   6.7239100e+02   1.0319547e+02
   6.7293000e+02   8.0900000e-01   6.7319100e+02   1.0287046e+02
   6.7376800e+02   8.3700000e-01   6.7403100e+02   1.0477933e+02
   6.7456000e+02   7.9200000e-01   6.7484100e+02   1.0742748e+02
   6.7532200e+02   7.6200000e-01   6.7559100e+02   1.0993143e+02
   6.7615300e+02   8.3100000e-01   6.7642100e+02   1.1168237e+02
   6.7708700e+02   9.3400000e-01   6.7736100e+02   1.1133447e+02
   6.7802100e+02   9.3400000e-01   6.7829100e+02   1.0916697e+02
   6.7881800e+02   7.9700000e-01   6.7910100e+02   1.0734966e+02
   6.7959900e+02   7.8100000e-01   6.7987100e+02   1.0726040e+02
   6.8040500e+02   8.0600000e-01   6.8067100e+02   1.0686672e+02
   6.8123100e+02   8.2600000e-01   6.8150100e+02   1.0469922e+02
   6.8200400e+02   7.7300000e-01   6.8228100e+02   1.0531720e+02
   6.8276400e+02   7.6000000e-01   6.8303100e+02   1.0535153e+02
   6.8357200e+02   8.0900000e-01   6.8384100e+02   1.0713680e+02
   6.8445100e+02   8.7800000e-01   6.8471100e+02   1.0525082e+02
   6.8536200e+02   9.1200000e-01   6.8563100e+02   1.0438565e+02
   6.8618800e+02   8.2600000e-01   6.8646100e+02   1.0355482e+02
   6.8698100e+02   7.9200000e-01   6.8725100e+02   1.0284757e+02
   6.8783000e+02   8.4900000e-01   6.8809100e+02   1.0285902e+02
   6.8868900e+02   8.6000000e-01   6.8896100e+02   1.0128661e+02
   6.8951400e+02   8.2500000e-01   6.8978100e+02   1.0007583e+02
   6.9028400e+02   7.7000000e-01   6.9055100e+02   9.9682153e+01
   6.9105500e+02   7.7100000e-01   6.9132100e+02   1.0037795e+02
   6.9186100e+02   8.0600000e-01   6.9213100e+02   9.9716485e+01
   6.9269100e+02   8.3000000e-01   6.9296100e+02   9.9052731e+01
   6.9350600e+02   8.1500000e-01   6.9378000e+02   9.7761844e+01
   6.9429700e+02   7.9000000e-01   6.9457100e+02   9.8256226e+01
   6.9510800e+02   8.1100000e-01   6.9537100e+02   9.8491973e+01
   6.9595500e+02   8.4700000e-01   6.9622100e+02   9.7212530e+01
   6.9678500e+02   8.3100000e-01   6.9706100e+02   9.6180277e+01
   6.9754900e+02   7.6400000e-01   6.9782100e+02   9.6864631e+01
   6.9831300e+02   7.6400000e-01   6.9858100e+02   9.8414154e+01
   6.9911600e+02   8.0300000e-01   6.9938100e+02   1.0036651e+02
   6.9996300e+02   8.4700000e-01   7.0023100e+02   1.0276975e+02
   7.0082900e+02   8.6600000e-01   7.0110100e+02   1.0385694e+02
   7.0163700e+02   8.0800000e-01   7.0191100e+02   1.0513867e+02
   7.0241800e+02   7.8200000e-01   7.0269100e+02   1.0713680e+02
   7.0323600e+02   8.1800000e-01   7.0351100e+02   1.0726040e+02
   7.0408300e+02   8.4700000e-01   7.0435100e+02   1.0648449e+02
   7.0495200e+02   8.6800000e-01   7.0522100e+02   1.0518216e+02
   7.0573200e+02   7.8000000e-01   7.0601100e+02   1.0445203e+02
   7.0647400e+02   7.4200000e-01   7.0674100e+02   1.0409269e+02
   7.0724400e+02   7.7000000e-01   7.0751100e+02   1.0456418e+02
   7.0806000e+02   8.1600000e-01   7.0832100e+02   1.0330762e+02
   7.0885500e+02   7.9500000e-01   7.0913000e+02   1.0174666e+02
   7.0961700e+02   7.6200000e-01   7.0989100e+02   1.0282469e+02
   7.1042000e+02   8.0300000e-01   7.1068100e+02   1.0302839e+02
   7.1126900e+02   8.4800000e-01   7.1153100e+02   1.0197096e+02
   7.1209900e+02   8.3100000e-01   7.1237100e+02   9.9492182e+01
   7.1286800e+02   7.6900000e-01   7.1314100e+02   9.9492182e+01
   7.1365100e+02   7.8400000e-01   7.1392100e+02   9.9670709e+01
   7.1446100e+02   8.1000000e-01   7.1472100e+02   9.9322810e+01
   7.1528200e+02   8.2100000e-01   7.1555100e+02   9.7672580e+01
   7.1606200e+02   7.8000000e-01   7.1633100e+02   9.7436833e+01
   7.1680600e+02   7.4400000e-01   7.1707100e+02   9.9132839e+01
   7.1757500e+02   7.6900000e-01   7.1784100e+02   1.0146742e+02
   7.1839700e+02   8.2200000e-01   7.1866100e+02   1.0255690e+02
   7.1926300e+02   8.6500000e-01   7.1953100e+02   1.0330762e+02
   7.2007800e+02   8.1500000e-01   7.2035100e+02   1.0413846e+02
   7.2085900e+02   7.8100000e-01   7.2113100e+02   1.0565365e+02
   7.2166500e+02   8.0600000e-01   7.2193100e+02   1.0574292e+02
   7.2248900e+02   8.2400000e-01   7.2276100e+02   1.0466718e+02
   7.2330100e+02   8.1200000e-01   7.2357100e+02   1.0344266e+02
   7.2404200e+02   7.4100000e-01   7.2432100e+02   1.0400342e+02
   7.2477900e+02   7.3700000e-01   7.2505100e+02   1.0687816e+02
   7.2555000e+02   7.7100000e-01   7.2582100e+02   1.0898845e+02
   7.2636600e+02   8.1600000e-01   7.2663100e+02   1.0847117e+02
   7.2714000e+02   7.7500000e-01   7.2741100e+02   1.0901133e+02
   7.2789200e+02   7.5200000e-01   7.2816100e+02   1.1080576e+02
   7.2869700e+02   8.0500000e-01   7.2896100e+02   1.1067072e+02
   7.2954800e+02   8.5100000e-01   7.2981100e+02   1.0943705e+02
   7.3036600e+02   8.1700000e-01   7.3064100e+02   1.0748470e+02
   7.3112100e+02   7.5600000e-01   7.3140100e+02   1.0857188e+02
   7.3188100e+02   7.6000000e-01   7.3215100e+02   1.1040293e+02
   7.3266100e+02   7.8000000e-01   7.3293100e+02   1.1119943e+02
   7.3345900e+02   7.9800000e-01   7.3373100e+02   1.1045786e+02
   7.3422600e+02   7.6700000e-01   7.3450100e+02   1.1027933e+02
   7.3497100e+02   7.4500000e-01   7.3524100e+02   1.1228891e+02
   7.3576200e+02   7.9100000e-01   7.3603100e+02   1.1247888e+02
   7.3660500e+02   8.4300000e-01   7.3687100e+02   1.1100946e+02
   7.3744200e+02   8.3700000e-01   7.3772100e+02   1.0847117e+02
   7.3818500e+02   7.4300000e-01   7.3846100e+02   1.0883052e+02
   7.3890900e+02   7.2500000e-01   7.3918100e+02   1.0825832e+02
   7.3960200e+02   6.9300000e-01   7.3987100e+02   1.0812328e+02
   7.4030600e+02   7.0400000e-01   7.4057100e+02   1.0986277e+02
   7.4109600e+02   7.9000000e-01   7.4136100e+02   1.1061579e+02
   7.4190400e+02   8.0800000e-01   7.4218100e+02   1.0990855e+02
   7.4267400e+02   7.7000000e-01   7.4295100e+02   1.1080576e+02
   7.4345800e+02   7.8400000e-01   7.4373100e+02   1.1094080e+02
   7.4427600e+02   8.1800000e-01   7.4454100e+02   1.0931346e+02
   7.4511100e+02   8.3400000e-01   7.4538100e+02   1.0673168e+02
   7.4586900e+02   7.5800000e-01   7.4614100e+02   1.0617092e+02
   7.4661600e+02   7.4700000e-01   7.4688100e+02   1.0699032e+02
   7.4741000e+02   7.9500000e-01   7.4767100e+02   1.0700176e+02
   7.4825800e+02   8.4800000e-01   7.4852100e+02   1.0661953e+02
   7.4910300e+02   8.4500000e-01   7.4937100e+02   1.0535153e+02
   7.4987200e+02   7.6900000e-01   7.5014100e+02   1.0559872e+02
   7.5064300e+02   7.7000000e-01   7.5091100e+02   1.0609081e+02
   7.5146500e+02   8.2200000e-01   7.5173100e+02   1.0486859e+02
   7.5232600e+02   8.6100000e-01   7.5259100e+02   1.0371274e+02
   7.5311500e+02   7.8900000e-01   7.5339100e+02   1.0244246e+02
   7.5384800e+02   7.3300000e-01   7.5412100e+02   1.0331907e+02
   7.5457100e+02   7.2300000e-01   7.5483100e+02   1.0337629e+02
   7.5533500e+02   7.6400000e-01   7.5559100e+02   1.0471066e+02
   7.5620900e+02   8.7500000e-01   7.5647100e+02   1.0700176e+02
   7.5715900e+02   9.4900000e-01   7.5743100e+02   1.0766323e+02
   7.5807700e+02   9.1800000e-01   7.5835100e+02   1.0756252e+02
   7.5891800e+02   8.4100000e-01   7.5919100e+02   1.0768611e+02
   7.5978300e+02   8.6500000e-01   7.6005100e+02   1.0760829e+02
   7.6068200e+02   8.9900000e-01   7.6095100e+02   1.0641811e+02
   7.6164100e+02   9.5900000e-01   7.6191100e+02   1.0403775e+02
   7.6250300e+02   8.6200000e-01   7.6278100e+02   1.0232115e+02
   7.6329400e+02   7.9100000e-01   7.6356100e+02   1.0224104e+02
   7.6407700e+02   7.8200000e-01   7.6434100e+02   1.0242186e+02
   7.6488700e+02   8.1000000e-01   7.6515100e+02   1.0362119e+02
   7.6572300e+02   8.3600000e-01   7.6599100e+02   1.0567654e+02
   7.6657100e+02   8.4800000e-01   7.6684100e+02   1.0559872e+02
   7.6735300e+02   7.8300000e-01   7.6763000e+02   1.0750530e+02
   7.6814000e+02   7.8600000e-01   7.6841100e+02   1.0862910e+02
   7.6899800e+02   8.5900000e-01   7.6927100e+02   1.0797679e+02
   7.6991700e+02   9.1900000e-01   7.7018100e+02   1.0657375e+02
   7.7078100e+02   8.6400000e-01   7.7106100e+02   1.0654171e+02
   7.7161700e+02   8.3600000e-01   7.7189100e+02   1.0613659e+02
   7.7249500e+02   8.7800000e-01   7.7276100e+02   1.0454358e+02
   7.7339300e+02   8.9900000e-01   7.7366100e+02   1.0336484e+02
   7.7422700e+02   8.3400000e-01   7.7450100e+02   1.0179243e+02
   7.7500500e+02   7.7700000e-01   7.7527100e+02   1.0217466e+02
   7.7582100e+02   8.1700000e-01   7.7608100e+02   1.0145598e+02
   7.7667900e+02   8.5800000e-01   7.7694100e+02   9.9995720e+01
   7.7751300e+02   8.3300000e-01   7.7779100e+02   9.8661345e+01
   7.7828900e+02   7.7600000e-01   7.7856100e+02   9.8997800e+01
   7.7907400e+02   7.8500000e-01   7.7934100e+02   9.9647821e+01
   7.7991000e+02   8.3600000e-01   7.8017100e+02   9.9535670e+01
   7.8081800e+02   9.0700000e-01   7.8108100e+02   9.8043367e+01
   7.8165200e+02   8.3500000e-01   7.8193100e+02   9.7773288e+01
   7.8244300e+02   7.9100000e-01   7.8272100e+02   9.9020688e+01
   7.8323700e+02   7.9400000e-01   7.8351100e+02   1.0211744e+02
   7.8404900e+02   8.1200000e-01   7.8432100e+02   1.0320692e+02
   7.8482000e+02   7.7100000e-01   7.8510100e+02   1.0454358e+02
   7.8556100e+02   7.4100000e-01   7.8584100e+02   1.0583447e+02
   7.8629700e+02   7.3600000e-01   7.8657100e+02   1.0783260e+02
   7.8708900e+02   7.9200000e-01   7.8736100e+02   1.0819194e+02
   7.8797700e+02   8.8800000e-01   7.8825100e+02   1.0726040e+02
   7.8883100e+02   8.5300000e-01   7.8911100e+02   1.0532864e+02
   7.8961200e+02   7.8200000e-01   7.8989100e+02   1.0517071e+02
   7.9039400e+02   7.8200000e-01   7.9067100e+02   1.0472211e+02
   7.9119800e+02   8.0400000e-01   7.9147100e+02   1.0449780e+02
   7.9201400e+02   8.1500000e-01   7.9229100e+02   1.0456418e+02
   7.9285100e+02   8.3700000e-01   7.9313100e+02   1.0500363e+02
   7.9369000e+02   8.3900000e-01   7.9397100e+02   1.0607022e+02
   7.9452800e+02   8.3700000e-01   7.9480100e+02   1.0601300e+02
   7.9533700e+02   8.0900000e-01   7.9562100e+02   1.0520505e+02
   7.9608600e+02   7.5000000e-01   7.9637100e+02   1.0585507e+02
   7.9684100e+02   7.5500000e-01   7.9711100e+02   1.0700176e+02
   7.9761000e+02   7.6900000e-01   7.9788100e+02   1.0801112e+02
   7.9839000e+02   7.8100000e-01   7.9867100e+02   1.0686672e+02
   7.9915700e+02   7.6600000e-01   7.9943100e+02   1.0709102e+02
   7.9990700e+02   7.5000000e-01   8.0018100e+02   1.0779827e+02
   8.0070100e+02   7.9400000e-01   8.0097100e+02   1.0788753e+02
   8.0153700e+02   8.3600000e-01   8.0181100e+02   1.0586651e+02
   8.0230400e+02   7.6700000e-01   8.0258100e+02   1.0573147e+02
   8.0306300e+02   7.5800000e-01   8.0333100e+02   1.0675457e+02
   8.0384700e+02   7.8400000e-01   8.0411100e+02   1.0707958e+02
   8.0466000e+02   8.1300000e-01   8.0493100e+02   1.0648449e+02
   8.0540600e+02   7.4500000e-01   8.0568100e+02   1.0664242e+02
   8.0612700e+02   7.2100000e-01   8.0640100e+02   1.0798824e+02
   8.0686200e+02   7.3600000e-01   8.0713100e+02   1.0895411e+02
   8.0764900e+02   7.8600000e-01   8.0791100e+02   1.0929057e+02
   8.0848100e+02   8.3200000e-01   8.0875100e+02   1.0843684e+02
   8.0926500e+02   7.8400000e-01   8.0954100e+02   1.0866343e+02
   8.1003500e+02   7.7000000e-01   8.1031000e+02   1.0894267e+02
   8.1083800e+02   8.0300000e-01   8.1110100e+02   1.0866343e+02
   8.1165600e+02   8.1800000e-01   8.1192100e+02   1.0723751e+02
   8.1245200e+02   7.9600000e-01   8.1273100e+02   1.0676601e+02
   8.1319400e+02   7.4200000e-01   8.1347100e+02   1.0786464e+02
   8.1393800e+02   7.4400000e-01   8.1421100e+02   1.0948283e+02
   8.1470700e+02   7.6900000e-01   8.1497100e+02   1.1005503e+02
   8.1548600e+02   7.7900000e-01   8.1575100e+02   1.0989710e+02
   8.1624500e+02   7.5900000e-01   8.1652100e+02   1.0907771e+02
   8.1697100e+02   7.2600000e-01   8.1724100e+02   1.1032282e+02
   8.1768800e+02   7.1700000e-01   8.1796100e+02   1.1157022e+02
   8.1843200e+02   7.4400000e-01   8.1870100e+02   1.1209665e+02
   8.1919700e+02   7.6400000e-01   8.1946100e+02   1.1143518e+02
   8.1994300e+02   7.4600000e-01   8.2021100e+02   1.1123377e+02
   8.2068200e+02   7.3900000e-01   8.2095100e+02   1.1249032e+02
   8.2145700e+02   7.7400000e-01   8.2172100e+02   1.1253610e+02
   8.2228800e+02   8.3100000e-01   8.2255100e+02   1.1102091e+02
   8.2308400e+02   7.9600000e-01   8.2336100e+02   1.0894267e+02
   8.2385200e+02   7.6800000e-01   8.2412100e+02   1.0897700e+02
   8.2463800e+02   7.8600000e-01   8.2490100e+02   1.0856044e+02
   8.2544100e+02   8.0300000e-01   8.2571100e+02   1.0696743e+02
   8.2621600e+02   7.7500000e-01   8.2649100e+02   1.0572232e+02
   8.2694600e+02   7.3100000e-01   8.2722100e+02   1.0646160e+02
   8.2767600e+02   7.3000000e-01   8.2794100e+02   1.0831554e+02
   8.2844700e+02   7.7100000e-01   8.2871100e+02   1.0949427e+02
   8.2926300e+02   8.1600000e-01   8.2953100e+02   1.0971858e+02
   8.3010800e+02   8.4600000e-01   8.3038100e+02   1.0926768e+02
   8.3088200e+02   7.7400000e-01   8.3116100e+02   1.0904338e+02
   8.3162800e+02   7.4600000e-01   8.3190100e+02   1.1036860e+02
   8.3240900e+02   7.8200000e-01   8.3267100e+02   1.0979639e+02
   8.3321800e+02   8.0900000e-01   8.3348100e+02   1.0806834e+02
   8.3402400e+02   8.0600000e-01   8.3429100e+02   1.0699032e+02
   8.3477500e+02   7.5100000e-01   8.3504100e+02   1.0646160e+02
   8.3553600e+02   7.6100000e-01   8.3580100e+02   1.0702465e+02
   8.3631600e+02   7.8000000e-01   8.3658100e+02   1.0640667e+02
   8.3712700e+02   8.1100000e-01   8.3739100e+02   1.0513867e+02
   8.3792300e+02   7.9600000e-01   8.3819100e+02   1.0404920e+02
   8.3867500e+02   7.5200000e-01   8.3894100e+02   1.0387983e+02
   8.3942200e+02   7.4600000e-01   8.3968100e+02   1.0427350e+02
   8.4019200e+02   7.7000000e-01   8.4045100e+02   1.0499219e+02
   8.4097600e+02   7.8500000e-01   8.4124100e+02   1.0535153e+02
   8.4178700e+02   8.1000000e-01   8.4205100e+02   1.0529431e+02
   8.4254500e+02   7.5900000e-01   8.4282100e+02   1.0656231e+02
   8.4328600e+02   7.4000000e-01   8.4355100e+02   1.0761745e+02
   8.4406700e+02   7.8100000e-01   8.4433100e+02   1.0870692e+02
   8.4489500e+02   8.2900000e-01   8.4516100e+02   1.0715740e+02
   8.4573900e+02   8.4400000e-01   8.4601100e+02   1.0605877e+02
   8.4651900e+02   7.7900000e-01   8.4679100e+02   1.0538357e+02
   8.4727700e+02   7.5900000e-01   8.4754100e+02   1.0583447e+02
   8.4808600e+02   8.0900000e-01   8.4835100e+02   1.0482282e+02
   8.4890400e+02   8.1800000e-01   8.4917100e+02   1.0356626e+02
   8.4969400e+02   7.9000000e-01   8.4996100e+02   1.0244246e+02
   8.5042700e+02   7.3300000e-01   8.5070100e+02   1.0254545e+02
   8.5115400e+02   7.2700000e-01   8.5142100e+02   1.0377912e+02
   8.5189200e+02   7.3800000e-01   8.5215100e+02   1.0503567e+02
   8.5264700e+02   7.5500000e-01   8.5291100e+02   1.0628307e+02
   8.5339800e+02   7.5100000e-01   8.5367100e+02   1.0669735e+02
   8.5414000e+02   7.4200000e-01   8.5441100e+02   1.0868403e+02
   8.5490400e+02   7.6400000e-01   8.5517100e+02   1.1012141e+02
   8.5571200e+02   8.0700000e-01   8.5598100e+02   1.0981928e+02
   8.5654900e+02   8.3700000e-01   8.5682100e+02   1.0870692e+02
   8.5732900e+02   7.8000000e-01   8.5760100e+02   1.0865199e+02
   8.5809100e+02   7.6100000e-01   8.5836100e+02   1.0872981e+02
   8.5890100e+02   8.1100000e-01   8.5916100e+02   1.0734966e+02
   8.5975000e+02   8.4900000e-01   8.6001100e+02   1.0548657e+02
   8.6057100e+02   8.2100000e-01   8.6084100e+02   1.0409269e+02
   8.6133900e+02   7.6800000e-01   8.6161100e+02   1.0371274e+02
   8.6209400e+02   7.5500000e-01   8.6236100e+02   1.0395993e+02
   8.6289400e+02   8.0000000e-01   8.6316100e+02   1.0306043e+02
   8.6370900e+02   8.1500000e-01   8.6397100e+02   1.0244246e+02
   8.6447900e+02   7.7000000e-01   8.6475100e+02   1.0108519e+02
   8.6521200e+02   7.3200000e-01   8.6548100e+02   1.0176955e+02
   8.6594300e+02   7.3200000e-01   8.6621100e+02   1.0331907e+02
   8.6668600e+02   7.4200000e-01   8.6695100e+02   1.0546368e+02
   8.6743800e+02   7.5300000e-01   8.6771100e+02   1.0679806e+02
   8.6816600e+02   7.2800000e-01   8.6844100e+02   1.0801112e+02
   8.6890500e+02   7.3900000e-01   8.6917100e+02   1.1069361e+02
   8.6968600e+02   7.8100000e-01   8.6995100e+02   1.1158166e+02
   8.7051900e+02   8.3300000e-01   8.7079100e+02   1.1144662e+02
   8.7130900e+02   7.9000000e-01   8.7158100e+02   1.1238961e+02
   8.7209500e+02   7.8600000e-01   8.7237100e+02   1.1288400e+02
   8.7294400e+02   8.5000000e-01   8.7321100e+02   1.1300759e+02
   8.7387000e+02   9.2600000e-01   8.7414100e+02   1.1096369e+02
   8.7472900e+02   8.5900000e-01   8.7500100e+02   1.0906626e+02
   8.7549100e+02   7.6200000e-01   8.7577100e+02   1.0915553e+02
   8.7625200e+02   7.6100000e-01   8.7652100e+02   1.0896556e+02
   8.7705600e+02   8.0300000e-01   8.7732100e+02   1.0908915e+02
   8.7788700e+02   8.3200000e-01   8.7815100e+02   1.0869548e+02
   8.7868300e+02   7.9600000e-01   8.7896100e+02   1.0819194e+02
   8.7945900e+02   7.7600000e-01   8.7973100e+02   1.0880763e+02
   8.8026500e+02   8.0600000e-01   8.8053100e+02   1.0890834e+02
   8.8114000e+02   8.7500000e-01   8.8140100e+02   1.0762889e+02
   8.8204500e+02   9.0500000e-01   8.8231100e+02   1.0548657e+02
   8.8286400e+02   8.1800000e-01   8.8313100e+02   1.0477933e+02
   8.8365500e+02   7.9100000e-01   8.8392100e+02   1.0535153e+02
   8.8447600e+02   8.2100000e-01   8.8474100e+02   1.0410413e+02
   8.8531700e+02   8.4100000e-01   8.8558100e+02   1.0290479e+02
   8.8613400e+02   8.1700000e-01   8.8641100e+02   1.0199385e+02
   8.8690700e+02   7.7300000e-01   8.8717100e+02   1.0220671e+02
   8.8766100e+02   7.5500000e-01   8.8793100e+02   1.0335340e+02
   8.8844100e+02   7.8000000e-01   8.8870100e+02   1.0402631e+02
   8.8923300e+02   7.9200000e-01   8.8950100e+02   1.0593518e+02
   8.8999100e+02   7.5700000e-01   8.9026100e+02   1.0666531e+02
   8.9073300e+02   7.4200000e-01   8.9100100e+02   1.0880763e+02
   8.9150700e+02   7.7400000e-01   8.9177100e+02   1.1058146e+02
   8.9235400e+02   8.4700000e-01   8.9262100e+02   1.1073938e+02
   8.9324400e+02   8.8900000e-01   8.9351100e+02   1.0994288e+02
   8.9405300e+02   8.0900000e-01   8.9433100e+02   1.0829265e+02
   8.9480300e+02   7.5000000e-01   8.9507100e+02   1.0885341e+02
   8.9557500e+02   7.7200000e-01   8.9584100e+02   1.0989710e+02
   8.9637400e+02   7.9900000e-01   8.9664100e+02   1.0968424e+02
   8.9716100e+02   7.8800000e-01   8.9743100e+02   1.0945994e+02
   8.9791400e+02   7.5300000e-01   8.9819100e+02   1.1023356e+02
   8.9867400e+02   7.6000000e-01   8.9894100e+02   1.1092935e+02
   8.9949500e+02   8.2100000e-01   8.9976100e+02   1.1092935e+02
   9.0034200e+02   8.4600000e-01   9.0061100e+02   1.0950343e+02
   9.0112100e+02   7.7900000e-01   9.0139100e+02   1.0884196e+02
   9.0186000e+02   7.3900000e-01   9.0213100e+02   1.0913493e+02
   9.0260100e+02   7.4100000e-01   9.0286100e+02   1.0921275e+02
   9.0335800e+02   7.5700000e-01   9.0362100e+02   1.1038004e+02
   9.0412800e+02   7.7000000e-01   9.0439100e+02   1.1069361e+02
   9.0486600e+02   7.3800000e-01   9.0514100e+02   1.1114221e+02
   9.0559200e+02   7.2600000e-01   9.0586100e+02   1.1322045e+02
   9.0636500e+02   7.7300000e-01   9.0663100e+02   1.1360268e+02
   9.0722100e+02   8.5600000e-01   9.0748100e+02   1.1311974e+02
   9.0805500e+02   8.3500000e-01   9.0833100e+02   1.1102091e+02
   9.0883500e+02   7.8000000e-01   9.0911100e+02   1.1055857e+02
   9.0965400e+02   8.1900000e-01   9.0992100e+02   1.0963847e+02
   9.1047000e+02   8.1600000e-01   9.1073100e+02   1.0828120e+02
   9.1124300e+02   7.7300000e-01   9.1151100e+02   1.0764034e+02
   9.1195100e+02   7.0800000e-01   9.1222100e+02   1.0751674e+02
   9.1263600e+02   6.8500000e-01   9.1290100e+02   1.0879619e+02
   9.1336000e+02   7.2400000e-01   9.1362100e+02   1.0996348e+02
   9.1410600e+02   7.4700000e-01   9.1438100e+02   1.1007792e+02
   9.1483900e+02   7.3300000e-01   9.1511100e+02   1.1105295e+02
   9.1562100e+02   7.8200000e-01   9.1588100e+02   1.1234384e+02
   9.1648400e+02   8.6300000e-01   9.1675100e+02   1.1140085e+02
   9.1739900e+02   9.1500000e-01   9.1766100e+02   1.0898845e+02
   9.1820100e+02   8.0200000e-01   9.1847100e+02   1.0731533e+02
   9.1894600e+02   7.4500000e-01   9.1921100e+02   1.0785320e+02
   9.1970300e+02   7.5700000e-01   9.1996100e+02   1.0718029e+02
   9.2046900e+02   7.6600000e-01   9.2073100e+02   1.0639523e+02
   9.2123900e+02   7.7000000e-01   9.2150100e+02   1.0603588e+02
   9.2197600e+02   7.3700000e-01   9.2225100e+02   1.0666531e+02
   9.2269800e+02   7.2100000e-01   9.2296100e+02   1.0899989e+02
   9.2347100e+02   7.7400000e-01   9.2373100e+02   1.1025644e+02
   9.2428900e+02   8.1800000e-01   9.2455100e+02   1.1016718e+02
   9.2511300e+02   8.2400000e-01   9.2538100e+02   1.0879619e+02
   9.2588400e+02   7.7100000e-01   9.2615100e+02   1.0910060e+02
   9.2665200e+02   7.6800000e-01   9.2692100e+02   1.0934779e+02
   9.2746100e+02   8.0900000e-01   9.2772100e+02   1.0953776e+02
   9.2826700e+02   8.0600000e-01   9.2854100e+02   1.0912349e+02
   9.2902300e+02   7.5600000e-01   9.2930100e+02   1.1003214e+02
   9.2976900e+02   7.4700000e-01   9.3004100e+02   1.1144662e+02
   9.3055300e+02   7.8400000e-01   9.3082100e+02   1.1204171e+02
   9.3140400e+02   8.5100000e-01   9.3167100e+02   1.1196161e+02
   9.3223100e+02   8.2600000e-01   9.3250100e+02   1.1043497e+02
   9.3299700e+02   7.6700000e-01   9.3327100e+02   1.1127725e+02
   9.3375900e+02   7.6200000e-01   9.3402100e+02   1.1069361e+02
   9.3454700e+02   7.8800000e-01   9.3481100e+02   1.0960642e+02
   9.3533000e+02   7.8300000e-01   9.3560100e+02   1.0924708e+02
   9.3605300e+02   7.2300000e-01   9.3633100e+02   1.0990855e+02
   9.3675100e+02   6.9800000e-01   9.3702100e+02   1.1234384e+02
   9.3745000e+02   6.9900000e-01   9.3771100e+02   1.1354546e+02
   9.3815700e+02   7.0700000e-01   9.3842100e+02   1.1346764e+02
   9.3885300e+02   6.9600000e-01   9.3912100e+02   1.1426415e+02
   9.3951000e+02   6.5700000e-01   9.3978100e+02   1.1495994e+02
   9.4018800e+02   6.7900000e-01   9.4045100e+02   1.1518425e+02
   9.4088000e+02   6.9200000e-01   9.4115100e+02   1.1543144e+02
   9.4155900e+02   6.7800000e-01   9.4182100e+02   1.1593727e+02
   9.4225400e+02   6.9500000e-01   9.4252100e+02   1.1616157e+02
   9.4295600e+02   7.0200000e-01   9.4322100e+02   1.1542000e+02
   9.4366700e+02   7.1100000e-01   9.4393100e+02   1.1490272e+02
   9.4436500e+02   6.9800000e-01   9.4463100e+02   1.1494850e+02
   9.4506000e+02   6.9500000e-01   9.4532100e+02   1.1575645e+02
   9.4576900e+02   7.0900000e-01   9.4603100e+02   1.1666511e+02
   9.4649000e+02   7.2100000e-01   9.4675100e+02   1.1631721e+02
   9.4722100e+02   7.3100000e-01   9.4749100e+02   1.1540855e+02
   9.4792200e+02   7.0100000e-01   9.4819100e+02   1.1538566e+02
   9.4863400e+02   7.1200000e-01   9.4890100e+02   1.1595786e+02
   9.4938100e+02   7.4700000e-01   9.4964100e+02   1.1583656e+02
   9.5015700e+02   7.7600000e-01   9.5042100e+02   1.1461205e+02
   9.5087400e+02   7.1700000e-01   9.5114100e+02   1.1333260e+02
   9.5156600e+02   6.9200000e-01   9.5183100e+02   1.1397118e+02
   9.5228200e+02   7.1600000e-01   9.5254100e+02   1.1463493e+02
   9.5296900e+02   6.8700000e-01   9.5323100e+02   1.1403984e+02
   9.5363200e+02   6.6300000e-01   9.5390100e+02   1.1371483e+02
   9.5426700e+02   6.3500000e-01   9.5453100e+02   1.1508354e+02
   9.5489500e+02   6.2800000e-01   9.5515100e+02   1.1632865e+02
   9.5554800e+02   6.5300000e-01   9.5580100e+02   1.1788962e+02
   9.5623100e+02   6.8300000e-01   9.5649100e+02   1.1746390e+02
   9.5689700e+02   6.6600000e-01   9.5715100e+02   1.1860830e+02
   9.5753700e+02   6.4000000e-01   9.5779100e+02   1.1904547e+02
   9.5815200e+02   6.1500000e-01   9.5841100e+02   1.1924917e+02
   9.5881900e+02   6.6700000e-01   9.5907100e+02   1.1996557e+02
   9.5948400e+02   6.6500000e-01   9.5974100e+02   1.1967489e+02
   9.6015600e+02   6.7200000e-01   9.6041100e+02   1.1986486e+02
   9.6082600e+02   6.6900000e-01   9.6108100e+02   1.1995412e+02
   9.6148000e+02   6.5400000e-01   9.6174100e+02   1.1972982e+02
   9.6212000e+02   6.4100000e-01   9.6238100e+02   1.1644080e+02
   9.6275500e+02   6.3400000e-01   9.6303100e+02   1.1174875e+02
   9.6339400e+02   6.3900000e-01   9.6365100e+02   1.1453423e+02
   9.6402700e+02   6.3300000e-01   9.6429100e+02   1.0970713e+02
   9.6466000e+02   6.3300000e-01   9.6493100e+02   1.0888774e+02
   9.6530100e+02   6.4100000e-01   9.6557100e+02   1.0664242e+02
   9.6595700e+02   6.5600000e-01   9.6623100e+02   9.9782861e+01
   9.6663500e+02   6.7800000e-01   9.6690100e+02   1.0622585e+02
   9.6733500e+02   6.9900000e-01   9.6760100e+02   1.0678890e+02
   9.6801600e+02   6.8200000e-01   9.6828100e+02   1.0401487e+02
   9.6869300e+02   6.7700000e-01   9.6895100e+02   1.0203963e+02
   9.6937000e+02   6.7700000e-01   9.6964100e+02   9.8178407e+01
   9.7005300e+02   6.8300000e-01   9.7031100e+02   1.0404920e+02
   9.7072600e+02   6.7300000e-01   9.7099100e+02   9.9210659e+01
   9.7139500e+02   6.6800000e-01   9.7166100e+02   9.9547114e+01
   9.7207900e+02   6.8400000e-01   9.7235100e+02   1.0153380e+02
   9.7279200e+02   7.1200000e-01   9.7306100e+02   9.8054811e+01
   9.7350300e+02   7.1100000e-01   9.7377100e+02   9.9098507e+01
   9.7420100e+02   6.9800000e-01   9.7447100e+02   9.9860680e+01
   9.7491200e+02   7.1100000e-01   9.7517100e+02   1.0752819e+02
   9.7563000e+02   7.1700000e-01   9.7590100e+02   1.0052443e+02
   9.7635800e+02   7.2900000e-01   9.7662100e+02   9.9872124e+01
   9.7709100e+02   7.3200000e-01   9.7736100e+02   9.8897092e+01
   9.7779800e+02   7.0800000e-01   9.7807100e+02   1.0105086e+02
   9.7851600e+02   7.1800000e-01   9.7878100e+02   1.0189314e+02
   9.7925500e+02   7.3900000e-01   9.7952100e+02   1.0531720e+02
   9.8001200e+02   7.5700000e-01   9.8028100e+02   1.0462140e+02
   9.8074300e+02   7.3100000e-01   9.8101100e+02   1.0595806e+02
   9.8147600e+02   7.3300000e-01   9.8174100e+02   1.0413846e+02
   9.8223900e+02   7.6300000e-01   9.8250100e+02   1.0143309e+02
   9.8302500e+02   7.8700000e-01   9.8329100e+02   1.0108519e+02
   9.8376300e+02   7.3800000e-01   9.8403100e+02   1.0118590e+02
   9.8450800e+02   7.4500000e-01   9.8477100e+02   1.0290479e+02
   9.8527400e+02   7.6600000e-01   9.8553100e+02   1.0304899e+02
   9.8603600e+02   7.6200000e-01   9.8630100e+02   1.0137816e+02
   9.8675700e+02   7.2100000e-01   9.8702100e+02   1.0190459e+02
   9.8748600e+02   7.3000000e-01   9.8775100e+02   1.0193892e+02
   9.8823100e+02   7.4500000e-01   9.8849100e+02   1.0190459e+02
   9.8899400e+02   7.6300000e-01   9.8925100e+02   1.0082656e+02
   9.8973300e+02   7.3900000e-01   9.9000100e+02   1.0040084e+02
   9.9045600e+02   7.2300000e-01   9.9072100e+02   1.0099593e+02
   9.9120800e+02   7.5200000e-01   9.9147100e+02   1.0165739e+02
   9.9201000e+02   8.0200000e-01   9.9227100e+02   1.0035506e+02
   9.9281300e+02   8.0400000e-01   9.9308100e+02   9.8727720e+01
   9.9356900e+02   7.5600000e-01   9.9384100e+02   9.9389186e+01
   9.9436100e+02   7.9200000e-01   9.9462100e+02   9.9984276e+01
   9.9515600e+02   7.9500000e-01   9.9542100e+02   9.8244782e+01
   9.9593200e+02   7.7600000e-01   9.9620100e+02   9.6898963e+01
   9.9668200e+02   7.5000000e-01   9.9695100e+02   9.7560429e+01
   9.9745800e+02   7.7600000e-01   9.9772100e+02   9.8437042e+01
   9.9826500e+02   8.0700000e-01   9.9853100e+02   9.8043367e+01
   9.9906300e+02   7.9900000e-01   9.9933100e+02   9.6292429e+01
   9.9981800e+02   7.5400000e-01   1.0000910e+03   9.7807620e+01
   1.0006060e+03   7.8800000e-01   1.0008710e+03   9.8739164e+01
   1.0014260e+03   8.2100000e-01   1.0016910e+03   9.7896883e+01
   1.0022510e+03   8.2400000e-01   1.0025210e+03   9.6203166e+01
   1.0030350e+03   7.8400000e-01   1.0033110e+03   9.6091014e+01
   1.0038040e+03   7.6900000e-01   1.0040710e+03   9.7391057e+01
   1.0045850e+03   7.8200000e-01   1.0048510e+03   9.7672580e+01
   1.0053950e+03   8.0900000e-01   1.0056610e+03   9.8345490e+01
   1.0062350e+03   8.4100000e-01   1.0065110e+03   9.8716276e+01
   1.0070220e+03   7.8700000e-01   1.0072910e+03   1.0053588e+02
   1.0077960e+03   7.7400000e-01   1.0080610e+03   1.0222960e+02
   1.0086030e+03   8.0700000e-01   1.0088710e+03   1.0249968e+02
   1.0094360e+03   8.3300000e-01   1.0097010e+03   1.0222960e+02
   1.0102750e+03   8.3900000e-01   1.0105510e+03   1.0126372e+02
   1.0110710e+03   7.9600000e-01   1.0113410e+03   9.9817193e+01
   1.0118780e+03   8.0700000e-01   1.0121510e+03   9.7370457e+01
   1.0126780e+03   8.0000000e-01   1.0129510e+03   9.5875866e+01
   1.0135030e+03   8.2500000e-01   1.0137710e+03   9.7189642e+01
   1.0143450e+03   8.4200000e-01   1.0146210e+03   9.7370457e+01
   1.0151320e+03   7.8700000e-01   1.0154110e+03   9.5113693e+01
   1.0159310e+03   7.9900000e-01   1.0162010e+03   9.0723760e+01
   1.0167490e+03   8.1800000e-01   1.0170210e+03   9.5045029e+01
   1.0175780e+03   8.2800000e-01   1.0178510e+03   9.4170704e+01
   1.0183650e+03   7.8700000e-01   1.0186410e+03   9.8077699e+01
   1.0191440e+03   7.7900000e-01   1.0194110e+03   9.9636377e+01
   1.0200160e+03   8.7200000e-01   1.0202910e+03   9.9581446e+01
   1.0209940e+03   9.7800000e-01   1.0212710e+03   9.9828637e+01
   1.0217850e+03   7.9100000e-01   1.0220610e+03   1.0055877e+02
   1.0225470e+03   7.6200000e-01   1.0228210e+03   1.0243330e+02
   1.0233290e+03   7.8300000e-01   1.0236010e+03   1.0295973e+02
   1.0241680e+03   8.3800000e-01   1.0244410e+03   1.0297117e+02
   1.0249840e+03   8.1600000e-01   1.0252610e+03   1.0374479e+02
   1.0257750e+03   7.9100000e-01   1.0260410e+03   1.0536297e+02
   1.0266130e+03   8.3900000e-01   1.0268810e+03   1.0515927e+02
   1.0276240e+03   1.0110000e+00   1.0278910e+03   1.0324125e+02
   1.0286180e+03   9.9400000e-01   1.0288910e+03   1.0088378e+02
   1.0294300e+03   8.1300000e-01   1.0297110e+03   1.0078307e+02
   1.0302430e+03   8.1200000e-01   1.0305110e+03   9.9995720e+01
   1.0310520e+03   8.0900000e-01   1.0313210e+03   9.9357143e+01
   1.0318090e+03   7.5700000e-01   1.0320810e+03   9.8750609e+01
   1.0325480e+03   7.3900000e-01   1.0328110e+03   1.0061370e+02
   1.0333020e+03   7.5500000e-01   1.0335610e+03   1.0175810e+02
   1.0340390e+03   7.3700000e-01   1.0343010e+03   1.0185881e+02
   1.0347570e+03   7.1800000e-01   1.0350210e+03   1.0195036e+02
   1.0355640e+03   8.0700000e-01   1.0358210e+03   1.0219755e+02
   1.0364520e+03   8.8800000e-01   1.0367210e+03   1.0116301e+02
   1.0373880e+03   9.3600000e-01   1.0376610e+03   9.8773497e+01
   1.0382160e+03   8.2800000e-01   1.0384910e+03   9.7571873e+01
   1.0389830e+03   7.6700000e-01   1.0392510e+03   9.7862551e+01
   1.0397600e+03   7.7800000e-01   1.0400310e+03   9.8604125e+01
   1.0405480e+03   7.8800000e-01   1.0408110e+03   1.0054732e+02
   1.0413670e+03   8.1900000e-01   1.0416410e+03   1.0297117e+02
   1.0422280e+03   8.6100000e-01   1.0425010e+03   1.0454358e+02
   1.0430400e+03   8.1200000e-01   1.0433210e+03   1.0540646e+02
   1.0438130e+03   7.7300000e-01   1.0440810e+03   1.0767467e+02
   1.0446330e+03   8.2000000e-01   1.0449010e+03   1.0772045e+02
   1.0455090e+03   8.7600000e-01   1.0457710e+03   1.0651882e+02
   1.0464520e+03   9.4300000e-01   1.0467210e+03   1.0370130e+02
   1.0472760e+03   8.2500000e-01   1.0475510e+03   1.0263472e+02
   1.0480710e+03   7.9400000e-01   1.0483410e+03   1.0322981e+02
   1.0489140e+03   8.4300000e-01   1.0491810e+03   1.0229826e+02
   1.0498440e+03   9.3000000e-01   1.0501110e+03   1.0061370e+02
   1.0507980e+03   9.5400000e-01   1.0510710e+03   9.9547114e+01
   1.0516820e+03   8.8400000e-01   1.0519610e+03   9.7560429e+01
   1.0524790e+03   7.9700000e-01   1.0527510e+03   9.7649692e+01
   1.0532790e+03   8.0000000e-01   1.0535510e+03   9.8244782e+01
   1.0540990e+03   8.2000000e-01   1.0543610e+03   9.7729800e+01
   1.0549520e+03   8.5200000e-01   1.0552210e+03   9.7459721e+01
   1.0558540e+03   9.0200000e-01   1.0561210e+03   9.6562508e+01
   1.0566880e+03   8.3400000e-01   1.0569610e+03   9.5786603e+01
   1.0574780e+03   7.8900000e-01   1.0577510e+03   9.6864631e+01
   1.0583200e+03   8.4200000e-01   1.0585810e+03   9.6571664e+01
   1.0592010e+03   8.8100000e-01   1.0594710e+03   9.5280776e+01
   1.0600940e+03   8.9300000e-01   1.0603610e+03   9.4596423e+01
   1.0609290e+03   8.3400000e-01   1.0612010e+03   9.3429131e+01
   1.0617010e+03   7.7300000e-01   1.0619710e+03   9.5113693e+01
   1.0625050e+03   8.0400000e-01   1.0627710e+03   9.5775159e+01
   1.0633530e+03   8.4800000e-01   1.0636210e+03   9.5674451e+01
   1.0641940e+03   8.4100000e-01   1.0644710e+03   9.5383772e+01
   1.0649710e+03   7.7700000e-01   1.0652410e+03   9.6448068e+01
   1.0657720e+03   8.0100000e-01   1.0660410e+03   9.7381902e+01
   1.0665980e+03   8.2600000e-01   1.0668710e+03   9.7077490e+01
   1.0674280e+03   8.3000000e-01   1.0677010e+03   9.6988227e+01
   1.0682480e+03   8.2000000e-01   1.0685210e+03   9.7100378e+01
   1.0690190e+03   7.7100000e-01   1.0692910e+03   9.6033794e+01
   1.0697470e+03   7.2900000e-01   1.0700210e+03   9.6898963e+01
   1.0704400e+03   6.9300000e-01   1.0707210e+03   9.8874204e+01
   1.0711100e+03   6.6900000e-01   1.0713810e+03   1.0142165e+02
   1.0717960e+03   6.8700000e-01   1.0720610e+03   1.0574292e+02
   1.0726040e+03   8.0800000e-01   1.0728610e+03   1.0956065e+02
   1.0736640e+03   1.0600000e+00   1.0739310e+03   1.0993143e+02
   1.0746990e+03   1.0350000e+00   1.0749710e+03   1.1050364e+02
   1.0757050e+03   1.0060000e+00   1.0759810e+03   1.0915553e+02
   1.0766750e+03   9.7000000e-01   1.0769510e+03   1.0684383e+02
   1.0775470e+03   8.7200000e-01   1.0778210e+03   1.0554150e+02
   1.0782950e+03   7.4700000e-01   1.0785710e+03   1.0449780e+02
   1.0790330e+03   7.3800000e-01   1.0793010e+03   1.0554150e+02
   1.0797920e+03   7.5900000e-01   1.0800510e+03   1.0581158e+02
   1.0806670e+03   8.7500000e-01   1.0809310e+03   1.0529431e+02
   1.0816510e+03   9.8400000e-01   1.0819110e+03   1.0491208e+02
   1.0825800e+03   9.2900000e-01   1.0828510e+03   1.0393705e+02
   1.0833670e+03   7.8700000e-01   1.0836410e+03   1.0329618e+02
   1.0841590e+03   7.9200000e-01   1.0844300e+03   1.0270109e+02
   1.0849550e+03   7.9500000e-01   1.0852210e+03   1.0209456e+02
   1.0857930e+03   8.3900000e-01   1.0860610e+03   1.0175810e+02
   1.0866420e+03   8.4900000e-01   1.0869110e+03   1.0120879e+02
   1.0874180e+03   7.7600000e-01   1.0876910e+03   1.0059081e+02
   1.0881640e+03   7.4600000e-01   1.0884310e+03   1.0151091e+02
   1.0889410e+03   7.7700000e-01   1.0892010e+03   1.0128661e+02
   1.0897430e+03   8.0200000e-01   1.0900010e+03   1.0065947e+02
   1.0905410e+03   7.9800000e-01   1.0908110e+03   9.9782861e+01
   1.0912760e+03   7.3400000e-01   1.0915510e+03   1.0096160e+02
   1.0920040e+03   7.2800000e-01   1.0922710e+03   1.0275831e+02
   1.0927670e+03   7.6400000e-01   1.0930310e+03   1.0408353e+02
   1.0936870e+03   9.1900000e-01   1.0939510e+03   1.0330762e+02
   1.0945210e+03   8.3500000e-01   1.0947910e+03   1.0237608e+02
   1.0952720e+03   7.5100000e-01   1.0955410e+03   1.0337629e+02
   1.0960210e+03   7.4900000e-01   1.0962810e+03   1.0406064e+02
   1.0968480e+03   8.2700000e-01   1.0971110e+03   1.0303755e+02
   1.0976820e+03   8.3400000e-01   1.0979510e+03   1.0256605e+02
   1.0984390e+03   7.5600000e-01   1.0987110e+03   1.0360059e+02
   1.0992000e+03   7.6200000e-01   1.0994610e+03   1.0525082e+02
   1.1000500e+03   8.5000000e-01   1.1005010e+03   1.7499308e+02
   1.1010040e+03   9.5400000e-01   1.1010050e+03   1.7499308e+02
   1.1019080e+03   9.0400000e-01   1.1019090e+03   1.7499308e+02
   1.1027070e+03   7.9900000e-01   1.1027080e+03   2.4998358e+01
   1.1034700e+03   7.6400000e-01   1.1034710e+03   2.4998358e+01
   1.1042830e+03   8.1300000e-01   1.1045010e+03   1.7499308e+02
   1.1051780e+03   8.9500000e-01   1.1051790e+03   1.7499308e+02
   1.1060270e+03   8.5000000e-01   1.1060280e+03   1.7499308e+02
   1.1068210e+03   7.9300000e-01   1.1068220e+03   2.4998358e+01
   1.1076730e+03   8.5300000e-01   1.1085010e+03   1.7499308e+02
   1.1086280e+03   9.5400000e-01   1.1086290e+03   1.7499308e+02
   1.1095370e+03   9.1000000e-01   1.1095380e+03   1.7499308e+02
   1.1103360e+03   7.9900000e-01   1.1103370e+03   1.7499308e+02
   1.1111330e+03   7.9700000e-01   1.1111340e+03   2.4998358e+01
   1.1119510e+03   8.1800000e-01   1.1125010e+03   1.7499308e+02
   1.1127640e+03   8.1300000e-01   1.1127650e+03   1.7499308e+02
   1.1135240e+03   7.6000000e-01   1.1135250e+03   1.7499308e+02
   1.1142720e+03   7.4800000e-01   1.1142730e+03   1.7499308e+02
   1.1150750e+03   8.0300000e-01   1.1150760e+03   2.4998358e+01
   1.1159100e+03   8.3400000e-01   1.1165010e+03   1.7499308e+02
   1.1166890e+03   7.7900000e-01   1.1166900e+03   1.7499308e+02
   1.1174470e+03   7.5800000e-01   1.1174480e+03   1.7499308e+02
   1.1182270e+03   7.8000000e-01   1.1182280e+03   1.7499308e+02
   1.1190630e+03   8.3600000e-01   1.1190640e+03   2.4998358e+01
   1.1199010e+03   8.3800000e-01   1.1205010e+03   1.7499308e+02
   1.1206570e+03   7.5600000e-01   1.1206580e+03   1.7499308e+02
   1.1214070e+03   7.5100000e-01   1.1214080e+03   1.7499308e+02
   1.1221920e+03   7.8500000e-01   1.1221930e+03   1.7499308e+02
   1.1230220e+03   8.3000000e-01   1.1230230e+03   2.4998358e+01
   1.1238240e+03   8.0300000e-01   1.1245010e+03   1.7499308e+02
   1.1245620e+03   7.3800000e-01   1.1245630e+03   1.7499308e+02
   1.1252940e+03   7.3200000e-01   1.1252950e+03   1.7499308e+02
   1.1260660e+03   7.7200000e-01   1.1260670e+03   1.7499308e+02
   1.1268900e+03   8.2400000e-01   1.1268910e+03   2.4998358e+01
   1.1276460e+03   7.5600000e-01   1.1276470e+03   2.4998358e+01
   1.1283740e+03   7.2800000e-01   1.1285010e+03   1.7499308e+02
   1.1291640e+03   7.9000000e-01   1.1291650e+03   1.7499308e+02
   1.1301350e+03   9.7000000e-01   1.1301360e+03   1.7499308e+02
   1.1310150e+03   8.8000000e-01   1.1310160e+03   2.4998358e+01
   1.1317780e+03   7.6300000e-01   1.1325010e+03   1.7499308e+02
   1.1325630e+03   7.8500000e-01   1.1325640e+03   1.7499308e+02
   1.1334090e+03   8.4600000e-01   1.1334100e+03   1.7499308e+02
   1.1342540e+03   8.4400000e-01   1.1342550e+03   1.7499308e+02
   1.1350350e+03   7.8100000e-01   1.1350360e+03   2.4998358e+01
   1.1357570e+03   7.2200000e-01   1.1365010e+03   1.7499308e+02
   1.1365100e+03   7.5300000e-01   1.1365110e+03   1.7499308e+02
   1.1374040e+03   8.9400000e-01   1.1374050e+03   1.7499308e+02
   1.1383920e+03   9.8800000e-01   1.1383930e+03   1.7499308e+02
   1.1393170e+03   9.2500000e-01   1.1393180e+03   2.4998358e+01
   1.1401270e+03   8.1000000e-01   1.1405010e+03   1.7499308e+02
   1.1409300e+03   8.0300000e-01   1.1409310e+03   1.7499308e+02
   1.1418270e+03   8.9700000e-01   1.1418280e+03   1.7499308e+02
   1.1427340e+03   9.0600000e-01   1.1427350e+03   2.4998358e+01
   1.1435530e+03   8.1900000e-01   1.1435540e+03   2.4998358e+01
   1.1442960e+03   7.4400000e-01   1.1445010e+03   1.7499308e+02
   1.1450220e+03   7.2600000e-01   1.1450230e+03   1.7499308e+02
   1.1457950e+03   7.7300000e-01   1.1457960e+03   1.7499308e+02
   1.1467980e+03   1.0030000e+00   1.1467990e+03   2.4998358e+01
   1.1477050e+03   9.0700000e-01   1.1485010e+03   1.7499308e+02
   1.1485070e+03   8.0200000e-01   1.1485080e+03   1.7499308e+02
   1.1493290e+03   8.2300000e-01   1.1493300e+03   1.7499308e+02
   1.1502580e+03   9.2900000e-01   1.1502590e+03   1.7499308e+02
   1.1512020e+03   9.4400000e-01   1.1512030e+03   2.4998358e+01
   1.1520390e+03   8.3700000e-01   1.1525010e+03   1.7499308e+02
   1.1528270e+03   7.8700000e-01   1.1528280e+03   1.7499308e+02
   1.1536560e+03   8.2900000e-01   1.1536570e+03   1.7499308e+02
   1.1544940e+03   8.3800000e-01   1.1544950e+03   1.1499657e+02
   1.1552840e+03   7.9000000e-01   1.1552850e+03   2.4998358e+01
   1.1560310e+03   7.4700000e-01   1.1565010e+03   1.7499308e+02
   1.1568000e+03   7.7000000e-01   1.1568010e+03   1.7499308e+02
   1.1576100e+03   8.1000000e-01   1.1576110e+03   1.7499308e+02
   1.1584260e+03   8.1600000e-01   1.1584270e+03   1.7499308e+02
   1.1592020e+03   7.7600000e-01   1.1592030e+03   2.4998358e+01
   1.1600080e+03   8.0600000e-01   1.1605010e+03   1.7499308e+02
   1.1608350e+03   8.2700000e-01   1.1608360e+03   1.7499308e+02
   1.1616390e+03   8.0300000e-01   1.1616400e+03   1.7499308e+02
   1.1623940e+03   7.5500000e-01   1.1623950e+03   1.7499308e+02
   1.1631730e+03   7.7900000e-01   1.1634410e+03   1.3948681e+02
   1.1640020e+03   8.2900000e-01   1.1642610e+03   1.3760083e+02
   1.1648810e+03   8.7900000e-01   1.1651510e+03   1.3435759e+02
   1.1656870e+03   8.0600000e-01   1.1659610e+03   1.3284240e+02
   1.1664950e+03   8.0800000e-01   1.1667610e+03   1.3258376e+02
   1.1673350e+03   8.4000000e-01   1.1676010e+03   1.3037278e+02
   1.1681710e+03   8.3600000e-01   1.1684410e+03   1.2835176e+02
   1.1689380e+03   7.6700000e-01   1.1692110e+03   1.2868821e+02
   1.1696820e+03   7.4400000e-01   1.1699510e+03   1.2934052e+02
   1.1703910e+03   7.0900000e-01   1.1706510e+03   1.2910478e+02
   1.1710830e+03   6.9200000e-01   1.1713410e+03   1.2942979e+02
   1.1718400e+03   7.5600000e-01   1.1721010e+03   1.2972047e+02
   1.1726280e+03   7.8900000e-01   1.1728910e+03   1.2821672e+02
   1.1733910e+03   7.6300000e-01   1.1736510e+03   1.3021485e+02
   1.1742040e+03   8.1300000e-01   1.1744610e+03   1.2934052e+02
   1.1750530e+03   8.4800000e-01   1.1753210e+03   1.2908189e+02
   1.1758980e+03   8.4600000e-01   1.1761610e+03   1.2756670e+02
   1.1766700e+03   7.7200000e-01   1.1769410e+03   1.2856462e+02
   1.1774320e+03   7.6200000e-01   1.1776910e+03   1.2871110e+02
   1.1782260e+03   7.9400000e-01   1.1784910e+03   1.3139358e+02
   1.1790790e+03   8.5300000e-01   1.1793410e+03   1.3021485e+02
   1.1799500e+03   8.7100000e-01   1.1802210e+03   1.2951905e+02
   1.1807650e+03   8.1500000e-01   1.1810310e+03   1.2939545e+02
   1.1815910e+03   8.2600000e-01   1.1818610e+03   1.3019196e+02
   1.1825260e+03   9.3600000e-01   1.1827910e+03   1.2867677e+02
   1.1835120e+03   9.8500000e-01   1.1837810e+03   1.2669008e+02
   1.1844490e+03   9.3700000e-01   1.1847210e+03   1.2358188e+02
   1.1852700e+03   8.2200000e-01   1.1855410e+03   1.2271671e+02
   1.1860860e+03   8.1600000e-01   1.1863510e+03   1.1794684e+02
   1.1869250e+03   8.4000000e-01   1.1871910e+03   1.0268965e+02
   1.1877890e+03   8.6400000e-01   1.1880610e+03   9.7494053e+01
   1.1886180e+03   8.2800000e-01   1.1889010e+03   1.0464429e+02
   1.1894230e+03   8.0600000e-01   1.1897010e+03   1.1705878e+02
   1.1902500e+03   8.2700000e-01   1.1905210e+03   1.1554359e+02
   1.1911010e+03   8.5100000e-01   1.1913710e+03   1.1610435e+02
   1.1919750e+03   8.7400000e-01   1.1922410e+03   1.0804546e+02
   1.1927890e+03   8.1400000e-01   1.1930610e+03   1.1543144e+02
   1.1935830e+03   7.9300000e-01   1.1938510e+03   1.2476062e+02
   1.1944270e+03   8.4400000e-01   1.1947010e+03   1.2401905e+02
   1.1952980e+03   8.7100000e-01   1.1955710e+03   1.2311039e+02
   1.1961030e+03   8.0500000e-01   1.1963810e+03   1.2018072e+02
   1.1968500e+03   7.4700000e-01   1.1971210e+03   1.2489337e+02
   1.1976170e+03   7.6700000e-01   1.1978810e+03   1.2733095e+02
   1.1984230e+03   8.0500000e-01   1.1986910e+03   1.2684801e+02
