   7.8600000e-01   7.4900000e-01   1.1270000e+00   1.3226214e+02
   1.5000000e+00   7.1400000e-01   1.8270000e+00   1.3433757e+02
   2.2110000e+00   7.1100000e-01   2.5310000e+00   1.3616805e+02
   2.9740000e+00   7.6300000e-01   3.2900000e+00   1.3583291e+02
   3.7460000e+00   7.7200000e-01   4.0830000e+00   1.3345240e+02
   4.5070000e+00   7.6100000e-01   4.8500000e+00   1.3046172e+02
   5.2460000e+00   7.3900000e-01   5.5630000e+00   1.3134690e+02
   6.0000000e+00   7.5300000e-01   6.3100000e+00   1.3232338e+02
   6.7950000e+00   7.9500000e-01   7.1310000e+00   1.2893521e+02
   7.5280000e+00   7.3300000e-01   7.8640000e+00   1.2829499e+02
   8.2580000e+00   7.3000000e-01   8.5960000e+00   1.3085810e+02
   8.9760000e+00   7.1800000e-01   9.2960000e+00   1.3162080e+02
   9.7450000e+00   7.6900000e-01   1.0105000e+01   1.3104071e+02
   1.0528000e+01   7.8200000e-01   1.0851000e+01   1.2918016e+02
   1.1280000e+01   7.5200000e-01   1.1599000e+01   1.2866131e+02
   1.2046000e+01   7.6600000e-01   1.2373000e+01   1.2933270e+02
   1.2838000e+01   7.9200000e-01   1.3172000e+01   1.2927147e+02
   1.3611000e+01   7.7300000e-01   1.3920000e+01   1.2701343e+02
   1.4382000e+01   7.7100000e-01   1.4700000e+01   1.2679965e+02
   1.5095000e+01   7.1300000e-01   1.5414000e+01   1.2893521e+02
   1.5800000e+01   7.0400000e-01   1.6140000e+01   1.2847759e+02
   1.6530000e+01   7.3100000e-01   1.6858000e+01   1.3082804e+02
   1.7290000e+01   7.6000000e-01   1.7618000e+01   1.3046172e+02
   1.8034000e+01   7.4400000e-01   1.8354000e+01   1.3531405e+02
   1.8801000e+01   7.6700000e-01   1.9141000e+01   1.3574050e+02
   1.9599000e+01   7.9800000e-01   1.9920000e+01   1.4010514e+02
   2.0378000e+01   7.7900000e-01   2.0701000e+01   1.4138670e+02
   2.1142000e+01   7.6400000e-01   2.1454000e+01   1.4025768e+02
   2.1881000e+01   7.3900000e-01   2.2214000e+01   1.3882358e+02
   2.2599000e+01   7.1700000e-01   2.2933000e+01   1.3760215e+02
   2.3270000e+01   6.7200000e-01   2.3599000e+01   1.4062400e+02
   2.3956000e+01   6.8600000e-01   2.4294000e+01   1.4288204e+02
   2.4639000e+01   6.8200000e-01   2.4960000e+01   1.4147800e+02
   2.5317000e+01   6.7800000e-01   2.5653000e+01   1.4312588e+02
   2.6019000e+01   7.0200000e-01   2.6336000e+01   1.4312588e+02
   2.6756000e+01   7.3800000e-01   2.7109000e+01   1.4236318e+02
   2.7477000e+01   7.2100000e-01   2.7797000e+01   1.3934244e+02
   2.8165000e+01   6.8700000e-01   2.8501000e+01   1.3366617e+02
   2.8846000e+01   6.8200000e-01   2.9190000e+01   1.3674815e+02
   2.9578000e+01   7.3100000e-01   2.9896000e+01   1.3659561e+02
   3.0370000e+01   7.9300000e-01   3.0690000e+01   1.3253716e+02
   3.1127000e+01   7.5600000e-01   3.1457000e+01   1.3165198e+02
   3.1858000e+01   7.3200000e-01   3.2165000e+01   1.3183458e+02
   3.2612000e+01   7.5400000e-01   3.2924000e+01   1.3268970e+02
   3.3394000e+01   7.8200000e-01   3.3705000e+01   1.3183458e+02
   3.4172000e+01   7.7800000e-01   3.4499000e+01   1.3009540e+02
   3.4913000e+01   7.4100000e-01   3.5239000e+01   1.3049179e+02
   3.5631000e+01   7.1800000e-01   3.5959000e+01   1.3235344e+02
   3.6364000e+01   7.3300000e-01   3.6679000e+01   1.3232338e+02
   3.7163000e+01   7.9900000e-01   3.7488000e+01   1.3082804e+02
   3.8021000e+01   8.5800000e-01   3.8355000e+01   1.2792867e+02
   3.8804000e+01   7.8300000e-01   3.9180000e+01   1.2502930e+02
   3.9563000e+01   7.5900000e-01   3.9882000e+01   1.2805003e+02
   4.0380000e+01   8.1700000e-01   4.0708000e+01   1.2847759e+02
   4.1221000e+01   8.4100000e-01   4.1548000e+01   1.2527314e+02
   4.1987000e+01   7.6600000e-01   4.2324000e+01   1.2557822e+02
   4.2730000e+01   7.4300000e-01   4.3098000e+01   1.2612825e+02
   4.3496000e+01   7.6600000e-01   4.3818000e+01   1.2740981e+02
   4.4298000e+01   8.0200000e-01   4.4612000e+01   1.2582317e+02
   4.5051000e+01   7.5200000e-01   4.5386000e+01   1.2521190e+02
   4.5791000e+01   7.4100000e-01   4.6148000e+01   1.2521190e+02
   4.6603000e+01   8.1200000e-01   4.6912000e+01   1.2716597e+02
   4.7474000e+01   8.7100000e-01   4.7794000e+01   1.2444920e+02
   4.8290000e+01   8.1600000e-01   4.8628000e+01   1.2451044e+02
   4.9087000e+01   7.9700000e-01   4.9413000e+01   1.2606701e+02
   4.9964000e+01   8.7600000e-01   5.0288000e+01   1.2600578e+02
   5.0821000e+01   8.5700000e-01   5.1168000e+01   1.2249624e+02
   5.1586000e+01   7.6500000e-01   5.1914000e+01   1.2524308e+02
   5.2328000e+01   7.4200000e-01   5.2669000e+01   1.2567063e+02
   5.3133000e+01   8.0500000e-01   5.3450000e+01   1.2634203e+02
   5.3937000e+01   8.0300000e-01   5.4264000e+01   1.2386910e+02
   5.4683000e+01   7.4600000e-01   5.5004000e+01   1.2499923e+02
   5.5462000e+01   7.7900000e-01   5.5776000e+01   1.2603584e+02
   5.6519000e+01   1.0570000e+00   5.6831000e+01   1.2444920e+02
   5.7435000e+01   9.1600000e-01   5.7759000e+01   1.2197739e+02
   5.8224000e+01   7.8900000e-01   5.8540000e+01   1.2435790e+02
   5.9020000e+01   7.9600000e-01   5.9340000e+01   1.2551809e+02
   5.9839000e+01   8.1900000e-01   6.0173000e+01   1.2597571e+02
   6.0630000e+01   7.9100000e-01   6.0972000e+01   1.2408288e+02
   6.1390000e+01   7.6000000e-01   6.1720000e+01   1.2603584e+02
   6.2175000e+01   7.8500000e-01   6.2495000e+01   1.2646340e+02
   6.2999000e+01   8.2500000e-01   6.3315000e+01   1.2560939e+02
   6.3807000e+01   8.0800000e-01   6.4162000e+01   1.2252631e+02
   6.4586000e+01   7.7900000e-01   6.4898000e+01   1.2554816e+02
   6.5395000e+01   8.0900000e-01   6.5717000e+01   1.2606701e+02
   6.6253000e+01   8.5800000e-01   6.6578000e+01   1.2521190e+02
   6.7097000e+01   8.4400000e-01   6.7422000e+01   1.2411406e+02
   6.7876000e+01   7.7900000e-01   6.8198000e+01   1.2527314e+02
   6.8676000e+01   7.9900000e-01   6.9011000e+01   1.2502930e+02
   6.9499000e+01   8.2300000e-01   6.9818000e+01   1.2600578e+02
   7.0281000e+01   7.8200000e-01   7.0603000e+01   1.2438796e+02
   7.1031000e+01   7.5000000e-01   7.1361000e+01   1.2603584e+02
   7.1820000e+01   7.8900000e-01   7.2159000e+01   1.2606701e+02
   7.2686000e+01   8.6500000e-01   7.3020000e+01   1.2560939e+02
   7.3521000e+01   8.3500000e-01   7.3874000e+01   1.2228246e+02
   7.4288000e+01   7.6700000e-01   7.4622000e+01   1.2527314e+02
   7.5067000e+01   7.7800000e-01   7.5388000e+01   1.2676848e+02
   7.5843000e+01   7.7600000e-01   7.6167000e+01   1.2719603e+02
   7.6620000e+01   7.7800000e-01   7.6966000e+01   1.2435790e+02
   7.7389000e+01   7.6900000e-01   7.7723000e+01   1.2484669e+02
   7.8177000e+01   7.8800000e-01   7.8501000e+01   1.2603584e+02
   7.9022000e+01   8.4500000e-01   7.9343000e+01   1.2640216e+02
   7.9874000e+01   8.5100000e-01   8.0203000e+01   1.2371656e+02
   8.0687000e+01   8.1300000e-01   8.1002000e+01   1.2451044e+02
   8.1636000e+01   9.5000000e-01   8.1962000e+01   1.2512060e+02
   8.2567000e+01   9.3000000e-01   8.2884000e+01   1.2338142e+02
   8.3403000e+01   8.3700000e-01   8.3729000e+01   1.2338142e+02
   8.4156000e+01   7.5300000e-01   8.4491000e+01   1.2524308e+02
   8.4908000e+01   7.5200000e-01   8.5244000e+01   1.2811127e+02
   8.5657000e+01   7.4900000e-01   8.5985000e+01   1.3049179e+02
   8.6430000e+01   7.7200000e-01   8.6778000e+01   1.2911893e+02
   8.7189000e+01   7.5900000e-01   8.7513000e+01   1.2869137e+02
   8.8016000e+01   8.2800000e-01   8.8348000e+01   1.2960661e+02
   8.9028000e+01   1.0120000e+00   8.9334000e+01   1.2707355e+02
   8.9938000e+01   9.0900000e-01   9.0286000e+01   1.2371656e+02
   9.0704000e+01   7.6600000e-01   9.1032000e+01   1.2438796e+02
   9.1436000e+01   7.3200000e-01   9.1768000e+01   1.2518184e+02
   9.2147000e+01   7.1200000e-01   9.2468000e+01   1.2524308e+02
   9.2843000e+01   6.9600000e-01   9.3173000e+01   1.2524308e+02
   9.3545000e+01   7.0200000e-01   9.3874000e+01   1.2594454e+02
   9.4278000e+01   7.3300000e-01   9.4594000e+01   1.2554816e+02
   9.5095000e+01   8.1700000e-01   9.5416000e+01   1.2682971e+02
   9.5906000e+01   8.1100000e-01   9.6234000e+01   1.2371656e+02
   9.6645000e+01   7.3900000e-01   9.6956000e+01   1.2512060e+02
   9.7397000e+01   7.5100000e-01   9.7729000e+01   1.2594454e+02
   9.8180000e+01   7.8400000e-01   9.8512000e+01   1.2679965e+02
   9.8976000e+01   7.9600000e-01   9.9309000e+01   1.2515177e+02
   9.9720000e+01   7.4400000e-01   1.0009800e+02   1.2481552e+02
   1.0045800e+02   7.3700000e-01   1.0077600e+02   1.2716597e+02
   1.0120200e+02   7.4400000e-01   1.0152400e+02   1.2701343e+02
   1.0199900e+02   7.9700000e-01   1.0233100e+02   1.2646340e+02
   1.0278700e+02   7.8800000e-01   1.0312400e+02   1.2573076e+02
   1.0354600e+02   7.6000000e-01   1.0389700e+02   1.2448038e+02
   1.0438500e+02   8.3900000e-01   1.0471200e+02   1.2646340e+02
   1.0522600e+02   8.4000000e-01   1.0556500e+02   1.2374774e+02
   1.0599000e+02   7.6400000e-01   1.0631300e+02   1.2487676e+02
   1.0673000e+02   7.4000000e-01   1.0703300e+02   1.2612825e+02
   1.0749200e+02   7.6200000e-01   1.0781300e+02   1.2762359e+02
   1.0825400e+02   7.6300000e-01   1.0857400e+02   1.2643333e+02
   1.0901300e+02   7.5800000e-01   1.0933300e+02   1.2527314e+02
   1.0975000e+02   7.3700000e-01   1.1007400e+02   1.2173354e+02
   1.1046500e+02   7.1500000e-01   1.1077800e+02   1.2643333e+02
   1.1120600e+02   7.4000000e-01   1.1152200e+02   1.2701343e+02
   1.1200000e+02   7.9400000e-01   1.1231300e+02   1.2521190e+02
   1.1275300e+02   7.5300000e-01   1.1311400e+02   1.2481552e+02
   1.1345800e+02   7.0500000e-01   1.1377500e+02   1.2722609e+02
   1.1414500e+02   6.8800000e-01   1.1448100e+02   1.2881385e+02
   1.1483900e+02   6.9400000e-01   1.1517500e+02   1.3412379e+02
   1.1555200e+02   7.1300000e-01   1.1588200e+02   1.3485643e+02
   1.1625600e+02   7.0400000e-01   1.1657700e+02   1.3729707e+02
   1.1694900e+02   6.9300000e-01   1.1726000e+02   1.4095914e+02
   1.1766600e+02   7.1800000e-01   1.1798300e+02   1.4056276e+02
   1.1847500e+02   8.0900000e-01   1.1879500e+02   1.4095914e+02
   1.1925400e+02   7.7900000e-01   1.1957600e+02   1.3766339e+02
   1.1997400e+02   7.2000000e-01   1.2029600e+02   1.3851850e+02
   1.2069100e+02   7.1800000e-01   1.2101500e+02   1.3833479e+02
   1.2141200e+02   7.2100000e-01   1.2173500e+02   1.3876234e+02
   1.2212900e+02   7.1600000e-01   1.2245600e+02   1.3690069e+02
   1.2281200e+02   6.8300000e-01   1.2314200e+02   1.3610681e+02
   1.2347800e+02   6.6600000e-01   1.2380200e+02   1.3815218e+02
   1.2413500e+02   6.5700000e-01   1.2448200e+02   1.3845726e+02
   1.2477800e+02   6.4300000e-01   1.2512200e+02   1.3732825e+02
   1.2540900e+02   6.3100000e-01   1.2573100e+02   1.3870111e+02
   1.2603100e+02   6.2100000e-01   1.2635800e+02   1.4092908e+02
   1.2671300e+02   6.8200000e-01   1.2703800e+02   1.4141676e+02
   1.2741200e+02   7.0000000e-01   1.2774300e+02   1.4053270e+02
   1.2813400e+02   7.2100000e-01   1.2847900e+02   1.4053270e+02
   1.2888600e+02   7.5200000e-01   1.2919900e+02   1.3842609e+02
   1.2962000e+02   7.3400000e-01   1.2996000e+02   1.3317738e+02
   1.3031600e+02   6.9600000e-01   1.3064500e+02   1.3488649e+02
   1.3099400e+02   6.7700000e-01   1.3131900e+02   1.3406256e+02
   1.3168700e+02   6.9300000e-01   1.3199900e+02   1.3659561e+02
   1.3238000e+02   6.9400000e-01   1.3272000e+02   1.3229220e+02
   1.3305200e+02   6.7200000e-01   1.3336600e+02   1.3525281e+02
   1.3371300e+02   6.6100000e-01   1.3406100e+02   1.3445894e+02
   1.3437700e+02   6.6500000e-01   1.3470100e+02   1.3534411e+02
   1.3505400e+02   6.7700000e-01   1.3538200e+02   1.3488649e+02
   1.3576500e+02   7.1000000e-01   1.3610700e+02   1.3522164e+02
   1.3645900e+02   6.9500000e-01   1.3676700e+02   1.3690069e+02
   1.3716800e+02   7.0900000e-01   1.3748900e+02   1.3693075e+02
   1.3790300e+02   7.3400000e-01   1.3822200e+02   1.3641189e+02
   1.3862500e+02   7.2200000e-01   1.3896200e+02   1.3207842e+02
   1.3932100e+02   6.9700000e-01   1.3963700e+02   1.3510027e+02
   1.4000600e+02   6.8500000e-01   1.4033000e+02   1.3537529e+02
   1.4069400e+02   6.8800000e-01   1.4100500e+02   1.3650431e+02
   1.4139700e+02   7.0300000e-01   1.4170700e+02   1.3610681e+02
   1.4209300e+02   6.9600000e-01   1.4240500e+02   1.3696193e+02
   1.4278600e+02   6.9300000e-01   1.4312600e+02   1.3531405e+02
   1.4348900e+02   7.0300000e-01   1.4381100e+02   1.3775469e+02
   1.4420700e+02   7.1800000e-01   1.4453100e+02   1.3616805e+02
   1.4491700e+02   7.1000000e-01   1.4523400e+02   1.3436764e+02
   1.4560400e+02   6.8700000e-01   1.4592700e+02   1.3445894e+02
   1.4630700e+02   7.0300000e-01   1.4662700e+02   1.3531405e+02
   1.4705500e+02   7.4900000e-01   1.4737300e+02   1.3531405e+02
   1.4781100e+02   7.5600000e-01   1.4816800e+02   1.3009540e+02
   1.4851500e+02   7.0400000e-01   1.4883300e+02   1.3274982e+02
   1.4920400e+02   6.8900000e-01   1.4952900e+02   1.3232338e+02
   1.4989300e+02   6.8900000e-01   1.5020900e+02   1.3449011e+02
   1.5057400e+02   6.8100000e-01   1.5090900e+02   1.3351363e+02
   1.5124700e+02   6.7300000e-01   1.5157500e+02   1.3442887e+02
   1.5192600e+02   6.7900000e-01   1.5225100e+02   1.3815218e+02
   1.5263600e+02   7.1000000e-01   1.5298900e+02   1.3793841e+02
   1.5343200e+02   7.9600000e-01   1.5375300e+02   1.3693075e+02
   1.5419000e+02   7.5800000e-01   1.5450500e+02   1.3345240e+02
   1.5490400e+02   7.1400000e-01   1.5522000e+02   1.3430640e+02
   1.5559600e+02   6.9300000e-01   1.5592700e+02   1.3342122e+02
   1.5629900e+02   7.0300000e-01   1.5662100e+02   1.3470389e+02
   1.5701100e+02   7.1200000e-01   1.5733600e+02   1.3244474e+02
   1.5769400e+02   6.8300000e-01   1.5802000e+02   1.3281106e+02
   1.5837000e+02   6.7600000e-01   1.5868300e+02   1.3384878e+02
   1.5907400e+02   7.0300000e-01   1.5937600e+02   1.3616805e+02
   1.5985600e+02   7.8200000e-01   1.6017700e+02   1.3531405e+02
   1.6064100e+02   7.8500000e-01   1.6096400e+02   1.3366617e+02
   1.6139100e+02   7.5000000e-01   1.6171600e+02   1.3268970e+02
   1.6211200e+02   7.2100000e-01   1.6245700e+02   1.3030918e+02
   1.6285100e+02   7.3900000e-01   1.6316400e+02   1.3317738e+02
   1.6361800e+02   7.6700000e-01   1.6394500e+02   1.3125449e+02
   1.6438000e+02   7.6200000e-01   1.6470500e+02   1.3003417e+02
   1.6510700e+02   7.2700000e-01   1.6542200e+02   1.2960661e+02
   1.6581600e+02   7.0900000e-01   1.6618500e+02   1.2682971e+02
   1.6656000e+02   7.4400000e-01   1.6688100e+02   1.2927147e+02
   1.6731500e+02   7.5400000e-01   1.6764100e+02   1.2765365e+02
   1.6803000e+02   7.1500000e-01   1.6834300e+02   1.2969902e+02
   1.6873000e+02   7.0000000e-01   1.6910300e+02   1.2927147e+02
   1.6944900e+02   7.1900000e-01   1.6976300e+02   1.3320855e+02
   1.7018300e+02   7.3400000e-01   1.7051100e+02   1.3146826e+02
   1.7089900e+02   7.1600000e-01   1.7123100e+02   1.3391002e+02
   1.7160900e+02   7.1000000e-01   1.7192900e+02   1.3619923e+02
   1.7235400e+02   7.4500000e-01   1.7266500e+02   1.3656443e+02
   1.7310800e+02   7.5400000e-01   1.7342500e+02   1.3409262e+02
   1.7382600e+02   7.1800000e-01   1.7416500e+02   1.3452018e+02
   1.7451800e+02   6.9200000e-01   1.7486500e+02   1.3201830e+02
   1.7523200e+02   7.1400000e-01   1.7556400e+02   1.3680939e+02
   1.7602200e+02   7.9000000e-01   1.7637200e+02   1.3729707e+02
   1.7678700e+02   7.6600000e-01   1.7713100e+02   1.3189582e+02
   1.7750000e+02   7.1300000e-01   1.7781200e+02   1.3659561e+02
   1.7821400e+02   7.1400000e-01   1.7853200e+02   1.3619923e+02
   1.7894700e+02   7.3300000e-01   1.7926800e+02   1.3659561e+02
   1.7968500e+02   7.3800000e-01   1.8002100e+02   1.3296360e+02
   1.8040600e+02   7.2100000e-01   1.8074800e+02   1.3583291e+02
   1.8111700e+02   7.1000000e-01   1.8143300e+02   1.3699199e+02
   1.8183900e+02   7.2200000e-01   1.8217300e+02   1.3726701e+02
   1.8257300e+02   7.3400000e-01   1.8291000e+02   1.3323862e+02
   1.8328300e+02   7.1000000e-01   1.8363000e+02   1.3540535e+02
   1.8396500e+02   6.8200000e-01   1.8429000e+02   1.3531405e+02
   1.8465900e+02   6.9400000e-01   1.8497500e+02   1.3769456e+02
   1.8539300e+02   7.3400000e-01   1.8571700e+02   1.3595427e+02
   1.8611600e+02   7.2200000e-01   1.8645100e+02   1.3497780e+02
   1.8682500e+02   7.0900000e-01   1.8717200e+02   1.3772463e+02
   1.8758300e+02   7.5800000e-01   1.8791100e+02   1.3699199e+02
   1.8841300e+02   8.3000000e-01   1.8873200e+02   1.3534411e+02
   1.8925000e+02   8.3700000e-01   1.8957900e+02   1.3110195e+02
   1.8999300e+02   7.4300000e-01   1.9031800e+02   1.3122442e+02
   1.9073300e+02   7.4000000e-01   1.9109800e+02   1.2454050e+02
   1.9147600e+02   7.4300000e-01   1.9179400e+02   1.3012547e+02
   1.9218000e+02   7.0400000e-01   1.9251300e+02   1.2890515e+02
   1.9287900e+02   6.9800000e-01   1.9321200e+02   1.3021677e+02
   1.9358600e+02   7.0700000e-01   1.9391200e+02   1.2985156e+02
   1.9430800e+02   7.2200000e-01   1.9463500e+02   1.2972909e+02
   1.9503000e+02   7.2200000e-01   1.9537500e+02   1.2643333e+02
   1.9574500e+02   7.1500000e-01   1.9606000e+02   1.2890515e+02
   1.9648200e+02   7.3700000e-01   1.9680900e+02   1.2823375e+02
   1.9722600e+02   7.4300000e-01   1.9753600e+02   1.2805003e+02
   1.9793400e+02   7.0800000e-01   1.9827500e+02   1.2679965e+02
   1.9864100e+02   7.0700000e-01   1.9897000e+02   1.2829499e+02
   1.9938100e+02   7.4000000e-01   1.9970300e+02   1.2841635e+02
   2.0015400e+02   7.7300000e-01   2.0048100e+02   1.2603584e+02
   2.0089700e+02   7.4300000e-01   2.0123800e+02   1.2368650e+02
   2.0160700e+02   7.1000000e-01   2.0192300e+02   1.2548692e+02
   2.0233100e+02   7.2400000e-01   2.0265800e+02   1.2087843e+02
   2.0307600e+02   7.4500000e-01   2.0339800e+02   1.2451044e+02
   2.0380600e+02   7.3000000e-01   2.0417800e+02   1.1886423e+02
   2.0450900e+02   7.0300000e-01   2.0483800e+02   1.2332018e+02
   2.0521700e+02   7.0800000e-01   2.0553700e+02   1.2322888e+02
   2.0595800e+02   7.4100000e-01   2.0627700e+02   1.2289262e+02
   2.0669400e+02   7.3600000e-01   2.0702400e+02   1.2115345e+02
   2.0740200e+02   7.0800000e-01   2.0773900e+02   1.2170237e+02
   2.0812000e+02   7.1900000e-01   2.0847800e+02   1.2216110e+02
   2.0885300e+02   7.3300000e-01   2.0916500e+02   1.2484669e+02
   2.0958700e+02   7.3400000e-01   2.0991800e+02   1.2679965e+02
   2.1030800e+02   7.2100000e-01   2.1063800e+02   1.3082804e+02
   2.1105800e+02   7.5000000e-01   2.1138500e+02   1.3195706e+02
   2.1186700e+02   8.0900000e-01   2.1219900e+02   1.3159074e+02
   2.1265500e+02   7.8800000e-01   2.1298600e+02   1.3006423e+02
   2.1342300e+02   7.6800000e-01   2.1377800e+02   1.3027801e+02
   2.1416900e+02   7.4600000e-01   2.1449700e+02   1.2820257e+02
   2.1491200e+02   7.4300000e-01   2.1526000e+02   1.2930153e+02
   2.1569400e+02   7.8100000e-01   2.1601400e+02   1.2695219e+02
   2.1642400e+02   7.3000000e-01   2.1677400e+02   1.2304516e+02
   2.1712600e+02   7.0200000e-01   2.1747400e+02   1.3061426e+02
   2.1782700e+02   7.0100000e-01   2.1818600e+02   1.2481552e+02
   2.1856300e+02   7.3600000e-01   2.1888600e+02   1.3003417e+02
   2.1933900e+02   7.7600000e-01   2.1968600e+02   1.2765365e+02
   2.2008600e+02   7.4800000e-01   2.2040300e+02   1.2682971e+02
   2.2083600e+02   7.5000000e-01   2.2118400e+02   1.2670724e+02
   2.2162300e+02   7.8700000e-01   2.2194300e+02   1.2487676e+02
   2.2242200e+02   7.9900000e-01   2.2276200e+02   1.2173354e+02
   2.2316300e+02   7.4200000e-01   2.2351000e+02   1.1981065e+02
   2.2389300e+02   7.3000000e-01   2.2423000e+02   1.1944433e+02
   2.2463200e+02   7.3900000e-01   2.2496400e+02   1.1620982e+02
   2.2534500e+02   7.1300000e-01   2.2567000e+02   1.2005449e+02
   2.2603300e+02   6.8800000e-01   2.2639000e+02   1.2176361e+02
   2.2674400e+02   7.1100000e-01   2.2709000e+02   1.2164224e+02
   2.2747700e+02   7.3300000e-01   2.2780500e+02   1.2048205e+02
   2.2823500e+02   7.5700000e-01   2.2858500e+02   1.1923055e+02
   2.2898700e+02   7.5200000e-01   2.2932400e+02   1.1993313e+02
   2.2977100e+02   7.8400000e-01   2.3011100e+02   1.1962805e+02
   2.3053900e+02   7.6800000e-01   2.3088800e+02   1.1773522e+02
   2.3127100e+02   7.3200000e-01   2.3162000e+02   1.1630112e+02
   2.3198100e+02   7.1000000e-01   2.3231300e+02   1.1761385e+02
   2.3270400e+02   7.2300000e-01   2.3303200e+02   1.1917043e+02
   2.3345200e+02   7.4800000e-01   2.3376800e+02   1.1968817e+02
   2.3417900e+02   7.2800000e-01   2.3451300e+02   1.2005449e+02
   2.3488300e+02   7.0400000e-01   2.3520900e+02   1.2298504e+02
   2.3558000e+02   6.9700000e-01   2.3590900e+02   1.2567063e+02
   2.3630600e+02   7.2600000e-01   2.3662900e+02   1.3000410e+02
   2.3706300e+02   7.5700000e-01   2.3738900e+02   1.3088817e+02
   2.3780400e+02   7.4200000e-01   2.3817700e+02   1.2982039e+02
   2.3852800e+02   7.2400000e-01   2.3885600e+02   1.3360494e+02
   2.3929200e+02   7.6400000e-01   2.3963100e+02   1.3412379e+02
   2.4008100e+02   7.8900000e-01   2.4039800e+02   1.3183458e+02
   2.4083000e+02   7.4900000e-01   2.4117100e+02   1.3244474e+02
   2.4156900e+02   7.3900000e-01   2.4189900e+02   1.3195706e+02
   2.4231900e+02   7.5000000e-01   2.4265700e+02   1.3195706e+02
   2.4305800e+02   7.3900000e-01   2.4337900e+02   1.3082804e+02
   2.4377000e+02   7.1300000e-01   2.4411800e+02   1.3006423e+02
   2.4449500e+02   7.2500000e-01   2.4482000e+02   1.3155956e+02
   2.4526800e+02   7.7300000e-01   2.4559200e+02   1.3018671e+02
   2.4605300e+02   7.8500000e-01   2.4637900e+02   1.3000410e+02
   2.4680700e+02   7.5400000e-01   2.4715000e+02   1.2939283e+02
   2.4756500e+02   7.5900000e-01   2.4788800e+02   1.3244474e+02
   2.4833300e+02   7.6800000e-01   2.4866800e+02   1.3241468e+02
   2.4913900e+02   8.0600000e-01   2.4946900e+02   1.3122442e+02
   2.4990600e+02   7.6700000e-01   2.5023700e+02   1.3122442e+02
   2.5066100e+02   7.5500000e-01   2.5098900e+02   1.3207842e+02
   2.5147100e+02   8.1000000e-01   2.5178300e+02   1.3180452e+02
   2.5229600e+02   8.2500000e-01   2.5261600e+02   1.2957655e+02
   2.5308700e+02   7.9100000e-01   2.5342800e+02   1.2609708e+02
   2.5384500e+02   7.5800000e-01   2.5417600e+02   1.2808121e+02
   2.5461700e+02   7.7200000e-01   2.5495700e+02   1.2731851e+02
   2.5544600e+02   8.2900000e-01   2.5575700e+02   1.2615832e+02
   2.5630700e+02   8.6100000e-01   2.5663800e+02   1.2411406e+02
   2.5708400e+02   7.7800000e-01   2.5741700e+02   1.2130599e+02
   2.5781300e+02   7.2800000e-01   2.5817800e+02   1.2167231e+02
   2.5855500e+02   7.4200000e-01   2.5888500e+02   1.2240494e+02
   2.5940600e+02   8.5100000e-01   2.5971800e+02   1.2212993e+02
   2.6023000e+02   8.2500000e-01   2.6056400e+02   1.1950557e+02
   2.6097700e+02   7.4700000e-01   2.6129800e+02   1.2087843e+02
   2.6173300e+02   7.5600000e-01   2.6209800e+02   1.2173354e+02
   2.6256300e+02   8.3000000e-01   2.6287800e+02   1.2042081e+02
   2.6335600e+02   7.9300000e-01   2.6367800e+02   1.1816277e+02
   2.6408700e+02   7.3100000e-01   2.6441900e+02   1.1962805e+02
   2.6480600e+02   7.1900000e-01   2.6514400e+02   1.1962805e+02
   2.6554300e+02   7.3700000e-01   2.6587800e+02   1.2032951e+02
   2.6626500e+02   7.2200000e-01   2.6659800e+02   1.1849903e+02
   2.6697600e+02   7.1100000e-01   2.6730500e+02   1.1846785e+02
   2.6767500e+02   6.9900000e-01   2.6800000e+02   1.2002443e+02
   2.6837100e+02   6.9600000e-01   2.6870000e+02   1.1923055e+02
   2.6907200e+02   7.0100000e-01   2.6940100e+02   1.1926173e+02
   2.6991900e+02   8.4700000e-01   2.7024000e+02   1.1962805e+02
   2.7078300e+02   8.6400000e-01   2.7112500e+02   1.1730877e+02
   2.7153600e+02   7.5300000e-01   2.7188200e+02   1.2097084e+02
   2.7224700e+02   7.1100000e-01   2.7258300e+02   1.2405282e+02
   2.7298400e+02   7.3700000e-01   2.7330200e+02   1.2554816e+02
   2.7379600e+02   8.1300000e-01   2.7414100e+02   1.2332018e+02
   2.7465800e+02   8.6100000e-01   2.7498300e+02   1.2136723e+02
   2.7543100e+02   7.7300000e-01   2.7576200e+02   1.2045199e+02
   2.7617300e+02   7.4200000e-01   2.7649000e+02   1.2200856e+02
   2.7695800e+02   7.8600000e-01   2.7728400e+02   1.2212993e+02
   2.7780900e+02   8.5100000e-01   2.7814500e+02   1.1965811e+02
   2.7868200e+02   8.7300000e-01   2.7902400e+02   1.1730877e+02
   2.7944800e+02   7.6600000e-01   2.7978500e+02   1.2002443e+02
   2.8023600e+02   7.8800000e-01   2.8057000e+02   1.2005449e+02
   2.8118500e+02   9.5000000e-01   2.8151000e+02   1.1932297e+02
   2.8205400e+02   8.6800000e-01   2.8238500e+02   1.1758268e+02
   2.8280500e+02   7.5100000e-01   2.8315100e+02   1.1877293e+02
   2.8354100e+02   7.3700000e-01   2.8387100e+02   1.2087843e+02
   2.8432700e+02   7.8500000e-01   2.8464000e+02   1.2023821e+02
   2.8524700e+02   9.2100000e-01   2.8556700e+02   1.1843779e+02
   2.8604200e+02   7.9500000e-01   2.8637300e+02   1.1733884e+02
   2.8678000e+02   7.3800000e-01   2.8712800e+02   1.1849903e+02
   2.8753100e+02   7.5100000e-01   2.8786700e+02   1.2039075e+02
   2.8835700e+02   8.2600000e-01   2.8868900e+02   1.1883417e+02
   2.8917600e+02   8.1900000e-01   2.8951400e+02   1.1736890e+02
   2.8993500e+02   7.5900000e-01   2.9027500e+02   1.1913925e+02
   2.9068600e+02   7.5100000e-01   2.9101700e+02   1.1904795e+02
   2.9146900e+02   7.8300000e-01   2.9179100e+02   1.1959687e+02
   2.9224800e+02   7.7900000e-01   2.9259200e+02   1.1843779e+02
   2.9299100e+02   7.4300000e-01   2.9333200e+02   1.1886423e+02
   2.9372100e+02   7.3000000e-01   2.9405100e+02   1.2048205e+02
   2.9448300e+02   7.6200000e-01   2.9479600e+02   1.2035957e+02
   2.9528800e+02   8.0500000e-01   2.9561800e+02   1.1962805e+02
   2.9608400e+02   7.9600000e-01   2.9641600e+02   1.1855915e+02
   2.9683700e+02   7.5300000e-01   2.9717100e+02   1.1773522e+02
   2.9755500e+02   7.1800000e-01   2.9789200e+02   1.1962805e+02
   2.9830500e+02   7.5100000e-01   2.9863300e+02   1.2087843e+02
   2.9918200e+02   8.7600000e-01   2.9951100e+02   1.1837655e+02
   2.9996100e+02   7.7900000e-01   3.0029200e+02   1.1691128e+02
   3.0068300e+02   7.2100000e-01   3.0101100e+02   1.1874287e+02
   3.0139100e+02   7.0900000e-01   3.0171400e+02   1.2045199e+02
   3.0213000e+02   7.3900000e-01   3.0245300e+02   1.2127592e+02
   3.0289400e+02   7.6400000e-01   3.0321100e+02   1.1971935e+02
   3.0363700e+02   7.4200000e-01   3.0397300e+02   1.1883417e+02
   3.0437300e+02   7.3600000e-01   3.0468700e+02   1.2020703e+02
   3.0516100e+02   7.8900000e-01   3.0549500e+02   1.1929179e+02
   3.0595500e+02   7.9400000e-01   3.0628700e+02   1.1782763e+02
   3.0671900e+02   7.6400000e-01   3.0703400e+02   1.1730877e+02
   3.0745300e+02   7.3300000e-01   3.0777500e+02   1.1889541e+02
   3.0818500e+02   7.3200000e-01   3.0851500e+02   1.1962805e+02
   3.0892800e+02   7.4300000e-01   3.0923600e+02   1.1962805e+02
   3.0965600e+02   7.2800000e-01   3.0997500e+02   1.1822401e+02
   3.1034800e+02   6.9200000e-01   3.1067500e+02   1.1926173e+02
   3.1103700e+02   6.8900000e-01   3.1137700e+02   1.2057335e+02
   3.1175500e+02   7.1800000e-01   3.1207600e+02   1.2219116e+02
   3.1254100e+02   7.8600000e-01   3.1287600e+02   1.2090961e+02
   3.1328900e+02   7.4800000e-01   3.1361600e+02   1.1926173e+02
   3.1401200e+02   7.2300000e-01   3.1434200e+02   1.2069583e+02
   3.1470100e+02   6.8900000e-01   3.1501800e+02   1.2292380e+02
   3.1539700e+02   6.9500000e-01   3.1572400e+02   1.2716597e+02
   3.1613500e+02   7.3900000e-01   3.1647800e+02   1.3006423e+02
   3.1685200e+02   7.1600000e-01   3.1715800e+02   1.3281106e+02
   3.1755100e+02   6.9900000e-01   3.1789900e+02   1.3406256e+02
   3.1828500e+02   7.3500000e-01   3.1861900e+02   1.3537529e+02
   3.1907500e+02   7.9000000e-01   3.1939800e+02   1.3354370e+02
   3.1982500e+02   7.5000000e-01   3.2016500e+02   1.3207842e+02
   3.2055000e+02   7.2500000e-01   3.2088000e+02   1.3247592e+02
   3.2130300e+02   7.5300000e-01   3.2162000e+02   1.3195706e+02
   3.2203900e+02   7.3600000e-01   3.2236000e+02   1.3159074e+02
   3.2277000e+02   7.3100000e-01   3.2311400e+02   1.3098058e+02
   3.2346200e+02   6.9200000e-01   3.2380000e+02   1.3119436e+02
   3.2413700e+02   6.7500000e-01   3.2448100e+02   1.3284224e+02
   3.2480500e+02   6.6900000e-01   3.2514200e+02   1.3159074e+02
   3.2547700e+02   6.7100000e-01   3.2578100e+02   1.3491656e+02
   3.2617800e+02   7.0100000e-01   3.2650200e+02   1.3274982e+02
   3.2688500e+02   7.0800000e-01   3.2720200e+02   1.3189582e+02
   3.2756900e+02   6.8400000e-01   3.2788800e+02   1.3220090e+02
   3.2827400e+02   7.0500000e-01   3.2860100e+02   1.3317738e+02
   3.2900900e+02   7.3500000e-01   3.2932100e+02   1.3192588e+02
   3.2974800e+02   7.3900000e-01   3.3008800e+02   1.3033925e+02
   3.3045000e+02   7.0200000e-01   3.3076800e+02   1.3183458e+02
   3.3115600e+02   7.0600000e-01   3.3148200e+02   1.3201830e+02
   3.3187700e+02   7.2100000e-01   3.3220300e+02   1.3195706e+02
   3.3260400e+02   7.2700000e-01   3.3293500e+02   1.2979032e+02
   3.3329600e+02   6.9200000e-01   3.3362200e+02   1.3079687e+02
   3.3399200e+02   6.9600000e-01   3.3430300e+02   1.3159074e+02
   3.3470000e+02   7.0800000e-01   3.3502200e+02   1.3155956e+02
   3.3543300e+02   7.3300000e-01   3.3576800e+02   1.3122442e+02
   3.3616100e+02   7.2800000e-01   3.3648200e+02   1.3198712e+02
   3.3689400e+02   7.3300000e-01   3.3722400e+02   1.3159074e+02
   3.3767000e+02   7.7600000e-01   3.3798800e+02   1.3229220e+02
   3.3849300e+02   8.2200000e-01   3.3880400e+02   1.3009540e+02
   3.3925000e+02   7.5700000e-01   3.3958500e+02   1.2560939e+02
   3.3999100e+02   7.4100000e-01   3.4032400e+02   1.3012547e+02
   3.4074700e+02   7.5600000e-01   3.4108300e+02   1.3082804e+02
   3.4147700e+02   7.3000000e-01   3.4180600e+02   1.3146826e+02
   3.4217800e+02   7.0200000e-01   3.4250800e+02   1.3189582e+02
   3.4286600e+02   6.8800000e-01   3.4320300e+02   1.3568037e+02
   3.4357000e+02   7.0300000e-01   3.4388800e+02   1.3610681e+02
   3.4462800e+02   1.0580000e+00   3.4494300e+02   1.3595427e+02
   3.4558900e+02   9.6200000e-01   3.4590900e+02   1.3198712e+02
   3.4641800e+02   8.2900000e-01   3.4674400e+02   1.3274982e+02
   3.4720000e+02   7.8100000e-01   3.4752900e+02   1.3442887e+02
   3.4800700e+02   8.0800000e-01   3.4832900e+02   1.3528288e+02
   3.4884000e+02   8.3300000e-01   3.4917100e+02   1.3436764e+02
   3.4964400e+02   8.0400000e-01   3.4995700e+02   1.3336109e+02
   3.5040400e+02   7.6100000e-01   3.5072400e+02   1.3287230e+02
   3.5115200e+02   7.4800000e-01   3.5147600e+02   1.3381871e+02
   3.5195100e+02   7.9900000e-01   3.5226900e+02   1.3351363e+02
   3.5281500e+02   8.6300000e-01   3.5316500e+02   1.3082804e+02
   3.5366100e+02   8.4600000e-01   3.5399600e+02   1.2936277e+02
   3.5445200e+02   7.9100000e-01   3.5479000e+02   1.2634203e+02
   3.5523600e+02   7.8400000e-01   3.5557000e+02   1.2896639e+02
   3.5605100e+02   8.1500000e-01   3.5636500e+02   1.2847759e+02
   3.5684400e+02   7.9400000e-01   3.5716500e+02   1.2771489e+02
   3.5761800e+02   7.7300000e-01   3.5793300e+02   1.2612825e+02
   3.5834200e+02   7.2400000e-01   3.5867000e+02   1.2719603e+02
   3.5906200e+02   7.2000000e-01   3.5938500e+02   1.2847759e+02
   3.5975500e+02   6.9400000e-01   3.6009300e+02   1.3183458e+02
   3.6049700e+02   7.4200000e-01   3.6082700e+02   1.3122442e+02
   3.6122900e+02   7.3100000e-01   3.6156500e+02   1.3403249e+02
   3.6195200e+02   7.2400000e-01   3.6227900e+02   1.3510027e+02
   3.6279100e+02   8.3900000e-01   3.6311700e+02   1.3378754e+02
   3.6364900e+02   8.5800000e-01   3.6397100e+02   1.3195706e+02
   3.6439800e+02   7.4900000e-01   3.6473300e+02   1.3116318e+02
   3.6512300e+02   7.2500000e-01   3.6544600e+02   1.3201830e+02
   3.6586700e+02   7.4400000e-01   3.6619300e+02   1.3030918e+02
   3.6662400e+02   7.5700000e-01   3.6693200e+02   1.3278100e+02
   3.6735400e+02   7.3000000e-01   3.6768700e+02   1.3189582e+02
   3.6805300e+02   6.9900000e-01   3.6838600e+02   1.3085810e+02
   3.6876400e+02   7.1100000e-01   3.6912700e+02   1.3409262e+02
   3.6951700e+02   7.5300000e-01   3.6983300e+02   1.3293354e+02
   3.7032000e+02   8.0300000e-01   3.7063300e+02   1.3152950e+02
   3.7108400e+02   7.6400000e-01   3.7141300e+02   1.3113312e+02
   3.7182900e+02   7.4500000e-01   3.7216500e+02   1.3155956e+02
   3.7265900e+02   8.3000000e-01   3.7296600e+02   1.3201830e+02
   3.7352300e+02   8.6400000e-01   3.7384700e+02   1.2963778e+02
   3.7427900e+02   7.5600000e-01   3.7460600e+02   1.2960661e+02
   3.7499800e+02   7.1900000e-01   3.7532600e+02   1.3241468e+02
   3.7573000e+02   7.3300000e-01   3.7604600e+02   1.3452018e+02
   3.7649800e+02   7.6800000e-01   3.7681200e+02   1.3488649e+02
   3.7726000e+02   7.6200000e-01   3.7758600e+02   1.3326868e+02
   3.7800000e+02   7.4000000e-01   3.7832600e+02   1.3366617e+02
   3.7880900e+02   8.1000000e-01   3.7916700e+02   1.3122442e+02
   3.7971200e+02   9.0300000e-01   3.8003300e+02   1.3107188e+02
   3.8050700e+02   7.9500000e-01   3.8084600e+02   1.3119436e+02
   3.8124800e+02   7.4000000e-01   3.8159100e+02   1.3107188e+02
   3.8198600e+02   7.3800000e-01   3.8230500e+02   1.3363500e+02
   3.8272200e+02   7.3600000e-01   3.8306600e+02   1.3278100e+02
   3.8343800e+02   7.1600000e-01   3.8376500e+02   1.2850877e+02
   3.8414300e+02   7.0500000e-01   3.8447000e+02   1.2930153e+02
   3.8487800e+02   7.3500000e-01   3.8519000e+02   1.3287230e+02
   3.8564800e+02   7.7100000e-01   3.8596800e+02   1.3110195e+02
   3.8640200e+02   7.5400000e-01   3.8673200e+02   1.2792867e+02
   3.8712500e+02   7.2400000e-01   3.8746500e+02   1.2689095e+02
   3.8788200e+02   7.5700000e-01   3.8819100e+02   1.2847759e+02
   3.8867300e+02   7.9100000e-01   3.8898400e+02   1.2689095e+02
   3.8944700e+02   7.7400000e-01   3.8976400e+02   1.2676848e+02
   3.9024000e+02   7.9300000e-01   3.9056500e+02   1.2682971e+02
   3.9097400e+02   7.3400000e-01   3.9130400e+02   1.2402276e+02
   3.9166300e+02   6.8900000e-01   3.9198400e+02   1.2478546e+02
   3.9232700e+02   6.6400000e-01   3.9266400e+02   1.2643333e+02
   3.9298500e+02   6.5800000e-01   3.9330400e+02   1.2805003e+02
   3.9363500e+02   6.5000000e-01   3.9397000e+02   1.2927147e+02
   3.9463900e+02   1.0040000e+00   3.9496400e+02   1.3119436e+02
   3.9542600e+02   7.8700000e-01   3.9575200e+02   1.2963778e+02
   3.9618800e+02   7.6100000e-01   3.9650900e+02   1.3317738e+02
   3.9699100e+02   8.0400000e-01   3.9731000e+02   1.3271976e+02
   3.9781700e+02   8.2600000e-01   3.9814900e+02   1.3076680e+02
   3.9857800e+02   7.6100000e-01   3.9890300e+02   1.2902762e+02
   3.9931700e+02   7.3900000e-01   3.9964300e+02   1.3015664e+02
   4.0005400e+02   7.3700000e-01   4.0038300e+02   1.2997293e+02
   4.0078400e+02   7.3000000e-01   4.0112900e+02   1.2679965e+02
   4.0152200e+02   7.3800000e-01   4.0186900e+02   1.2518184e+02
   4.0223100e+02   7.0900000e-01   4.0257000e+02   1.2722609e+02
   4.0293300e+02   7.0200000e-01   4.0325100e+02   1.2634203e+02
   4.0369000e+02   7.5700000e-01   4.0402400e+02   1.2682971e+02
   4.0447000e+02   7.8000000e-01   4.0479000e+02   1.2408288e+02
   4.0520700e+02   7.3700000e-01   4.0553800e+02   1.2454050e+02
   4.0592800e+02   7.2100000e-01   4.0625800e+02   1.2615832e+02
   4.0668800e+02   7.5900000e-01   4.0701100e+02   1.2689095e+02
   4.0745900e+02   7.7100000e-01   4.0779000e+02   1.2646340e+02
   4.0822400e+02   7.6500000e-01   4.0857800e+02   1.2420536e+02
   4.0896700e+02   7.4300000e-01   4.0928600e+02   1.2634203e+02
   4.0978600e+02   8.1900000e-01   4.1012700e+02   1.2490682e+02
   4.1061600e+02   8.3000000e-01   4.1093100e+02   1.2374774e+02
   4.1136300e+02   7.4800000e-01   4.1168700e+02   1.2341148e+02
   4.1207500e+02   7.1100000e-01   4.1240000e+02   1.2353396e+02
   4.1279300e+02   7.1800000e-01   4.1312700e+02   1.2292380e+02
   4.1352900e+02   7.3600000e-01   4.1386700e+02   1.2716597e+02
   4.1428100e+02   7.5200000e-01   4.1460800e+02   1.2927147e+02
   4.1502900e+02   7.4800000e-01   4.1534800e+02   1.3155956e+02
   4.1576700e+02   7.3900000e-01   4.1611500e+02   1.3232338e+02
   4.1662700e+02   8.6000000e-01   4.1694900e+02   1.3284224e+02
   4.1754400e+02   9.1700000e-01   4.1786800e+02   1.3043055e+02
   4.1832200e+02   7.7800000e-01   4.1868800e+02   1.2887397e+02
   4.1903800e+02   7.1600000e-01   4.1937000e+02   1.3076680e+02
   4.1977600e+02   7.3800000e-01   4.2011600e+02   1.3040048e+02
   4.2053300e+02   7.5700000e-01   4.2087400e+02   1.3113312e+02
   4.2126500e+02   7.3100000e-01   4.2159400e+02   1.2966785e+02
   4.2196700e+02   7.0300000e-01   4.2229400e+02   1.2762359e+02
   4.2267500e+02   7.0700000e-01   4.2300800e+02   1.2792867e+02
   4.2342600e+02   7.5200000e-01   4.2373500e+02   1.3040048e+02
   4.2422400e+02   7.9700000e-01   4.2454900e+02   1.2988163e+02
   4.2497200e+02   7.4800000e-01   4.2530800e+02   1.2863013e+02
   4.2571300e+02   7.4100000e-01   4.2602300e+02   1.3137696e+02
   4.2648500e+02   7.7200000e-01   4.2681000e+02   1.3162080e+02
   4.2728700e+02   8.0200000e-01   4.2761500e+02   1.3046172e+02
   4.2806100e+02   7.7400000e-01   4.2837500e+02   1.2927147e+02
   4.2882000e+02   7.6000000e-01   4.2918700e+02   1.2655470e+02
   4.2956300e+02   7.4200000e-01   4.2990400e+02   1.2502930e+02
   4.3029100e+02   7.2800000e-01   4.3060400e+02   1.2652463e+02
   4.3102100e+02   7.3000000e-01   4.3133100e+02   1.2722609e+02
   4.3177100e+02   7.5000000e-01   4.3211100e+02   1.2725727e+02
   4.3254600e+02   7.7500000e-01   4.3287000e+02   1.2481552e+02
   4.3330100e+02   7.5500000e-01   4.3363800e+02   1.2393034e+02
   4.3402600e+02   7.2500000e-01   4.3435600e+02   1.2332018e+02
   4.3477400e+02   7.4800000e-01   4.3509900e+02   1.2429666e+02
   4.3558200e+02   8.0800000e-01   4.3590400e+02   1.2103097e+02
   4.3639900e+02   8.1600000e-01   4.3672500e+02   1.2066576e+02
   4.3712800e+02   7.3000000e-01   4.3747100e+02   1.2216110e+02
   4.3784600e+02   7.1800000e-01   4.3817600e+02   1.2255748e+02
   4.3858900e+02   7.4300000e-01   4.3891100e+02   1.2206869e+02
   4.3935600e+02   7.6600000e-01   4.3968400e+02   1.1904795e+02
   4.4008700e+02   7.3100000e-01   4.4040400e+02   1.2023821e+02
   4.4083300e+02   7.4600000e-01   4.4117600e+02   1.2090961e+02
   4.4163200e+02   7.9900000e-01   4.4195600e+02   1.1968817e+02
   4.4243800e+02   8.0500000e-01   4.4277100e+02   1.1733884e+02
   4.4320500e+02   7.6700000e-01   4.4353700e+02   1.1770515e+02
   4.4397300e+02   7.6800000e-01   4.4429100e+02   1.1816277e+02
   4.4484100e+02   8.6800000e-01   4.4519300e+02   1.1770515e+02
   4.4562800e+02   7.8700000e-01   4.4595700e+02   1.1569096e+02
   4.4633700e+02   7.0900000e-01   4.4669100e+02   1.1321914e+02
   4.4702300e+02   6.8600000e-01   4.4737100e+02   1.1849903e+02
   4.4771100e+02   6.8800000e-01   4.4803700e+02   1.1956681e+02
   4.4845700e+02   7.4600000e-01   4.4877100e+02   1.1889541e+02
   4.4931100e+02   8.5400000e-01   4.4963600e+02   1.1801023e+02
   4.5008200e+02   7.7200000e-01   4.5041100e+02   1.2002443e+02
   4.5083400e+02   7.5200000e-01   4.5117200e+02   1.2249624e+02
   4.5163500e+02   8.0100000e-01   4.5195700e+02   1.2289262e+02
   4.5240800e+02   7.7200000e-01   4.5273700e+02   1.2124475e+02
   4.5314700e+02   7.4000000e-01   4.5347200e+02   1.2295386e+02
   4.5387700e+02   7.3000000e-01   4.5419700e+02   1.2371656e+02
   4.5462800e+02   7.5100000e-01   4.5495200e+02   1.2408288e+02
   4.5537800e+02   7.5000000e-01   4.5571300e+02   1.2212993e+02
   4.5610100e+02   7.2300000e-01   4.5641700e+02   1.2243500e+02
   4.5683000e+02   7.2900000e-01   4.5717900e+02   1.2325894e+02
   4.5756800e+02   7.3800000e-01   4.5789300e+02   1.2255748e+02
   4.5831800e+02   7.5000000e-01   4.5863800e+02   1.2084837e+02
   4.5903100e+02   7.1300000e-01   4.5935500e+02   1.2127592e+02
   4.5976700e+02   7.3500000e-01   4.6009900e+02   1.2252631e+02
   4.6052900e+02   7.6300000e-01   4.6088700e+02   1.2063459e+02
   4.6127400e+02   7.4400000e-01   4.6159900e+02   1.2127592e+02
   4.6201100e+02   7.3800000e-01   4.6233900e+02   1.2292380e+02
   4.6276900e+02   7.5700000e-01   4.6310800e+02   1.2185602e+02
   4.6360100e+02   8.3200000e-01   4.6392800e+02   1.2353396e+02
   4.6433600e+02   7.3500000e-01   4.6467700e+02   1.2298504e+02
   4.6503200e+02   6.9600000e-01   4.6537500e+02   1.2676848e+02
   4.6572600e+02   6.9500000e-01   4.6604900e+02   1.2740981e+02
   4.6654100e+02   8.1500000e-01   4.6687700e+02   1.2808121e+02
   4.6742100e+02   8.7900000e-01   4.6775600e+02   1.2847759e+02
   4.6820900e+02   7.8800000e-01   4.6854300e+02   1.3064433e+02
   4.6895200e+02   7.4300000e-01   4.6927600e+02   1.3235344e+02
   4.6974800e+02   7.9700000e-01   4.7010300e+02   1.3192588e+02
   4.7057500e+02   8.2600000e-01   4.7089700e+02   1.2890515e+02
   4.7134900e+02   7.7400000e-01   4.7167600e+02   1.2853883e+02
   4.7207600e+02   7.2700000e-01   4.7239600e+02   1.2924029e+02
   4.7282200e+02   7.4600000e-01   4.7317600e+02   1.2921023e+02
   4.7358500e+02   7.6200000e-01   4.7390200e+02   1.3006423e+02
   4.7433700e+02   7.5200000e-01   4.7468400e+02   1.2884391e+02
   4.7506300e+02   7.2600000e-01   4.7538200e+02   1.2997293e+02
   4.7579400e+02   7.3100000e-01   4.7614200e+02   1.2890515e+02
   4.7658600e+02   7.9200000e-01   4.7691700e+02   1.3195706e+02
   4.7738900e+02   8.0300000e-01   4.7770200e+02   1.2930153e+02
   4.7815600e+02   7.6700000e-01   4.7848300e+02   1.3006423e+02
   4.7893000e+02   7.7500000e-01   4.7924500e+02   1.3046172e+02
   4.7975100e+02   8.2000000e-01   4.8005800e+02   1.2972909e+02
   4.8058400e+02   8.3400000e-01   4.8090400e+02   1.2805003e+02
   4.8133100e+02   7.4700000e-01   4.8167700e+02   1.2756235e+02
   4.8204100e+02   7.0900000e-01   4.8237800e+02   1.2838629e+02
   4.8279100e+02   7.5100000e-01   4.8314300e+02   1.2682971e+02
   4.8357000e+02   7.7900000e-01   4.8389700e+02   1.2795873e+02
   4.8432600e+02   7.5600000e-01   4.8464300e+02   1.2841635e+02
   4.8504800e+02   7.2200000e-01   4.8540400e+02   1.2759241e+02
   4.8581500e+02   7.6700000e-01   4.8615700e+02   1.2945407e+02
   4.8670600e+02   8.9100000e-01   4.8701600e+02   1.2982039e+02
   4.8756100e+02   8.5500000e-01   4.8787900e+02   1.2719603e+02
   4.8829900e+02   7.3800000e-01   4.8863700e+02   1.2792867e+02
   4.8900300e+02   7.0400000e-01   4.8931800e+02   1.2997293e+02
   4.8971900e+02   7.1600000e-01   4.9004500e+02   1.3149944e+02
   4.9045900e+02   7.4000000e-01   4.9078300e+02   1.3152950e+02
   4.9117500e+02   7.1600000e-01   4.9149800e+02   1.3119436e+02
   4.9190100e+02   7.2600000e-01   4.9223100e+02   1.3088817e+02
   4.9271900e+02   8.1800000e-01   4.9303100e+02   1.3134690e+02
   4.9362800e+02   9.0800000e-01   4.9395200e+02   1.2823375e+02
   4.9439200e+02   7.6500000e-01   4.9473100e+02   1.2740981e+02
   4.9511600e+02   7.2300000e-01   4.9543800e+02   1.2768483e+02
   4.9583700e+02   7.2100000e-01   4.9616300e+02   1.2713479e+02
   4.9655800e+02   7.2100000e-01   4.9687800e+02   1.2603584e+02
   4.9726800e+02   7.1000000e-01   4.9758000e+02   1.2676848e+02
   4.9798700e+02   7.1900000e-01   4.9830300e+02   1.2765365e+02
   4.9874400e+02   7.5700000e-01   4.9906000e+02   1.2805003e+02
   4.9953900e+02   7.9400000e-01   4.9988300e+02   1.2643333e+02
   5.0028600e+02   7.4800000e-01   5.0060200e+02   1.2640216e+02
   5.0103600e+02   7.5000000e-01   5.0135800e+02   1.2765365e+02
   5.0181300e+02   7.7700000e-01   5.0215100e+02   1.2618949e+02
   5.0257400e+02   7.6100000e-01   5.0290200e+02   1.2686089e+02
   5.0330400e+02   7.3000000e-01   5.0362200e+02   1.2762359e+02
   5.0404500e+02   7.4100000e-01   5.0438200e+02   1.2933270e+02
   5.0482700e+02   7.8200000e-01   5.0518200e+02   1.2524308e+02
   5.0559100e+02   7.6400000e-01   5.0590500e+02   1.2499923e+02
   5.0632200e+02   7.3100000e-01   5.0665000e+02   1.2542568e+02
   5.0704700e+02   7.2500000e-01   5.0737700e+02   1.2560939e+02
   5.0779100e+02   7.4300000e-01   5.0814100e+02   1.2335136e+02
   5.0853700e+02   7.4600000e-01   5.0885700e+02   1.2603584e+02
   5.0927800e+02   7.4100000e-01   5.0959700e+02   1.2853883e+02
   5.1002800e+02   7.5000000e-01   5.1038100e+02   1.2725727e+02
   5.1075700e+02   7.2800000e-01   5.1112400e+02   1.2875261e+02
   5.1146000e+02   7.0300000e-01   5.1179000e+02   1.2866131e+02
   5.1220900e+02   7.4900000e-01   5.1252400e+02   1.3021677e+02
   5.1304000e+02   8.3100000e-01   5.1335600e+02   1.2890515e+02
   5.1382700e+02   7.8700000e-01   5.1419100e+02   1.2524308e+02
   5.1455300e+02   7.2600000e-01   5.1487600e+02   1.2686089e+02
   5.1525600e+02   7.0200000e-01   5.1557600e+02   1.2728733e+02
   5.1597500e+02   7.1900000e-01   5.1629700e+02   1.2805003e+02
   5.1675000e+02   7.7500000e-01   5.1710200e+02   1.2899645e+02
   5.1751500e+02   7.6500000e-01   5.1784900e+02   1.2771489e+02
   5.1823000e+02   7.1500000e-01   5.1856300e+02   1.3043055e+02
   5.1895300e+02   7.2300000e-01   5.1927800e+02   1.3119436e+02
   5.1969700e+02   7.4500000e-01   5.2002500e+02   1.3116318e+02
   5.2047100e+02   7.7300000e-01   5.2079800e+02   1.2963778e+02
   5.2120500e+02   7.3400000e-01   5.2154300e+02   1.2716597e+02
   5.2195700e+02   7.5200000e-01   5.2228300e+02   1.2930153e+02
   5.2273600e+02   7.7900000e-01   5.2306300e+02   1.2887397e+02
   5.2352500e+02   7.8900000e-01   5.2384300e+02   1.2637209e+02
   5.2426900e+02   7.4400000e-01   5.2460300e+02   1.2448038e+02
   5.2499500e+02   7.2600000e-01   5.2533900e+02   1.2530431e+02
   5.2575300e+02   7.5800000e-01   5.2609900e+02   1.2567063e+02
   5.2651500e+02   7.6200000e-01   5.2683900e+02   1.2405282e+02
   5.2726500e+02   7.5000000e-01   5.2761800e+02   1.2441914e+02
   5.2796500e+02   7.0000000e-01   5.2828500e+02   1.2719603e+02
   5.2864800e+02   6.8300000e-01   5.2896600e+02   1.3076680e+02
   5.2935600e+02   7.0800000e-01   5.2968400e+02   1.3238350e+02
   5.3034600e+02   9.9000000e-01   5.3067800e+02   1.3149944e+02
   5.3126500e+02   9.1800000e-01   5.3159800e+02   1.2747105e+02
   5.3203500e+02   7.7000000e-01   5.3238000e+02   1.3003417e+02
   5.3278200e+02   7.4700000e-01   5.3312500e+02   1.2844753e+02
   5.3362500e+02   8.4300000e-01   5.3394500e+02   1.2884391e+02
   5.3446900e+02   8.4400000e-01   5.3478600e+02   1.2676848e+02
   5.3523200e+02   7.6300000e-01   5.3557400e+02   1.2139729e+02
   5.3594400e+02   7.1200000e-01   5.3628600e+02   1.2444920e+02
   5.3665800e+02   7.1400000e-01   5.3698600e+02   1.2560939e+02
   5.3740000e+02   7.4200000e-01   5.3772100e+02   1.2759241e+02
   5.3819700e+02   7.9800000e-01   5.3852100e+02   1.2673841e+02
   5.3897600e+02   7.7900000e-01   5.3928600e+02   1.2762359e+02
   5.3976000e+02   7.8300000e-01   5.4008900e+02   1.2826381e+02
   5.4075600e+02   9.9600000e-01   5.4110600e+02   1.2762359e+02
   5.4169400e+02   9.3800000e-01   5.4202100e+02   1.2377780e+02
   5.4245200e+02   7.5700000e-01   5.4276900e+02   1.2396152e+02
   5.4316300e+02   7.1100000e-01   5.4348300e+02   1.2481552e+02
   5.4387500e+02   7.1200000e-01   5.4418900e+02   1.2512060e+02
   5.4458800e+02   7.1400000e-01   5.4492700e+02   1.2371656e+02
   5.4530900e+02   7.2100000e-01   5.4564200e+02   1.2329012e+02
   5.4602800e+02   7.1900000e-01   5.4634300e+02   1.2371656e+02
   5.4677900e+02   7.5100000e-01   5.4712200e+02   1.2371656e+02
   5.4758700e+02   8.0800000e-01   5.4790700e+02   1.2197739e+02
   5.4836900e+02   7.8200000e-01   5.4870200e+02   1.1920049e+02
   5.4912400e+02   7.5500000e-01   5.4944700e+02   1.2090961e+02
   5.4991800e+02   7.9300000e-01   5.5022800e+02   1.2081830e+02
   5.5071200e+02   7.9400000e-01   5.5103000e+02   1.1825407e+02
   5.5145600e+02   7.4500000e-01   5.5178700e+02   1.1816277e+02
   5.5218700e+02   7.3100000e-01   5.5250800e+02   1.1877293e+02
   5.5293300e+02   7.4600000e-01   5.5326700e+02   1.1920049e+02
   5.5371400e+02   7.8100000e-01   5.5404200e+02   1.1846785e+02
   5.5445500e+02   7.4000000e-01   5.5478900e+02   1.1724753e+02
   5.5517600e+02   7.2100000e-01   5.5550200e+02   1.1920049e+02
   5.5594500e+02   7.6900000e-01   5.5628200e+02   1.2048205e+02
   5.5670100e+02   7.5500000e-01   5.5702800e+02   1.1956681e+02
   5.5741900e+02   7.1800000e-01   5.5774800e+02   1.2084837e+02
   5.5811600e+02   6.9700000e-01   5.5846200e+02   1.2329012e+02
   5.5881900e+02   7.0400000e-01   5.5916200e+02   1.2441914e+02
   5.5957800e+02   7.5900000e-01   5.5988800e+02   1.2606701e+02
   5.6037400e+02   7.9500000e-01   5.6070300e+02   1.2682971e+02
   5.6113300e+02   7.6000000e-01   5.6148800e+02   1.2551809e+02
   5.6186000e+02   7.2600000e-01   5.6218300e+02   1.2957655e+02
   5.6263100e+02   7.7200000e-01   5.6297000e+02   1.3000410e+02
   5.6348000e+02   8.4900000e-01   5.6380300e+02   1.2872143e+02
   5.6436900e+02   8.8900000e-01   5.6470300e+02   1.2615832e+02
   5.6513600e+02   7.6700000e-01   5.6548900e+02   1.2356402e+02
   5.6587900e+02   7.4300000e-01   5.6620500e+02   1.2722609e+02
   5.6664900e+02   7.7000000e-01   5.6696500e+02   1.2805003e+02
   5.6741700e+02   7.6900000e-01   5.6773700e+02   1.2649457e+02
   5.6818600e+02   7.6900000e-01   5.6851700e+02   1.2411406e+02
   5.6893200e+02   7.4600000e-01   5.6927800e+02   1.2533438e+02
   5.6971100e+02   7.7900000e-01   5.7002500e+02   1.2640216e+02
   5.7055100e+02   8.4000000e-01   5.7087100e+02   1.2594454e+02
   5.7134100e+02   7.9000000e-01   5.7168600e+02   1.2414412e+02
   5.7211600e+02   7.7500000e-01   5.7244600e+02   1.2567063e+02
   5.7289800e+02   7.8200000e-01   5.7322600e+02   1.2689095e+02
   5.7375700e+02   8.5900000e-01   5.7406700e+02   1.2567063e+02
   5.7462400e+02   8.6700000e-01   5.7495300e+02   1.2451044e+02
   5.7538300e+02   7.6000000e-01   5.7571300e+02   1.2356402e+02
   5.7610100e+02   7.1800000e-01   5.7641200e+02   1.2554816e+02
   5.7687400e+02   7.7200000e-01   5.7717300e+02   1.2640216e+02
   5.7776000e+02   8.8700000e-01   5.7810900e+02   1.2454050e+02
   5.7855600e+02   7.9600000e-01   5.7888800e+02   1.2249624e+02
   5.7928800e+02   7.3100000e-01   5.7961400e+02   1.2371656e+02
   5.8001700e+02   7.3000000e-01   5.8034900e+02   1.2365644e+02
   5.8082700e+02   8.1000000e-01   5.8116800e+02   1.2197739e+02
   5.8164900e+02   8.2200000e-01   5.8196900e+02   1.2212993e+02
   5.8244400e+02   7.9500000e-01   5.8277400e+02   1.2216110e+02
   5.8324100e+02   7.9700000e-01   5.8357500e+02   1.2289262e+02
   5.8410000e+02   8.5900000e-01   5.8441500e+02   1.2209986e+02
   5.8493600e+02   8.3600000e-01   5.8525100e+02   1.2042081e+02
   5.8569700e+02   7.6100000e-01   5.8602400e+02   1.1941427e+02
   5.8641200e+02   7.1500000e-01   5.8672400e+02   1.2069583e+02
   5.8713200e+02   7.2000000e-01   5.8747100e+02   1.2170237e+02
   5.8792500e+02   7.9300000e-01   5.8825200e+02   1.2090961e+02
   5.8871800e+02   7.9300000e-01   5.8904400e+02   1.1865157e+02
   5.8949100e+02   7.7300000e-01   5.8981100e+02   1.1883417e+02
   5.9024300e+02   7.5200000e-01   5.9056500e+02   1.1822401e+02
   5.9101700e+02   7.7400000e-01   5.9133300e+02   1.1886423e+02
   5.9184200e+02   8.2500000e-01   5.9219300e+02   1.1724753e+02
   5.9260900e+02   7.6700000e-01   5.9293200e+02   1.1657614e+02
   5.9333700e+02   7.2800000e-01   5.9368000e+02   1.1477572e+02
   5.9411400e+02   7.7600000e-01   5.9443200e+02   1.1843779e+02
   5.9492100e+02   8.0800000e-01   5.9527900e+02   1.1807147e+02
   5.9574400e+02   8.2300000e-01   5.9607300e+02   1.1620982e+02
   5.9652200e+02   7.7800000e-01   5.9686100e+02   1.1620982e+02
   5.9728100e+02   7.5900000e-01   5.9761400e+02   1.1694245e+02
   5.9805100e+02   7.7000000e-01   5.9837900e+02   1.1770515e+02
   5.9885800e+02   8.0700000e-01   5.9917500e+02   1.1657614e+02
   5.9962400e+02   7.6600000e-01   5.9996100e+02   1.1810153e+02
   6.0038600e+02   7.6300000e-01   6.0071500e+02   1.1889541e+02
   6.0121800e+02   8.3200000e-01   6.0155400e+02   1.1883417e+02
   6.0210400e+02   8.8500000e-01   6.0244100e+02   1.1694245e+02
   6.0289100e+02   7.8800000e-01   6.0321600e+02   1.1770515e+02
   6.0367400e+02   7.8300000e-01   6.0401600e+02   1.1886423e+02
   6.0450600e+02   8.3200000e-01   6.0482100e+02   1.2084837e+02
   6.0528500e+02   7.7900000e-01   6.0562100e+02   1.2408288e+02
   6.0603000e+02   7.4500000e-01   6.0634900e+02   1.2704349e+02
   6.0681300e+02   7.8300000e-01   6.0715000e+02   1.2817251e+02
   6.0762800e+02   8.1500000e-01   6.0795700e+02   1.2722609e+02
   6.0842000e+02   7.9300000e-01   6.0873700e+02   1.2771489e+02
   6.0918100e+02   7.6100000e-01   6.0949700e+02   1.2805003e+02
   6.1016600e+02   9.8500000e-01   6.1047700e+02   1.2640216e+02
   6.1113000e+02   9.6300000e-01   6.1146200e+02   1.2411406e+02
   6.1190400e+02   7.7500000e-01   6.1222500e+02   1.2545685e+02
   6.1263600e+02   7.3200000e-01   6.1298500e+02   1.2347272e+02
   6.1338400e+02   7.4800000e-01   6.1371900e+02   1.2649457e+02
   6.1412900e+02   7.4500000e-01   6.1445900e+02   1.2557822e+02
   6.1485500e+02   7.2600000e-01   6.1517700e+02   1.2676848e+02
   6.1561000e+02   7.5500000e-01   6.1593800e+02   1.2646340e+02
   6.1647600e+02   8.6600000e-01   6.1679900e+02   1.2524308e+02
   6.1729300e+02   8.1600000e-01   6.1760400e+02   1.2258754e+02
   6.1802300e+02   7.3000000e-01   6.1837900e+02   1.2368650e+02
   6.1872100e+02   6.9800000e-01   6.1904600e+02   1.2719603e+02
   6.1942400e+02   7.0400000e-01   6.1978000e+02   1.2890515e+02
   6.2019100e+02   7.6600000e-01   6.2051900e+02   1.3079687e+02
   6.2103400e+02   8.4300000e-01   6.2138000e+02   1.3003417e+02
   6.2192400e+02   8.9000000e-01   6.2224000e+02   1.2975915e+02
   6.2278900e+02   8.6500000e-01   6.2314000e+02   1.2762359e+02
   6.2375400e+02   9.6500000e-01   6.2412000e+02   1.2844753e+02
   6.2465800e+02   9.0400000e-01   6.2498600e+02   1.2603584e+02
   6.2544000e+02   7.8300000e-01   6.2578100e+02   1.2585324e+02
   6.2619300e+02   7.5200000e-01   6.2650700e+02   1.2682971e+02
   6.2707100e+02   8.7900000e-01   6.2738700e+02   1.2713479e+02
   6.2802700e+02   9.5600000e-01   6.2834800e+02   1.2487676e+02
   6.2889600e+02   8.6900000e-01   6.2922700e+02   1.2368650e+02
