   1.0904350e+03   9.2000000e-01   1.0907010e+03   1.2911241e+02
   1.0913230e+03   8.8800000e-01   1.0916010e+03   1.2676637e+02
   1.0921560e+03   8.3300000e-01   1.0924310e+03   1.2712571e+02
   1.0930390e+03   8.8300000e-01   1.0933010e+03   1.2830446e+02
   1.0939510e+03   9.1200000e-01   1.0942210e+03   1.2716920e+02
   1.0948170e+03   8.6600000e-01   1.0951010e+03   1.2553041e+02
   1.0956380e+03   8.2000000e-01   1.0959110e+03   1.2680986e+02
   1.0964960e+03   8.5800000e-01   1.0967610e+03   1.2977617e+02
   1.0974010e+03   9.0500000e-01   1.0976710e+03   1.2919252e+02
   1.0982850e+03   8.8400000e-01   1.0985610e+03   1.2697923e+02
   1.0991230e+03   8.3800000e-01   1.0994010e+03   1.2792222e+02
   1.0999690e+03   8.4600000e-01   1.1002410e+03   1.3043764e+02
   1.1008690e+03   9.0000000e-01   1.1011310e+03   1.3102129e+02
   1.1017230e+03   8.5400000e-01   1.1020010e+03   1.2855165e+02
   1.1025350e+03   8.1300000e-01   1.1028110e+03   1.2903459e+02
   1.1033650e+03   8.3000000e-01   1.1036310e+03   1.3095491e+02
   1.1042530e+03   8.8700000e-01   1.1045210e+03   1.3120210e+02
   1.1051310e+03   8.7800000e-01   1.1054110e+03   1.2868669e+02
   1.1059460e+03   8.1500000e-01   1.1062210e+03   1.2954042e+02
   1.1068150e+03   8.6900000e-01   1.1070810e+03   1.3116777e+02
   1.1077230e+03   9.0800000e-01   1.1079910e+03   1.2869813e+02
   1.1085580e+03   8.3500000e-01   1.1088410e+03   1.2577760e+02
   1.1093690e+03   8.1100000e-01   1.1096410e+03   1.2787645e+02
   1.1102370e+03   8.6800000e-01   1.1105010e+03   1.2802293e+02
   1.1110890e+03   8.5200000e-01   1.1113610e+03   1.2659700e+02
   1.1118970e+03   8.0800000e-01   1.1121710e+03   1.2800004e+02
   1.1127400e+03   8.4300000e-01   1.1130110e+03   1.3029115e+02
   1.1135700e+03   8.3000000e-01   1.1138410e+03   1.2898881e+02
   1.1143940e+03   8.2400000e-01   1.1146610e+03   1.2993181e+02
   1.1152700e+03   8.7600000e-01   1.1155410e+03   1.2934816e+02
   1.1160880e+03   8.1800000e-01   1.1164010e+03   1.7499412e+02
   1.1169640e+03   8.7600000e-01   1.1169650e+03   1.7499412e+02
   1.1178630e+03   8.9900000e-01   1.1178640e+03   2.4998507e+01
   1.1186800e+03   8.1700000e-01   1.1193010e+03   1.7499412e+02
   1.1195710e+03   8.9100000e-01   1.1195720e+03   1.7499412e+02
   1.1204310e+03   8.6100000e-01   1.1204320e+03   1.7499412e+02
   1.1212640e+03   8.3200000e-01   1.1212650e+03   1.7499412e+02
   1.1221470e+03   8.8300000e-01   1.1221480e+03   2.4998507e+01
   1.1229730e+03   8.2600000e-01   1.1233010e+03   1.7499412e+02
   1.1237670e+03   7.9400000e-01   1.1237680e+03   1.7499412e+02
   1.1246140e+03   8.4700000e-01   1.1246150e+03   1.7499412e+02
   1.1254340e+03   8.2000000e-01   1.1254350e+03   2.4998507e+01
   1.1262400e+03   8.0700000e-01   1.1262410e+03   2.4998507e+01
   1.1271210e+03   8.8000000e-01   1.1273010e+03   1.7499412e+02
   1.1279690e+03   8.4900000e-01   1.1279700e+03   1.7499412e+02
   1.1288140e+03   8.4500000e-01   1.1288150e+03   1.7499412e+02
   1.1297280e+03   9.1400000e-01   1.1297290e+03   2.4998507e+01
   1.1305860e+03   8.5800000e-01   1.1313010e+03   1.7499412e+02
   1.1314370e+03   8.5100000e-01   1.1314380e+03   1.7499412e+02
   1.1322980e+03   8.6100000e-01   1.1322990e+03   1.7499412e+02
   1.1330690e+03   7.7100000e-01   1.1330700e+03   1.7499412e+02
   1.1337650e+03   6.9600000e-01   1.1337660e+03   2.4998507e+01
   1.1345150e+03   7.5000000e-01   1.1345160e+03   2.4998507e+01
   1.1352570e+03   7.4300000e-01   1.1353010e+03   1.7499412e+02
   1.1360430e+03   7.8500000e-01   1.1360440e+03   1.7499412e+02
   1.1369650e+03   9.2200000e-01   1.1369660e+03   1.7499412e+02
   1.1377730e+03   8.0800000e-01   1.1377740e+03   2.4998507e+01
   1.1385700e+03   7.9700000e-01   1.1393010e+03   1.7499412e+02
   1.1394540e+03   8.8400000e-01   1.1394550e+03   1.7499412e+02
   1.1403020e+03   8.4800000e-01   1.1403030e+03   1.7499412e+02
   1.1411000e+03   7.9800000e-01   1.1411010e+03   1.7499412e+02
   1.1419600e+03   8.6100000e-01   1.1419610e+03   2.4998507e+01
   1.1428390e+03   8.7900000e-01   1.1433010e+03   1.7499412e+02
   1.1436490e+03   8.1000000e-01   1.1436500e+03   1.7499412e+02
   1.1445270e+03   8.7900000e-01   1.1445280e+03   1.7499412e+02
   1.1454040e+03   8.7700000e-01   1.1454050e+03   2.4998507e+01
   1.1462270e+03   8.2200000e-01   1.1462280e+03   2.4998507e+01
   1.1471630e+03   9.3700000e-01   1.1473010e+03   1.7499412e+02
   1.1480400e+03   8.7700000e-01   1.1480410e+03   1.7499412e+02
   1.1488840e+03   8.4400000e-01   1.1488850e+03   1.7499412e+02
   1.1497950e+03   9.1000000e-01   1.1497960e+03   2.4998507e+01
   1.1506420e+03   8.4800000e-01   1.1513010e+03   1.7499412e+02
   1.1515090e+03   8.6700000e-01   1.1515100e+03   1.7499412e+02
   1.1523940e+03   8.8500000e-01   1.1523950e+03   1.7499412e+02
   1.1532200e+03   8.2600000e-01   1.1532210e+03   1.7499412e+02
   1.1541200e+03   8.9900000e-01   1.1541210e+03   2.4998507e+01
   1.1549870e+03   8.6700000e-01   1.1553010e+03   1.7499412e+02
   1.1558210e+03   8.3400000e-01   1.1558220e+03   1.7499412e+02
   1.1567180e+03   8.9700000e-01   1.1567190e+03   1.7499412e+02
   1.1575660e+03   8.4900000e-01   1.1575670e+03   2.4998507e+01
   1.1584280e+03   8.6100000e-01   1.1593010e+03   1.7499412e+02
   1.1593380e+03   9.1000000e-01   1.1593390e+03   1.7499412e+02
   1.1601870e+03   8.4900000e-01   1.1601880e+03   1.7499412e+02
   1.1610930e+03   9.0600000e-01   1.1610940e+03   1.7499412e+02
   1.1620240e+03   9.3100000e-01   1.1620250e+03   2.4998507e+01
   1.1628720e+03   8.4800000e-01   1.1633010e+03   1.7499412e+02
   1.1637590e+03   8.8800000e-01   1.1637600e+03   1.7499412e+02
   1.1646910e+03   9.3200000e-01   1.1646920e+03   1.7499412e+02
   1.1656150e+03   9.2400000e-01   1.1658910e+03   1.2548463e+02
   1.1664770e+03   8.6100000e-01   1.1667610e+03   1.2385728e+02
   1.1672810e+03   8.0400000e-01   1.1675610e+03   1.2573182e+02
   1.1681490e+03   8.6800000e-01   1.1684210e+03   1.2804582e+02
   1.1691220e+03   9.7300000e-01   1.1693910e+03   1.3323458e+02
   1.1702970e+03   1.1750000e+00   1.1705710e+03   1.3355959e+02
   1.1712840e+03   9.8600000e-01   1.1715610e+03   1.3079698e+02
   1.1721490e+03   8.6500000e-01   1.1724210e+03   1.3214510e+02
   1.1730630e+03   9.1400000e-01   1.1733310e+03   1.3330324e+02
   1.1741090e+03   1.0460000e+00   1.1743810e+03   1.3207872e+02
   1.1749630e+03   8.5400000e-01   1.1752410e+03   1.3074205e+02
   1.1759590e+03   9.9600000e-01   1.1762310e+03   1.3367174e+02
   1.1769060e+03   9.4700000e-01   1.1771810e+03   1.3113344e+02
   1.1777500e+03   8.4400000e-01   1.1780310e+03   1.3171938e+02
   1.1786860e+03   9.3600000e-01   1.1789510e+03   1.3247011e+02
   1.1796780e+03   9.9200000e-01   1.1799510e+03   1.3095491e+02
   1.1805360e+03   8.5900000e-01   1.1808110e+03   1.2939394e+02
   1.1814590e+03   9.2200000e-01   1.1817310e+03   1.3153856e+02
   1.1823840e+03   9.2600000e-01   1.1826610e+03   1.2921312e+02
   1.1832420e+03   8.5800000e-01   1.1835210e+03   1.2997759e+02
   1.1841510e+03   9.0900000e-01   1.1844210e+03   1.3147219e+02
   1.1850670e+03   9.1600000e-01   1.1853410e+03   1.3079698e+02
   1.1859190e+03   8.5200000e-01   1.1861910e+03   1.3130281e+02
   1.1868290e+03   9.1000000e-01   1.1871010e+03   1.3261660e+02
   1.1877730e+03   9.4400000e-01   1.1880410e+03   1.3157289e+02
   1.1886210e+03   8.4800000e-01   1.1888910e+03   1.3207872e+02
   1.1895560e+03   9.3600000e-01   1.1898210e+03   1.3268526e+02
   1.1904860e+03   9.3000000e-01   1.1907610e+03   1.3061846e+02
   1.1913330e+03   8.4700000e-01   1.1916010e+03   1.3139208e+02
   1.1922680e+03   9.3600000e-01   1.1925310e+03   1.3199861e+02
   1.1931590e+03   8.9000000e-01   1.1934410e+03   1.3049486e+02
   1.1940000e+03   8.4100000e-01   1.1942710e+03   1.3095491e+02
   1.1949190e+03   9.1800000e-01   1.1951910e+03   1.3206728e+02
   1.1957910e+03   8.7200000e-01   1.1960710e+03   1.3068483e+02
   1.1966610e+03   8.7000000e-01   1.1969310e+03   1.3286379e+02
   1.1975680e+03   9.0700000e-01   1.1978410e+03   1.3169649e+02
   1.1984000e+03   8.3100000e-01   1.1986710e+03   1.3229158e+02
   1.1993150e+03   9.1500000e-01   1.1995810e+03   1.3378618e+02
   1.2001990e+03   8.8500000e-01   1.2004710e+03   1.3083132e+02
   1.2010430e+03   8.4300000e-01   1.2013110e+03   1.3132570e+02
   1.2019670e+03   9.2400000e-01   1.2022310e+03   1.3225725e+02
   1.2028510e+03   8.8400000e-01   1.2031210e+03   1.2871873e+02
   1.2036990e+03   8.4900000e-01   1.2039710e+03   1.3110140e+02
   1.2046110e+03   9.1100000e-01   1.2048810e+03   1.2988832e+02
   1.2054610e+03   8.5100000e-01   1.2057410e+03   1.2767503e+02
   1.2062980e+03   8.3700000e-01   1.2065610e+03   1.2964113e+02
   1.2072010e+03   9.0300000e-01   1.2074710e+03   1.3048342e+02
   1.2080790e+03   8.7800000e-01   1.2083510e+03   1.2959535e+02
   1.2089390e+03   8.6100000e-01   1.2092110e+03   1.3148363e+02
   1.2098740e+03   9.3500000e-01   1.2101410e+03   1.3120210e+02
   1.2107340e+03   8.6000000e-01   1.2110110e+03   1.3146074e+02
   1.2116490e+03   9.1500000e-01   1.2119210e+03   1.3173082e+02
   1.2125890e+03   9.4000000e-01   1.2128610e+03   1.2939394e+02
   1.2134310e+03   8.4200000e-01   1.2137110e+03   1.2971895e+02
   1.2143230e+03   8.9100000e-01   1.2145910e+03   1.3031404e+02
   1.2152140e+03   8.9100000e-01   1.2154910e+03   1.2855165e+02
   1.2160470e+03   8.3300000e-01   1.2163210e+03   1.3149279e+02
   1.2169480e+03   9.0000000e-01   1.2172110e+03   1.3298739e+02
   1.2178270e+03   8.8000000e-01   1.2181110e+03   1.3165071e+02
   1.2186790e+03   8.5100000e-01   1.2189510e+03   1.3413409e+02
   1.2196580e+03   9.7900000e-01   1.2199210e+03   1.3528994e+02
   1.2205390e+03   8.8100000e-01   1.2208210e+03   1.3204439e+02
   1.2213650e+03   8.2600000e-01   1.2216410e+03   1.3293245e+02
   1.2222610e+03   8.9600000e-01   1.2225310e+03   1.3406542e+02
   1.2231910e+03   9.3000000e-01   1.2234610e+03   1.3127992e+02
   1.2240140e+03   8.2200000e-01   1.2242910e+03   1.3163927e+02
   1.2248780e+03   8.6400000e-01   1.2251410e+03   1.3358248e+02
   1.2257270e+03   8.4900000e-01   1.2260010e+03   1.3147219e+02
   1.2265220e+03   7.9500000e-01   1.2267910e+03   1.3311098e+02
   1.2273750e+03   8.5300000e-01   1.2276410e+03   1.3482989e+02
   1.2282140e+03   8.3900000e-01   1.2284910e+03   1.3303316e+02
   1.2290990e+03   8.8500000e-01   1.2293710e+03   1.3511141e+02
   1.2300280e+03   9.2900000e-01   1.2303010e+03   1.3477267e+02
   1.2308980e+03   8.7000000e-01   1.2311710e+03   1.3351610e+02
   1.2317950e+03   8.9800000e-01   1.2320610e+03   1.3404253e+02
   1.2327090e+03   9.1400000e-01   1.2329810e+03   1.3173082e+02
   1.2335460e+03   8.3700000e-01   1.2338210e+03   1.3100069e+02
   1.2344100e+03   8.6400000e-01   1.2346810e+03   1.3244951e+02
   1.2353310e+03   9.2100000e-01   1.2356010e+03   1.3261660e+02
   1.2362170e+03   8.8600000e-01   1.2364910e+03   1.3027055e+02
   1.2370550e+03   8.3900000e-01   1.2373310e+03   1.3148363e+02
   1.2379520e+03   8.9700000e-01   1.2382210e+03   1.3252733e+02
   1.2388490e+03   8.9600000e-01   1.2391210e+03   1.3005541e+02
   1.2396510e+03   8.0300000e-01   1.2399310e+03   1.3000047e+02
   1.2404190e+03   7.6700000e-01   1.2406910e+03   1.3169649e+02
   1.2411110e+03   6.9200000e-01   1.2413810e+03   1.3288668e+02
   1.2418050e+03   6.9500000e-01   1.2420710e+03   1.3438128e+02
   1.2427760e+03   9.7000000e-01   1.2430410e+03   1.3472918e+02
   1.2435750e+03   8.0000000e-01   1.2438510e+03   1.3330324e+02
   1.2443740e+03   7.9900000e-01   1.2446410e+03   1.3564928e+02
   1.2452450e+03   8.7100000e-01   1.2455110e+03   1.3489626e+02
   1.2461240e+03   8.7900000e-01   1.2464010e+03   1.3092058e+02
   1.2469230e+03   7.9900000e-01   1.2472010e+03   1.3053835e+02
   1.2477200e+03   7.9700000e-01   1.2479910e+03   1.3117922e+02
   1.2485650e+03   8.4400000e-01   1.2488310e+03   1.3195513e+02
   1.2493980e+03   8.3300000e-01   1.2496710e+03   1.2983110e+02
   1.2501840e+03   7.8600000e-01   1.2504610e+03   1.2959535e+02
   1.2509660e+03   7.8200000e-01   1.2512310e+03   1.3114488e+02
   1.2517860e+03   8.2000000e-01   1.2520510e+03   1.3258226e+02
   1.2526300e+03   8.4400000e-01   1.2528910e+03   1.3219088e+02
   1.2534460e+03   8.1600000e-01   1.2537210e+03   1.3073061e+02
   1.2542360e+03   7.9000000e-01   1.2545110e+03   1.3209017e+02
   1.2551030e+03   8.6700000e-01   1.2553710e+03   1.3313387e+02
   1.2559740e+03   8.7100000e-01   1.2562510e+03   1.3064134e+02
   1.2567670e+03   7.9300000e-01   1.2570410e+03   1.3102129e+02
   1.2576280e+03   8.6000000e-01   1.2578910e+03   1.3178575e+02
   1.2585160e+03   8.8800000e-01   1.2587910e+03   1.3069628e+02
   1.2593320e+03   8.1600000e-01   1.2596110e+03   1.3051775e+02
   1.2601980e+03   8.6600000e-01   1.2604610e+03   1.3257311e+02
   1.2610660e+03   8.6800000e-01   1.2613410e+03   1.3133715e+02
   1.2618780e+03   8.1200000e-01   1.2621510e+03   1.3186357e+02
   1.2627570e+03   8.7900000e-01   1.2630210e+03   1.3318880e+02
   1.2636480e+03   8.9100000e-01   1.2639210e+03   1.3041475e+02
   1.2644700e+03   8.2200000e-01   1.2647410e+03   1.3064134e+02
   1.2653580e+03   8.8700000e-01   1.2656310e+03   1.3058412e+02
   1.2662330e+03   8.7500000e-01   1.2665110e+03   1.2812364e+02
   1.2670740e+03   8.4100000e-01   1.2673410e+03   1.2835939e+02
   1.2679630e+03   8.8900000e-01   1.2682310e+03   1.2751710e+02
   1.2687720e+03   8.0900000e-01   1.2690510e+03   1.2423722e+02
   1.2695440e+03   7.7200000e-01   1.2698210e+03   1.2570893e+02
   1.2702800e+03   7.3600000e-01   1.2705510e+03   1.2739351e+02
   1.2709930e+03   7.1300000e-01   1.2712610e+03   1.2867525e+02
   1.2717070e+03   7.1400000e-01   1.2719710e+03   1.3085420e+02
   1.2725700e+03   8.6300000e-01   1.2728410e+03   1.3088625e+02
   1.2733500e+03   7.8000000e-01   1.2736210e+03   1.3102129e+02
   1.2742210e+03   8.7100000e-01   1.2744910e+03   1.3289812e+02
   1.2751380e+03   9.1700000e-01   1.2754110e+03   1.2946031e+02
   1.2759590e+03   8.2200000e-01   1.2762310e+03   1.2855165e+02
   1.2768330e+03   8.7300000e-01   1.2771010e+03   1.2989977e+02
   1.2776900e+03   8.5800000e-01   1.2779710e+03   1.2739351e+02
   1.2785000e+03   8.1000000e-01   1.2787710e+03   1.2973039e+02
   1.2793770e+03   8.7700000e-01   1.2796410e+03   1.3010118e+02
   1.2802380e+03   8.6100000e-01   1.2805110e+03   1.2881029e+02
   1.2810450e+03   8.0700000e-01   1.2813210e+03   1.3051775e+02
   1.2819100e+03   8.6500000e-01   1.2821810e+03   1.3216799e+02
   1.2827810e+03   8.7100000e-01   1.2830610e+03   1.3108995e+02
   1.2835910e+03   8.1000000e-01   1.2838610e+03   1.3338106e+02
   1.2844950e+03   9.0400000e-01   1.2847610e+03   1.3457125e+02
   1.2853740e+03   8.7900000e-01   1.2856510e+03   1.3158434e+02
   1.2862320e+03   8.5800000e-01   1.2865010e+03   1.3334673e+02
   1.2872250e+03   9.9300000e-01   1.2875010e+03   1.3096636e+02
   1.2881880e+03   9.6400000e-01   1.2884610e+03   1.3127992e+02
   1.2892030e+03   1.0150000e+00   1.2894810e+03   1.2946031e+02
   1.2901150e+03   9.1200000e-01   1.2904010e+03   1.2726075e+02
   1.2909470e+03   8.3100000e-01   1.2912210e+03   1.2928178e+02
   1.2918490e+03   9.0200000e-01   1.2921210e+03   1.3083132e+02
   1.2927690e+03   9.2000000e-01   1.2930510e+03   1.2991121e+02
   1.2936470e+03   8.7800000e-01   1.2939210e+03   1.3279741e+02
   1.2948590e+03   1.2120000e+00   1.2951310e+03   1.3278597e+02
   1.2959020e+03   1.0430000e+00   1.2961810e+03   1.3051775e+02
   1.2969910e+03   1.0890000e+00   1.2972710e+03   1.2962968e+02
   1.2980210e+03   1.0300000e+00   1.2983010e+03   1.2532670e+02
   1.2989160e+03   8.9500000e-01   1.2991910e+03   1.2626054e+02
   1.2997890e+03   8.7300000e-01   1.3000610e+03   1.2862947e+02
   1.3006420e+03   8.5300000e-01   1.3009210e+03   1.3021333e+02
   1.3014670e+03   8.2500000e-01   1.3017510e+03   1.3223436e+02
   1.3024470e+03   9.7900000e-01   1.3027110e+03   1.3496493e+02
   1.3034140e+03   9.6700000e-01   1.3036910e+03   1.3451403e+02
   1.3044940e+03   1.0800000e+00   1.3047610e+03   1.3634509e+02
   1.3056050e+03   1.1110000e+00   1.3058910e+03   1.3216799e+02
   1.3065220e+03   9.1700000e-01   1.3068010e+03   1.3043764e+02
   1.3074450e+03   9.2300000e-01   1.3077210e+03   1.2907808e+02
   1.3082740e+03   8.2900000e-01   1.3085510e+03   1.2801149e+02
   1.3091080e+03   8.3400000e-01   1.3093810e+03   1.3071916e+02
   1.3099590e+03   8.5100000e-01   1.3102310e+03   1.3106706e+02
   1.3107560e+03   7.9600000e-01   1.3110310e+03   1.3168505e+02
   1.3116230e+03   8.6800000e-01   1.3118910e+03   1.3370608e+02
   1.3125170e+03   8.9400000e-01   1.3127910e+03   1.3285235e+02
   1.3133370e+03   8.2000000e-01   1.3136110e+03   1.3424624e+02
   1.3142780e+03   9.4100000e-01   1.3145410e+03   1.3476122e+02
   1.3151720e+03   8.9400000e-01   1.3154510e+03   1.3245867e+02
   1.3160260e+03   8.5400000e-01   1.3163010e+03   1.3316820e+02
   1.3169340e+03   9.0700000e-01   1.3172010e+03   1.3213366e+02
   1.3178240e+03   8.9100000e-01   1.3181010e+03   1.2920168e+02
   1.3187010e+03   8.7700000e-01   1.3189710e+03   1.2962968e+02
   1.3196670e+03   9.6500000e-01   1.3199410e+03   1.2802293e+02
   1.3205190e+03   8.5300000e-01   1.3207910e+03   1.2602479e+02
   1.3214290e+03   9.1000000e-01   1.3217010e+03   1.2697923e+02
   1.3223320e+03   9.0300000e-01   1.3226110e+03   1.2490098e+02
   1.3231570e+03   8.2500000e-01   1.3234310e+03   1.2541825e+02
   1.3240470e+03   8.9100000e-01   1.3243110e+03   1.2659700e+02
   1.3249260e+03   8.7900000e-01   1.3252010e+03   1.2440659e+02
   1.3257540e+03   8.2800000e-01   1.3260310e+03   1.2510240e+02
   1.3266380e+03   8.8400000e-01   1.3269010e+03   1.2642762e+02
   1.3276170e+03   9.7900000e-01   1.3278910e+03   1.2438371e+02
   1.3286140e+03   9.9800000e-01   1.3288910e+03   1.2428300e+02
   1.3296500e+03   1.0350000e+00   1.3299210e+03   1.2246339e+02
   1.3305190e+03   8.7000000e-01   1.3308010e+03   1.2017228e+02
   1.3313900e+03   8.7000000e-01   1.3316610e+03   1.2238557e+02
   1.3322750e+03   8.8500000e-01   1.3325510e+03   1.2175614e+02
   1.3331150e+03   8.4100000e-01   1.3333910e+03   1.2348649e+02
   1.3340640e+03   9.4900000e-01   1.3343310e+03   1.2565400e+02
   1.3350410e+03   9.7700000e-01   1.3353210e+03   1.2439515e+02
   1.3360950e+03   1.0540000e+00   1.3363710e+03   1.2568833e+02
   1.3372150e+03   1.1190000e+00   1.3374910e+03   1.2229630e+02
   1.3381380e+03   9.2300000e-01   1.3384210e+03   1.2022950e+02
   1.3390430e+03   9.0500000e-01   1.3393110e+03   1.2172181e+02
   1.3399180e+03   8.7500000e-01   1.3402010e+03   1.2232834e+02
   1.3407630e+03   8.4500000e-01   1.3410410e+03   1.2650773e+02
   1.3417280e+03   9.6600000e-01   1.3420010e+03   1.2884233e+02
   1.3426140e+03   8.8600000e-01   1.3428910e+03   1.2883089e+02
   1.3435170e+03   9.0300000e-01   1.3437910e+03   1.3180864e+02
   1.3445260e+03   1.0090000e+00   1.3448010e+03   1.3004396e+02
   1.3454270e+03   9.0000000e-01   1.3457110e+03   1.2743928e+02
   1.3463930e+03   9.6700000e-01   1.3466610e+03   1.2765214e+02
   1.3473360e+03   9.4300000e-01   1.3476110e+03   1.2454163e+02
   1.3481780e+03   8.4100000e-01   1.3484510e+03   1.2453019e+02
   1.3490840e+03   9.0700000e-01   1.3493510e+03   1.2596757e+02
   1.3499900e+03   9.0600000e-01   1.3502710e+03   1.2428300e+02
   1.3508200e+03   8.3000000e-01   1.3511010e+03   1.2575471e+02
   1.3517010e+03   8.8100000e-01   1.3519710e+03   1.2876451e+02
   1.3525980e+03   8.9700000e-01   1.3528710e+03   1.2731569e+02
   1.3534200e+03   8.2200000e-01   1.3537010e+03   1.2878740e+02
   1.3543100e+03   8.9000000e-01   1.3545810e+03   1.3117922e+02
   1.3552250e+03   9.1500000e-01   1.3555010e+03   1.3011263e+02
   1.3560710e+03   8.4600000e-01   1.3563510e+03   1.3083132e+02
   1.3569810e+03   9.1000000e-01   1.3572510e+03   1.3205584e+02
   1.3578700e+03   8.8900000e-01   1.3581510e+03   1.2941682e+02
   1.3586840e+03   8.1400000e-01   1.3589610e+03   1.2986543e+02
   1.3595390e+03   8.5500000e-01   1.3598110e+03   1.3146074e+02
   1.3604310e+03   8.9200000e-01   1.3607010e+03   1.3084276e+02
   1.3612670e+03   8.3500000e-01   1.3615410e+03   1.3048342e+02
   1.3621290e+03   8.6200000e-01   1.3624010e+03   1.3272875e+02
   1.3630050e+03   8.7600000e-01   1.3632810e+03   1.3160723e+02
   1.3638140e+03   8.0900000e-01   1.3640910e+03   1.3129137e+02
   1.3646620e+03   8.4900000e-01   1.3649310e+03   1.3261660e+02
   1.3655210e+03   8.5900000e-01   1.3657910e+03   1.3017900e+02
   1.3663210e+03   8.0000000e-01   1.3665910e+03   1.3069628e+02
   1.3671610e+03   8.4000000e-01   1.3674310e+03   1.3173998e+02
   1.3679970e+03   8.3600000e-01   1.3682710e+03   1.2930467e+02
   1.3687840e+03   7.8600000e-01   1.3690610e+03   1.3016756e+02
   1.3696150e+03   8.3200000e-01   1.3698810e+03   1.3188646e+02
   1.3704410e+03   8.2600000e-01   1.3707110e+03   1.2993181e+02
   1.3712100e+03   7.6900000e-01   1.3714810e+03   1.3065050e+02
   1.3720040e+03   7.9300000e-01   1.3722710e+03   1.3272875e+02
   1.3727690e+03   7.6500000e-01   1.3730410e+03   1.3123644e+02
   1.3734570e+03   6.8800000e-01   1.3737310e+03   1.3202150e+02
   1.3741330e+03   6.7700000e-01   1.3744010e+03   1.3375185e+02
   1.3748010e+03   6.6800000e-01   1.3750610e+03   1.3407686e+02
   1.3756900e+03   8.8900000e-01   1.3759510e+03   1.3540209e+02
   1.3765150e+03   8.2500000e-01   1.3767910e+03   1.3268526e+02
   1.3772940e+03   7.7900000e-01   1.3775610e+03   1.3426913e+02
   1.3781390e+03   8.4500000e-01   1.3784010e+03   1.3361681e+02
   1.3789810e+03   8.4200000e-01   1.3792610e+03   1.2943742e+02
   1.3797530e+03   7.7200000e-01   1.3800310e+03   1.2964113e+02
   1.3805630e+03   8.1000000e-01   1.3808310e+03   1.3124788e+02
   1.3813780e+03   8.1500000e-01   1.3816510e+03   1.2918108e+02
   1.3821510e+03   7.7300000e-01   1.3824210e+03   1.2874162e+02
   1.3829100e+03   7.5900000e-01   1.3831810e+03   1.3088625e+02
   1.3837760e+03   8.6700000e-01   1.3840410e+03   1.3066194e+02
   1.3845500e+03   7.7400000e-01   1.3848210e+03   1.2988832e+02
   1.3853470e+03   7.9700000e-01   1.3856210e+03   1.3209932e+02
   1.3862290e+03   8.8200000e-01   1.3865010e+03   1.3157289e+02
   1.3870260e+03   7.9700000e-01   1.3873010e+03   1.3183153e+02
   1.3878910e+03   8.6500000e-01   1.3881610e+03   1.3382967e+02
   1.3887670e+03   8.7700000e-01   1.3890410e+03   1.3094347e+02
   1.3895810e+03   8.1400000e-01   1.3898510e+03   1.3096636e+02
   1.3904870e+03   9.0600000e-01   1.3907610e+03   1.3175142e+02
   1.3913640e+03   8.7700000e-01   1.3916410e+03   1.2974184e+02
   1.3921840e+03   8.1900000e-01   1.3924510e+03   1.3086565e+02
   1.3930800e+03   8.9600000e-01   1.3933510e+03   1.3169649e+02
   1.3939760e+03   8.9600000e-01   1.3942510e+03   1.2900026e+02
   1.3948350e+03   8.6000000e-01   1.3951110e+03   1.3003481e+02
   1.3957820e+03   9.4700000e-01   1.3960510e+03   1.3100069e+02
   1.3967290e+03   9.4700000e-01   1.3970110e+03   1.2742784e+02
   1.3975970e+03   8.6800000e-01   1.3978710e+03   1.2898881e+02
   1.3985100e+03   9.1300000e-01   1.3987810e+03   1.3003481e+02
   1.3994180e+03   9.0900000e-01   1.3996910e+03   1.2733857e+02
   1.4002600e+03   8.4100000e-01   1.4005410e+03   1.2868669e+02
   1.4011460e+03   8.8600000e-01   1.4014210e+03   1.3130281e+02
   1.4020560e+03   9.1000000e-01   1.4023310e+03   1.3035982e+02
   1.4028730e+03   8.1700000e-01   1.4031510e+03   1.2952898e+02
   1.4037150e+03   8.4100000e-01   1.4039910e+03   1.3173998e+02
   1.4045820e+03   8.6700000e-01   1.4048510e+03   1.3156145e+02
   1.4054370e+03   8.5500000e-01   1.4057110e+03   1.3003481e+02
   1.4062600e+03   8.2300000e-01   1.4065410e+03   1.3006685e+02
   1.4071010e+03   8.4100000e-01   1.4073710e+03   1.3148363e+02
   1.4079750e+03   8.7400000e-01   1.4082410e+03   1.3124788e+02
   1.4088490e+03   8.7400000e-01   1.4091210e+03   1.2928178e+02
   1.4096680e+03   8.1900000e-01   1.4099510e+03   1.2788789e+02
   1.4104650e+03   7.9700000e-01   1.4107410e+03   1.2946031e+02
   1.4112820e+03   8.1700000e-01   1.4115510e+03   1.3096636e+02
   1.4121430e+03   8.6100000e-01   1.4124110e+03   1.3186357e+02
   1.4130200e+03   8.7700000e-01   1.4132910e+03   1.3078554e+02
   1.4138470e+03   8.2700000e-01   1.4141210e+03   1.3066194e+02
   1.4147060e+03   8.5900000e-01   1.4149710e+03   1.3207872e+02
   1.4156030e+03   8.9700000e-01   1.4158710e+03   1.3169649e+02
   1.4164660e+03   8.6300000e-01   1.4167410e+03   1.2947176e+02
   1.4172650e+03   7.9900000e-01   1.4175410e+03   1.2994325e+02
   1.4180990e+03   8.3400000e-01   1.4183610e+03   1.3141497e+02
   1.4189480e+03   8.4900000e-01   1.4192210e+03   1.3000047e+02
   1.4197590e+03   8.1100000e-01   1.4200310e+03   1.3050630e+02
   1.4205850e+03   8.2600000e-01   1.4208510e+03   1.3294161e+02
   1.4214260e+03   8.4100000e-01   1.4217010e+03   1.3141497e+02
   1.4222240e+03   7.9800000e-01   1.4225010e+03   1.3199861e+02
   1.4230590e+03   8.3600000e-01   1.4233310e+03   1.3354815e+02
   1.4239010e+03   8.4100000e-01   1.4241710e+03   1.3165071e+02
   1.4246980e+03   7.9700000e-01   1.4249710e+03   1.3158434e+02
   1.4255450e+03   8.4800000e-01   1.4258110e+03   1.3345888e+02
   1.4264080e+03   8.6200000e-01   1.4266810e+03   1.3143785e+02
   1.4272090e+03   8.0200000e-01   1.4274810e+03   1.3022478e+02
   1.4280410e+03   8.3200000e-01   1.4283110e+03   1.3198717e+02
   1.4288850e+03   8.4400000e-01   1.4291610e+03   1.3044908e+02
   1.4296750e+03   7.9000000e-01   1.4299510e+03   1.3085420e+02
   1.4305150e+03   8.4000000e-01   1.4307810e+03   1.3257311e+02
   1.4313580e+03   8.4300000e-01   1.4316310e+03   1.3108995e+02
   1.4321590e+03   8.0100000e-01   1.4324310e+03   1.3150423e+02
   1.4330440e+03   8.8500000e-01   1.4333110e+03   1.3211077e+02
   1.4339020e+03   8.5900000e-01   1.4341810e+03   1.2969606e+02
   1.4347220e+03   8.2000000e-01   1.4349910e+03   1.3040331e+02
   1.4356040e+03   8.8200000e-01   1.4358710e+03   1.3021333e+02
   1.4364540e+03   8.5000000e-01   1.4367310e+03   1.2713716e+02
   1.4372670e+03   8.1300000e-01   1.4375410e+03   1.2865236e+02
   1.4381490e+03   8.8200000e-01   1.4384210e+03   1.2878740e+02
   1.4389860e+03   8.3700000e-01   1.4392610e+03   1.2702272e+02
   1.4398000e+03   8.1400000e-01   1.4400710e+03   1.2856309e+02
   1.4406550e+03   8.5500000e-01   1.4409210e+03   1.2938249e+02
   1.4415060e+03   8.5100000e-01   1.4417810e+03   1.2828157e+02
   1.4423220e+03   8.1600000e-01   1.4426010e+03   1.2966402e+02
   1.4431940e+03   8.7200000e-01   1.4434610e+03   1.3148363e+02
   1.4440370e+03   8.4300000e-01   1.4443110e+03   1.2971895e+02
   1.4448440e+03   8.0700000e-01   1.4451210e+03   1.3179720e+02
   1.4457150e+03   8.7000000e-01   1.4459810e+03   1.3262804e+02
   1.4465680e+03   8.5300000e-01   1.4468410e+03   1.2981966e+02
   1.4473700e+03   8.0100000e-01   1.4476410e+03   1.3059557e+02
   1.4482170e+03   8.4800000e-01   1.4484810e+03   1.3241518e+02
   1.4490660e+03   8.4900000e-01   1.4493410e+03   1.3024767e+02
   1.4498810e+03   8.1400000e-01   1.4501510e+03   1.3089769e+02
   1.4507600e+03   8.8000000e-01   1.4510310e+03   1.3206728e+02
   1.4516000e+03   8.4000000e-01   1.4518810e+03   1.2998903e+02
   1.4524160e+03   8.1600000e-01   1.4526910e+03   1.3134859e+02
   1.4533580e+03   9.4200000e-01   1.4536210e+03   1.3166216e+02
   1.4543110e+03   9.5300000e-01   1.4545910e+03   1.2770936e+02
   1.4552060e+03   8.9500000e-01   1.4554810e+03   1.2784440e+02
   1.4561520e+03   9.4700000e-01   1.4564210e+03   1.2865236e+02
   1.4570550e+03   9.0300000e-01   1.4573310e+03   1.2733857e+02
   1.4578780e+03   8.2200000e-01   1.4581510e+03   1.2887666e+02
   1.4587820e+03   9.0400000e-01   1.4590510e+03   1.3167360e+02
   1.4597050e+03   9.2300000e-01   1.4599810e+03   1.3030260e+02
   1.4605640e+03   8.5900000e-01   1.4608410e+03   1.3232592e+02
   1.4614960e+03   9.3300000e-01   1.4617610e+03   1.3285235e+02
   1.4624080e+03   9.1100000e-01   1.4626910e+03   1.3094347e+02
   1.4632580e+03   8.5100000e-01   1.4635310e+03   1.3179720e+02
   1.4642020e+03   9.4400000e-01   1.4644710e+03   1.3269671e+02
   1.4651080e+03   9.0600000e-01   1.4653910e+03   1.3001192e+02
   1.4659750e+03   8.6700000e-01   1.4662510e+03   1.3088625e+02
   1.4669280e+03   9.5300000e-01   1.4672010e+03   1.3054979e+02
   1.4678090e+03   8.8100000e-01   1.4680910e+03   1.2813508e+02
   1.4687130e+03   9.0500000e-01   1.4689810e+03   1.2923601e+02
   1.4696530e+03   9.4000000e-01   1.4699310e+03   1.2862947e+02
   1.4705120e+03   8.5800000e-01   1.4707910e+03   1.2651918e+02
   1.4713510e+03   8.3900000e-01   1.4716210e+03   1.2881029e+02
   1.4722420e+03   8.9100000e-01   1.4725110e+03   1.2973039e+02
   1.4731070e+03   8.6500000e-01   1.4733810e+03   1.2848299e+02
   1.4739010e+03   7.9400000e-01   1.4741710e+03   1.3050630e+02
   1.4746600e+03   7.5800000e-01   1.4749310e+03   1.3212221e+02
   1.4753430e+03   6.8300000e-01   1.4756110e+03   1.3295305e+02
   1.4760630e+03   7.2000000e-01   1.4763310e+03   1.3521212e+02
   1.4769940e+03   9.3100000e-01   1.4772710e+03   1.3276308e+02
   1.4777660e+03   7.7200000e-01   1.4780410e+03   1.3430117e+02
   1.4786040e+03   8.3900000e-01   1.4788710e+03   1.3616656e+02
   1.4794660e+03   8.6200000e-01   1.4797410e+03   1.3103273e+02
   1.4802360e+03   7.7000000e-01   1.4805110e+03   1.3014696e+02
   1.4811510e+03   9.1500000e-01   1.4814110e+03   1.3187502e+02
   1.4820070e+03   8.5600000e-01   1.4822610e+03   1.2315919e+02
   1.4828340e+03   8.2800000e-01   1.4831010e+03   1.2775285e+02
   1.4837080e+03   8.7400000e-01   1.4839810e+03   1.2789934e+02
   1.4845450e+03   8.3700000e-01   1.4848210e+03   1.2699067e+02
   1.4853800e+03   8.3500000e-01   1.4856510e+03   1.2856309e+02
   1.4862690e+03   8.8900000e-01   1.4865410e+03   1.2743928e+02
   1.4870800e+03   8.1100000e-01   1.4873510e+03   1.2658555e+02
   1.4879240e+03   8.4400000e-01   1.4881910e+03   1.2966402e+02
   1.4887980e+03   8.7400000e-01   1.4890710e+03   1.2934816e+02
   1.4896240e+03   8.2600000e-01   1.4898910e+03   1.2942827e+02
   1.4905360e+03   9.1200000e-01   1.4908010e+03   1.3104418e+02
   1.4915740e+03   1.0380000e+00   1.4918510e+03   1.2962968e+02
   1.4925590e+03   9.8500000e-01   1.4928310e+03   1.3040331e+02
   1.4936530e+03   1.0940000e+00   1.4939210e+03   1.2910097e+02
   1.4945720e+03   9.1900000e-01   1.4948510e+03   1.2532670e+02
   1.4954340e+03   8.6100000e-01   1.4957010e+03   1.2760866e+02
   1.4963320e+03   8.9800000e-01   1.4966010e+03   1.2765214e+02
   1.4971770e+03   8.4500000e-01   1.4974610e+03   1.2784440e+02
   1.4980320e+03   8.5500000e-01   1.4983010e+03   1.3016756e+02
   1.4990040e+03   9.7200000e-01   1.4992710e+03   1.3265093e+02
   1.4999180e+03   9.1400000e-01   1.5002010e+03   1.3159578e+02
   1.5008260e+03   9.0900000e-01   1.5010910e+03   1.3296450e+02
   1.5020010e+03   1.1750000e+00   1.5022710e+03   1.3113344e+02
   1.5030010e+03   1.0000000e+00   1.5032810e+03   1.2914674e+02
   1.5040010e+03   1.0000000e+00   1.5042710e+03   1.2808015e+02
   1.5049810e+03   9.8000000e-01   1.5052610e+03   1.2529466e+02
   1.5058360e+03   8.5500000e-01   1.5061210e+03   1.2672059e+02
   1.5067050e+03   8.6900000e-01   1.5069710e+03   1.2814653e+02
   1.5075970e+03   8.9200000e-01   1.5078710e+03   1.2837083e+02
   1.5084230e+03   8.2600000e-01   1.5087010e+03   1.2911241e+02
   1.5092670e+03   8.4400000e-01   1.5095410e+03   1.3205584e+02
   1.5102690e+03   1.0020000e+00   1.5105410e+03   1.3381823e+02
   1.5112480e+03   9.7900000e-01   1.5115310e+03   1.3233507e+02
   1.5121130e+03   8.6400000e-01   1.5123910e+03   1.3214510e+02
   1.5130520e+03   9.3900000e-01   1.5133210e+03   1.3259371e+02
   1.5139990e+03   9.4700000e-01   1.5142810e+03   1.3024767e+02
   1.5148240e+03   8.2500000e-01   1.5151010e+03   1.3000047e+02
   1.5156860e+03   8.6100000e-01   1.5159510e+03   1.3126848e+02
   1.5165130e+03   8.2700000e-01   1.5167910e+03   1.2954042e+02
   1.5173140e+03   8.0100000e-01   1.5175810e+03   1.3112429e+02
   1.5182170e+03   9.0300000e-01   1.5184810e+03   1.3197573e+02
   1.5191110e+03   8.9400000e-01   1.5193810e+03   1.2974184e+02
   1.5200740e+03   9.6300000e-01   1.5203410e+03   1.3136003e+02
   1.5210630e+03   9.8800000e-01   1.5213410e+03   1.2819230e+02
   1.5219290e+03   8.6700000e-01   1.5222010e+03   1.2707994e+02
   1.5228220e+03   8.9300000e-01   1.5230910e+03   1.2770936e+02
   1.5236880e+03   8.6600000e-01   1.5239610e+03   1.2612550e+02
   1.5244890e+03   8.0100000e-01   1.5247610e+03   1.2767503e+02
   1.5253450e+03   8.5600000e-01   1.5256110e+03   1.2993181e+02
   1.5262010e+03   8.5600000e-01   1.5264810e+03   1.2848299e+02
   1.5270260e+03   8.2400000e-01   1.5272910e+03   1.3030260e+02
   1.5279220e+03   8.9700000e-01   1.5281910e+03   1.3111284e+02
   1.5287790e+03   8.5700000e-01   1.5290610e+03   1.2833879e+02
   1.5296230e+03   8.4400000e-01   1.5298910e+03   1.2970750e+02
   1.5306020e+03   9.7800000e-01   1.5308710e+03   1.2981966e+02
   1.5316180e+03   1.0160000e+00   1.5318910e+03   1.2532670e+02
   1.5325740e+03   9.5600000e-01   1.5328510e+03   1.2549607e+02
   1.5335920e+03   1.0170000e+00   1.5338610e+03   1.2484376e+02
   1.5345100e+03   9.1900000e-01   1.5347910e+03   1.2217270e+02
   1.5353410e+03   8.3100000e-01   1.5356210e+03   1.2322785e+02
   1.5362160e+03   8.7500000e-01   1.5364810e+03   1.2500169e+02
   1.5370990e+03   8.8300000e-01   1.5373810e+03   1.2544114e+02
   1.5379520e+03   8.5300000e-01   1.5382210e+03   1.2838228e+02
   1.5390390e+03   1.0870000e+00   1.5393110e+03   1.3017900e+02
   1.5401030e+03   1.0630000e+00   1.5403810e+03   1.2843950e+02
   1.5411550e+03   1.0530000e+00   1.5414310e+03   1.2871873e+02
   1.5421350e+03   9.8000000e-01   1.5424210e+03   1.2468812e+02
   1.5430040e+03   8.6800000e-01   1.5432810e+03   1.2497880e+02
   1.5439110e+03   9.0800000e-01   1.5441810e+03   1.2445237e+02
   1.5447810e+03   8.7000000e-01   1.5450610e+03   1.2483460e+02
   1.5457190e+03   9.3800000e-01   1.5459910e+03   1.2683275e+02
   1.5466930e+03   9.7400000e-01   1.5469710e+03   1.2650773e+02
   1.5475740e+03   8.8100000e-01   1.5478510e+03   1.2678697e+02
   1.5485380e+03   9.6400000e-01   1.5488110e+03   1.2723787e+02
   1.5495210e+03   9.8300000e-01   1.5498010e+03   1.2347504e+02
   1.5504990e+03   9.7800000e-01   1.5507710e+03   1.2390076e+02
   1.5515190e+03   1.0200000e+00   1.5517910e+03   1.2186829e+02
   1.5524340e+03   9.1500000e-01   1.5527210e+03   1.1868912e+02
   1.5533000e+03   8.6600000e-01   1.5535710e+03   1.2057740e+02
   1.5542040e+03   9.0400000e-01   1.5544710e+03   1.2058884e+02
   1.5550650e+03   8.6200000e-01   1.5553410e+03   1.2114960e+02
   1.5559450e+03   8.8000000e-01   1.5562110e+03   1.2461945e+02
   1.5568940e+03   9.4900000e-01   1.5571710e+03   1.2481172e+02
   1.5577680e+03   8.7400000e-01   1.5580510e+03   1.2427155e+02
   1.5586810e+03   9.1300000e-01   1.5589510e+03   1.2600190e+02
   1.5596290e+03   9.4700000e-01   1.5599010e+03   1.2467668e+02
   1.5604840e+03   8.5500000e-01   1.5607610e+03   1.2449586e+02
   1.5613820e+03   8.9900000e-01   1.5616510e+03   1.2563111e+02
   1.5622460e+03   8.6400000e-01   1.5625210e+03   1.2375428e+02
   1.5630750e+03   8.2900000e-01   1.5633510e+03   1.2531755e+02
   1.5639880e+03   9.1300000e-01   1.5642510e+03   1.2649629e+02
   1.5648850e+03   8.9700000e-01   1.5651610e+03   1.2549607e+02
   1.5657270e+03   8.4200000e-01   1.5660110e+03   1.2473161e+02
   1.5665130e+03   7.8600000e-01   1.5667910e+03   1.2572038e+02
   1.5673180e+03   8.0600000e-01   1.5675910e+03   1.2816942e+02
   1.5682030e+03   8.8500000e-01   1.5684710e+03   1.3013551e+02
   1.5691160e+03   9.1300000e-01   1.5693810e+03   1.3041475e+02
   1.5700010e+03   8.8500000e-01   1.5702810e+03   1.2875307e+02
   1.5708400e+03   8.3900000e-01   1.5711110e+03   1.2913530e+02
   1.5717280e+03   8.8900000e-01   1.5720010e+03   1.2985399e+02
   1.5726410e+03   9.1200000e-01   1.5729110e+03   1.2782152e+02
   1.5734750e+03   8.3400000e-01   1.5737510e+03   1.2651918e+02
   1.5743540e+03   8.7900000e-01   1.5746210e+03   1.2747362e+02
   1.5752420e+03   8.8800000e-01   1.5755210e+03   1.2483460e+02
   1.5760630e+03   8.2100000e-01   1.5763310e+03   1.2502458e+02
   1.5769360e+03   8.7200000e-01   1.5772010e+03   1.2619188e+02
   1.5778130e+03   8.7700000e-01   1.5780910e+03   1.2476594e+02
   1.5786410e+03   8.2900000e-01   1.5789110e+03   1.2623765e+02
   1.5795730e+03   9.3100000e-01   1.5798410e+03   1.2825868e+02
   1.5804780e+03   9.0600000e-01   1.5807510e+03   1.2549607e+02
   1.5812920e+03   8.1400000e-01   1.5815710e+03   1.2631547e+02
   1.5821410e+03   8.4900000e-01   1.5824110e+03   1.2660844e+02
   1.5830060e+03   8.6500000e-01   1.5832810e+03   1.2622621e+02
   1.5837990e+03   7.9300000e-01   1.5840710e+03   1.2730424e+02
   1.5846510e+03   8.5200000e-01   1.5849110e+03   1.2767503e+02
   1.5855280e+03   8.7700000e-01   1.5858010e+03   1.2677552e+02
   1.5863310e+03   8.0300000e-01   1.5866010e+03   1.2726075e+02
   1.5871880e+03   8.5700000e-01   1.5874510e+03   1.2950609e+02
   1.5880300e+03   8.4200000e-01   1.5883010e+03   1.2745073e+02
   1.5888280e+03   7.9800000e-01   1.5891010e+03   1.2802293e+02
   1.5896550e+03   8.2700000e-01   1.5899210e+03   1.2992037e+02
   1.5904740e+03   8.1900000e-01   1.5907410e+03   1.2831590e+02
   1.5912350e+03   7.6100000e-01   1.5915110e+03   1.2841661e+02
   1.5919890e+03   7.5500000e-01   1.5922510e+03   1.3011263e+02
   1.5928210e+03   8.3200000e-01   1.5930910e+03   1.3044908e+02
   1.5936150e+03   7.9400000e-01   1.5938910e+03   1.3093202e+02
   1.5945100e+03   8.9500000e-01   1.5947710e+03   1.3193224e+02
   1.5954050e+03   8.9500000e-01   1.5956810e+03   1.3062990e+02
   1.5962290e+03   8.2400000e-01   1.5965010e+03   1.3080843e+02
   1.5971190e+03   8.8900000e-01   1.5973910e+03   1.3002336e+02
   1.5979870e+03   8.6900000e-01   1.5982610e+03   1.2828157e+02
   1.5988010e+03   8.1400000e-01   1.5990710e+03   1.2859514e+02
   1.5996740e+03   8.7300000e-01   1.5999410e+03   1.2902315e+02
   1.6005170e+03   8.4300000e-01   1.6007910e+03   1.2739351e+02
   1.6013140e+03   7.9600000e-01   1.6015810e+03   1.2862947e+02
   1.6021660e+03   8.5200000e-01   1.6024310e+03   1.2948320e+02
   1.6030160e+03   8.5000000e-01   1.6032910e+03   1.2821519e+02
   1.6038110e+03   7.9400000e-01   1.6040810e+03   1.2874162e+02
   1.6046570e+03   8.4600000e-01   1.6049210e+03   1.3003481e+02
   1.6054800e+03   8.2300000e-01   1.6057610e+03   1.2867525e+02
   1.6062560e+03   7.7600000e-01   1.6065310e+03   1.2942827e+02
   1.6070730e+03   8.1700000e-01   1.6073410e+03   1.3178575e+02
   1.6079280e+03   8.5500000e-01   1.6082010e+03   1.3058412e+02
   1.6087270e+03   7.9900000e-01   1.6090010e+03   1.3047197e+02
   1.6095860e+03   8.6000000e-01   1.6098510e+03   1.3194368e+02
   1.6104660e+03   8.7900000e-01   1.6107410e+03   1.3002336e+02
   1.6112760e+03   8.1000000e-01   1.6115510e+03   1.2974184e+02
   1.6121290e+03   8.5300000e-01   1.6123910e+03   1.3079698e+02
   1.6129900e+03   8.6100000e-01   1.6132610e+03   1.2882173e+02
   1.6137950e+03   8.0400000e-01   1.6140710e+03   1.2856309e+02
   1.6146460e+03   8.5100000e-01   1.6149110e+03   1.3024767e+02
   1.6155070e+03   8.6100000e-01   1.6157810e+03   1.2850587e+02
   1.6163050e+03   7.9800000e-01   1.6165810e+03   1.2879884e+02
   1.6171660e+03   8.6100000e-01   1.6174310e+03   1.3037126e+02
   1.6180470e+03   8.8100000e-01   1.6183210e+03   1.2825868e+02
   1.6188720e+03   8.2500000e-01   1.6193010e+03   1.7499412e+02
   1.6197660e+03   8.9300000e-01   1.6197670e+03   1.7499412e+02
   1.6206570e+03   8.9100000e-01   1.6206580e+03   1.7499412e+02
   1.6214900e+03   8.3300000e-01   1.6214910e+03   2.4998507e+01
   1.6223660e+03   8.7600000e-01   1.6223670e+03   2.4998507e+01
   1.6231880e+03   8.2200000e-01   1.6233010e+03   1.7499412e+02
   1.6240070e+03   8.2000000e-01   1.6240080e+03   1.7499412e+02
   1.6248720e+03   8.6500000e-01   1.6248730e+03   1.7499412e+02
   1.6257020e+03   8.2900000e-01   1.6257030e+03   2.4998507e+01
   1.6265100e+03   8.0800000e-01   1.6273010e+03   1.7499412e+02
   1.6273560e+03   8.4600000e-01   1.6273570e+03   1.7499412e+02
   1.6282450e+03   8.8900000e-01   1.6282460e+03   1.7499412e+02
   1.6290640e+03   8.1900000e-01   1.6290650e+03   1.7499412e+02
   1.6299320e+03   8.6800000e-01   1.6299330e+03   2.4998507e+01
   1.6307830e+03   8.5100000e-01   1.6313010e+03   1.7499412e+02
   1.6315930e+03   8.1100000e-01   1.6315940e+03   1.7499412e+02
   1.6324630e+03   8.7000000e-01   1.6324640e+03   1.7499412e+02
   1.6333290e+03   8.6600000e-01   1.6333300e+03   2.4998507e+01
   1.6341530e+03   8.2500000e-01   1.6341540e+03   2.4998507e+01
   1.6350360e+03   8.8300000e-01   1.6353010e+03   1.7499412e+02
   1.6359510e+03   9.1500000e-01   1.6359520e+03   1.7499412e+02
   1.6367760e+03   8.2500000e-01   1.6367770e+03   1.7499412e+02
   1.6376780e+03   9.0100000e-01   1.6376790e+03   2.4998507e+01
   1.6385790e+03   9.0100000e-01   1.6393010e+03   1.7499412e+02
   1.6394250e+03   8.4500000e-01   1.6394260e+03   1.7499412e+02
   1.6403330e+03   9.0900000e-01   1.6403340e+03   1.7499412e+02
   1.6412320e+03   8.9900000e-01   1.6412330e+03   1.7499412e+02
   1.6420900e+03   8.5800000e-01   1.6420910e+03   2.4998507e+01
   1.6430120e+03   9.2100000e-01   1.6433010e+03   1.7499412e+02
   1.6438880e+03   8.7600000e-01   1.6438890e+03   1.7499412e+02
   1.6447510e+03   8.6300000e-01   1.6447520e+03   1.7499412e+02
   1.6456900e+03   9.3800000e-01   1.6456910e+03   2.4998507e+01
   1.6465860e+03   8.9600000e-01   1.6473010e+03   1.7499412e+02
   1.6474610e+03   8.7600000e-01   1.6474620e+03   1.7499412e+02
   1.6483970e+03   9.3600000e-01   1.6483980e+03   1.7499412e+02
   1.6492940e+03   8.9700000e-01   1.6492950e+03   1.1499496e+02
   1.6501820e+03   8.8900000e-01   1.6501830e+03   2.4998507e+01
   1.6511200e+03   9.3800000e-01   1.6513010e+03   1.7499412e+02
   1.6519680e+03   8.4900000e-01   1.6519690e+03   1.7499412e+02
   1.6528760e+03   9.0800000e-01   1.6528770e+03   1.7499412e+02
   1.6538050e+03   9.2900000e-01   1.6538060e+03   2.4998507e+01
   1.6546480e+03   8.4200000e-01   1.6553010e+03   1.7499412e+02
   1.6555810e+03   9.3300000e-01   1.6555820e+03   1.7499412e+02
   1.6565070e+03   9.2700000e-01   1.6565080e+03   1.7499412e+02
   1.6574020e+03   8.9500000e-01   1.6574030e+03   2.4998507e+01
   1.6583780e+03   9.7600000e-01   1.6583790e+03   2.4998507e+01
   1.6592800e+03   9.0200000e-01   1.6593010e+03   1.7499412e+02
   1.6602240e+03   9.4300000e-01   1.6602250e+03   1.7499412e+02
   1.6611770e+03   9.5300000e-01   1.6611780e+03   1.7499412e+02
   1.6620550e+03   8.7800000e-01   1.6620560e+03   2.4998507e+01
   1.6629660e+03   9.1100000e-01   1.6633010e+03   1.7499412e+02
   1.6638700e+03   9.0400000e-01   1.6638710e+03   1.7499412e+02
   1.6647090e+03   8.3900000e-01   1.6647100e+03   1.7499412e+02
   1.6656140e+03   9.0500000e-01   1.6656150e+03   2.4998507e+01
   1.6665680e+03   9.5400000e-01   1.6673010e+03   1.7499412e+02
   1.6674810e+03   9.1300000e-01   1.6674820e+03   1.7499412e+02
   1.6684010e+03   9.2000000e-01   1.6684020e+03   1.7499412e+02
   1.6693520e+03   9.5100000e-01   1.6696310e+03   1.3692874e+02
   1.6702040e+03   8.5200000e-01   1.6704810e+03   1.3835696e+02
   1.6711340e+03   9.3000000e-01   1.6714010e+03   1.3968219e+02
   1.6720360e+03   9.0200000e-01   1.6723110e+03   1.3583010e+02
   1.6728850e+03   8.4900000e-01   1.6731610e+03   1.3800906e+02
   1.6737940e+03   9.0800000e-01   1.6740610e+03   1.3810977e+02
   1.6746640e+03   8.7100000e-01   1.6749410e+03   1.3547076e+02
   1.6755060e+03   8.4100000e-01   1.6757810e+03   1.3798617e+02
   1.6764010e+03   8.9500000e-01   1.6766710e+03   1.3909854e+02
   1.6772570e+03   8.5700000e-01   1.6775410e+03   1.3512057e+02
   1.6780890e+03   8.3200000e-01   1.6783610e+03   1.3926562e+02
   1.6790010e+03   9.1200000e-01   1.6792710e+03   1.4010791e+02
   1.6798740e+03   8.7300000e-01   1.6801510e+03   1.3683947e+02
   1.6807060e+03   8.3200000e-01   1.6809810e+03   1.3926562e+02
   1.6816070e+03   9.0100000e-01   1.6818710e+03   1.4101886e+02
   1.6824680e+03   8.6100000e-01   1.6827410e+03   1.3850116e+02
   1.6833140e+03   8.4600000e-01   1.6835810e+03   1.4053592e+02
   1.6842220e+03   9.0900000e-01   1.6844910e+03   1.4040088e+02
   1.6851160e+03   8.9400000e-01   1.6853910e+03   1.3699740e+02
   1.6859510e+03   8.3500000e-01   1.6862210e+03   1.3887195e+02
   1.6868400e+03   8.8900000e-01   1.6871010e+03   1.4028873e+02
   1.6877420e+03   9.0200000e-01   1.6880210e+03   1.3580721e+02
   1.6885720e+03   8.3000000e-01   1.6888410e+03   1.3787402e+02
   1.6894700e+03   8.9800000e-01   1.6897410e+03   1.3943500e+02
   1.6903720e+03   9.0100000e-01   1.6906510e+03   1.3583010e+02
   1.6911930e+03   8.2200000e-01   1.6914710e+03   1.3753527e+02
   1.6921130e+03   9.1900000e-01   1.6923810e+03   1.3953570e+02
   1.6930390e+03   9.2700000e-01   1.6933110e+03   1.3557146e+02
   1.6938790e+03   8.4000000e-01   1.6941510e+03   1.3787402e+02
   1.6947980e+03   9.1900000e-01   1.6950610e+03   1.3881701e+02
   1.6956900e+03   8.9200000e-01   1.6959710e+03   1.3528994e+02
   1.6965330e+03   8.4300000e-01   1.6968010e+03   1.3814181e+02
   1.6974300e+03   8.9700000e-01   1.6977010e+03   1.3773898e+02
   1.6982960e+03   8.6700000e-01   1.6985710e+03   1.3656024e+02
   1.6991800e+03   8.8300000e-01   1.6994410e+03   1.3856982e+02
   1.7000930e+03   9.1300000e-01   1.7003710e+03   1.3692874e+02
   1.7009080e+03   8.1500000e-01   1.7011810e+03   1.3758105e+02
   1.7018030e+03   8.9500000e-01   1.7020710e+03   1.3883990e+02
   1.7026030e+03   8.0100000e-01   1.7028810e+03   1.3682803e+02
   1.7033560e+03   7.5300000e-01   1.7036310e+03   1.3892917e+02
   1.7040390e+03   6.8300000e-01   1.7043110e+03   1.4095020e+02
   1.7047980e+03   7.5900000e-01   1.7050610e+03   1.4168033e+02
   1.7057240e+03   9.2500000e-01   1.7059910e+03   1.4109668e+02
   1.7065260e+03   8.0200000e-01   1.7067910e+03   1.4287052e+02
   1.7074200e+03   8.9400000e-01   1.7076810e+03   1.4295062e+02
   1.7082890e+03   8.6900000e-01   1.7085610e+03   1.3815326e+02
   1.7090930e+03   8.0400000e-01   1.7093610e+03   1.3935489e+02
   1.7099710e+03   8.7900000e-01   1.7102310e+03   1.3989505e+02
   1.7108290e+03   8.5800000e-01   1.7111010e+03   1.3579577e+02
   1.7116260e+03   7.9700000e-01   1.7118910e+03   1.3814181e+02
   1.7124720e+03   8.4600000e-01   1.7127410e+03   1.3865908e+02
   1.7132750e+03   8.0300000e-01   1.7135510e+03   1.3759249e+02
   1.7140870e+03   8.1200000e-01   1.7143510e+03   1.4015369e+02
   1.7149340e+03   8.4700000e-01   1.7152010e+03   1.3978290e+02
   1.7157420e+03   8.0800000e-01   1.7160110e+03   1.3913058e+02
   1.7166210e+03   8.7900000e-01   1.7168810e+03   1.4096164e+02
   1.7174990e+03   8.7800000e-01   1.7177710e+03   1.3871631e+02
   1.7183100e+03   8.1100000e-01   1.7185810e+03   1.3934573e+02
   1.7191820e+03   8.7200000e-01   1.7194510e+03   1.4037799e+02
   1.7200010e+03   8.1900000e-01   1.7202810e+03   1.3790606e+02
   1.7208370e+03   8.3600000e-01   1.7211010e+03   1.4052447e+02
   1.7217090e+03   8.7200000e-01   1.7219810e+03   1.3919925e+02
   1.7225420e+03   8.3300000e-01   1.7228210e+03   1.3861560e+02
   1.7234030e+03   8.6100000e-01   1.7236710e+03   1.4181537e+02
   1.7243020e+03   8.9900000e-01   1.7245710e+03   1.3870486e+02
   1.7251410e+03   8.3800000e-01   1.7254110e+03   1.3943500e+02
   1.7260290e+03   8.8900000e-01   1.7262910e+03   1.4043521e+02
   1.7269180e+03   8.8900000e-01   1.7271910e+03   1.3695162e+02
   1.7277500e+03   8.3200000e-01   1.7280210e+03   1.3814181e+02
   1.7286480e+03   8.9800000e-01   1.7289110e+03   1.3897494e+02
   1.7295180e+03   8.7000000e-01   1.7297910e+03   1.3649157e+02
   1.7303700e+03   8.5200000e-01   1.7306410e+03   1.3744601e+02
   1.7312970e+03   9.2700000e-01   1.7315610e+03   1.3846911e+02
   1.7322080e+03   9.1000000e-01   1.7324810e+03   1.3547076e+02
   1.7330370e+03   8.3000000e-01   1.7333110e+03   1.3778247e+02
   1.7339410e+03   9.0400000e-01   1.7342110e+03   1.3896350e+02
   1.7348390e+03   8.9800000e-01   1.7351110e+03   1.3626727e+02
   1.7356830e+03   8.4400000e-01   1.7359510e+03   1.3861560e+02
   1.7365750e+03   8.9200000e-01   1.7368410e+03   1.3796328e+02
   1.7374560e+03   8.8100000e-01   1.7377310e+03   1.3562640e+02
   1.7383180e+03   8.6200000e-01   1.7385810e+03   1.3762683e+02
   1.7392210e+03   9.0300000e-01   1.7394910e+03   1.3635653e+02
   1.7400580e+03   8.3700000e-01   1.7403310e+03   1.3613223e+02
   1.7409430e+03   8.8500000e-01   1.7412110e+03   1.3850116e+02
   1.7418430e+03   9.0000000e-01   1.7421110e+03   1.3630160e+02
   1.7426930e+03   8.5000000e-01   1.7429710e+03   1.3709811e+02
   1.7435890e+03   8.9600000e-01   1.7438510e+03   1.3887195e+02
   1.7444810e+03   8.9200000e-01   1.7447610e+03   1.3639086e+02
   1.7453260e+03   8.4500000e-01   1.7456010e+03   1.3869342e+02
   1.7462350e+03   9.0900000e-01   1.7465010e+03   1.3931140e+02
   1.7471320e+03   8.9800000e-01   1.7474110e+03   1.3672732e+02
   1.7479590e+03   8.2700000e-01   1.7482310e+03   1.3917636e+02
   1.7489060e+03   9.4700000e-01   1.7491710e+03   1.4009646e+02
   1.7498150e+03   9.0900000e-01   1.7500910e+03   1.3650302e+02
   1.7506640e+03   8.4900000e-01   1.7509310e+03   1.3908709e+02
   1.7515850e+03   9.2100000e-01   1.7518510e+03   1.4036655e+02
   1.7524810e+03   8.9600000e-01   1.7527610e+03   1.3741168e+02
   1.7533160e+03   8.3500000e-01   1.7535910e+03   1.3910769e+02
   1.7542200e+03   9.0400000e-01   1.7544910e+03   1.4028873e+02
   1.7551220e+03   9.0200000e-01   1.7554010e+03   1.3787402e+02
   1.7559380e+03   8.1600000e-01   1.7562110e+03   1.4000720e+02
   1.7568330e+03   8.9500000e-01   1.7571010e+03   1.4226398e+02
   1.7576950e+03   8.6200000e-01   1.7579710e+03   1.3861560e+02
   1.7585420e+03   8.4700000e-01   1.7588110e+03   1.4198474e+02
   1.7594520e+03   9.1000000e-01   1.7597210e+03   1.4072589e+02
   1.7602760e+03   8.2300000e-01   1.7605510e+03   1.3883990e+02
   1.7611290e+03   8.5300000e-01   1.7613910e+03   1.4103030e+02
   1.7619950e+03   8.6600000e-01   1.7622710e+03   1.3902987e+02
   1.7627950e+03   8.0100000e-01   1.7630710e+03   1.4018802e+02
   1.7636620e+03   8.6700000e-01   1.7639310e+03   1.4211978e+02
   1.7645240e+03   8.6100000e-01   1.7648010e+03   1.3934573e+02
   1.7653240e+03   8.0000000e-01   1.7655910e+03   1.4101886e+02
   1.7661630e+03   8.4000000e-01   1.7664310e+03   1.4203967e+02
   1.7669720e+03   8.0900000e-01   1.7672510e+03   1.3954715e+02
   1.7677670e+03   7.9500000e-01   1.7680310e+03   1.4182681e+02
   1.7686440e+03   8.7700000e-01   1.7689110e+03   1.4243335e+02
   1.7694860e+03   8.4200000e-01   1.7697610e+03   1.3938922e+02
   1.7702980e+03   8.1300000e-01   1.7705710e+03   1.4132098e+02
   1.7711890e+03   8.9000000e-01   1.7714510e+03   1.4124316e+02
   1.7720690e+03   8.8000000e-01   1.7723410e+03   1.3799762e+02
   1.7729000e+03   8.3100000e-01   1.7731710e+03   1.3924273e+02
   1.7737730e+03   8.7400000e-01   1.7740410e+03   1.3887195e+02
   1.7746040e+03   8.3100000e-01   1.7748810e+03   1.3679598e+02
   1.7754590e+03   8.5400000e-01   1.7757210e+03   1.3858126e+02
   1.7763270e+03   8.6900000e-01   1.7766010e+03   1.3675021e+02
   1.7771280e+03   8.0000000e-01   1.7774010e+03   1.3705233e+02
   1.7779780e+03   8.5100000e-01   1.7782410e+03   1.3891772e+02
   1.7788330e+03   8.5500000e-01   1.7791010e+03   1.3648013e+02
   1.7796380e+03   8.0500000e-01   1.7799110e+03   1.3796328e+02
   1.7805130e+03   8.7500000e-01   1.7807810e+03   1.3950137e+02
   1.7813730e+03   8.6100000e-01   1.7816510e+03   1.3672732e+02
   1.7821900e+03   8.1700000e-01   1.7824610e+03   1.3822192e+02
   1.7830840e+03   8.9400000e-01   1.7833510e+03   1.3885135e+02
   1.7839100e+03   8.2600000e-01   1.7841910e+03   1.3588503e+02
   1.7847360e+03   8.2600000e-01   1.7850010e+03   1.3843478e+02
   1.7856230e+03   8.8700000e-01   1.7858910e+03   1.3845767e+02
   1.7864880e+03   8.6500000e-01   1.7867610e+03   1.3617800e+02
   1.7873080e+03   8.2000000e-01   1.7875810e+03   1.3736819e+02
   1.7882110e+03   9.0300000e-01   1.7884810e+03   1.3961352e+02
   1.7890900e+03   8.7900000e-01   1.7893610e+03   1.3557146e+02
   1.7898960e+03   8.0600000e-01   1.7901710e+03   1.3743457e+02
   1.7907710e+03   8.7500000e-01   1.7910310e+03   1.4084949e+02
   1.7916500e+03   8.7800000e-01   1.7919210e+03   1.3677310e+02
   1.7924610e+03   8.1200000e-01   1.7927310e+03   1.3976001e+02
   1.7933430e+03   8.8100000e-01   1.7936110e+03   1.4100742e+02
   1.7942120e+03   8.7000000e-01   1.7944910e+03   1.3763827e+02
   1.7950420e+03   8.3000000e-01   1.7953110e+03   1.3979434e+02
   1.7959340e+03   8.9200000e-01   1.7962010e+03   1.4054736e+02
   1.7967930e+03   8.5900000e-01   1.7970710e+03   1.3769320e+02
   1.7976530e+03   8.6000000e-01   1.7979210e+03   1.4054736e+02
   1.7985620e+03   9.0900000e-01   1.7988310e+03   1.3796328e+02
   1.7993890e+03   8.2700000e-01   1.7996610e+03   1.3778247e+02
   1.8002650e+03   8.7600000e-01   1.8005310e+03   1.3972568e+02
   1.8011440e+03   8.7900000e-01   1.8014210e+03   1.3689669e+02
   1.8019810e+03   8.3700000e-01   1.8022510e+03   1.3923129e+02
   1.8028890e+03   9.0800000e-01   1.8031610e+03   1.4018802e+02
   1.8037540e+03   8.6500000e-01   1.8040310e+03   1.3769320e+02
   1.8046120e+03   8.5800000e-01   1.8048810e+03   1.4057941e+02
   1.8055410e+03   9.2900000e-01   1.8058110e+03   1.4119739e+02
   1.8064180e+03   8.7700000e-01   1.8067010e+03   1.3801821e+02
   1.8072490e+03   8.3200000e-01   1.8075210e+03   1.4038943e+02
   1.8081480e+03   8.9900000e-01   1.8084210e+03   1.3976001e+02
   1.8089760e+03   8.2700000e-01   1.8092510e+03   1.3788546e+02
   1.8098090e+03   8.3400000e-01   1.8100810e+03   1.4074878e+02
   1.8106900e+03   8.8000000e-01   1.8109610e+03   1.4101886e+02
   1.8115360e+03   8.4600000e-01   1.8118110e+03   1.3960208e+02
   1.8124160e+03   8.8000000e-01   1.8126810e+03   1.4176959e+02
   1.8133580e+03   9.4200000e-01   1.8136310e+03   1.3989505e+02
   1.8142030e+03   8.4500000e-01   1.8144810e+03   1.4018802e+02
   1.8151060e+03   9.0300000e-01   1.8153710e+03   1.4160251e+02
   1.8160230e+03   9.1700000e-01   1.8163010e+03   1.3810977e+02
   1.8168450e+03   8.2300000e-01   1.8171110e+03   1.3972568e+02
   1.8177420e+03   8.9700000e-01   1.8180110e+03   1.3932284e+02
   1.8185790e+03   8.3700000e-01   1.8188510e+03   1.3816470e+02
   1.8194520e+03   8.7300000e-01   1.8197210e+03   1.4052447e+02
   1.8203440e+03   8.9200000e-01   1.8206210e+03   1.3838900e+02
   1.8211800e+03   8.3600000e-01   1.8214510e+03   1.3907565e+02
   1.8220910e+03   9.1100000e-01   1.8223610e+03   1.3997287e+02
   1.8229690e+03   8.7800000e-01   1.8232410e+03   1.3671588e+02
   1.8237910e+03   8.2200000e-01   1.8240610e+03   1.3870486e+02
   1.8246560e+03   8.6500000e-01   1.8249210e+03   1.3959064e+02
   1.8254900e+03   8.3400000e-01   1.8257610e+03   1.3736819e+02
   1.8263260e+03   8.3600000e-01   1.8265910e+03   1.3969363e+02
   1.8271970e+03   8.7100000e-01   1.8274710e+03   1.3795184e+02
   1.8280190e+03   8.2200000e-01   1.8282910e+03   1.3800906e+02
   1.8288820e+03   8.6400000e-01   1.8291510e+03   1.3918780e+02
   1.8297420e+03   8.6000000e-01   1.8300110e+03   1.3735675e+02
   1.8305400e+03   7.9800000e-01   1.8308110e+03   1.3802966e+02
   1.8313690e+03   8.2900000e-01   1.8316310e+03   1.4017657e+02
   1.8322240e+03   8.5500000e-01   1.8324910e+03   1.3881701e+02
   1.8330280e+03   8.0400000e-01   1.8333010e+03   1.3858126e+02
   1.8338660e+03   8.3800000e-01   1.8341310e+03   1.4092731e+02
   1.8347110e+03   8.4500000e-01   1.8349810e+03   1.3943500e+02
   1.8354960e+03   7.8400000e-01   1.8357610e+03   1.4000720e+02
   1.8363330e+03   8.3800000e-01   1.8366010e+03   1.4024295e+02
   1.8371290e+03   7.9500000e-01   1.8374010e+03   1.3812121e+02
   1.8378230e+03   6.9400000e-01   1.8381010e+03   1.3800906e+02
   1.8384990e+03   6.7600000e-01   1.8387610e+03   1.4018802e+02
   1.8391580e+03   6.5900000e-01   1.8394210e+03   1.4089526e+02
   1.8399950e+03   8.3700000e-01   1.8402510e+03   1.4178104e+02
   1.8407930e+03   7.9800000e-01   1.8410610e+03   1.4023151e+02
   1.8415840e+03   7.9100000e-01   1.8418510e+03   1.4246768e+02
   1.8424630e+03   8.7900000e-01   1.8427310e+03   1.4146747e+02
   1.8432600e+03   7.9700000e-01   1.8435310e+03   1.3721026e+02
   1.8440580e+03   7.9800000e-01   1.8443210e+03   1.3861560e+02
   1.8449200e+03   8.6200000e-01   1.8451810e+03   1.3753527e+02
   1.8457860e+03   8.6600000e-01   1.8460610e+03   1.3424624e+02
   1.8465890e+03   8.0300000e-01   1.8468610e+03   1.3585070e+02
   1.8474340e+03   8.4500000e-01   1.8477010e+03   1.3714389e+02
   1.8483010e+03   8.6700000e-01   1.8485710e+03   1.3554858e+02
   1.8491060e+03   8.0500000e-01   1.8493810e+03   1.3533572e+02
   1.8499380e+03   8.3200000e-01   1.8502010e+03   1.3809832e+02
   1.8508160e+03   8.7800000e-01   1.8510810e+03   1.3656939e+02
   1.8516220e+03   8.0600000e-01   1.8518910e+03   1.3723315e+02
   1.8524970e+03   8.7400000e-01   1.8527610e+03   1.3918780e+02
   1.8533890e+03   8.9200000e-01   1.8536610e+03   1.3845767e+02
   1.8542030e+03   8.1400000e-01   1.8544710e+03   1.3911914e+02
   1.8551370e+03   9.3400000e-01   1.8554010e+03   1.4074878e+02
   1.8560390e+03   9.0200000e-01   1.8563110e+03   1.3697451e+02
   1.8568500e+03   8.1000000e-01   1.8571210e+03   1.3789691e+02
   1.8577280e+03   8.7800000e-01   1.8579910e+03   1.3958148e+02
   1.8585880e+03   8.6100000e-01   1.8588610e+03   1.3702029e+02
   1.8594070e+03   8.1800000e-01   1.8596810e+03   1.3826541e+02
   1.8603090e+03   9.0200000e-01   1.8605710e+03   1.3977145e+02
   1.8611820e+03   8.7300000e-01   1.8614610e+03   1.3748034e+02
   1.8620260e+03   8.4400000e-01   1.8622910e+03   1.3931140e+02
   1.8629180e+03   8.9200000e-01   1.8631810e+03   1.3882846e+02
   1.8637760e+03   8.5800000e-01   1.8640510e+03   1.3671588e+02
   1.8646350e+03   8.5900000e-01   1.8649010e+03   1.3834552e+02
   1.8655240e+03   8.8900000e-01   1.8657910e+03   1.3826541e+02
   1.8663370e+03   8.1300000e-01   1.8666110e+03   1.3627871e+02
   1.8671700e+03   8.3300000e-01   1.8674410e+03   1.3815326e+02
   1.8680320e+03   8.6100000e-01   1.8683010e+03   1.3723315e+02
   1.8688360e+03   8.0500000e-01   1.8691110e+03   1.3689669e+02
   1.8697020e+03   8.6500000e-01   1.8699610e+03   1.3815326e+02
   1.8705630e+03   8.6100000e-01   1.8708310e+03   1.3613223e+02
   1.8713690e+03   8.0600000e-01   1.8716410e+03   1.3773898e+02
   1.8722130e+03   8.4400000e-01   1.8724810e+03   1.3813266e+02
   1.8730390e+03   8.2600000e-01   1.8733110e+03   1.3603152e+02
   1.8738280e+03   7.8900000e-01   1.8741010e+03   1.3758105e+02
   1.8746090e+03   7.8100000e-01   1.8748810e+03   1.3845767e+02
   1.8752880e+03   6.7900000e-01   1.8755610e+03   1.3835696e+02
   1.8759630e+03   6.7500000e-01   1.8762310e+03   1.3978290e+02
   1.8767400e+03   7.7700000e-01   1.8770010e+03   1.3937777e+02
   1.8774990e+03   7.5900000e-01   1.8777710e+03   1.3988360e+02
   1.8783470e+03   8.4800000e-01   1.8786110e+03   1.4161395e+02
   1.8792470e+03   9.0000000e-01   1.8795110e+03   1.3844622e+02
   1.8800300e+03   7.8200000e-01   1.8803010e+03   1.3642520e+02
   1.8808580e+03   8.2900000e-01   1.8811210e+03   1.3865908e+02
   1.8817060e+03   8.4700000e-01   1.8819710e+03   1.3697451e+02
   1.8824950e+03   7.8900000e-01   1.8827710e+03   1.3610934e+02
   1.8833110e+03   8.1600000e-01   1.8835710e+03   1.3944644e+02
   1.8841640e+03   8.5400000e-01   1.8844310e+03   1.3809832e+02
   1.8849690e+03   8.0500000e-01   1.8852410e+03   1.3798617e+02
   1.8858070e+03   8.3800000e-01   1.8860710e+03   1.3989505e+02
   1.8866750e+03   8.6800000e-01   1.8869410e+03   1.3815326e+02
   1.8874780e+03   8.0300000e-01   1.8877510e+03   1.3779391e+02
   1.8883340e+03   8.5500000e-01   1.8886010e+03   1.3907565e+02
   1.8891990e+03   8.6600000e-01   1.8894710e+03   1.3750323e+02
   1.8899990e+03   8.0000000e-01   1.8902710e+03   1.3689669e+02
   1.8908560e+03   8.5700000e-01   1.8911210e+03   1.3979434e+02
   1.8917200e+03   8.6500000e-01   1.8919910e+03   1.3850116e+02
   1.8925140e+03   7.9300000e-01   1.8927910e+03   1.3935489e+02
   1.8933770e+03   8.6300000e-01   1.8936410e+03   1.4067096e+02
   1.8942490e+03   8.7200000e-01   1.8945210e+03   1.3779391e+02
   1.8950550e+03   8.0600000e-01   1.8953210e+03   1.4078311e+02
   1.8959300e+03   8.7500000e-01   1.8962010e+03   1.3998431e+02
   1.8967830e+03   8.5300000e-01   1.8970610e+03   1.3817614e+02
   1.8976220e+03   8.3900000e-01   1.8978910e+03   1.4011935e+02
   1.8985120e+03   8.9000000e-01   1.8987810e+03   1.3873919e+02
   1.8993360e+03   8.2400000e-01   1.8996110e+03   1.3868197e+02
   1.9002270e+03   8.9100000e-01   1.9004910e+03   1.3904132e+02
   1.9010950e+03   8.6900000e-01   1.9013710e+03   1.3691958e+02
   1.9019190e+03   8.2300000e-01   1.9021910e+03   1.3829974e+02
   1.9027860e+03   8.6800000e-01   1.9030510e+03   1.3885135e+02
   1.9036290e+03   8.4200000e-01   1.9039010e+03   1.3633364e+02
   1.9044380e+03   8.0900000e-01   1.9047110e+03   1.3812121e+02
   1.9052930e+03   8.5600000e-01   1.9055610e+03   1.3910769e+02
   1.9061490e+03   8.5500000e-01   1.9064210e+03   1.3652590e+02
   1.9069470e+03   7.9900000e-01   1.9072210e+03   1.3858126e+02
   1.9078000e+03   8.5200000e-01   1.9080610e+03   1.4064807e+02
   1.9086510e+03   8.5100000e-01   1.9089310e+03   1.3752612e+02
   1.9094560e+03   8.0500000e-01   1.9097310e+03   1.3902987e+02
   1.9103320e+03   8.7600000e-01   1.9106010e+03   1.3943500e+02
   1.9111630e+03   8.3100000e-01   1.9114410e+03   1.3734530e+02
   1.9119850e+03   8.2200000e-01   1.9122510e+03   1.3905276e+02
   1.9128580e+03   8.7300000e-01   1.9131310e+03   1.3729953e+02
   1.9136610e+03   8.0400000e-01   1.9139310e+03   1.3746890e+02
   1.9145190e+03   8.5800000e-01   1.9147810e+03   1.3902987e+02
   1.9153980e+03   8.7900000e-01   1.9156710e+03   1.3780535e+02
   1.9162170e+03   8.1800000e-01   1.9164910e+03   1.3783969e+02
   1.9171030e+03   8.8700000e-01   1.9173710e+03   1.3875979e+02
   1.9179630e+03   8.6000000e-01   1.9182410e+03   1.3717593e+02
   1.9187980e+03   8.3500000e-01   1.9190710e+03   1.3831118e+02
   1.9196880e+03   8.9000000e-01   1.9199510e+03   1.3815326e+02
   1.9205200e+03   8.3200000e-01   1.9207910e+03   1.3618945e+02
   1.9213530e+03   8.3300000e-01   1.9216210e+03   1.3725604e+02
   1.9222120e+03   8.5900000e-01   1.9224810e+03   1.3713244e+02
   1.9230170e+03   8.0500000e-01   1.9232910e+03   1.3718737e+02
   1.9239000e+03   8.8300000e-01   1.9241610e+03   1.3901843e+02
   1.9247900e+03   8.9000000e-01   1.9250610e+03   1.3678454e+02
   1.9256120e+03   8.2200000e-01   1.9258810e+03   1.3715533e+02
   1.9265050e+03   8.9300000e-01   1.9267710e+03   1.3885135e+02
   1.9274020e+03   8.9800000e-01   1.9276810e+03   1.3626727e+02
   1.9282300e+03   8.2800000e-01   1.9285010e+03   1.3704318e+02
   1.9291100e+03   8.8000000e-01   1.9293710e+03   1.3705233e+02
   1.9299680e+03   8.5900000e-01   1.9302410e+03   1.3549136e+02
   1.9307910e+03   8.2200000e-01   1.9310610e+03   1.3658084e+02
   1.9316730e+03   8.8300000e-01   1.9319410e+03   1.3746890e+02
   1.9325260e+03   8.5200000e-01   1.9328010e+03   1.3566073e+02
   1.9333630e+03   8.3700000e-01   1.9336310e+03   1.3836840e+02
   1.9342590e+03   8.9600000e-01   1.9345310e+03   1.3796328e+02
   1.9351100e+03   8.5100000e-01   1.9353910e+03   1.3541354e+02
   1.9358920e+03   7.8200000e-01   1.9361710e+03   1.3716677e+02
   1.9367200e+03   8.2800000e-01   1.9369810e+03   1.3977145e+02
   1.9375920e+03   8.7100000e-01   1.9378510e+03   1.3896350e+02
   1.9384450e+03   8.5400000e-01   1.9387210e+03   1.3785113e+02
   1.9392730e+03   8.2700000e-01   1.9395510e+03   1.3789691e+02
   1.9401200e+03   8.4700000e-01   1.9403910e+03   1.3856982e+02
   1.9409950e+03   8.7500000e-01   1.9412610e+03   1.3824481e+02
   1.9417800e+03   7.8500000e-01   1.9420510e+03   1.3675021e+02
   1.9424850e+03   7.0500000e-01   1.9427510e+03   1.3689669e+02
   1.9432110e+03   7.2600000e-01   1.9434810e+03   1.3662661e+02
   1.9439710e+03   7.6000000e-01   1.9442410e+03   1.3635653e+02
   1.9447630e+03   7.9200000e-01   1.9450210e+03   1.3732241e+02
   1.9456440e+03   8.8100000e-01   1.9459010e+03   1.3697451e+02
   1.9464810e+03   8.3700000e-01   1.9467510e+03   1.3322313e+02
   1.9472750e+03   7.9300000e-01   1.9475410e+03   1.3406542e+02
   1.9481170e+03   8.4200000e-01   1.9483810e+03   1.3384112e+02
   1.9489200e+03   8.0300000e-01   1.9491910e+03   1.3049486e+02
   1.9496930e+03   7.7200000e-01   1.9499610e+03   1.3234652e+02
   1.9505030e+03   8.1000000e-01   1.9507710e+03   1.3386400e+02
   1.9513360e+03   8.3300000e-01   1.9516110e+03   1.3252733e+02
   1.9521100e+03   7.7400000e-01   1.9523810e+03   1.3414553e+02
   1.9529550e+03   8.4500000e-01   1.9532210e+03   1.3595370e+02
   1.9537880e+03   8.3300000e-01   1.9540610e+03   1.3516634e+02
   1.9546010e+03   8.1300000e-01   1.9548710e+03   1.3609789e+02
   1.9554640e+03   8.6300000e-01   1.9557310e+03   1.3597430e+02
   1.9562950e+03   8.3200000e-01   1.9565710e+03   1.3425768e+02
   1.9571490e+03   8.5300000e-01   1.9574110e+03   1.3540209e+02
   1.9580390e+03   8.9000000e-01   1.9583110e+03   1.3453692e+02
   1.9588460e+03   8.0700000e-01   1.9591210e+03   1.3372896e+02
   1.9596750e+03   8.2900000e-01   1.9599410e+03   1.3607729e+02
   1.9604990e+03   8.2400000e-01   1.9607710e+03   1.3569506e+02
   1.9612860e+03   7.8700000e-01   1.9615610e+03   1.3651446e+02
   1.9621400e+03   8.5400000e-01   1.9624010e+03   1.3911914e+02
   1.9630480e+03   9.0800000e-01   1.9633210e+03   1.3856982e+02
   1.9639000e+03   8.5200000e-01   1.9641710e+03   1.4022006e+02
   1.9648760e+03   9.7600000e-01   1.9651410e+03   1.4081515e+02
   1.9657580e+03   8.8200000e-01   1.9660310e+03   1.3899554e+02
   1.9666890e+03   9.3100000e-01   1.9669610e+03   1.3885135e+02
   1.9676120e+03   9.2300000e-01   1.9678910e+03   1.3672732e+02
   1.9684520e+03   8.4100000e-01   1.9687210e+03   1.3675021e+02
   1.9693640e+03   9.1200000e-01   1.9696310e+03   1.3648013e+02
   1.9702250e+03   8.6100000e-01   1.9705010e+03   1.3516634e+02
   1.9710850e+03   8.6100000e-01   1.9713510e+03   1.3643664e+02
   1.9720110e+03   9.2600000e-01   1.9722810e+03   1.3706378e+02
   1.9728700e+03   8.5900000e-01   1.9731410e+03   1.3495348e+02
   1.9737820e+03   9.1200000e-01   1.9740510e+03   1.3705233e+02
   1.9746600e+03   8.7800000e-01   1.9749310e+03   1.3550280e+02
   1.9754620e+03   8.0200000e-01   1.9757410e+03   1.3623293e+02
   1.9762860e+03   8.2400000e-01   1.9765510e+03   1.3841189e+02
   1.9771780e+03   8.9100000e-01   1.9774510e+03   1.3818759e+02
   1.9780460e+03   8.6900000e-01   1.9783210e+03   1.3826541e+02
   1.9789610e+03   9.1500000e-01   1.9792310e+03   1.4070300e+02
   1.9798650e+03   9.0400000e-01   1.9801410e+03   1.3961352e+02
   1.9807020e+03   8.3800000e-01   1.9809810e+03   1.3900699e+02
   1.9816460e+03   9.4400000e-01   1.9819110e+03   1.3970508e+02
   1.9825570e+03   9.1100000e-01   1.9828310e+03   1.3715533e+02
   1.9833830e+03   8.2700000e-01   1.9836610e+03   1.3723315e+02
   1.9842560e+03   8.7200000e-01   1.9845210e+03   1.3874835e+02
   1.9851330e+03   8.7700000e-01   1.9854110e+03   1.3661517e+02
   1.9859340e+03   8.0100000e-01   1.9862110e+03   1.3769320e+02
   1.9867820e+03   8.4800000e-01   1.9870510e+03   1.3980578e+02
   1.9876320e+03   8.5100000e-01   1.9879010e+03   1.3763827e+02
