,Byrd,Buxtehude,Handel,Scarlatti,Bach,Haydn,Mozart,Beethoven,Schubert,Chopin,Schumann,Liszt,Alkan,Brahms,Saint,Tchaikovsky,Dvorak,Faure,Debussy
Serie_1,,-67.46082341197626,,,-208.77739280366688,-139.22973977448518,-196.40490414576473,-203.2828372635334,,-70.93216922746824,-293.9885775246114,,,-298.22624933694345,,-198.28368244228625,,,
Serie_2,,-36.4986499686799,,,,-246.74594947501822,-64.48049168046542,,,-21.228443331216166,,,,,,-115.94891216059338,-285.84453527798917,-28.203524136314012,-120.53857400033178
Serie_3,,-8.315619143633745,,-0.7586062382969291,,-155.5669134480668,-108.47345438296188,-145.5092868816207,-167.29923566595878,-75.28085835557222,-23.151084717957946,,,,,,-186.4401089049108,-23.065468717400183,-182.70071057335835
Serie_4,,-16.579114021350765,-13.753758122320303,,,-95.55358543851865,,-109.74136062991438,-209.8955199259411,,,,,,-111.53112597775372,,-215.96606031051718,-17.497806441025478,-97.4263545744372
Serie_5,,,-76.0874725213892,,,-159.5095406435313,,-53.3102218023095,-172.36448417842274,-57.755085987610244,,,,-30.05159621997174,,,,-24.20791140783648,
Serie_6,,,-76.10851610551819,,,-245.84848267427532,,-60.754662924985084,,-45.50705450109128,,,,-209.01355715357747,-199.14224365310642,,-155.31013436808675,-40.90675302475177,-24.08288367361301
Serie_7,,,,-56.021578117320324,,-376.1151270629262,-124.33104354807925,-120.72581567208768,-170.01739534731573,-45.418428010425785,,-310.6531020252766,,-229.76985066512862,-91.5159095303207,,,,-99.39164156135594
Serie_8,,,,,,-197.3434253116554,,,,-45.271805292904666,,,,,,,,-26.203476369903367,-83.12399028970691
Serie_9,,,,,,-183.41873568309586,,,-141.37250431636315,-52.088876665555766,,,,,,,-162.45380805717141,-121.95790538199033,-50.73430547108869
Serie_10,,,,,,-93.87566478949925,,-84.02489992958014,,-44.50186518236536,-40.51198695521359,,,,,,-124.8793089193955,-126.48829181961298,-202.76763706593704
Serie_11,,,,,-93.19908276608001,-161.30830370289576,,-185.64545827190616,-230.00608301486295,-84.11594185462152,-20.508751418167122,-110.82611708096783,,,,,-51.86080200193782,-62.193870073378726,
Serie_12,,,,,,,-105.75762646507309,-213.7547726428391,-100.41057215730551,-50.14823737853724,-11.818959702106106,-98.9621228673601,,,,,,,-95.7611926582429
Serie_13,,,,,,,-207.8835071648268,,-128.8479983520477,-53.75684663961266,-33.6663583504463,-190.68436591482265,-98.50148331207087,,,-60.17299264681606,,-62.27005651436474,
Serie_14,,-137.3521079230592,,-82.14316819849559,,-153.93735373074753,-208.06428808305677,,,-53.195100676079186,,,,-118.02954561535236,,,,-58.410219569760564,
Serie_15,-57.40959560828306,,,-46.43635921602844,,,-185.83163951653748,-229.31871060024142,-268.43118392489816,-110.08502404492555,-44.94652506747554,,,-44.240518122955756,,,,-29.63502082862228,
Serie_16,-108.5847018158132,,,-73.57442628803854,,,-170.33278977357503,-53.99319193270896,-124.68793775182918,-33.15870860465161,-10.113807000659387,,,-57.8209609492818,,,-100.28496533881581,,-28.901284567373686
Serie_17,,,-54.17219764182435,,,,-216.3696052373044,,-195.67148644439246,-95.90058932361873,-45.198379924758825,,,-9.141596541414795,,,,,
Serie_18,-56.4858126494395,,,,,-175.70342548150413,-50.16989721621928,,-207.1434883601476,-83.27903692063842,,,,-87.66991244684108,,,,,-57.20895950684944
Serie_19,,,,,,-164.6722684527663,-118.63609908035319,-133.04237017142157,,-82.0169819238222,,,,-45.19377179306825,,,,,
Serie_20,,,,,,-97.80446665612702,-139.77981177485353,,,-80.68483001511201,,-163.46058526654494,-346.4868904460244,-259.4852341250505,,,-151.3789432134471,,
Serie_21,-45.620265493435056,,,-97.29358145136233,,,-288.3117479135314,,,,,,,-87.9582139843756,,,,,
Serie_22,-49.267655970339646,,,,,,-105.02300801838992,-53.153821349178855,-20.34856091017164,-74.35309194563065,,-45.816372922770775,,-144.30763058771083,-152.37121391947886,,,,-57.36861879031419
Serie_23,-23.74838168379978,-151.189489351099,,-13.658712711029555,,,-284.4784593897419,,,-110.56338037674868,,,-19.31756295837721,,-298.54099533021275,,,,
Serie_24,-48.487480962510816,,,,,-89.92682835556631,-311.1543944681536,,-130.9103935902413,-173.52459483140382,,,-121.67709172125616,-56.579989089505645,-152.21973489230024,-23.39425935150985,,,
Serie_25,-51.348698451577896,,,,,,-168.52439813025677,-130.13703118562645,,,,-103.88102616010731,,-64.95624037065616,,-202.97123444755283,,,
Serie_26,-48.79474163540446,,,,,,-238.80338134968827,,,-14.091961538874319,,-157.35951813564287,-121.94561117597776,,-151.76930896360759,-143.13617720558847,,,
Serie_27,-68.53120757614289,,,,,-65.556057614677,-425.4040847936617,,,-14.715031203464497,,-127.5185734387126,,,-136.7601025062251,-169.86637937974322,,,
Serie_28,,-98.75489776182343,,,,-106.46244990433804,-376.8541120447731,,,-43.222966130151136,,-131.826390757322,,-45.74861997041597,,-303.5080296732449,,,
Serie_29,-100.19175348803721,,,-24.019479267518047,,,-62.44212098986748,,-149.27050391282998,-98.42620584489973,,-187.83490082955694,-115.25247453220742,-53.13514127238079,,,,,
Serie_30,-52.47930604037219,,,-50.33644262121025,,,-246.49529467072966,-142.55281656257634,-69.16527312845227,-41.358988476881954,-148.10309678982372,-127.962111052085,-88.79494889794424,,,-130.83094571035394,,,-131.385894780547
Serie_31,-32.79516912595995,,,-70.3998428770474,,,-335.46423677843177,,-133.70247511829305,,,-108.86449752066493,,,-92.69413932558311,-259.0424416113821,-390.9043486980228,,-55.52005511508544
Serie_32,-42.326975234229394,,,,,,-382.76429122030015,,,,,-183.40960017348303,-83.04010420418697,,,,-190.27639995684757,,-73.51719012367072
Serie_33,-74.58169439574581,,,,,,-126.48016330128443,,-78.26587444983221,-53.7056214541371,,-183.01524064259226,,,,-122.34241065037423,-261.2267771337003,,
Serie_34,-39.374946607463016,,,,-61.59376689025018,,-318.0714700590191,,-206.48355723015746,-112.46267779344343,,-107.81592144772556,,,,-127.77174288269164,,,-36.4396140599071
Serie_35,-22.68696106757713,,,-56.95672761503283,,,-347.3781173306119,,,,,-279.3835611590181,,,,,,,-54.97729556198593
Serie_36,-49.640142544340506,,,,-69.61887954273456,,-390.45743519317745,,,-73.36524498233753,,-151.17290290427172,,,-162.5575056097445,,,,-107.4232030547374
Serie_37,,,,,-9.31814633583881,-81.77648799260062,-360.06780693898816,,-92.57057804985895,-65.70602295944497,,-90.40583158038132,-80.82283615541924,,,-160.31889689395388,,,-135.45870593548497
Serie_38,,,,,-152.15580986459975,,-388.63136856477325,,,-62.47056056053284,,-164.66117675074557,,,-95.53025547879611,-121.31784941059546,,-12.715425653024122,-154.28485258828493
Serie_39,,,-72.72130755742478,,,,-101.27870753569435,,-246.39461402560121,,,-157.80789794687968,,,-215.87208082568694,,,,
Serie_40,,,-95.31008929101823,,-55.30999207218387,,-180.53991785190217,,,-84.50935716580302,,-79.53213933210941,,-119.14544380137912,,,,-126.08259032209808,-114.73027904613589
Serie_41,,,,,,,-150.15019348884675,,-247.9844753556905,-18.054481696299398,,,,,-142.65380124537677,,-41.214864568789345,-169.8188616459741,
Serie_42,,,,,,,-404.8417631215348,,,,,,-76.27103283694332,,-26.64524985625959,-174.23334335563578,-28.927606516602015,-113.48250020121766,
Serie_43,,-72.46844585615247,,,,,-191.25918861396553,,-167.35885233354816,-54.677231743607194,,-101.70298436334092,,,-52.12321578509559,,-72.8260701059364,-109.32196081823822,
Serie_44,,-75.13136703374379,,,,,-392.0751134540145,,-178.46409354970893,-559.7913350188724,,-133.96082620882504,,,-44.327369997746146,,-112.85994533834392,-115.16818569386693,
Serie_45,,-59.20030623728255,,,,,-162.4467571594044,,-231.62872888250303,-297.95060434717186,,-109.1876969031783,-101.92831598345033,,-69.04094693523733,,-83.19050307286238,,
Serie_46,-44.701291349798495,-71.56645531552877,,,,,-124.47441329532701,,-111.7477118201321,-44.340167582259554,,-111.34359165294917,-71.42089013510017,,-50.06038626188597,,,,
Serie_47,,-16.411460228400184,,,,,-97.62526746971805,,,-87.15471156949427,,-242.83293495332057,,,-121.32459553429747,,,,
Serie_48,-45.097939931890885,,,,,,-185.89753884210324,,-188.32428212504584,-57.00315086711301,-70.96984617784383,,-91.52013264834267,,-169.86007860382375,,-125.84690030206153,-37.96771187808856,
Serie_49,-32.53434361329337,-42.92046701375772,,,,,-142.17794083167053,,-183.94292448724548,-25.607318146196704,,,,,,-88.1443107874804,-81.68947243057718,-84.58728151952567,-181.15596182767308
Serie_50,,-84.38788138995601,,,,,-105.1564286446093,,-226.15879734676452,-8.922176824059381,,,-146.24728937599153,,,-138.56880679358446,-117.72435408252801,-76.40910871452043,-195.6423230180991
Serie_51,-28.0378710334156,-15.459777899794515,,,,,-255.2206520778418,,-231.55700946912066,-304.58367311563427,,,-62.34693138020349,,,,,-121.26653399304588,
Serie_52,,,,,,-57.57879036319491,-301.7535160700383,,-250.7906726332044,,,,-197.65115174961124,,,,,,-108.07451706668702
Serie_53,-39.16095481316454,-83.70292650826241,,,,,-270.5628351543383,,,,,,-93.68130678239844,,-41.298630046445965,,,-61.290579016417006,-105.22423518269163
Serie_54,-29.02743660134591,,,,,,-346.8391501803744,,-152.7585647763311,,,,-38.66354331037429,-22.30413983529992,,-130.8687166785666,,-115.31867507188534,
Serie_55,-45.04047672275183,-141.02539983102247,,,,,-32.05107340357699,,-213.81883522591679,,-124.82949612611868,,-144.8822390398365,-214.3830597913693,,,,-92.18628601692716,-135.08933737648826
Serie_56,,-143.73061224717384,,,,,,,-233.79274133402978,,-83.7907912466014,,-119.85249781337676,-229.31047244323383,-151.02800871972087,,,-115.40354057781424,-137.8672923190315
Serie_57,-40.82566028784011,-56.81462645196561,,,,,-57.2155468901088,,,,-175.49149446502562,,,-110.77843600178657,,,-145.67114477859303,,
Serie_58,-10.004263881744553,,,,,,-84.0291699115941,,-93.3246905896826,,-259.0077408980057,-11.94116948181404,,,-67.74821234534899,,-201.87042285331793,,
Serie_59,-59.81555757215445,-60.973131960391726,,,-53.726700447393576,,-33.51493135393903,,-237.22383103136477,-40.92587227627157,,,,-134.77387995942956,,,-279.6460665379511,,-150.50478186923968
Serie_60,-64.89601942772522,-83.52169254799571,,,,,-22.471165298771854,,-221.04755471956597,,-98.7108184849914,-139.97964152284808,,-238.2367033753965,,,,,-163.7053832040715
Serie_61,-34.57233047723328,-26.326196838071297,,,,,-92.02253863866258,,-56.85217557645702,,,,,-255.89862783788968,-186.76404030720374,,,,
Serie_62,-34.418893178644524,-56.43292038185308,,,-68.58743323691941,,-184.5122082681561,-187.21386065184527,-71.33741634270442,,,,,-196.9294255679805,-336.58845938597204,,-89.49293837552646,,
Serie_63,-47.43421228374494,,,-15.91543096648153,,,,-195.0628285467957,-14.377205962391972,,,-136.35531977210118,,-101.31953570513662,-108.31179462842553,-48.20807056059047,,-121.80876794199413,-142.59743994834804
Serie_64,,-70.49452803933113,-44.22913783763175,,-90.71675641467321,-108.69760153084148,-133.56396123998505,-149.56372700170309,-209.45690791918625,,-206.6408842560975,-116.65114848432445,,-374.44824159976787,-104.64137154834343,-13.159618635445769,-97.46479816213646,,-141.88581728111814
Serie_65,-83.79261436742303,,,-59.44715536610864,,,,-224.42440827619873,,-8.377253254097438,-105.9993951626833,,,-44.09603665011954,,-42.1899120627989,,,-149.49279260112317
Serie_66,-93.2039754236738,-58.12913023221407,-54.00426589404643,-88.4501303732258,,-142.04766141473166,,-313.2950909470386,-243.6060650224076,,,,,,,-11.761029824183382,,,
Serie_67,-46.23064604383542,-46.44576855192548,,,-53.82373471599852,-107.77911028739152,,-204.68442099531956,,,,,,-163.08436639594646,,-31.791743202196354,,,
Serie_68,-56.53746898043234,-42.29446822397627,,,-57.40221758650699,-108.7629989817882,,-84.3621382127018,,,-152.7737110915559,,,-363.56686495710113,-149.93802541790973,-29.05748945094649,,,-38.947089899388764
Serie_69,-91.29235622468657,,,,,,,-138.083836068287,-158.81378528056985,,,,,-77.07099283000069,,,,,-128.045190405983
Serie_70,,-105.2218074480583,-117.13861415963132,,,,,-186.86518175630198,-160.98647807409597,,-109.68882182006864,,,,-137.50792551688252,-6.580776974007996,,,-102.01496820984346
Serie_71,-36.446612576376864,-62.09265147029903,-60.42137710447163,-96.94086252400108,,,,-129.00202932068015,-127.92909343214089,,,,,-59.59495494327801,,-22.50424856680447,,,-94.12394993930761
Serie_72,-43.35225329632739,-24.051451218490744,-99.09187552895422,-12.625496534377469,,,,-162.1421301407107,,,-199.57569337044916,,,-68.46845253789307,,-23.927685394876846,,,
Serie_73,,,,-9.321742314285286,,,,-161.70266393346813,-144.44274831451233,,,,,-164.70718736994652,,-11.918908039919977,,,-68.49107106679116
Serie_74,-18.13400756765588,-24.31286499818776,,,,,,-224.01955353447818,-179.34537566929333,,,,,-135.54653677216365,,-71.63980494714923,,,
Serie_75,,,,-28.302580167666825,,,,-193.84092567945206,-117.14524538233206,,,,,-68.56120833552676,,-25.386178638346117,,,
Serie_76,,,,,,,,,,,,,,-202.7099248171874,,-134.9865227895014,,,
Serie_77,,,,,-48.73526442262214,,,-118.57113847715523,-148.8422709020559,,,,,-348.2083002636953,,-103.59979708023937,-118.35322644796621,,-176.38753083115284
Serie_78,,-30.9536378761519,,,,,,,,,,,,-295.1158207300703,,,-86.22081407140028,-220.99432535589696,
Serie_79,,,,,,,,,-78.36954293182832,-5.2690675339865995,,,,-299.5843738970199,-127.43378425166581,-162.92342150314371,,-213.1109305895768,-107.95305299106376
Serie_80,,,,,,,-103.3780690594858,-49.021740328137746,,,,,,-106.59965980845541,,,,,-70.68409091219822
Serie_81,,-136.70363637003345,,,,-140.45489630361936,,,,-8.517765699909567,,,,,-147.4600336162879,-93.0546052363165,-48.94731077312028,,-173.3403556001371
Serie_82,-91.06921441049225,-175.42814011591753,,,,,,-179.8702590342638,,-18.100592843522396,,,,,,,-106.94371230750964,,-168.32266239772227
Serie_83,,-158.93540357430234,,-44.33673953988611,,,,-271.31867764160666,,-12.190329249215207,,-113.12943709429554,,-148.12417879734292,-239.31489251483603,,,,
Serie_84,,-140.58727184322575,,,,,,-243.07572456004127,,-4.855505603837261,,,,-211.58831767582606,,,-68.41303138423875,,
Serie_85,,-150.70486727872677,,,,,,-116.30487435699828,-22.637832004588443,,-170.22352937732404,,,-136.568408263217,-196.61221919830888,-140.67399511643802,-65.44999858559119,,-145.62503075247457
Serie_86,,-176.62874062867115,,-32.34173423207212,,,,,-47.41281694605807,-6.902393020226208,,,,,,,,,
Serie_87,-58.188448648735076,-135.4313618617205,,,,,-82.75123370118871,-128.58555438698363,,,-178.76088127905956,,,,,,,,-66.68737368335752
Serie_88,-15.490732812669844,-157.45163490826724,,-20.707652955883354,,,,,,,-55.01882146319173,-134.74841683749978,,,,,,,-65.87276689412758
Serie_89,,-157.85950893889486,,-55.27415769980982,,,,,,-8.234966929605967,-79.7553569182618,-110.11723034518505,,,,-131.37882460798787,,,-123.25060298666702
Serie_90,,-164.01846680029786,,,,,-152.22561580498098,,,-9.84593342096975,,-134.30670936868574,,-202.86897397190683,,-95.47561414846199,,-16.01639975823811,-160.34210084870952
Serie_91,-60.250527262996165,-133.2235656792429,-34.78498528828116,-75.43427302185415,,,,-160.35377913709206,-36.21331686004254,,,-106.62492938024738,,-122.20168710698886,,-157.32769991564476,,,-154.79372824088927
Serie_92,-51.49638273237595,-151.8400503852976,-46.817110897486955,,,,,-167.8230442131372,-155.6318736218563,-7.132938076303222,,-93.82617366057929,,-170.95975730979038,,,,,-180.4636180029476
Serie_93,-52.38960495363361,-148.75643163771846,,,,,,-122.10733140825049,-91.59220036549836,,-11.146184169204174,-191.19302538835404,,-140.0771566913279,,-70.33959820169385,-62.11882963386303,,
Serie_94,,-164.8443898600303,-41.39057171135927,,,,-107.26686725548797,-131.12897716964588,-92.72957015713183,-35.320778822058706,-179.37359846769925,-108.20889367318863,,,,,-79.98989373699656,-178.1431224910131,-44.808739644607826
Serie_95,-64.47974059334983,,,,,,,-134.05718665288694,-139.5919939721844,-15.600726258066475,-145.40464416130644,-203.71366336284157,,,,,,-140.54816492450354,-48.77296352027172
Serie_96,-95.22152501424686,,-17.277808392203603,,,,,-60.86653563377373,-184.35170528561366,,-269.53817530928006,,,,,,-118.63396188487086,-194.63062753048573,-24.52201083976787
Serie_97,-54.60495457141762,,-3.2730999755555095,-36.57314433062159,,,-89.89009986997723,,,,-291.98392963254247,,,,,,,-178.6451008392774,-80.27806717377682
Serie_98,,,,,,,,,-80.94283200065206,,-179.00718960142663,,,-198.73985061566685,,,-51.78175138766947,,-95.31463882798755
Serie_99,,,,-42.08464030635713,,,,,-41.343779968570544,-0.756736701384871,-324.95768011072363,-203.72613474622622,,,,,-124.21017923852172,,
Serie_100,-88.37701345075973,,,,,,,,,-9.136308020779497,-224.87916736147653,-159.30856765525627,,-76.89427470511723,,,,,
Serie_101,-102.56014927859528,,,,,,,-178.51741553941048,-140.89011175914965,-25.731128912147337,,-153.27890800695562,,,,-240.58400565257023,,,-77.48151360806078
Serie_102,,,,,,,,,-130.14574227980228,-20.546173023392036,-100.99681518801778,-60.42473647748005,,-119.44444432699564,,,,,
Serie_103,,,,,,,,-65.57253257285203,-105.63202673645795,,-297.15127102129753,-69.6924551000686,,-88.46424022683965,,-69.2298963136307,,,
Serie_104,,,,,,,,-79.2104780201113,-163.68283206053596,-9.670045218297407,-187.05594906496765,,,-151.8262524899086,,,-61.229056881352484,,
Serie_105,,,,,,,,-163.37391193341807,-96.0003680276367,-22.139073633112044,-237.40942334045957,,-225.57560363451205,-106.6378414736143,,-89.20780521983474,-178.1318208016991,,
Serie_106,,,,,,,,-117.23512122602723,,-6.661271090722704,-150.71829924943495,-104.41481299135921,-127.85286733938274,-167.60778274175962,,,-253.73389605411217,,
Serie_107,,,,,,-99.04153632840348,,-114.42524335241639,,-8.511382496750072,-162.65151914088378,-100.34025672352277,,-167.08206115900327,,,-372.68655179023864,,-127.21089404696794
Serie_108,-20.852135684602885,,,,,,,-120.88352173947864,-114.62428771624374,-21.68821515136559,-91.97838069309131,-211.79873977771132,,-87.14059275481077,,,-89.95766972622093,,
Serie_109,-41.530051354876456,,,,,,,,,,-228.70327595281265,-184.86443485739042,,-185.86031289399529,,,-322.4663673180015,,
Serie_110,,,,,,,,,,,,-139.25365602350618,-169.48533711878164,-363.56957419989004,,-178.76213360807415,-239.41920932850988,,-35.16202847239597
Serie_111,,,,,,,,,-130.23387845991292,,,-138.09144913368607,,-62.503469285404556,,,,,
Serie_112,,,,,,,,,,,,-106.99724500441175,,-65.63729652601069,,,-147.52570999267502,,
Serie_113,,,,,,,,,-162.11268969517948,,,-75.85329701519468,-124.52179515450082,,,,-153.2919682518954,,-13.632186019475304
Serie_114,,,,,,,,-64.5114526873281,-136.4519446679927,-14.724127831423564,,-278.0060696586348,-208.29687934537395,-146.00400662554756,,,,,
Serie_115,,,,,,,,-60.27545710997415,-121.74873679373134,-11.835584419550976,,-306.7268842014605,-33.16750152551889,-18.146566249744694,,,-123.10662581225941,,-128.37504998053262
Serie_116,,,,,,,,,,-18.51131395037493,,-191.75977745207493,,,,,-221.2687568104158,,-202.31369487703617
Serie_117,,,,,,,,,-211.11737042185527,,,-130.5047008741387,,,,,-193.1905373615328,,-202.55986560177283
Serie_118,,,,,,,,,-229.1298620120469,,,-206.3548151624566,-128.89054281521123,,,,-242.39435997253847,,-136.94465100569283
Serie_119,,,,,,,,,-103.66378869917654,-12.329772117874416,,,-155.90138346216722,,,,-95.10153162520524,,
Serie_120,,,,,,,,,-165.36716177292155,-4.82126684253994,,-184.30085847054315,-142.99365286655566,,,-161.5225001317328,-180.02332417943435,,-22.91568473483671
Serie_121,,,,,,,,,,-17.92013401813419,,-130.1023933429132,,,,-133.0985471410527,-264.5121248371143,,
Serie_122,,,,,,,,,,,,,-208.51455188771962,,,,-175.13776735219918,,-167.47651286548316
Serie_123,,,,,,,,,,-34.18317899305998,,-264.612921310775,,,,,-180.4932543416252,,-141.47604068765207
Serie_124,,,,,,,,,-87.53284737688364,-1.371158489937005,,-307.74201132071204,-206.8098861831721,,,,-114.13498209839284,,-101.52126495289883
Serie_125,,,,,,,,,-137.25409896694816,-8.106727680920395,,-344.5901644987892,-269.8491362506913,,,,-197.6465471083389,,-136.02680445334005
Serie_126,,,,,,,,,-158.23468575811347,,,-138.87571391740505,-285.13957973955564,-17.25084986532838,,-155.067675733437,-189.68073916823346,,-18.73910385420556
Serie_127,,,,,,,,,,,,-84.47593663307154,-225.52988026544693,-195.56969800245366,,-104.15570672377343,-339.2079065822544,,
Serie_128,,,,,,-105.07759981755828,,,-237.36257098913617,-2.5255578987164036,,-107.7671574732696,-267.9818316291404,-64.51409436990217,,-146.14509217988078,,,
Serie_129,,,,,,,,,-113.79014103162079,-23.7709481469835,,-248.17545395935076,-240.87965260916923,-88.26922076177665,,-124.4645215341976,-232.76792216729123,,-67.13256168446361
Serie_130,,,,-8.287064942997981,,,-197.5620617671327,,,-2.340416171603568,,-195.4570722648087,-110.90881489797647,-170.64409851311862,,,-352.3316404270951,,
Serie_131,,,,,,,-149.36933331260957,,,,,-192.7809295404237,-156.129960260216,,,,-216.24349037057598,,-100.24661996482416
Serie_132,,,,,,,-86.36494629299175,,-115.243506902515,,,-50.71057603544304,,,,,-25.03564656893926,,
Serie_133,,,,,,,,,-74.82271507149001,,,-43.96574298169688,-111.41045366206089,,,,-32.94411061078719,,
Serie_134,,,,,,,-103.51403403914647,,,-22.59531026437388,,-142.4883008457769,-166.56101931064003,,,,,,
Serie_135,,,,-58.83323308326673,,,-18.484698334163035,,-92.88894264448777,-21.238177954327348,,,-384.20928193839904,,,,-54.55419899084827,,
Serie_136,,,,,,,,,-32.21055325042473,,,-146.32502299008632,-149.87161421158908,,,,,,
Serie_137,,,,,,,,,,,,,-115.19218017337327,,,,-265.1288482105165,,
Serie_138,,,,,,,,,-135.47343234080384,,,,-35.500145622164624,,,,,,-24.873471416486705
Serie_139,,,,-56.23883365331157,,,,,-79.4994799561683,-15.781768216599607,,,-257.8419228958659,,,,-76.58605845839273,,-57.19144887163636
Serie_140,,,,,,,,,-221.91350064708004,,,,-167.26627050050195,,,,,,
Serie_141,,,,,,,,,,,,,-129.10441171152917,,,,,,
Serie_142,,,,,,,,,,,,,-255.01527116337928,,,,,,
Serie_143,,,,,,,,,-96.02517771310792,-127.02371926238527,,,-96.91374221333992,,,-78.71245152150655,,,
Serie_144,,,,,,-125.80882960323146,,,-38.62164439984568,,,,,,,,,,
Serie_145,,,,,,,,,-126.17831983218754,,,,,,,,,,
Serie_146,,,,-43.79316776689748,,,,,-204.08826655026414,-57.082840454011375,,,,,,,,,
Serie_147,,,,,,,-162.40792681699094,,-132.61556498857206,-129.35934166021443,,,,,,,,,
Serie_148,,,,,,,,,,,,,,,,,,,-216.71489684600328
Serie_149,,,,-34.26748321840785,,,-80.01845151342047,,-379.5078995237849,,,,,,,,,,
Serie_150,,,,,,,-138.14844976734594,,-161.97330985118413,,,,,,,,,,
Serie_151,,,,,,,-74.01948898235202,,-226.7213987019807,,,,,,,-126.743417093515,,,
Serie_152,,,,,,,-113.62632705594244,,,-111.5678075330581,,,,,,,,,
Serie_153,,,,,,-159.11647284540132,-189.31122473541413,,-92.40000038566848,,,,,,,-232.1259389089559,,,
Serie_154,,,,,,,,,-290.9026446866799,,,,-132.26147305421466,,,-200.24124976948374,,,
Serie_155,,,,,,,-116.02399990812268,,-145.7818531587598,,,,,,,-140.56056553852932,,,
Serie_156,,,,-28.888292061092823,,,,,-156.95657566264012,,,,-18.28412413277376,,,-221.63318755985054,,,
Serie_157,,,,-45.75931956437662,,-148.59993575383112,-135.3235400742441,,-150.5263615696804,-79.94585156435306,,,,,,-195.38663550284318,,,-122.36133452690427
Serie_158,,,,,,-140.7979009611572,-152.23779009010835,,-108.28287475208039,-70.15613496938391,,,,,,,,,
Serie_159,,,,,,,-218.02695883102177,,,-60.040045757922364,,,,,,-201.98826723059494,,,-216.1375366450866
Serie_160,,,,,,,-143.37048878188082,,-112.8202889036304,-152.96320484876802,,,,,,,,,
Serie_161,,,,,,-198.02840678509617,,,-61.39655586463235,-109.03955921422897,,,,,,,,,-86.60521926537012
Serie_162,,,,,,-87.78594292770414,-191.4393085171397,,-179.8129823190048,-86.09136583707465,,,,,,-166.3153591511446,,,
Serie_163,,,,,,,,,,-152.24414439702755,,,,,,,,,
Serie_164,,,,,,-93.90126992899113,-71.7415357123104,,-166.61350390471583,-126.30169963772533,,,,,,-109.17105956947495,,,
Serie_165,,,,,,-224.20191992849055,-188.12012731605213,,-177.52939034498334,-158.87904279088528,,,,,,,,,
Serie_166,,,,-47.310718869087374,,-112.19616259702751,-102.614980110431,,-80.36103364745925,-106.78381436114333,,,-69.19132998382814,,,,,,-106.4502278664633
Serie_167,,,,,,,-77.34166898067356,,,-156.47338804968598,,,,,,,,,-135.80259855055965
Serie_168,,,,,,-208.52829497381498,-190.2341791925142,,-229.2392771225649,-217.15232356475198,,,-138.69952399423082,,,-74.55589981335102,,,
Serie_169,,,,,,-212.82563055639255,,,-218.83717345812374,-153.09207134385582,,,-91.86587975028155,,,,,,
Serie_170,,,,-62.52397290515083,,-109.7840711090133,-115.079846093557,-170.2880158089362,-234.82851217247293,-144.64980604536353,,,,,,,,,
Serie_171,,,,,,,-143.88889580298752,-117.88108938150911,-212.48382944830544,,,,-128.02467795952995,,,-172.0348552729953,,,
Serie_172,,,,,,,-115.84557162970809,-140.7471441249839,-238.2657458763866,-165.76770797293563,,,,,,,,,
Serie_173,,,,,,-150.50302407407017,-113.05853402747087,-125.65583152819939,-218.3548965479608,-107.45367994179759,,,,,,-187.09206175208067,,,
Serie_174,,,,,,,-214.87611415156715,,-204.01298148686902,,,,,,,,,,
Serie_175,,,,,,,,,-240.5651133017104,-204.51125047357309,,,-136.56045977107968,,,,,,-85.95203405492175
Serie_176,,,,,,,-146.90390846625704,,-88.50214210901689,,,,-202.54510378300898,,,,,,
Serie_177,,,,,,-127.77839181294149,-192.95491875999616,,,-11.384640638623663,,,-77.1934102176458,,,-170.95849524153385,,,
Serie_178,,,,-41.09248291186921,,,,,-81.43868148398009,,,,-168.0984963163074,,,,,,-35.856872804253925
Serie_179,,,,,,-149.18540072345462,-78.13704670476783,,-232.45938610568948,,,,-43.31554755448885,,,,,,
Serie_180,,,,,,-170.3797200154638,-155.8375095558304,,-90.77811067384185,,,,,,,,,,-118.28503899528326
Serie_181,,,,,,-131.76301204287654,-160.70226549554528,,,-34.65562176134867,,,,,,-314.4282903092407,,,-305.00293377238575
Serie_182,,,,,,,-41.2320291645619,-118.12493591181094,-237.90694317494336,-54.344423309489684,,,,,,-181.4706033933125,,,
Serie_183,,,,,,,-63.69093909633089,,-254.15261319654763,-59.60523827203304,,,-167.68353771169845,,,-91.54225484991944,,,-81.12822970338108
Serie_184,,,,,,-126.40745047169023,-56.073027586958275,-118.28274185475279,-260.9749050089551,-113.68785493536949,,,-196.87568151811345,,,-108.7776426565675,,,-78.6918340906431
Serie_185,,,,,,-165.2295305837444,-110.94156373886037,-197.2451906847464,-141.56935651307703,-58.57573760756869,,,,,,,,,-88.86506557447133
Serie_186,,,,,,,-156.82865264022126,-235.17740016448624,-58.775035469316975,-125.99971199865921,,,-110.35465427263613,,,,,,-38.30623955806764
Serie_187,,,,,,,,-290.0158113662058,,-48.84277497550858,,,-162.26352038621457,,,,,,-51.78317767220227
Serie_188,,,,,,-74.02705481262733,,-184.79713831291247,-160.97828004206454,-112.38765303282345,,,,,,,,,
Serie_189,,,,,,-217.01587906811562,-166.02968745839522,-251.23673424062983,-196.7164783710635,-47.87256066542217,,,,,,,,,-52.33781889682307
Serie_190,,,,,,,,-295.2823602092712,-193.55749995001787,-60.38762835172368,,,,,,,,,-35.100911493087764
Serie_191,,,,,,,-144.80270369950455,-141.146184503747,-219.25781776859617,-271.9269816625785,,,,,,,,,
Serie_192,,,,,,-109.71980026234262,-266.93601451303175,-129.96803073309712,-245.77401524802877,-134.4900162620844,,,,,,-117.82860947016344,,,-52.86316476899133
Serie_193,,,,,,-128.32251780416394,,-45.776617076610464,-36.40543773475195,-386.6905938125844,,,,,,,,,-38.74467809989556
Serie_194,,,,,,,-136.16420295329127,-115.98141852543338,-12.000505375555559,-41.39940093571232,,,,,,,,,-158.76051929471066
Serie_195,,,,,,,-258.8589859361288,-123.8784899152377,-70.40632090380096,-103.37367492869423,,,,,,,,,
Serie_196,,,,,,,-102.50320860821022,-147.0550682131141,-50.30398707512533,-37.50310087965965,,,,,,,,,
Serie_197,,,,,,,-209.50314120123292,-92.89958117216285,-188.35787494579753,-63.90193095530209,,,,,,-156.48855443303708,,,
Serie_198,,,,,,,-190.51713741949894,-228.16823393885633,-104.90021246359336,-23.918876734375804,,,,,,,,,
Serie_199,,,-16.359066999410828,,,,,-96.17773578278444,,-162.7226750017418,,,,,,,,,
Serie_200,,,-19.984693362802027,,,,-88.07943652201217,-55.0850736141206,-164.5537633131113,-146.54069671362038,,,-31.48397597920319,,,,,,
Serie_201,,,,,,,-156.78122225290267,-221.24607173463738,,,,,,,,,,,
Serie_202,,,,,,,,-139.0440362452756,,,,,,,,,,,
Serie_203,,,,,,-145.75104516460308,-95.06250178437035,-161.00998448913535,-181.56313344019057,,,,,,,,,,
Serie_204,,,,-38.406808251766655,,,-117.11573123214185,-227.2853355039869,,-149.85940741905443,,,,,,,,,
Serie_205,,,,,,-177.94739964080804,-68.70051274344202,-192.79020221930264,,-2.005515949525447,,,,,,,,,
Serie_206,,,,,,-91.31521635292813,-124.3799927846764,,-180.83032038723002,,,,,,,-142.22397273380523,,,
Serie_207,,,,,,,-95.91411088899306,,-147.2876516963564,-23.18913793904678,,,,,,,,,
Serie_208,,,,,,,-70.90065818149624,-141.27161457290498,,-98.36599197846824,,,,,,,,,
Serie_209,,,,,,-129.3073155148571,-163.34279798846842,-140.1851071072632,,-24.247541403071835,,,,,,,,,
Serie_210,,,,,,,-187.36825391453405,-387.6670346822382,-151.93620155500273,-88.81376663803539,,,,,,,,,
Serie_211,,,,,,,-134.1823515934962,-271.18229722977486,-233.5111873296602,,,,-186.57855234286671,,,,,,
Serie_212,,,,,,-114.35748717997953,-250.47746474205223,-335.1077226306329,-204.35085790593226,,,,,,,-82.32912251052043,,,
Serie_213,,,,,,-83.20987064209896,,-267.7937634361308,,,,,-116.30334011079118,,,,,,
Serie_214,,,,-19.631089957896883,,,-195.15365532535063,-255.09776067891679,,-16.557726455944305,,,-157.97665945275259,,,-176.108608977639,,,
Serie_215,,,,,,-197.20809543551354,-78.42761397272183,-189.39402630889512,-209.117890393778,,,,-96.08027921734093,,,,,,
Serie_216,,,,,,-142.8654745915071,-94.09894925074359,-76.64822614180846,-284.96993815459996,,,,-133.22589190173005,,,,,,
Serie_217,,,,,,-86.70820109860782,,-59.33309764035439,-147.88279964593224,,,,,,,,,,
Serie_218,,,-34.09455352537771,,,,,-119.6080847276636,,-3.5889965920832454,,,-116.23226076583501,,,,,,
Serie_219,,,-37.772711950687864,,,-122.5213233002059,-180.97962071285264,,-292.86262094710355,-37.06769843520949,,,-162.72995679696106,,,,,,
Serie_220,,,,,,-164.6590617474947,-176.46451247099287,-132.75876683848196,-442.43567740664867,,,,-146.65185287578683,,,,,,
Serie_221,,,-189.4939836939284,,,-72.51090375473541,-30.98844509623613,-147.2173187719333,-218.0045806289892,,,,-123.87865434584255,,,,,,
Serie_222,,,-183.87734306381924,,,,-137.1510392797411,,-187.71058432672433,-103.2286442411767,,,,,,,,,
Serie_223,,,-43.40767511292694,,,,-52.180825579356046,-162.8016176963225,-305.3629274415268,-8.829705471723468,,,-212.83906178919077,,,-118.58733153951664,,,
Serie_224,,,-45.88722457713363,,,,,-129.8686762638987,,-14.466812204197716,,,-66.27581910846716,,,,,,
Serie_225,,,,,,,,-128.41337508446847,,-16.586065205330872,,,-108.80169895616952,,,,,,
Serie_226,,,,,,-158.52445887401893,-123.9267008743062,,,,,,-157.45751706933146,,,,,,
Serie_227,,,,,-45.80339831711727,,-93.43107936038564,-66.3271828663768,-228.09941177424164,,,,,,,,,,
Serie_228,,,,,,-77.8797209426106,-80.56790829543509,-59.52633188534594,-165.28117621819663,,,,-91.0626211925862,,,-142.7810993772377,,,
Serie_229,,,,-18.115390324244814,,,-96.39484547080852,-18.332545036429043,,,,,-103.94595024387779,,,-230.4859681341925,,,
Serie_230,,,,-64.62188364077511,,,-98.4996012934323,-52.927945209474096,-270.13282744093596,,,,,,,-120.10449137940626,,,
Serie_231,,,,-101.91033808128138,,-80.9329060139776,-186.78696240126712,-99.58149644838447,-216.6293986232433,,,,-262.6709203916101,,,-155.76069867748947,,,
Serie_232,,,,,,,-107.77003284598723,,,,,,-401.7224100310099,,,-191.96176388883202,,,
Serie_233,,,,-55.17847971302927,-74.82713312376482,-143.5709657355307,-70.59678625356867,-102.72390656455299,-91.02068512058364,,,,-229.4158949469592,,,-213.48399902505622,,,
Serie_234,,,,,,-184.47718608924527,,-145.45150027650504,-248.38402282193087,,,,-166.41900811317387,,,-127.76795614366002,,,
Serie_235,,,-32.39579033031815,,,,,,-225.37486405783568,,,,-183.64785806335337,,,-68.76956844609877,,,
Serie_236,,,,,,,,-144.04301604248656,-134.1621239463184,,,,-233.18159858771793,,,-179.98135755131614,,,
Serie_237,,,,,,,,-158.6984598144794,-153.51451918270394,,,,-339.99207681128496,,,,,,
Serie_238,,,,,,,-191.55572717265719,-125.623477837318,-280.42575429815685,,,,,,,,,,
Serie_239,,,,,,,-165.98312966325364,,-350.77271797039685,,,,,,,-212.30940292254664,,,
Serie_240,,,-18.254027522543595,,,-199.5440166691797,-109.44562135820159,-108.48929240809399,-143.62988119146726,,,,,,,,,,
Serie_241,,,-48.86611895748403,,,,-105.94330179868429,-38.253525624966436,-235.76028189332723,,,,,,,,,,
Serie_242,,,,,,-122.17496444133268,-165.83068961261617,,-473.3261221435567,,,,,,,-273.24380253380747,,,
Serie_243,,,,,,,-132.48861619306516,,,,,,,,,,,,
Serie_244,,,,,,,,-59.75631640262283,,,,,,,,-272.2857191136713,,,
Serie_245,,,-49.38627280597267,-29.982640564886,,,-113.19122905180811,,-238.05217369745665,,,,,,,-372.6818350942051,,,
Serie_246,,,,,,-111.45783035928997,-135.11748232261408,,-326.36407335228864,,,,,,,-449.09225707587336,,,
Serie_247,,,,-104.56058897976583,,-113.89056230155633,-157.42026450079936,,-253.0112712659026,,,,,,,-316.06297210123745,,,
Serie_248,,,,,,,-45.27115767325959,-110.19941606490902,-409.40943995514345,,,,,,,-95.12626823654327,,,
Serie_249,,,,,,-32.396651550871866,-67.45019671627479,-63.88996671281236,-224.48396652268923,,,,,,,-332.221709621882,,,
Serie_250,,,-19.988342961500376,,,,-19.214159221604962,,-293.1630313031092,,,,,,,-313.4384262133086,,,
Serie_251,,,,,,,-156.11228640190419,-58.971423798441606,-128.03270906725152,,,,,,,-329.6908171274751,,,
Serie_252,,,,,,-130.55328105902146,-88.86096035516813,,-262.0995198554151,,,,,,,,,,
Serie_253,,,,-112.7670660303445,,,-21.597581198584418,-36.67033599153706,,,,,,,,,,,
Serie_254,,,,,,,-31.506668661025927,-169.26373752627433,-187.1092211445507,,,,,,,,,,
Serie_255,,,,,,-115.5422554947053,-20.97095991163315,,,,,,,,,,,,
Serie_256,,,,,,,-321.25855352018596,-76.00663924732191,-168.69858807674532,,,,,,,,,,
Serie_257,,,,,,-234.46751709421017,-13.980166131119589,-188.24858834172258,,,,,,,,,,,
Serie_258,,,-87.76170302876484,,,-207.4722660095801,-13.239892223866153,,-126.72280847576792,,,,,,,,,,
Serie_259,,,-96.41967442191087,-96.87043384392224,,-217.4582009156752,-36.56504979617302,-62.52472219123184,-91.34406431268351,,,,,,,,,,
Serie_260,,,,,,-107.39445872884446,-271.10401461669784,-73.44440848946861,-113.00785060376914,,,,,,,,,,
Serie_261,,,,,,-219.0980219892836,-13.052302783448727,-160.09296989966964,,,,,,,,,,,
Serie_262,,,,,,,-20.95184886861477,,-106.33766125257357,,,,,,,,,,
Serie_263,,,,,,,-50.6758978318205,-119.85509588711608,,,,,,,,,,,
Serie_264,,,,,,,-290.95006387871234,,,,,,,,,,,,
Serie_265,,,,,,-207.2534521521826,-27.7224143363152,-111.37601498650905,,,,,,,,,,,
Serie_266,,,,,,-242.40730523243616,-17.159369026032444,-182.75491102892167,,,,,,,,,,,
Serie_267,,,,-93.19299680242028,,,-64.00706845909197,-284.01976324077805,,,,,,,,,,,
Serie_268,,,,,,-284.1502239658072,-159.4125427699288,-107.87573500556341,,,,,,,,,,,
Serie_269,,,,-46.48498023341,,-142.6477660434695,-266.21531958511866,-160.68405566974627,,,,,,,,,,,
Serie_270,,,,,,-76.03300001846819,-46.999733915880576,-110.35618269779185,,,,,,,,,,,
Serie_271,,,,,,,-64.65261044793476,,,,,,,,,,,,
Serie_272,,,,,,,-18.049939956016416,-56.21426812050689,,,,,,,,,,,
Serie_273,,,,,,-90.13793574347802,-153.77546545326487,,,,,,,,,,,,
Serie_274,,,,,,-165.81600278532173,-56.51480414958744,,,,,,,,,,,,
Serie_275,,,,,,-116.87301368081638,-101.83941963642967,-74.30052738902118,,,,,,,,,,,
Serie_276,,,-84.55513458419514,,,-211.18646894035226,-11.140672359019494,-147.8046514444041,,,,,,,,,,,
Serie_277,,,-46.42525957592278,,,-80.606749142177,,-76.58184060375488,,,,,,,,,,,
Serie_278,,,-17.082860174333007,,,-125.43611104450079,-15.81825220782666,,,,,,,,,,,,
Serie_279,,,-16.68567029062315,,,,,-78.96099000823925,,,,,,,,,,,
Serie_280,,,,,,,-167.88998908840796,,,,,,,,,,,,
Serie_281,,,,,,-160.78283162226708,-133.83399792367217,,,,,,,,,,,,
Serie_282,,,,-76.7835488513938,,,-41.276476083584896,,,,,,,,,,,,
Serie_283,,,,,,-91.63449354513253,-13.856734437287411,,,,,,,,,,,,
Serie_284,,,,-60.1217968788554,,-155.42319787043897,-15.27027739155569,,,,,,,,,,,,
Serie_285,,,-95.84738743198494,,,,-158.9142031989891,,,,,,,,,,,,
Serie_286,,,-46.558010641467,,,,-37.892824945956576,-129.21372389295078,,,,,,,,,,,
Serie_287,,,,,,-177.8975287377407,-50.936050452650285,-145.52342391810427,,,,,,,,,,,
Serie_288,,,-88.85583189354965,,,-109.621179964085,-72.80596297633737,-116.80941457379706,,,,,,,,,,,
Serie_289,,,,,,,-321.80527052290944,-143.05788245529973,,,,,,,,,,,
Serie_290,,,,-73.07099718113466,,-101.3837614328705,-187.80195966005584,,,,,,,,,,,,
Serie_291,,,,-33.02709840287728,,-55.84763524827329,,,,,,,,,,,,,
Serie_292,,,,,,,-132.24176566807236,-105.88938636357649,,,,,,,,,,,
Serie_293,,,,,,,-104.2186710364033,-108.5819169293573,,,,,,,,,,,
Serie_294,,,-131.72037708881055,,,-74.63372936487042,-89.06581825554987,-143.2247325821562,,,,,,,,,,,
Serie_295,,,-64.74248879042847,,,,-119.24572027521462,,,,,,,,,,,,
Serie_296,,,,,,-180.41946928785256,,-187.95320666076861,,,,,,,,,,,
Serie_297,,,,,,,,-129.10864981082443,,,,,,,,,,,
Serie_298,,,,-58.272269332963965,,-173.3822624674265,,-105.9189798642682,,,,,,,,,,,
Serie_299,,,,,,,-192.27603900164405,,,,,,,,,,,,
Serie_300,,,,-52.149194636842395,,,-100.16984181416174,-134.53925184104844,,,,,,,,,,,
Serie_301,,,,,,-163.45260005641546,,-100.20337331714208,,,,,,,,,,,
Serie_302,,,-173.83138439922953,-29.73095322688503,,-103.13545760571625,,-127.0564805755884,,,,,,,,,,,
Serie_303,,,,,,-83.36080019169461,,-184.61157373178193,,,,,,,,,,,
Serie_304,,,-15.480865822372396,-48.52814415574563,,,,-169.35713489228309,,,,,,,,,,,
Serie_305,,,,-62.324638095898344,,,,-182.98395911703133,,,,,,,,,,,
Serie_306,,,,-66.89714601383173,,-131.84137821351226,,-239.26007279971694,,,,,,,,,,,
Serie_307,,,,,,-109.97395657447761,,,,,,,,,,,,,
Serie_308,,,,,,-68.84078278019132,,-100.41147188275542,,,,,,,,,,,
Serie_309,,,,,,-114.10700189901887,,,,,,,,,,,,,
Serie_310,,,,,,-145.48167158544524,,,,,,,,,,,,,
Serie_311,,,,,,-167.41546417357873,,-193.87457820479852,,,,,,,,,,,
Serie_312,,,-12.270043561486155,,,-182.7537704213842,,,,,,,,,,,,,
Serie_313,,,,,,-146.64436420402296,-88.02871717674857,,,,,,,,,,,,
Serie_315,,,,,,-93.07543641762743,-21.72013597349449,-167.25197281122232,,,,,,,,,,,
Serie_316,,,,,,-91.40160714018884,-198.9259031175516,-104.111072417713,,,,,,,,,,,
Serie_317,,,,,,,-210.43741903926343,-155.85020968445144,,,,,,,,,,,
Serie_318,,,,,,-88.92482377193312,-95.9554917106012,-151.92704295255623,,,,,,,,,,,
Serie_319,,,,,,,,-172.97656394013018,,,,,,,,,,,
Serie_320,,,,,,,,-149.25928525569444,,,,,,,,,,,
Serie_321,,,,,,-142.56096007504132,,-82.31437322737983,,,,,,,,,,,
Serie_322,,,,,,,-164.44030605508655,,,,,,,,,,,,
Serie_323,,,,,,-249.23600081825944,-184.4774202215672,-139.70369553275148,,,,,,,,,,,
Serie_324,,,,,,,-217.31685583838583,-113.45875006895754,,,,,,,,,,,
Serie_325,,,,,,-95.14787945326596,,-96.87970497436548,,,,,,,,,,,
Serie_327,,,,,,-84.55812110517645,,-165.09391524146514,,,,,,,,,,,
Serie_328,,,-69.65886385776002,,,-92.08749755759109,,-218.79645555172928,,,,,,,,,,,
Serie_329,,,-70.08827021604665,,,-60.92720000230915,-109.03541817448198,,,,,,,,,,,,
Serie_330,,,,,,-170.81929772246087,,-129.66683354665503,,,,,,,,,,,
Serie_331,,,,,,-142.074339478352,-114.02637563466905,-179.22396197455438,,,,,,,,,,,
Serie_332,,,,,,,,-137.52883973211456,,,,,,,,,,,
Serie_333,,,,,,-239.3217653363132,-74.9626177074534,,,,,,,,,,,,
Serie_334,,,-101.1810371149958,,,,,-140.36472700914248,,,,,,,,,,,
Serie_335,,,,-78.18013307897162,,,-135.84831037589612,-168.15376152599447,,,,,,,,,,,
Serie_336,,,,,,-116.04112438322603,-94.9944845234417,-178.40353687277238,,,,,,,,,,,
Serie_337,,,,,,-197.25767188548056,,-131.41983061025164,,,,,,,,,,,
Serie_338,,,,-57.870323705620244,,-137.69884921939868,,,,,,,,,,,,,
Serie_339,,,,,,-100.6551002446739,-47.6962478570645,-206.38371510318166,,,,,,,,,,,
Serie_340,,,,-91.90979808191902,,-237.58844427993978,-108.66215648534403,-183.36406661194764,,,,,,,,,,,
Serie_341,,,,,,,,-146.84949297639707,,,,,,,,,,,
Serie_342,,,,,,-122.76829479466804,,,,,,,,,,,,,
Serie_343,,,,,,,-130.3099545868075,-123.03321294078299,,,,,,,,,,,
Serie_344,,,,-112.87937794256702,,,-177.3336214669248,-192.64226289873818,,,,,,,,,,,
Serie_345,,,,,,,-121.07647336677579,,,,,,,,,,,,
Serie_346,,,,,,-124.39613994699742,-96.63533475928584,-159.76311243225155,,,,,,,,,,,
Serie_347,,,,,,,,-157.45938702034405,,,,,,,,,,,
Serie_348,,,,,,,,-196.15456853180342,,,,,,,,,,,
Serie_349,,,,-33.89777886743952,,,,,,,,,,,,,,,
Serie_350,,,,,,,,-126.32385408270626,,,,,,,,,,,
Serie_351,,,,,,-197.34572957717717,,-133.14116964357044,,,,,,,,,,,
Serie_352,,,-15.880292480994907,,,,,-224.14571183025595,,,,,,,,,,,
Serie_353,,,,,,-165.59626131049353,,-225.5848911335977,,,,,,,,,,,
Serie_354,,,,,,-113.77500475960103,,-142.94566203276923,,,,,,,,,,,
Serie_355,,,,,,-104.72306247730701,,-231.98106145701271,,,,,,,,,,,
Serie_356,,,,-46.274053898193436,,,,-244.1274766848668,,,,,,,,,,,
Serie_357,,,,,,-101.90669123785354,,-139.33875028352227,,,,,,,,,,,
Serie_358,,,,-78.0295205766028,,,,-124.02687930405916,,,,,,,,,,,
Serie_359,,,,-14.762634402240453,,,,-193.4157790800066,,,,,,,,,,,
Serie_360,,,-217.50820660818124,,,-137.41867289735833,,-264.40228230525986,,,,,,,,,,,
Serie_361,,,,,,,,-122.42656246616905,,,,,,,,,,,
Serie_362,,,,,,-103.55589106929804,,,,,,,,,,,,,
Serie_363,,,-65.92470260172712,,,-105.64722360111809,,-260.1293694486534,,,,,,,,,,,
Serie_364,,,-74.15740090637519,,,,,,,,,,,,,,,,
Serie_365,,,,,,-217.635457316729,,-99.00411634455563,,,,,,,,,,,
Serie_366,,,,,,-321.84707983100645,,-114.4152997880886,,,,,,,,,,,
Serie_367,,,,,,-62.002610330726746,,,,,,,,,,,,,
Serie_368,,,,,,-149.46012913900546,,-201.62724536730428,,,,,,,,,,,
Serie_369,,,,,,-174.13637420945443,,,,,,,,,,,,,
Serie_370,,,,,,-133.3715483507737,,,,,,,,,,,,,
Serie_371,,,,,,-133.5778708615833,,,,,,,,,,,,,
Serie_372,,,,,,-248.91874800107763,,-285.2990030004674,,,,,,,,,,,
Serie_373,,,-19.757281573047884,,,-203.4192968767063,,-135.2484589417651,,,,,,,,,,,
Serie_374,,,-20.21249603332054,-71.96011914056477,,-311.4817612682375,,,,,,,,,,,,,
Serie_375,,,,,,-146.3698440279023,,-306.88987182031264,,,,,,,,,,,
Serie_376,,,,,,-277.81981907248843,,-216.7292901746364,,,,,,,,,,,
Serie_377,,,,,,-104.8874308941964,,-111.3676909474649,,,,,,,,,,,
Serie_378,,,,,,-229.41050447875952,,-314.07749547782987,,,,,,,,,,,
Serie_379,,,,,,-92.85952424579206,,-56.7854664037992,,,,,,,,,,,
Serie_380,,,,,,-144.38214136235132,,,,,,,,,,,,,
Serie_381,,,,,,-128.76162150339076,,,,,,,,,,,,,
Serie_382,,,-85.03066756860814,,,-121.08182984340755,,,,,,,,,,,,,
Serie_383,,,,,,-132.4789615377607,,,,,,,,,,,,,
Serie_384,,,,,,-150.1067128243303,,,,,,,,,,,,,
Serie_385,,,,,,-228.40044147311679,,,,,,,,,,,,,
Serie_389,,,,,,,,-265.0482303744706,,,,,,,,,,,
Serie_390,,,,,,,,-244.23255511098813,,,,,,,,,,,
Serie_391,,,,-65.69548294143713,,,,,,,,,,,,,,,
Serie_392,,,,,,,,-260.74784328950733,,,,,,,,,,,
Serie_393,,,,-45.606700597121694,,,,-185.28992883664893,,,,,,,,,,,
Serie_394,,,,,,,,-276.7179672843138,,,,,,,,,,,
Serie_395,,,,,,,,-314.5039671589709,,,,,,,,,,,
Serie_396,,,,,,,,-219.57846949104916,,,,,,,,,,,
Serie_397,,,,,,,,-246.91792052672537,,,,,,,,,,,
Serie_398,,,,-158.88546457105846,,,,-210.55239858981687,,,,,,,,,,,
Serie_399,,,,-117.88883230350241,,,,-198.21867726929943,,,,,,,,,,,
Serie_400,,,,,,,,-293.5139376859497,,,,,,,,,,,
Serie_401,,,,,,,,-221.06893237912004,,,,,,,,,,,
Serie_402,,,,,,,,-177.65738624701837,,,,,,,,,,,
Serie_403,,,,,,,,-273.6455755122043,,,,,,,,,,,
Serie_404,,,,,,,,-247.0115583215496,,,,,,,,,,,
Serie_405,,,,,,,-224.5304346564139,-269.37558493123726,,,,,,,,,,,
Serie_406,,,,,,,,-215.47085856895632,,,,,,,,,,,
Serie_407,,,,,,,-126.40058398682348,-154.4197083860067,,,,,,,,,,,
Serie_408,,,,,,,,-251.0924084577989,,,,,,,,,,,
Serie_409,,,,,,,,-163.31209387611705,,,,,,,,,,,
Serie_410,,,,-46.29060784414976,,,,-202.64049135245017,,,,,,,,,,,
Serie_412,,,,,,,-132.58970455553808,,,,,,,,,,,,
Serie_413,,,,,,,,-269.7650573994195,,,,,,,,,,,
Serie_414,,,,,,,,-164.70282616598078,,,,,,,,,,,
Serie_415,,,,,,,,-407.5516291229964,,,,,,,,,,,
Serie_416,,,,,,,,-191.05014508694197,,,,,,,,,,,
Serie_417,,,,,,,,-189.61286423290898,,,,,,,,,,,
Serie_418,,,,,,,,-283.64378183439936,,,,,,,,,,,
Serie_419,,,,,,,,-188.72116517706442,,,,,,,,,,,
Serie_420,,,,,,,-109.3560920275141,-274.1216615163324,,,,,,,,,,,
Serie_421,,,,,,-93.12446436046812,,-440.03864657892365,,,,,,,,,,,
Serie_422,,,,,,,,-276.4070114658491,,,,,,,,,,,
Serie_423,,,,,,,-129.52511671577358,-177.38415134452939,,,,,,,,,,,
Serie_424,,,,,,,-139.85231504917263,-364.11243694651597,,,,,,,,,,,
Serie_425,,,,,,,,-112.51477109582491,,,,,,,,,,,
Serie_427,,,,,,,,-117.23677254913953,,,,,,,,,,,
Serie_428,,,,,,,-119.96254859318996,-106.33352585648638,,,,,,,,,,,
Serie_429,,,,,,,,-58.57265237830062,,,,,,,,,,,
Serie_431,,,,,,-43.70916961142863,-89.38010706807903,-191.7568986352254,,,,,,,,,,,
Serie_433,,,,,,-102.7603699810866,,-89.15829881352042,,,,,,,,,,,
Serie_434,,,,,,,,-135.86550688731586,,,,,,,,,,,
Serie_435,,,,,,,-99.53548891464986,-226.1264132562796,,,,,,,,,,,
Serie_436,,,,-84.59305682478318,,,,-169.4312353290499,,,,,,,,,,,
Serie_438,,,,,,,,-79.91277088118926,,,,,,,,,,,
Serie_440,,,,,,-142.34041229702123,-104.19919535090432,-165.29188706593843,,,,,,,,,,,
Serie_441,,,,,,,,-192.98256362048605,,,,,,,,,,,
Serie_442,,,,,,,,-262.8540042507037,,,,,,,,,,,
Serie_443,,,,,,-178.0370088924874,,-294.29274316177765,,,,,,,,,,,
Serie_444,,,,-66.94812911357837,,,,-355.7737412449425,,,,,,,,,,,
Serie_445,,,,,,,,-287.2647353958108,,,,,,,,,,,
Serie_446,,,,-33.76697851516482,,,,-261.6812289112645,,,,,,,,,,,
Serie_447,,,,,,,-99.23986287348808,-287.251675182582,,,,,,,,,,,
Serie_448,,,,,,-143.82882270363444,-109.61823142109358,-227.91508857100354,,,,,,,,,,,
Serie_449,,,,,,,,-221.48059059117222,,,,,,,,,,,
Serie_450,,,-34.48131947383424,,,,,-379.447546685491,,,,,,,,,,,
Serie_451,,,,,,,-84.82990150930955,-346.26947525097796,,,,,,,,,,,
Serie_452,,,,,,-60.211154463487574,,-172.0077436692645,,,,,,,,,,,
Serie_453,,,,,,,,-104.09255145592017,,,,,,,,,,,
Serie_454,,,,,,-198.2868613226868,,,,,,,,,,,,,
Serie_455,,,,,,-79.62163727241811,-152.19737372269387,-120.94211791921987,,,,,,,,,,,
Serie_456,,,-78.62459373468926,-42.100904865648445,,-100.58183926130364,,-154.99682867123926,,,,,,,,,,,
Serie_457,,,,,,,,-341.1125832477401,,,,,,,,,,,
Serie_458,,,,,,-55.16645407250373,,-260.58683429406443,,,,,,,,,,,
Serie_459,,,,,,-161.1174076228945,-93.53975934371401,-249.17930353812037,,,,,,,,,,,
Serie_460,,,,-57.910008858441046,,,,-363.80294721907114,,,,,,,,,,,
Serie_461,,,,,,-136.98771686353626,,-461.2591740894607,,,,,,,,,,,
Serie_462,,,,-80.73972387740376,,-89.19486578394135,,-321.65489408021233,,,,,,,,,,,
Serie_463,,,-46.52963124728532,,,,-98.39310474595594,-244.11864520681576,,,,,,,,,,,
Serie_464,,,,-92.00535575480765,,-102.1962173604993,,-257.79474984151796,,,,,,,,,,,
Serie_465,,,,-86.46309232315129,,-129.9313338554763,,-236.5792138939362,,,,,,,,,,,
Serie_466,,,,,,-95.43653831641744,,,,,,,,,,,,,
Serie_467,,,,,,,-153.34555105148456,-148.77813926638675,,,,,,,,,,,
Serie_468,,,,,,,,-99.87612565711191,,,,,,,,,,,
Serie_470,,,,,,,,-249.62321802658295,,,,,,,,,,,
Serie_471,,,,,,,-85.05877251037396,-139.77290855953254,,,,,,,,,,,
Serie_472,,,-48.01052927952584,,,,,-143.3255337119109,,,,,,,,,,,
Serie_473,,,-127.64378112186748,,,,,-208.7792771713953,,,,,,,,,,,
Serie_474,,,-0.921231014740233,,,-241.91015327454255,,-328.9153144697103,,,,,,,,,,,
Serie_475,,,,-82.79284259197722,,-282.86071834388946,-96.79078636001954,-162.17141014973106,,,,,,,,,,,
Serie_476,,,,,,-305.60504714706815,,-109.97582337671949,,,,,,,,,,,
Serie_477,,,,,,-366.373422431126,,-226.36057248380388,,,,,,,,,,,
Serie_478,,,,,,-319.4484429967176,,-203.3150153529238,,,,,,,,,,,
Serie_479,,,,,,-257.4285432157805,,-228.3218472323975,,,,,,,,,,,
Serie_480,,,,,,,-103.96853198237835,-127.71380366374476,,,,,,,,,,,
Serie_481,,,,-54.51404733840077,,,,-128.78620175744913,,,,,,,,,,,
Serie_482,,,,,,,,-111.75148093259219,,,,,,,,,,,
Serie_483,,,,,,,,-109.66252150511662,,,,,,,,,,,
Serie_484,,,-151.06132039686256,,,,-117.40749502171613,-219.11203145706293,,,,,,,,,,,
Serie_485,,,-67.76649759555131,,,-288.6960419614446,,-226.33865691496854,,,,,,,,,,,
Serie_486,,,-150.45681731701728,,,-278.55493243476826,,-141.4364532286542,,,,,,,,,,,
Serie_487,,,-49.1909750345235,-64.59151574106004,,-110.26130770427332,-107.77100834668808,-159.2457474727371,,,,,,,,,,,
Serie_488,,,,,,,-114.92734666946704,-159.57276967786598,,,,,,,,,,,
Serie_489,,,-82.74036536979659,,,,,-69.32773836605436,,,,,,,,,,,
Serie_490,,,-52.5528819022907,,,,,-62.96696849257731,,,,,,,,,,,
Serie_491,,,-20.960973411679785,,,,-103.6827810071721,-68.7022304704197,,,,,,,,,,,
Serie_492,,,-70.38853464176105,,,-187.94762587314435,-95.44453729409355,-209.41117964648902,,,,,,,,,,,
Serie_493,,,,,,-107.06938237365576,,-314.661699308504,,,,,,,,,,,
Serie_494,,,,,,,-103.70931286020216,,,,,,,,,,,,
Serie_495,,,,,,-142.8025177569692,-92.06205040192363,-303.9731123998143,,,,,,,,,,,
Serie_496,,,,-119.3908931194555,,,,-213.14173175389706,,,,,,,,,,,
Serie_497,,,,,,-126.24621957504945,,-232.82529526444088,,,,,,,,,,,
Serie_498,,,,,,-416.50788564887324,,-231.76545777479268,,,,,,,,,,,
Serie_499,,,,,,-383.91232610865956,,-177.774375196831,,,,,,,,,,,
Serie_500,,,,-79.04657814566676,,-347.8581366733817,,-202.56496567811644,,,,,,,,,,,
Serie_501,,,,,,-352.80781502024945,,-173.44679696374297,,,,,,,,,,,
Serie_502,,,,-83.47245573771045,,-150.18998364094386,,-343.892478589808,,,,,,,,,,,
Serie_504,,,,,,-111.41753852488084,-102.64800792200036,-126.57890239043148,,,,,,,,,,,
Serie_505,,,,,,-363.68607896739866,,,,,,,,,,,,,
Serie_506,,,,,,-375.6160757496535,-102.19692546275884,-164.13624397262316,,,,,,,,,,,
Serie_507,,,,,,-300.17911292134823,-91.71665195843276,-106.09430266779013,,,,,,,,,,,
Serie_508,,,,,,-352.23165078514944,,-214.14596506084922,,,,,,,,,,,
Serie_509,,,,,,,,-138.10390556400003,,,,,,,,,,,
Serie_510,,,,-66.51681055688492,,,-65.1713929901078,-141.5497249674116,,,,,,,,,,,
Serie_511,,,-66.370809972454,,,-129.86110830407625,-100.67632997182997,,,,,,,,,,,,
Serie_512,,,,,,,-154.9210818446187,-173.4136090531018,,,,,,,,,,,
Serie_513,,,,,,,,-214.94242228083172,,,,,,,,,,,
Serie_514,,,,,,-394.75455158790845,,-53.64481367124371,,,,,,,,,,,
Serie_515,,,,,,-385.23516594828703,-150.48223219179556,-154.92737111215146,,,,,,,,,,,
Serie_516,,,,,,-311.03307973861934,-82.20162408929406,,,,,,,,,,,,
Serie_517,,,,-77.563576306835,,-106.5878636504326,,-16.772973540213954,,,,,,,,,,,
Serie_519,,,,,,,-92.87686063837077,-174.77748024730275,,,,,,,,,,,
Serie_520,,,,-51.77903356718203,,-152.03532064841838,-117.67791455129984,-15.001961519233575,,,,,,,,,,,
Serie_521,,,,,,-364.54927404863685,,-114.76297232631818,,,,,,,,,,,
Serie_522,,,,,,-129.3997478717392,,-228.9662607807386,,,,,,,,,,,
Serie_523,,,,,,,-96.51822704234144,-40.80655749369638,,,,,,,,,,,
Serie_524,,,,-30.805904872774615,,,-151.7643343342402,-151.40439077229217,,,,,,,,,,,
Serie_525,,,,,,-107.5907260701228,,-206.77263139694966,,,,,,,,,,,
Serie_526,,,,,,-322.78899987265805,,-200.3808094316919,,,,,,,,,,,
Serie_527,,,,,,-101.14185955120713,-145.31754146619207,-33.130493101460466,,,,,,,,,,,
Serie_528,,,,-60.597303012845494,,,-130.84661219060038,-84.37600870569288,,,,,,,,,,,
Serie_530,,,,,,-113.67441779659762,,,,,,,,,,,,,
Serie_531,,,,,,-145.35891968573966,-120.84238188242986,,,,,,,,,,,,
Serie_532,,,,-95.94180720051412,,,,,,,,,,,,,,,
Serie_533,,,,-59.82316049585235,,,-266.4961856939936,-50.871375931155534,,,,,,,,,,,
Serie_534,,,,-72.42069567737207,,-97.19327190073244,,-50.34370312993569,,,,,,,,,,,
Serie_535,,,,,,-274.8493408936182,,,,,,,,,,,,,
Serie_536,,,,,,-101.13605055477639,-151.00567111561438,,,,,,,,,,,,
Serie_537,,,,,,,-204.42072702535995,-264.474823236546,,,,,,,,,,,
Serie_538,,,,,,,,-265.83474842734785,,,,,,,,,,,
Serie_539,,,,,,-160.281587567665,,-27.95402627581968,,,,,,,,,,,
Serie_540,,,,,,-103.81205916809255,-149.21138991343264,-123.6247239831599,,,,,,,,,,,
Serie_541,,,,-81.17109478211079,-46.544441225557534,,-247.50286054866692,-209.93421876504553,,,,,,,,,,,
Serie_542,,,,,-74.7008862129137,,-168.12794828999705,-86.77472099656732,,,,,,,,,,,
Serie_543,,,,-118.76098257771274,-82.21590414751451,,-125.51594939957887,-105.98806386939162,,,,,,,,,,,
Serie_544,,,,,,-342.83104952543084,-203.29261537237574,-88.95812257482673,,,,,,,,,,,
Serie_545,,,,,,-382.9990772693308,-137.16468776512284,-118.5914949632829,,,,,,,,,,,
Serie_546,,,,,,-102.06512236321966,,,,,,,,,,,,,
Serie_547,,,,,-87.24999806853455,,-209.3418678103075,-269.51311127568175,,,,,,,,,,,
Serie_548,,,,,,-112.78383642441918,-191.82787978408248,-243.75192830144417,,,,,,,,,,,
Serie_549,,,,-57.55377353873425,,,,-173.30264213333882,,,,,,,,,,,
Serie_550,,,,,,,,-146.513228983825,,,,,,,,,,,
Serie_551,,,,,,-105.91732430305582,-234.38675482177314,-147.02582474414578,,,,,,,,,,,
Serie_552,,,,,,,-256.41956985858525,-186.89625963377952,,,,,,,,,,,
Serie_553,,,,,,,-122.35949537830709,,,,,,,,,,,,
Serie_555,,,,,-92.03990300284352,-89.83957061411468,-210.0425395349549,,,,,,,,,,,,
Serie_556,,,,,,,-180.12939695633904,-274.5650309148725,,,,,,,,,,,
Serie_558,,,,,,,,-342.1732677665941,,,,,,,,,,,
Serie_559,,,,-54.31720558195868,,-114.35952161704186,-219.60084135284578,,,,,,,,,,,,
Serie_560,,,,,,,-81.1185852775784,-525.0098516280182,,,,,,,,,,,
Serie_561,,,,,,-233.19384900439667,,-230.942271963,,,,,,,,,,,
Serie_562,,,,,,,-112.45643811439271,-235.2030071201312,,,,,,,,,,,
Serie_563,,,,,,-116.38642052428871,,-122.93958284485335,,,,,,,,,,,
Serie_564,,,,,,-76.94859012072635,-123.68866129273586,-45.389708586866355,,,,,,,,,,,
Serie_565,,,,,,-255.40740135518655,-162.2218843436399,-120.30370155349863,,,,,,,,,,,
Serie_566,,,,,,,-150.96834753549297,,,,,,,,,,,,
Serie_567,,,,,,,,-89.12112033656544,,,,,,,,,,,
Serie_568,,,,,,,-150.8804175661649,-226.46530977661817,,,,,,,,,,,
Serie_569,,,,,,-118.5469330031901,-172.89904569072698,,,,,,,,,,,,
Serie_570,,,,,,-123.93863213899675,,-206.78303349796082,,,,,,,,,,,
Serie_571,,,,,,,-140.98844769480934,-76.89683879223568,,,,,,,,,,,
Serie_572,,,,,,-221.612044591867,-197.4849934924861,-288.57949714613494,,,,,,,,,,,
Serie_573,,,,,,-205.32050358670972,-125.38877960102236,-139.5911688133007,,,,,,,,,,,
Serie_574,,,,,,-180.40366025004923,-160.17440137855155,-121.50539462245194,,,,,,,,,,,
Serie_575,,,,,-236.80938085583128,-105.21588057943829,-231.02675478892556,,,,,,,,,,,,
Serie_576,,,,,-32.531060073521424,-165.75707602046526,-156.3715515107439,-215.9819172797544,,,,,,,,,,,
Serie_577,,,,,-104.75005185816137,-204.2197727215734,-176.02972680792092,,,,,,,,,,,,
Serie_578,,,,,,,-171.9697726263429,-211.7334176190944,,,,,,,,,,,
Serie_579,,,,,-83.78615147985214,,,-158.23328767801308,,,,,,,,,,,
Serie_580,,,,,-149.56671220479765,-202.8689618552111,,-148.20033657768406,,,,,,,,,,,
Serie_581,,,,,,-160.17971280844898,-140.00365536633007,-88.73380420637491,,,,,,,,,,,
Serie_582,,,,,-114.55346509047544,,-43.22915404449218,-148.28007429464606,,,,,,,,,,,
Serie_583,,,,,-137.99968416796963,,-101.44289390006116,-182.88488948211577,,,,,,,,,,,
Serie_584,,,,,,-158.52989012560846,,-160.16860561502511,,,,,,,,,,,
Serie_585,,,,-84.31596335684696,,-202.50793799132921,-113.9862201056006,-288.6086986342588,,,,,,,,,,,
Serie_586,,,,,-167.87263875627764,-131.02214528755175,,-380.7048129502081,,,,,,,,,,,
Serie_587,,,,,,-80.2095256666393,-263.56338289824913,,,,,,,,,,,,
Serie_588,,,,,-102.6760595310991,-135.79985972793543,,-178.76063569830032,,,,,,,,,,,
Serie_589,,,,-56.85362859448062,-38.13875170535748,-148.73778130625348,-160.19842307861475,-222.04883584751818,,,,,,,,,,,
Serie_590,,,,,,-80.42432066641528,-230.15847689611903,-431.58940490593517,,,,,,,,,,,
Serie_591,,,,-92.10841925118099,,,-120.32584749314717,-352.65675110895575,,,,,,,,,,,
Serie_592,,,,,-138.64049934018777,-147.22015972153977,-238.90433941399877,-354.05929955976114,,,,,,,,,,,
Serie_593,,,,,,-155.26210723244915,-145.02480942136216,-269.736579033209,,,,,,,,,,,
Serie_594,,,,,,-115.41640602756159,-184.612590188722,,,,,,,,,,,,
Serie_595,,,,,-115.5520049511141,-92.33052615823999,-209.25342559083487,,,,,,,,,,,,
Serie_596,,,,,,-90.42053297213222,-228.80565031641746,,,,,,,,,,,,
Serie_597,,,,,-107.38597914050135,-200.42833256274358,-125.9936154491879,,,,,,,,,,,,
Serie_598,,,,,-60.16996063351167,-136.88601567029585,-215.5231304089624,,,,,,,,,,,,
Serie_599,,,,,-18.18547979887174,,-215.61596494792218,,,,,,,,,,,,
Serie_600,,,,,-63.7760856983443,-156.39055526972973,-93.13234501152166,,,,,,,,,,,,
Serie_601,,,,,-17.512487559832287,-212.67338254889802,,,,,,,,,,,,,
Serie_602,,,,,-25.10921599114593,,-85.87528069481495,-108.59224752452626,,,,,,,,,,,
Serie_603,,,,,-59.4337204790255,-97.47461571283363,-224.51063164086347,,,,,,,,,,,,
Serie_604,,,,,-60.225386958062096,-201.66795074163755,-245.01504797836202,,,,,,,,,,,,
Serie_605,,,,,-25.776786522540252,-170.90570311338703,-129.75611429037878,,,,,,,,,,,,
Serie_606,,,,,-59.88146544812856,-109.44119039644698,-206.6877365789701,,,,,,,,,,,,
Serie_607,,,,,-45.37742019041294,-108.64110760663296,-236.43679627230964,,,,,,,,,,,,
Serie_608,,,,,-23.712918613481648,-156.4396088212447,-205.39648083821967,,,,,,,,,,,,
Serie_609,,,,,-44.129726702960134,-157.21600863354536,-146.3131800113253,,,,,,,,,,,,
Serie_610,,,,,-32.20513893678679,,-332.9947098807254,,,,,,,,,,,,
Serie_611,,,,,-34.164560963683414,-130.2823324015554,,,,,,,,,,,,,
Serie_612,,,,,-27.47990337704701,-195.46366391502406,,,,,,,,,,,,,
Serie_613,,,,,-38.9137794105889,-209.61447309393168,-136.05928708322287,,,,,,,,,,,,
Serie_614,,,,,,-166.3012384489534,-177.96832756171736,,,,,,,,,,,,
Serie_615,,,,,-55.11462657066779,-154.8610110731477,-299.0312435161891,,,,,,,,,,,,
Serie_616,,,,,-27.062897491128457,-164.48032870334703,-161.63060068720384,,,,,,,,,,,,
Serie_617,,,,,-36.59377211450016,-214.34765677272736,-162.72985230221525,,,,,,,,,,,,
Serie_618,,,,,-87.0353092590988,,-82.19642787529214,,,,,,,,,,,,
Serie_619,,,,,,-121.51389140013178,-154.37194274938105,,,,,,,,,,,,
Serie_620,,,,,,-155.81642472284997,-203.76812885964256,,,,,,,,,,,,
Serie_621,,,,,,-169.41943156835598,,,,,,,,,,,,,
Serie_622,,,,,-136.37779726777606,-169.61770176263337,,,,,,,,,,,,,
Serie_623,,,,,,-118.3967351267381,-287.09986307329035,,,,,,,,,,,,
Serie_624,,,,,,-204.33983813175163,-126.77071329171443,,,,,,,,,,,,
Serie_625,,,,,-117.05884067010953,-189.3094394020507,-193.57955661704278,,,,,,,,,,,,
Serie_626,,,,,-111.88376502925536,-75.13253143399238,,,,,,,,,,,,,
Serie_627,,,,,-160.3390932651259,-152.63603112869038,-209.43290143931557,,,,,,,,,,,,
Serie_628,,,,,,-164.5654108498509,-169.4496929694144,,,,,,,,,,,,
Serie_629,,,,,,-199.45023309351308,-219.1404528317257,,,,,,,,,,,,
Serie_630,,,,,,-128.36142914095439,-195.62178580010303,,,,,,,,,,,,
Serie_631,,,,,-45.218556114739286,-74.72309029078416,-154.44071344312005,,,,,,,,,,,,
Serie_632,,,,,-144.91922289359164,-140.71830347594636,-294.27692282012214,,,,,,,,,,,,
Serie_633,,,,,-62.76469809431933,-50.57484918306187,,,,,,,,,,,,,
Serie_634,,,,,-118.96226570396588,-156.57528245895483,-142.91359564204015,,,,,,,,,,,,
Serie_636,,,,,,,-110.40981081224047,,,,,,,,,,,,
Serie_638,,,,,-42.603555971741805,,-134.43207896274131,,,,,,,,,,,,
Serie_639,,,,,,,-173.02835790527126,,,,,,,,,,,,
Serie_640,,,,,,,-183.625404540779,,,,,,,,,,,,
Serie_641,,,,,,,-100.57628654930012,,,,,,,,,,,,
Serie_642,,,,,,,-116.01361731969384,,,,,,,,,,,,
Serie_646,,,,,-70.66475202578944,,,,,,,,,,,,,,
Serie_647,,,,,-149.76026971974736,,-131.4360630169054,,,,,,,,,,,,
Serie_650,,,,,,,-99.24617204159371,,,,,,,,,,,,
Serie_651,,,,,,,-140.43755300328598,,,,,,,,,,,,
Serie_652,,,,,-71.93582785276541,,,,,,,,,,,,,,
Serie_653,,,,,-115.02503969804043,,,,,,,,,,,,,,
Serie_654,,,,,-123.2513231896972,,-76.30935934947631,,,,,,,,,,,,
Serie_655,,,,,,,-121.84446190624992,,,,,,,,,,,,
Serie_657,,,,,,,-96.02099498429715,,,,,,,,,,,,
Serie_658,,,,,,,-133.76704241294996,,,,,,,,,,,,
Serie_659,,,,,,,-59.823711654340784,,,,,,,,,,,,
Serie_660,,,,,-113.35912242349231,,,,,,,,,,,,,,
Serie_661,,,,,-122.01697709362587,,,,,,,,,,,,,,
Serie_666,,,,,-136.58255690990552,,,,,,,,,,,,,,
Serie_667,,,,,-21.084291105169207,,,,,,,,,,,,,,
Serie_668,,,,,-27.619309457115044,,,,,,,,,,,,,,
Serie_669,,,,,-57.82596070992355,,,,,,,,,,,,,,
Serie_670,,,,,-27.659374318319763,,,,,,,,,,,,,,
Serie_671,,,,,-54.01780047095229,,,,,,,,,,,,,,
Serie_672,,,,,-63.83826843290655,,,,,,,,,,,,,,
Serie_673,,,,,-40.24430663855111,,,,,,,,,,,,,,
Serie_675,,,,,-45.77144592084095,,,,,,,,,,,,,,
Serie_676,,,,,-25.330861803360996,,,,,,,,,,,,,,
Serie_677,,,,,-12.807987558090097,,,,,,,,,,,,,,
Serie_678,,,,,-46.91652279535567,,,,,,,,,,,,,,
Serie_681,,,,,-82.11856814425755,,,,,,,,,,,,,,
Serie_682,,,,,-52.08055703553729,,,,,,,,,,,,,,
Serie_714,,,,,-125.12191917850622,,,,,,,,,,,,,,
Serie_715,,,,,-122.06862298434397,,,,,,,,,,,,,,
Serie_752,,,,,-115.51001241554982,,,,,,,,,,,,,,
Serie_753,,,,,-112.28691142815383,,,,,,,,,,,,,,
Serie_762,,,,,-92.39798311412288,,,,,,,,,,,,,,
Serie_781,,,,,-94.72969484717906,,,,,,,,,,,,,,
Serie_798,,,,,-16.350231296363226,,,,,,,,,,,,,,
Serie_839,,,,,-13.57257504806006,,,,,,,,,,,,,,
Serie_847,,,,,-47.725657746112205,,,,,,,,,,,,,,
Serie_855,,,,,-46.026107148588906,,,,,,,,,,,,,,
Serie_856,,,,,-114.87206018936972,,,,,,,,,,,,,,
Serie_857,,,,,-114.37616336459499,,,,,,,,,,,,,,
Serie_858,,,,,-114.92491195697566,,,,,,,,,,,,,,
Serie_859,,,,,-56.973375540797974,,,,,,,,,,,,,,
Serie_867,,,,,-16.88186038826806,,,,,,,,,,,,,,
Serie_868,,,,,-98.13489173027475,,,,,,,,,,,,,,
Serie_869,,,,,-101.21900545079902,,,,,,,,,,,,,,
Serie_870,,,,,-97.91709811187849,,,,,,,,,,,,,,
Serie_871,,,,,-111.08097010396862,,,,,,,,,,,,,,
Serie_874,,,,,-102.1746099194826,,,,,,,,,,,,,,
Serie_896,,,,,-418.08325013958165,,,,,,,,,,,,,,
Serie_905,,,,,-128.26173285386372,,,,,,,,,,,,,,
Serie_911,,,,,-106.58301906119821,,,,,,,,,,,,,,
Serie_919,,,,,-81.6293311461499,,,,,,,,,,,,,,
Serie_928,,,,,-84.2324757094381,,,,,,,,,,,,,,
Serie_929,,,,,-113.54868469345845,,,,,,,,,,,,,,
Serie_936,,,,,-118.5835204320039,,,,,,,,,,,,,,
Serie_951,,,,,-125.11687263889122,,,,,,,,,,,,,,
Serie_954,,,,,-503.4998093595594,,,,,,,,,,,,,,
Serie_963,,,,,-5.021897685353312,,,,,,,,,,,,,,
Serie_964,,,,,-5.6145206795564775,,,,,,,,,,,,,,
Serie_965,,,,,-31.53259028665052,,,,,,,,,,,,,,
Serie_966,,,,,-22.31763354797904,,,,,,,,,,,,,,
Serie_968,,,,,-19.807061206462638,,,,,,,,,,,,,,
Serie_969,,,,,-28.52599318272651,,,,,,,,,,,,,,
Serie_972,,,,,-14.47016280250473,,,,,,,,,,,,,,
Serie_973,,,,,-50.42696510709919,,,,,,,,,,,,,,
Serie_975,,,,,-23.479975252130746,,,,,,,,,,,,,,
Serie_977,,,,,-17.478142306174977,,,,,,,,,,,,,,
Serie_978,,,,,-4.001961380354582,,,,,,,,,,,,,,
Serie_979,,,,,-32.450578376045286,,,,,,,,,,,,,,
Serie_980,,,,,-4.672380212329621,,,,,,,,,,,,,,
Serie_983,,,,,-29.414060877047557,,,,,,,,,,,,,,
Serie_986,,,,,-10.563233698106337,,,,,,,,,,,,,,
Serie_988,,,,,-19.38565151348339,,,,,,,,,,,,,,
Serie_991,,,,,-3.370756974849598,,,,,,,,,,,,,,
Serie_992,,,,,-2.1960306836819146,,,,,,,,,,,,,,
Serie_993,,,,,-37.63296059476219,,,,,,,,,,,,,,
Serie_994,,,,,-52.22413713798217,,,,,,,,,,,,,,
Serie_995,,,,,-44.15171005541446,,,,,,,,,,,,,,
Serie_996,,,,,-77.51331736751877,,,,,,,,,,,,,,
Serie_997,,,,,-65.23923652695501,,,,,,,,,,,,,,
Serie_998,,,,,-111.04500456745937,,,,,,,,,,,,,,
Serie_999,,,,,-8.75494645522136,,,,,,,,,,,,,,
Serie_1000,,,,,-16.809760412286675,,,,,,,,,,,,,,
Serie_1002,,,,,-26.47354174976017,,,,,,,,,,,,,,
Serie_1003,,,,,-29.3474974937901,,,,,,,,,,,,,,
Serie_1004,,,,,-10.545929217156448,,,,,,,,,,,,,,
Serie_1005,,,,,-10.823046215601078,,,,,,,,,,,,,,
Serie_1009,,,,,-114.23220690987355,,,,,,,,,,,,,,
Serie_1010,,,,,-228.55686032377847,,,,,,,,,,,,,,
Serie_1011,,,,,-243.4081369238206,,,,,,,,,,,,,,
Serie_1012,,,,,-92.48106820667178,,,,,,,,,,,,,,
Serie_1013,,,,,-170.25301644086105,,,,,,,,,,,,,,
Serie_1014,,,,,-160.55282553999072,,,,,,,,,,,,,,
Serie_1021,,,,,-131.1211515620494,,,,,,,,,,,,,,
Serie_1024,,,,,-131.81020434683288,,,,,,,,,,,,,,
Serie_1030,,,,,-106.86865974536593,,,,,,,,,,,,,,
Serie_1033,,,,,-125.31660163357081,,,,,,,,,,,,,,
Serie_1034,,,,,-131.83395008626374,,,,,,,,,,,,,,
Serie_1040,,,,,-70.78177445321053,,,,,,,,,,,,,,
Serie_1041,,,,,-60.82627682525797,,,,,,,,,,,,,,
Serie_1044,,,,,-92.36078203478374,,,,,,,,,,,,,,
Serie_1046,,,,,-22.39603156172018,,,,,,,,,,,,,,
Serie_1047,,,,,-73.4053208915143,,,,,,,,,,,,,,
Serie_1048,,,,,-169.90291352595636,,,,,,,,,,,,,,
Serie_1050,,,,,-10.047544883532826,,,,,,,,,,,,,,
Serie_1051,,,,,-109.13293557957134,,,,,,,,,,,,,,
Serie_1053,,,,,-19.88163714926032,,,,,,,,,,,,,,
Serie_1054,,,,,-151.97967067812866,,,,,,,,,,,,,,
Serie_1055,,,,,-135.81678719303687,,,,,,,,,,,,,,
Serie_1056,,,,,-92.91388531351888,,,,,,,,,,,,,,
Serie_1057,,,,,-101.9788862550667,,,,,,,,,,,,,,
Serie_1058,,,,,-32.6737264698245,,,,,,,,,,,,,,
Serie_1059,,,,,-120.16170978701805,,,,,,,,,,,,,,
Serie_1060,,,,,-31.173941573050588,,,,,,,,,,,,,,
Serie_1061,,,,,-122.6953937781565,,,,,,,,,,,,,,
Serie_1062,,,,,-72.52206684013203,,,,,,,,,,,,,,
Serie_1063,,,,,-35.18861711661968,,,,,,,,,,,,,,
Serie_1064,,,,,-42.98458579340086,,,,,,,,,,,,,,
Serie_1066,,,,,-3.278093334331039,,,,,,,,,,,,,,
Serie_1067,,,,,-124.6135807936794,,,,,,,,,,,,,,
Serie_1068,,,,,-119.95581049184341,,,,,,,,,,,,,,
Serie_1069,,,,,-47.97087697539242,,,,,,,,,,,,,,
Serie_1070,,,,,-106.64464124349193,,,,,,,,,,,,,,
Serie_1072,,,,,-73.66571547306991,,,,,,,,,,,,,,
Serie_1074,,,,,-116.23277667880569,,,,,,,,,,,,,,
Serie_1076,,,,,-77.19416373903204,,,,,,,,,,,,,,
Serie_1079,,,,,-67.86707504060276,,,,,,,,,,,,,,
Serie_1080,,,,,-181.05521949635545,,,,,,,,,,,,,,
Serie_1081,,,,,-36.41135632208299,,,,,,,,,,,,,,
Serie_1082,,,,,-105.70866942281177,,,,,,,,,,,,,,
Serie_1083,,,,,-85.70713003520115,,,,,,,,,,,,,,
Serie_1084,,,,,-126.75438512603121,,,,,,,,,,,,,,
Serie_1085,,,,,-112.91185446294219,,,,,,,,,,,,,,
Serie_1088,,,,,-174.7759417988617,,,,,,,,,,,,,,
Serie_1089,,,,,-99.475286830877,,,,,,,,,,,,,,
Serie_1094,,,,,-102.22620668311657,,,,,,,,,,,,,,
Serie_1095,,,,,-167.02596083422793,,,,,,,,,,,,,,
Serie_1096,,,,,-164.65530323727623,,,,,,,,,,,,,,
Serie_1101,,,,,-71.92150717980213,,,,,,,,,,,,,,
Serie_1102,,,,,-265.6537817019897,,,,,,,,,,,,,,
Serie_1110,,,,,-23.79484898684096,,,,,,,,,,,,,,
Serie_1112,,,,,-134.1819715930616,,,,,,,,,,,,,,
Serie_1114,,,,,-56.30144502049545,,,,,,,,,,,,,,
Serie_1115,,,,,-130.6604944583567,,,,,,,,,,,,,,
Serie_1116,,,,,-205.95354233600492,,,,,,,,,,,,,,
Serie_1125,,,,,-47.602342789587915,,,,,,,,,,,,,,
Serie_1161,,,,,-3.1951802493812926,,,,,,,,,,,,,,
Serie_1210,,,,,-238.0818938756994,,,,,,,,,,,,,,
Serie_1212,,,,,-90.89483842353665,,,,,,,,,,,,,,
Serie_1213,,,,,-66.87276857299004,,,,,,,,,,,,,,
Serie_1214,,,,,-58.623926006504064,,,,,,,,,,,,,,
Serie_1217,,,,,-77.12251256516711,,,,,,,,,,,,,,
Serie_1218,,,,,-31.1150277351135,,,,,,,,,,,,,,
Serie_1219,,,,,-88.8837738432719,,,,,,,,,,,,,,
Serie_1220,,,,,-125.73454806360256,,,,,,,,,,,,,,
Serie_1221,,,,,-110.4994575293944,,,,,,,,,,,,,,
Serie_1222,,,,,-137.89109303469894,,,,,,,,,,,,,,
Serie_1225,,,,,-66.07067103584042,,,,,,,,,,,,,,
Serie_1226,,,,,-91.57686179080503,,,,,,,,,,,,,,
Serie_1228,,,,,-38.93412586326297,,,,,,,,,,,,,,
Serie_1229,,,,,-70.11546779286245,,,,,,,,,,,,,,
Serie_1232,,,,,-60.22061737865588,,,,,,,,,,,,,,
Serie_1236,,,,,-29.254189155253407,,,,,,,,,,,,,,
Serie_1237,,,,,-49.06072068461378,,,,,,,,,,,,,,
Serie_1285,,,,,-124.76070124565494,,,,,,,,,,,,,,
Serie_1288,,,,,-98.41836623731659,,,,,,,,,,,,,,
Serie_1289,,,,,-124.48255938888326,,,,,,,,,,,,,,
Serie_1294,,,,,-119.23689667365515,,,,,,,,,,,,,,
Serie_1296,,,,,-55.39916645443238,,,,,,,,,,,,,,
Serie_1298,,,,,-113.22199185924286,,,,,,,,,,,,,,
Serie_1302,,,,,-59.755765681320675,,,,,,,,,,,,,,
Serie_1304,,,,,-117.06229258859769,,,,,,,,,,,,,,
Serie_1308,,,,,-82.9074020723573,,,,,,,,,,,,,,
Serie_1309,,,,,-88.93149822209254,,,,,,,,,,,,,,
Serie_1311,,,,,-98.45016304298048,,,,,,,,,,,,,,
Serie_1313,,,,,-124.52549609940628,,,,,,,,,,,,,,
Serie_1315,,,,,-161.69234108586028,,,,,,,,,,,,,,
Serie_1317,,,,,-75.38693188057145,,,,,,,,,,,,,,
Serie_1319,,,,,-128.88200168439616,,,,,,,,,,,,,,
Serie_1323,,,,,-93.74981604405853,,,,,,,,,,,,,,
Serie_1325,,,,,-116.55132814847528,,,,,,,,,,,,,,
Serie_1327,,,,,-142.62389468047596,,,,,,,,,,,,,,
Serie_1329,,,,,-141.75260080351842,,,,,,,,,,,,,,
Serie_1332,,,,,-113.0261713793155,,,,,,,,,,,,,,
Serie_1334,,,,,-164.58181515577948,,,,,,,,,,,,,,
Serie_1336,,,,,-103.95110249263232,,,,,,,,,,,,,,
Serie_1337,,,,,-9.390184081159605,,,,,,,,,,,,,,
Serie_1338,,,,,-61.58647069087827,,,,,,,,,,,,,,
Serie_1339,,,,,-46.636613403654685,,,,,,,,,,,,,,
Serie_1353,,,,,-98.24781349078569,,,,,,,,,,,,,,
Serie_1354,,,,,-80.43355111583843,,,,,,,,,,,,,,
Serie_1365,,,,,-21.96022567592834,,,,,,,,,,,,,,
Serie_1366,,,,,-65.87511227053997,,,,,,,,,,,,,,
Serie_1367,,,,,-27.291728959671975,,,,,,,,,,,,,,
Serie_1373,,,,,-75.36333992733833,,,,,,,,,,,,,,
Serie_1380,,,,,-76.1955641781465,,,,,,,,,,,,,,
Serie_1385,,,,,-73.15752306153803,,,,,,,,,,,,,,
Serie_1389,,,,,-26.65300646241956,,,,,,,,,,,,,,
Serie_1392,,,,,-63.118465766994305,,,,,,,,,,,,,,
Serie_1393,,,,,-79.19348432814301,,,,,,,,,,,,,,
Serie_1395,,,,,-61.069774923688065,,,,,,,,,,,,,,
Serie_1414,,,,,-106.82678883394692,,,,,,,,,,,,,,
Serie_1415,,,,,-52.31235351775132,,,,,,,,,,,,,,
Serie_1416,,,,,-83.13811192640618,,,,,,,,,,,,,,
Serie_1417,,,,,-77.83291617208302,,,,,,,,,,,,,,
Serie_1419,,,,,-76.17708940750383,,,,,,,,,,,,,,
Serie_1423,,,,,-70.49156207553631,,,,,,,,,,,,,,
Serie_1426,,,,,-43.12662989810765,,,,,,,,,,,,,,
Serie_1428,,,,,-93.45662402679882,,,,,,,,,,,,,,
Serie_1429,,,,,-111.65283030935511,,,,,,,,,,,,,,
Serie_1430,,,,,-49.93974603563495,,,,,,,,,,,,,,
Serie_1431,,,,,-77.31523310582187,,,,,,,,,,,,,,
Serie_1434,,,,,-57.429703211743586,,,,,,,,,,,,,,
Serie_1435,,,,,-117.29176382594368,,,,,,,,,,,,,,
Serie_1436,,,,,-54.037023911378846,,,,,,,,,,,,,,
Serie_1437,,,,,-77.6208317957544,,,,,,,,,,,,,,
Serie_1438,,,,,-87.04007761972305,,,,,,,,,,,,,,
Serie_1442,,,,,-67.0750506946071,,,,,,,,,,,,,,
Serie_1444,,,,,-123.94744672950296,,,,,,,,,,,,,,
Serie_1445,,,,,-145.00228507448134,,,,,,,,,,,,,,
Serie_1446,,,,,-123.06290197431635,,,,,,,,,,,,,,
Serie_1447,,,,,-117.99569787423655,,,,,,,,,,,,,,
Serie_1448,,,,,-94.8476488194695,,,,,,,,,,,,,,
Serie_1449,,,,,-124.48404237762495,,,,,,,,,,,,,,
Serie_1452,,,,,-26.773182364193165,,,,,,,,,,,,,,
Serie_1454,,,,,-81.06061416127301,,,,,,,,,,,,,,
Serie_1455,,,,,-111.1649772220061,,,,,,,,,,,,,,
Serie_1456,,,,,-85.0025600209043,,,,,,,,,,,,,,
Serie_1457,,,,,-63.09665042676555,,,,,,,,,,,,,,
Serie_1458,,,,,-27.487262166953865,,,,,,,,,,,,,,
Serie_1475,,,,,-98.26405930499746,,,,,,,,,,,,,,
Serie_1476,,,,,-98.0679488646057,,,,,,,,,,,,,,
Serie_1477,,,,,-146.44876686251743,,,,,,,,,,,,,,
Serie_1478,,,,,-140.15940305505475,,,,,,,,,,,,,,
Serie_1479,,,,,-57.57647775669075,,,,,,,,,,,,,,
Serie_1480,,,,,-55.46512887615534,,,,,,,,,,,,,,
Serie_1481,,,,,-90.07575218114653,,,,,,,,,,,,,,
Serie_1482,,,,,-86.3702265170583,,,,,,,,,,,,,,
Serie_1483,,,,,-77.24191564406892,,,,,,,,,,,,,,
Serie_1484,,,,,-75.95287056079783,,,,,,,,,,,,,,
Serie_1485,,,,,-106.686927390246,,,,,,,,,,,,,,
Serie_1486,,,,,-107.44678924730057,,,,,,,,,,,,,,
Serie_1487,,,,,-66.39132379650748,,,,,,,,,,,,,,
Serie_1488,,,,,-66.03379762258835,,,,,,,,,,,,,,
Serie_1506,,,,,-72.38230629844976,,,,,,,,,,,,,,
Serie_1507,,,,,-187.0872283902912,,,,,,,,,,,,,,
Serie_1511,,,,,-81.44496427024518,,,,,,,,,,,,,,
Serie_1512,,,,,-100.07671081142112,,,,,,,,,,,,,,
Serie_1513,,,,,-97.15367550172802,,,,,,,,,,,,,,
Serie_1515,,,,,-137.7570744758501,,,,,,,,,,,,,,
Serie_1516,,,,,-169.3484082995874,,,,,,,,,,,,,,
Serie_1517,,,,,-129.92470474663062,,,,,,,,,,,,,,
Serie_1526,,,,,-112.36920427883766,,,,,,,,,,,,,,
Serie_1530,,,,,-123.77137622773864,,,,,,,,,,,,,,
Serie_1533,,,,,-87.14790305464717,,,,,,,,,,,,,,
Serie_1534,,,,,-165.58439632269253,,,,,,,,,,,,,,
Serie_1537,,,,,-105.55059742839104,,,,,,,,,,,,,,
Serie_1538,,,,,-144.14265950382665,,,,,,,,,,,,,,
Serie_1539,,,,,-49.43184106752991,,,,,,,,,,,,,,
Serie_1542,,,,,-22.75059880070295,,,,,,,,,,,,,,
Serie_1548,,,,,-43.52545453921358,,,,,,,,,,,,,,
Serie_1558,,,,,-55.80521005911899,,,,,,,,,,,,,,
Serie_1563,,,,,-23.68836249121954,,,,,,,,,,,,,,
Serie_1564,,,,,-40.59869968057166,,,,,,,,,,,,,,
Serie_1567,,,,,-35.4633144655705,,,,,,,,,,,,,,
Serie_1572,,,,,-21.66972846480916,,,,,,,,,,,,,,
Serie_1573,,,,,-65.31894344360734,,,,,,,,,,,,,,
Serie_1575,,,,,-33.81003369277927,,,,,,,,,,,,,,
Serie_1576,,,,,-27.042160555634712,,,,,,,,,,,,,,
Serie_1578,,,,,-7.159572516683122,,,,,,,,,,,,,,
Serie_1585,,,,,-39.251209980846156,,,,,,,,,,,,,,
Serie_1587,,,,,-24.248074713663758,,,,,,,,,,,,,,
Serie_1596,,,,,-124.60738357409645,,,,,,,,,,,,,,
Serie_1597,,,,,-71.85392803763591,,,,,,,,,,,,,,
Serie_1598,,,,,-76.21013432247176,,,,,,,,,,,,,,
Serie_1606,,,,,-39.97219001848466,,,,,,,,,,,,,,
Serie_1610,,,,,-38.98331017106599,,,,,,,,,,,,,,
Serie_1616,,,,,-89.17111605843276,,,,,,,,,,,,,,
Serie_1618,,,,,-159.88252687978667,,,,,,,,,,,,,,
Serie_1647,,,,,-37.854573759364555,,,,,,,,,,,,,,
Serie_1649,,,,,-7.204084851323412,,,,,,,,,,,,,,
Serie_1651,,,,,-69.86180580492221,,,,,,,,,,,,,,
Serie_1653,,,,,-66.74502311976707,,,,,,,,,,,,,,
Serie_1660,,,,,-119.55361220819239,,,,,,,,,,,,,,
Serie_1661,,,,,-99.86228239620642,,,,,,,,,,,,,,
Serie_1663,,,,,-67.32337683715194,,,,,,,,,,,,,,
Serie_1664,,,,,-110.51318859653941,,,,,,,,,,,,,,
Serie_1665,,,,,-20.20041643383394,,,,,,,,,,,,,,
Serie_1673,,,,,-7.125459746538484,,,,,,,,,,,,,,
Serie_1674,,,,,-126.42835386964381,,,,,,,,,,,,,,
Serie_1675,,,,,-326.4606198508576,,,,,,,,,,,,,,
Serie_1676,,,,,-388.59419087723643,,,,,,,,,,,,,,
Serie_1677,,,,,-25.125549250532384,,,,,,,,,,,,,,
Serie_1678,,,,,-17.378796157353275,,,,,,,,,,,,,,
Serie_1679,,,,,-70.2247649272161,,,,,,,,,,,,,,
Serie_1680,,,,,-33.737519543770915,,,,,,,,,,,,,,
Serie_1683,,,,,-90.40092635954922,,,,,,,,,,,,,,
Serie_1695,,,,,-108.75843605960628,,,,,,,,,,,,,,
Serie_1699,,,,,-110.02361319718995,,,,,,,,,,,,,,
Serie_1700,,,,,-170.1825175866542,,,,,,,,,,,,,,
Serie_1701,,,,,-127.89564590985985,,,,,,,,,,,,,,
Serie_1704,,,,,-132.99855076826537,,,,,,,,,,,,,,
Serie_1705,,,,,-86.19839123632259,,,,,,,,,,,,,,
Serie_1706,,,,,-179.7275426686769,,,,,,,,,,,,,,
Serie_1708,,,,,-90.51823450493288,,,,,,,,,,,,,,
Serie_1709,,,,,-202.59008761202819,,,,,,,,,,,,,,
Serie_1711,,,,,-167.82044655045823,,,,,,,,,,,,,,
Serie_1712,,,,,-172.73424309466924,,,,,,,,,,,,,,
Serie_1714,,,,,-106.37617354604932,,,,,,,,,,,,,,
Serie_1716,,,,,-158.4875030805064,,,,,,,,,,,,,,
Serie_1717,,,,,-122.49302830401719,,,,,,,,,,,,,,
Serie_1725,,,,,-13.382435188315437,,,,,,,,,,,,,,
Serie_1736,,,,,-165.41751084405396,,,,,,,,,,,,,,
Serie_1737,,,,,-124.92335124128093,,,,,,,,,,,,,,
Serie_1748,,,,,-138.11578205221372,,,,,,,,,,,,,,
Serie_1755,,,,,-131.8920355544525,,,,,,,,,,,,,,
Serie_1757,,,,,-62.136631974027196,,,,,,,,,,,,,,
Serie_1764,,,,,-140.55540125803782,,,,,,,,,,,,,,
Serie_1767,,,,,-164.86114213168435,,,,,,,,,,,,,,
Serie_1768,,,,,-165.41189963044874,,,,,,,,,,,,,,
Serie_1769,,,,,-160.05871426378744,,,,,,,,,,,,,,
Serie_1770,,,,,-219.18713781620778,,,,,,,,,,,,,,
Serie_1771,,,,,-198.88117345855517,,,,,,,,,,,,,,
Serie_1772,,,,,-243.5632442302701,,,,,,,,,,,,,,
Serie_1773,,,,,-75.74860228521553,,,,,,,,,,,,,,
Serie_1777,,,,,-100.06721072056891,,,,,,,,,,,,,,
Serie_1779,,,,,-109.14683829892309,,,,,,,,,,,,,,
Serie_1780,,,,,-120.65516989012335,,,,,,,,,,,,,,
Serie_1783,,,,,-80.44316811658643,,,,,,,,,,,,,,
Serie_1785,,,,,-27.82468909639424,,,,,,,,,,,,,,
Serie_1788,,,,,-20.501206063273152,,,,,,,,,,,,,,
Serie_1790,,,,,-28.433805257975827,,,,,,,,,,,,,,
Serie_1795,,,,,-113.81567114708706,,,,,,,,,,,,,,
Serie_1796,,,,,-194.04757360064607,,,,,,,,,,,,,,
Serie_1797,,,,,-194.62308435160205,,,,,,,,,,,,,,
Serie_1798,,,,,-126.07048470877253,,,,,,,,,,,,,,
Serie_1799,,,,,-174.46309842880024,,,,,,,,,,,,,,
Serie_1800,,,,,-120.54791154368709,,,,,,,,,,,,,,
Serie_1801,,,,,-194.6273844232877,,,,,,,,,,,,,,
Serie_1802,,,,,-178.37353491037155,,,,,,,,,,,,,,
Serie_1804,,,,,-166.32645805762735,,,,,,,,,,,,,,
Serie_1805,,,,,-75.1534599388884,,,,,,,,,,,,,,
Serie_1806,,,,,-65.54562552916398,,,,,,,,,,,,,,
Serie_1807,,,,,-65.3315339300258,,,,,,,,,,,,,,
Serie_1821,,,,,-21.260791187702072,,,,,,,,,,,,,,
Serie_1827,,,,,-86.0359350795825,,,,,,,,,,,,,,
Serie_1828,,,,,-89.4766146310164,,,,,,,,,,,,,,
Serie_1830,,,,,-117.50068055739692,,,,,,,,,,,,,,
Serie_1832,,,,,-97.1796812869844,,,,,,,,,,,,,,
Serie_1848,,,,,-64.12401239132566,,,,,,,,,,,,,,
Serie_1862,,,,,-100.50164149020699,,,,,,,,,,,,,,
Serie_1863,,,,,-108.49307109934978,,,,,,,,,,,,,,
Serie_1867,,,,,-16.431853080396916,,,,,,,,,,,,,,
Serie_1875,,,,,-26.75025065384649,,,,,,,,,,,,,,
Serie_1882,,,,,-18.86609274895179,,,,,,,,,,,,,,
Serie_1883,,,,,-18.077919511107854,,,,,,,,,,,,,,
Serie_1884,,,,,-18.3255587609229,,,,,,,,,,,,,,
Serie_1885,,,,,-18.957985178568446,,,,,,,,,,,,,,
Serie_1898,,,,,-26.654733385336804,,,,,,,,,,,,,,
Serie_1905,,,,,-22.391693671267124,,,,,,,,,,,,,,
Serie_1936,,,,,-327.6190391783372,,,,,,,,,,,,,,
Serie_1937,,,,,-223.47049772561817,,,,,,,,,,,,,,
Serie_1949,,,,,-10.476205519067197,,,,,,,,,,,,,,
Serie_1962,,,,,-27.315202375089743,,,,,,,,,,,,,,
Serie_1963,,,,,-50.885026443093516,,,,,,,,,,,,,,
Serie_1975,,,,,-75.92746189280271,,,,,,,,,,,,,,
Serie_1976,,,,,-115.37915878778128,,,,,,,,,,,,,,
Serie_1977,,,,,-62.92382420108418,,,,,,,,,,,,,,
Serie_1978,,,,,-74.85115878473498,,,,,,,,,,,,,,
Serie_1979,,,,,-92.23236762957197,,,,,,,,,,,,,,
Serie_1986,,,,,-136.20024353286405,,,,,,,,,,,,,,
Serie_1989,,,,,-150.66782491603274,,,,,,,,,,,,,,
Serie_1991,,,,,-104.64990014771996,,,,,,,,,,,,,,
Serie_1998,,,,,-107.17092853064163,,,,,,,,,,,,,,
Serie_2005,,,,,-133.68624537846935,,,,,,,,,,,,,,
Serie_2010,,,,,-115.08329216928762,,,,,,,,,,,,,,
Serie_2016,,,,,-62.89516919523919,,,,,,,,,,,,,,
Serie_2017,,,,,-116.22491940595995,,,,,,,,,,,,,,
Serie_2018,,,,,-78.74447651789902,,,,,,,,,,,,,,
Serie_2019,,,,,-142.28253015794178,,,,,,,,,,,,,,
Serie_2020,,,,,-169.39857366309698,,,,,,,,,,,,,,
Serie_2021,,,,,-108.10892113292326,,,,,,,,,,,,,,
Serie_2022,,,,,-166.20716081807268,,,,,,,,,,,,,,
Serie_2023,,,,,-159.63527731465305,,,,,,,,,,,,,,
Serie_2025,,,,,-139.30999262019935,,,,,,,,,,,,,,
Serie_2026,,,,,-143.92829289671218,,,,,,,,,,,,,,
Serie_2027,,,,,-150.47926626087414,,,,,,,,,,,,,,
Serie_2028,,,,,-70.8139184329926,,,,,,,,,,,,,,
Serie_2032,,,,,-111.1985814131732,,,,,,,,,,,,,,
Serie_2033,,,,,-125.96822181421254,,,,,,,,,,,,,,
Serie_2034,,,,,-214.35033971687267,,,,,,,,,,,,,,
Serie_2035,,,,,-223.71028825652436,,,,,,,,,,,,,,
Serie_2036,,,,,-232.02731991506815,,,,,,,,,,,,,,
Serie_2037,,,,,-199.69545748265966,,,,,,,,,,,,,,
Serie_2038,,,,,-273.30941592585526,,,,,,,,,,,,,,
Serie_2039,,,,,-107.98089367032685,,,,,,,,,,,,,,
Serie_2040,,,,,-186.96285777677787,,,,,,,,,,,,,,
Serie_2041,,,,,-93.84075252638901,,,,,,,,,,,,,,
Serie_2042,,,,,-276.5641360618476,,,,,,,,,,,,,,
Serie_2043,,,,,-212.91515774474416,,,,,,,,,,,,,,
Serie_2044,,,,,-297.57933078909514,,,,,,,,,,,,,,
Serie_2045,,,,,-217.09558168150912,,,,,,,,,,,,,,
Serie_2046,,,,,-222.20381231913825,,,,,,,,,,,,,,
Serie_2047,,,,,-197.40090626888943,,,,,,,,,,,,,,
Serie_2048,,,,,-32.53590888722922,,,,,,,,,,,,,,
Serie_2049,,,,,-15.386063952505374,,,,,,,,,,,,,,
Serie_2050,,,,,-9.696974246865077,,,,,,,,,,,,,,
Serie_2051,,,,,-10.025892842925561,,,,,,,,,,,,,,
Serie_2052,,,,,-24.858679806677863,,,,,,,,,,,,,,
Serie_2053,,,,,-58.8993436731934,,,,,,,,,,,,,,
Serie_2054,,,,,-17.080253123410163,,,,,,,,,,,,,,
Serie_2055,,,,,-31.740939599625197,,,,,,,,,,,,,,
Serie_2056,,,,,-21.49412170727059,,,,,,,,,,,,,,
Serie_2057,,,,,-16.4504952911466,,,,,,,,,,,,,,
Serie_2059,,,,,-12.054874450595644,,,,,,,,,,,,,,
Serie_2061,,,,,-24.045590290375664,,,,,,,,,,,,,,
Serie_2062,,,,,-8.96630232916136,,,,,,,,,,,,,,
Serie_2063,,,,,-5.367254900928341,,,,,,,,,,,,,,
Serie_2064,,,,,-14.746272780039876,,,,,,,,,,,,,,
Serie_2065,,,,,-16.388503981807368,,,,,,,,,,,,,,
Serie_2066,,,,,-18.098463481935323,,,,,,,,,,,,,,
Serie_2067,,,,,-6.952545654896963,,,,,,,,,,,,,,
Serie_2068,,,,,-6.3963988444045405,,,,,,,,,,,,,,
Serie_2069,,,,,-7.618780911134868,,,,,,,,,,,,,,
Serie_2070,,,,,-24.47675897834118,,,,,,,,,,,,,,
Serie_2071,,,,,-49.07372551120163,,,,,,,,,,,,,,
Serie_2072,,,,,-3.8134732430541773,,,,,,,,,,,,,,
Serie_2073,,,,,-13.98050501319998,,,,,,,,,,,,,,
Serie_2074,,,,,-16.540377102865616,,,,,,,,,,,,,,
Serie_2099,,,,,-4.856308725069785,,,,,,,,,,,,,,
Serie_2100,,,,,-18.51409410315298,,,,,,,,,,,,,,
Serie_2101,,,,,-15.81466671083864,,,,,,,,,,,,,,
Serie_2102,,,,,-12.170303449991941,,,,,,,,,,,,,,
Serie_2103,,,,,-27.096789986613853,,,,,,,,,,,,,,
Serie_2104,,,,,-29.007127289512958,,,,,,,,,,,,,,
Serie_2105,,,,,-24.6211300861259,,,,,,,,,,,,,,
Serie_2106,,,,,-6.961022351080043,,,,,,,,,,,,,,
Serie_2107,,,,,-102.80079325317213,,,,,,,,,,,,,,
Serie_2112,,,,,-55.9323671433145,,,,,,,,,,,,,,
Serie_2118,,,,,-98.72642059140534,,,,,,,,,,,,,,
Serie_2123,,,,,-107.6386178221736,,,,,,,,,,,,,,
Serie_2124,,,,,-68.09801098117885,,,,,,,,,,,,,,
Serie_2127,,,,,-94.153841945209,,,,,,,,,,,,,,
Serie_2131,,,,,-128.46105685347487,,,,,,,,,,,,,,
Serie_2132,,,,,-125.8510155622457,,,,,,,,,,,,,,
Serie_2133,,,,,-87.77165573544566,,,,,,,,,,,,,,
Serie_2134,,,,,-73.7979014441437,,,,,,,,,,,,,,
Serie_2135,,,,,-76.05465074075772,,,,,,,,,,,,,,
Serie_2136,,,,,-69.89912182475992,,,,,,,,,,,,,,
Serie_2138,,,,,-111.56063814632192,,,,,,,,,,,,,,
Serie_2139,,,,,-77.6098180589008,,,,,,,,,,,,,,
Serie_2142,,,,,-107.00213070513271,,,,,,,,,,,,,,
Serie_2143,,,,,-183.72207227886383,,,,,,,,,,,,,,
Serie_2144,,,,,-103.43827557355092,,,,,,,,,,,,,,
Serie_2149,,,,,-104.29359690333973,,,,,,,,,,,,,,
Serie_2150,,,,,-89.71881884558215,,,,,,,,,,,,,,
Serie_2153,,,,,-101.496145621553,,,,,,,,,,,,,,
Serie_2155,,,,,-15.37140009799153,,,,,,,,,,,,,,
Serie_2156,,,,,-8.527737194954213,,,,,,,,,,,,,,
Serie_2157,,,,,-6.137879920280491,,,,,,,,,,,,,,
Serie_2158,,,,,-32.33584621767946,,,,,,,,,,,,,,
Serie_2159,,,,,-18.176288166217347,,,,,,,,,,,,,,
