,Buxtehude,Dandrieu,Bach_js,Handel,Scarlatti,Haydn,Mozart,Beethoven,Schubert,Chopin,Schumann,Liszt,Alkan,Gottschalk,Brahms,Saint_saens,Tchaikovsky,Dvorak,Albeniz,Debussy
Serie_1,4.999016446900527,-1.2667518968933549,0.5527061392325556,5.795169054115533,1.919636619515833,8.00397848084734,3.224169674490486,4.797241134230381,9.642219741677227,7.129446912602446,3.4853001373182813,2.1147337796931667,-21.49242118871096,-1.8067031252018881,-3.8057090574435435,-0.4589562002408458,-15.455428123421289,10.572695233958534,-6.076899445005928,-8.784361615752323
Serie_2,6.845112540915029,-4.878945563635285,-6.211052236332673,2.8030950572156366,-0.2570156678862558,2.3826228982200446,3.90882137604164,5.370080940976076,4.350435989407018,2.2159420593368058,-5.961349549690987,4.612984813807556,3.4762488467400954,5.7183986607032065,9.391529274450123,-2.032377986518954,-3.398933860379445,2.251469217539846,6.589507646500152,8.883951153110933
Serie_3,3.649027442726095,8.611942938449372,-6.596163157908834,3.887903036242544,2.5679943191057903,6.794817109798472,2.315985397288997,8.243820024470317,9.509341839437061,7.52317547302769,-3.221534627378056,2.5477379798415063,3.3978135338610924,-2.612925163778035,14.868013681026186,2.4974978988095606,2.4181920250226283,16.773008803729002,1.7779879736288098,5.43389547392735
Serie_4,1.2439543716564019,-1.5493741170528135,2.2195015751014973,3.507393514948505,-4.427645220581808,7.40753358802408,3.6268603023801114,8.522280907916853,-2.946504209881683,5.506198423300805,6.5601819663614735,4.517494918935014,4.764914508295588,4.409192325925762,4.1738155317130525,1.5060763096558691,4.927212358850651,5.671531819182768,-9.636142285370118,-29.613507832643418
Serie_5,-0.1269548397419163,-15.87179379575995,3.548627524433785,-0.7927948751443357,-8.057627724640147,6.558428190636863,4.095776675206978,6.472970913352915,5.491714776491305,3.559906201144894,-0.14401709815663466,-5.1507757563255545,1.7754269017157833,-30.83461430958109,-0.19976442862943256,4.246300148051255,-2.019874538984934,5.83840545780842,0.3029543911066512,-27.06933309331306
Serie_6,2.2538119111721358,-14.500435039589796,-0.8370499580972445,2.1672382797278544,4.90653061446608,11.289597165561256,14.069875918847016,3.7034499117256825,-2.4684156514412745,9.690589808734677,2.0283304637381887,3.064043549992325,4.522070142076895,1.4821661058832027,0.5148715747586959,9.585382324163529,6.299529507091699,0.2128905153920875,0.03938656671266554,-0.6729403655454479
Serie_7,5.125089272437721,2.278683741213029,-5.234146050695143,5.825055585057015,3.7004931444793803,-0.47465975381458486,1.558212376145593,4.168913916541092,0.3722980772815453,5.830499335146575,1.9728013178903197,-1.9852714162921392,5.056790168046674,-8.121418068864486,1.1140041170393131,4.423337914509962,0.5629822874307469,3.573112583495903,5.1419696239533925,2.025821491114117
Serie_8,-0.9037950947936925,-1.9180727668567537,-1.4704663528990383,2.9378557986930667,0.6860674448204372,10.15614050189408,9.759968059834154,0.9709692991538866,4.589809395262333,4.002012410322536,6.574925254097613,-2.408168362088023,2.44661369668091,-16.242629837574206,7.365583781239782,0.019333613272137198,-11.040692109390443,1.657513272343286,5.918521921785184,1.4027297222840487
Serie_9,2.7953241516185257,-10.569385790931554,-0.028273994737741965,0.14575210775745526,-2.57089004502409,10.426346527116735,1.1827594886861548,6.622443254969841,-3.6619482926801035,-5.427231407420007,4.6968114456551735,-12.088937828069428,11.292162092110498,3.134495682473864,11.805066070792716,-18.701271863763356,18.653841460567357,5.037835406273109,8.16597201671366,2.6442471093872473
Serie_10,-0.23243267046825464,-0.8597774869897418,2.7183097052740055,0.012725595012437585,0.5279757404616138,7.551628555353368,10.13271990887934,-1.5015219357552514,7.368194159202837,-13.394275722973205,0.6492084118332272,5.8615976316552665,3.8416107860430837,4.609755377433613,6.087785267859721,7.71408085531995,-4.751746484105255,1.4220408951099024,6.158640782830332,-1.2139716949662898
Serie_11,-8.039282203307485,-16.949167754544828,-8.250236615630467,-1.515054929247609,-3.0012569874290342,6.272804416366787,14.013163170371813,2.4152064393410813,5.735962640278042,-49.858429635872845,2.8765503501638436,1.4852288278930958,7.330223832433985,-2.1597520501904377,1.9405886230052691,3.831516962550763,12.390586765851063,0.4913090613687779,8.172804414350775,-39.058657687041865
Serie_12,-1.3629755476017014,2.8040679712402032,6.769548905178581,-0.25868614298312703,0.1882360944258196,6.577428293834142,8.760931244403539,0.7453264331759178,9.970257183346313,-2.473766295510999,3.7574019189624117,3.374957914924741,2.8389032448815534,-0.7772439094830426,1.6091883390587267,2.134579139125267,19.38446774520024,3.807236048350899,5.002284772282496,2.627105411675709
Serie_13,3.369594754584742,4.733906313694704,-5.8077121326282635,2.3107002416649722,2.917142647348208,-4.53008346086156,5.7117363279894455,0.298514341431195,1.8498602675479638,-0.8664096043478132,7.410620288379823,2.3157039523860066,4.449972123086188,4.8917133177919485,0.9375227758122866,1.5977176109745619,3.289519580141204,11.618490752145696,1.313701237520517,-4.645947589962762
Serie_14,-3.847462990043061,-0.922755793585911,-8.713695546060983,-4.885630977511838,3.7068354031374815,-0.3476599466099307,11.983640270689499,4.541093769952893,2.460799943143745,-2.399196656947213,9.88074312442377,2.2224752715882077,2.9858956907328937,3.5617542260782424,-3.1620290294427296,-4.58086152141616,10.089170402944863,3.956082215447261,9.165903096916622,4.777588933412533
Serie_15,-2.1243014156324396,-10.536121123835297,-0.8997322973524238,6.701500460325352,-1.6020681983130658,4.703279302666945,7.9556228595360325,0.31223640177200324,-2.863505562891965,-4.326665181756749,16.013446461455878,1.5119610021812777,3.454050113462729,-13.10523971557972,-4.088418239915679,-6.793266020493274,15.001425097641675,16.49156009538628,6.814347135458151,1.9345254816956758
Serie_16,2.8993858499522145,-8.645058749277602,-4.108198246229989,2.9450355328815196,4.090127076230874,1.4594316389183242,6.306434798997563,-76.17369095430462,-2.6504006250638126,-1.1828579170368587,10.16517782801012,4.093476117816234,2.311014150457187,0.32204720623563665,2.5925274840851213,8.141861719689368,0.7489626020119808,-4.483709697043084,3.626632980791895,6.240504891550626
Serie_17,3.3068064057129063,-1.8650931657365497,-5.889379296235596,-1.7703501773340982,4.286670668721688,0.8174541631646027,16.96643104290411,6.788080498828849,4.982454210517268,-3.09208267666973,4.523438962268859,4.4332714993961835,6.620965934691467,1.2916176435888325,0.1349517767248782,4.413561703139977,1.6484184743855048,-4.66069030341404,3.8670179874768795,-6.914767378104912
Serie_18,4.4540504180771805,-0.24559012352225834,-3.264101826968176,3.2842330106791877,-6.643546274508789,0.8924926535560495,14.288466211701028,9.68325761325183,2.8814311561805743,7.720709018124786,6.125299814510073,3.116232659683179,-0.4294686615905782,4.57052273304053,2.2239670146817283,5.790762214879893,2.832162098841405,4.3146849903432365,0.36548372332194456,6.521412926072806
Serie_19,2.73259773956429,1.7531631672053603,-1.6548121679787637,-1.638245469453767,-2.170067219473467,0.32988414412539074,4.426985424235131,16.868747002134498,-1.854907440712385,9.962806361134614,-3.49447705055181,10.346416804662722,-1.9981600753872444,-1.74563621621442,-3.8296540686822276,4.710576842138797,-8.465257526759665,-0.4783162287487857,3.115000829178929,5.905715472845422
Serie_20,4.617407754366875,-2.5424152676371596,-2.4851659063261193,1.2380825489971585,-10.789247319790533,-1.4021925148849206,7.385311191937169,16.05058519644264,6.697793106264828,1.8426895982157083,4.916936083488066,-0.33673628793138305,-0.8548184064344087,9.253843810103955,0.6319510840701525,0.5224852445642748,7.166378942063109,8.947344861773331,5.383269976267107,-1.5770709454499314
Serie_21,-2.1378657717235496,-3.7043470720756058,-2.4016935197337146,-5.308023815814141,-0.5128891471367379,0.856952640258845,12.673494562516252,15.562665407951787,-0.7575353028865704,-1.5626813247515965,0.2229235123975029,-1.234483939256855,6.219428043367029,-0.752308305852066,2.9056359913191616,11.64067027334454,2.212430500288243,6.80045138249594,1.9645233881315625,6.8451735579284545
Serie_22,0.8500183632727752,-5.5346922403867795,-4.1170822539154095,-2.7290068806133694,-2.6388193119666923,-1.697582986428245,13.592493121570765,5.344843926787772,-18.973371206835413,1.149742817651951,-1.000932435482371,1.4340042164370743,0.9184425092514573,3.4597883852830162,-24.338871181258206,5.2715838262291035,0.11031429170086246,3.780555032313544,2.63934958655742,-0.4559248672283725
Serie_23,2.782872054019818,-0.5255321985261798,-1.1826945292425086,-5.024931629386093,-0.6505947735958238,-0.2334155048731835,12.961268726028605,9.7349629292164,2.9889194711198304,0.53976606650471,9.77561664227592,3.641465497475589,-11.465693558531893,0.46922683087902906,-3.554282381961073,7.978172193515579,4.422450889153514,4.931965071164447,7.630796335689921,-3.129388443641178
Serie_24,2.763802337273079,2.143438585252701,-2.194967832639591,-2.948439027322199,3.525482660878747,-2.8833915432343358,8.381533065872581,6.2225535770098235,-1.1537647219616585,3.940201247532113,3.8501737683044386,-8.157951109048536,0.1466798304128987,-1.7802947500980997,8.257187936331098,3.469441031651303,9.895985712553518,1.4612755811309772,3.9173802213540014,3.6332341380715936
Serie_25,1.221064206467628,-19.44281624044559,-0.7639839436270072,-10.83875820740605,2.499741044901969,1.2461843731855748,15.332563659386638,4.282192664508364,-3.3459909878791247,4.295816963333011,1.774998084376792,5.65934145382701,4.894180296405717,-2.3528339736171486,12.246912435393638,10.445743544330881,11.05942328736697,0.15719496355747384,-14.137217009056082,14.606975598856698
Serie_26,0.5583308440833014,-0.2887973902185488,-0.5126186932909301,-1.592599390839785,4.566270472561835,4.906468167366908,19.10229708042258,4.281957497850522,0.4246680052708444,1.0282954137511928,3.6499577281422817,8.471273812352878,8.389776806520317,2.959675788785395,12.119120721403478,5.588295697205671,1.9831590642244727,1.7537751873773166,-22.29893565512336,-6.299777077991073
Serie_27,6.236061414437736,-4.89448436091137,-6.166953778161677,0.1855883399305603,1.3316053275926023,-1.804285164859332,13.715606800399701,0.752400360726308,18.055752903961515,-10.398570073964764,6.523726261649007,5.516640906410665,4.942141130243306,4.012577852583355,11.11471674948207,4.858507442893451,1.5155665960427942,5.180889631620437,-2.045116329888273,1.640976707695125
Serie_28,4.455333597936858,-12.61572871226882,-3.512022118784649,4.38797850952976,-25.189378551340763,-1.16812188343665,16.66097411983466,10.718544782640832,4.05584918737394,1.130612523859818,6.092743197282426,3.6869455553007398,3.8086183062238885,0.44074219059134273,3.421363914547996,13.004251253046606,5.160990920883927,-5.297750902913879,2.3647030832737843,2.9959179457744276
Serie_29,8.76562358805515,-2.699968432819122,-1.7225180635572146,-3.105556978923696,0.5151308553266015,-25.93992055125184,16.79357388644401,4.127287122144527,1.5530126461059353,5.575491231108854,2.953652516982618,2.5587194593576297,19.097719510243426,-5.136356735597047,6.0968554527526875,16.279395514967266,3.2565992281860403,-1.7651949007548429,-1.3661377447599157,3.790362778944031
Serie_30,1.7675449095997977,-13.782232169353183,-0.92932135936251,6.564890091756004,0.41845014641348277,8.666813286266702,19.209896025482355,-3.247639798810531,9.859606190216288,1.7074107922120967,7.245970688079039,11.174478140319763,11.293864171808908,8.240943410704903,4.181032300523764,11.005757483519577,4.038864582530285,10.29822142444466,-2.4924517843633893,1.4308069156788539
Serie_31,4.565998077867427,1.1866530927202827,3.8580689430091315,-0.5055249332490107,0.3052176861669703,5.60697949215837,8.501465049127379,-19.66847584782865,10.28036928906496,0.7997851608894496,-0.37466178556479257,-4.05309160521096,-5.271086064902294,,19.30830158661887,9.459722198539712,-0.2172642587630986,12.29495667401547,1.705125955769988,5.342302433782689
Serie_32,2.7938732419402292,-4.275183994398642,-3.7673371027303455,3.1106834818300153,-2.003037408024028,6.572129022298547,14.54454825715521,-3.048607896929965,-6.8523721155084925,-7.413228911651399,-2.6933845612814586,9.91678704102306,0.9413537469674058,,6.3855051393352005,-29.521308043279927,2.0953895177151924,0.11918356479396049,-3.932999428071413,-6.594937816049188
Serie_33,2.9463526774389743,0.18744923519322682,2.1136014832715846,2.631443816768225,-0.24630629203355525,3.9924905709521914,8.570151625381863,7.367641640292446,-3.089437056770514,4.290929396024684,8.305179385547408,-31.395746758010045,2.1924380488286763,,7.460601921166083,-32.958777185039715,8.597617986546076,4.182660565588742,-0.19341443705104108,1.880496905611184
Serie_34,1.339774496646145,-3.758576057481108,-1.229340552245132,-5.969730623510766,-11.972365905997949,4.4356053415983006,12.938150540043113,8.210965262804985,-25.250778445902952,0.3965099873539082,14.534619007664737,3.590195170857124,8.859988858989695,,4.499636687372889,1.8889709847070228,-1.7539971476925302,3.223901605481473,-2.2856851251485604,5.400320957537738
Serie_35,5.728475863273623,,6.118368188332711,-3.6567989429111045,,2.9979809774209825,19.27468752555022,4.354663898503116,9.631026906275698,4.009560335492043,10.411499755699904,9.028544532284101,-3.5401852344145173,,5.027872017412664,-17.646951893327312,4.202476632700427,1.2066701355917135,-1.0912546516086141,0.8311082520901651
Serie_36,6.553063911115369,,4.047275622523162,-1.866480651007162,,4.59369735306272,14.467044940026359,5.128486861360669,5.795859407244621,2.5968596548717064,10.391238115540073,-4.746981048788966,17.33604895809944,,-0.7167254160796993,-25.501714001172015,8.599873712470592,4.345998545969693,5.512763316067206,3.6586704169818223
Serie_37,4.2411152100458835,,-1.6197610758511118,2.9890939884018968,,6.712939459088931,3.0585441798249033,4.747736567369403,8.20989546312957,1.164069626290826,5.311868674745664,-0.16494603609307767,1.4199082541366688,,3.8714885902600824,8.163195456221448,-2.1874697057231502,-2.3664393391167526,-1.2856909577900288,-15.479307527707036
Serie_38,2.6397590341484682,,2.716597622695186,2.0121599724299175,,3.827443246267576,17.373487756132437,-8.37729536870018,7.627753803134255,6.30050224131917,12.81765094664753,9.702991696256968,-0.8229817957948345,,3.430514330046197,2.2831199685995807,4.087117669731474,-3.0869258753473066,3.1505925051615655,-3.936022110122284
Serie_39,,,-56.09263526747987,-2.4771122258062652,,2.4063066323121145,3.7463998172588315,8.845157014383352,12.546054256418909,-9.174472717918423,2.611996650534549,12.535022639252603,3.9709905348483248,,1.8321694868325142,1.094615225457878,2.435119717232615,5.318748492250371,,-13.867649418230195
Serie_40,,,-3.201324810785551,-2.7236813888091875,,0.5498604378590557,9.138244300024931,6.5212383415912685,2.7863557995786703,2.479087136109616,5.314686997511302,-13.327362461506604,5.831712337283494,,9.93726861639175,-1.0496263574085953,10.383599524923145,1.0282635534870006,,7.825492147233622
Serie_41,,,-1.6287428160997384,2.694617121316391,,-0.6947362559437683,13.159632873326993,5.341151956217624,6.983359290093677,1.854139862460032,0.3742749097281472,6.60259671518766,6.657810602206451,,10.653566580527794,3.071181681727807,0.6809867164648827,-6.414335073418153,,-72.01204404171278
Serie_42,,,1.4281103539131539,-10.3318386564553,,1.3087655965783507,18.8501777779809,-1.0097199722392025,-0.37020321051191296,3.0446960548217668,-24.406672199271018,-5.846772469462526,-1.3295183994606008,,9.26991669214731,6.0441153727999275,2.1250436344776493,-0.10650625264346147,,8.441090757830663
Serie_43,,,3.0988421253439276,4.6618762687298,,-10.005226140196653,14.712654453508483,-0.9468772870742959,3.478420673617475,-8.185193834125778,5.526934441763362,-3.0285476043201336,12.556325185825056,,2.693251926813198,7.5905904964511395,3.2376783335856008,3.846228888630156,,12.38254983776761
Serie_44,,,-2.1600091948915634,-11.11142968218761,,-4.696956864349051,19.258305459656228,6.003498320521864,-0.7734556943264886,-23.044173886096335,5.19609254610022,6.190011030894026,1.9220465732432759,,7.724443700995222,0.1967927851820334,7.991934189424221,6.157298897169818,,8.213052319321749
Serie_45,,,4.4355942731886095,-1.5312517024391328,,-0.2085913265557051,8.567787165560043,9.363860710216409,2.398520766843623,5.163103639904576,6.663096114865219,15.110089657521819,-1.374563709678681,,5.995672072290833,2.767430838330649,4.645958847645962,4.298157524623235,,-1.8425952588050947
Serie_46,,,3.9079270956242684,-1.8974946459069824,,0.7084920009395399,2.0177702004435707,3.1486939428644973,-7.600252194697614,5.311211282333791,-1.6288430727984564,14.760248263728537,-5.842530761232892,,1.8642766816064789,-8.870522412303629,4.016209934758132,2.657942060182989,,3.916666808066956
Serie_47,,,-11.772584968848383,-6.158335934318716,,5.501749618324008,6.267518219993,3.0298033497024446,5.179473680601698,4.305760587226132,14.120820649869293,11.826608071961436,4.257942921706441,,1.5416176475305698,0.19452957425884812,6.429911535101161,2.084610690890427,,6.073678919034969
Serie_48,,,-1.08442421188106,-6.053936620110897,,6.058206976281195,-0.27025138561511064,7.760790701244338,3.1391539849530696,7.261329074494115,,-2.462648825840036,0.21994345205224827,,7.776919082917048,16.433983125219264,4.737335212111989,2.1413763674263,,8.947866242226002
Serie_49,,,0.44715903172720056,0.2948545153615204,,4.965398560944659,5.948963763275449,4.028150968064554,1.513231478145912,6.4078590160096525,,3.700230670558441,-10.686575023111226,,9.124837846907806,,3.4161689852693824,5.446160830716161,,
Serie_50,,,-5.622367739731445,0.5038562981291984,,5.528606747302154,3.489116478601098,5.441927409735144,-4.724821407946889,3.324206431870794,,12.628367336556225,3.5360697690648513,,8.183490559276448,,-1.7682474655222205,3.107651978654486,,
Serie_51,,,-13.235509733042903,1.6816964354344428,,4.554606573001399,1.1837671545551747,8.024941027349456,2.981062817832935,3.2876291954131016,,4.898862406339647,11.847826040351723,,6.3707689382633665,,1.5783856657006952,3.8082548065245083,,
Serie_52,,,-4.02113210014206,1.4000562395487137,,0.29042365211737353,1.931521837954816,9.488037184089146,-0.4167805414826141,-1.0792847542945625,,8.542997877664583,3.665576287530873,,4.00670545791792,,2.4006467790478894,-3.2158943375812976,,
Serie_53,,,-5.288608502799665,5.739457238797807,,3.430736893539746,-7.55489598813213,3.5151006904814643,-21.35294463343612,1.1104261768874961,,7.733144810394568,9.699479441623714,,10.63010272529231,,-14.432295775739673,0.06827183152355541,,
Serie_54,,,0.4313690519537269,-0.9479989116912949,,5.253524699882314,1.2837743189808857,2.6269537869066237,6.226019081153203,2.031439553000081,,16.15692677822557,13.02936280403058,,9.103273228227392,,-3.278811495554453,1.0200449458432326,,
Serie_55,,,-2.7307646824459892,0.9833727000080973,,2.858890765762568,2.815841350676496,4.782165507634649,8.80647164937917,3.1597293368068646,,15.722266959408692,9.778864104622565,,-7.179404541987387,,4.253869869225332,5.006323549501674,,
Serie_56,,,-6.671937531583176,1.7694922524021117,,4.308796590847764,5.732707313610963,6.035554246855381,5.132772758786235,6.298327738840248,,13.927989057325869,4.094792584879751,,8.865681445537039,,-5.7641329956745295,2.5568260417325415,,
Serie_57,,,-0.9458466815347356,-1.8532698520701971,,3.4381543376687715,-14.932054212179883,4.700712791350768,5.151968635259205,1.2019506817230832,,0.9651068755666655,2.6064070853931702,,14.013743319469002,,1.5020219485510748,-2.4328051606269763,,
Serie_58,,,0.9288029229261102,5.106392726715773,,8.753051512916715,2.535361873267083,2.426649636464271,0.2857663114387827,5.777911049390367,,-17.097960862279166,9.659947840792341,,1.7862221980535409,,6.4096186028363045,1.3510391008519993,,
Serie_59,,,4.815779087485652,3.0547343093134023,,3.9788036768748065,2.2122225461928413,9.234543836081631,2.9991320675980866,5.425675737692598,,7.199552955168773,10.759662047530792,,7.313152479844618,,5.260405072571835,2.4253832909841706,,
Serie_60,,,-6.399660439565522,4.613085020231392,,4.480984813768207,2.2655606962968413,-1.4109951234903804,5.611472304812031,3.7056910061394905,,-4.818442004549696,5.681764254394943,,9.930556925416074,,-8.926313468752195,-3.8745961720765814,,
Serie_61,,,-0.9717460885556284,5.101632998436723,,4.103883778812939,1.0769680480978254,-12.101855050315134,-3.7788566673228954,7.523933554238486,,1.4855843175533454,2.142383328348924,,14.145881676392419,,-30.67593959538485,5.950277467912789,,
Serie_62,,,-0.4944155316339204,-2.472191837454142,,2.715732650180899,1.6337619419406162,9.425525429123693,2.652495723535739,13.178051542223795,,-4.833050299694898,26.229070426330647,,14.843213510796502,,-5.633692964038356,11.836256617160256,,
Serie_63,,,3.987507371917458,-3.3587237553006783,,3.1961572612623255,-5.000582238053341,-1.283016791458491,1.148802194253197,3.839650406447821,,13.682025830322672,6.668649996365087,,12.914626872665192,,5.197968773350828,12.9451760311419,,
Serie_64,,,-0.4404409308258345,0.03539416046311908,,7.082824304062922,0.12645105844926408,11.336048325817174,5.4164667403967455,8.174343229562865,,,7.46554226730059,,12.88911329420596,,-0.6498695631093431,4.806340138445066,,
Serie_65,,,-12.601707891945189,-5.917234198059885,,1.925497866340618,5.517462483018129,4.275414520138595,9.057442172023311,4.240408743382262,,,12.170837942691836,,4.954283342207237,,7.21928626420013,13.173024641257268,,
Serie_66,,,0.49060827511903654,-6.520711446135971,,0.5753246180157217,-2.296706126250588,9.681356998287878,7.092713144684435,3.943825386544291,,,12.024597947328875,,7.587708065148259,,4.834205098077645,7.747353468355184,,
Serie_67,,,2.2501301088992522,5.377486437988145,,-0.3959285200899096,6.4790189610770845,11.187210872280849,7.58385111381632,1.4113203870746776,,,4.41222565887422,,1.1662902872188516,,4.906324760902978,-0.2240896330023097,,
Serie_68,,,-2.695140988341677,3.312076706851675,,3.6259850328685097,1.8125243400837738,3.1062824608659256,3.94939663406827,3.834823264424169,,,-4.44031161698785,,3.802165505299485,,0.8136561444448578,1.496372440652389,,
Serie_69,,,-16.247572903564627,2.9699369783010314,,6.028070897891232,9.743778683768596,4.182747541270677,1.2921673575127315,-7.2057034357005945,,,-4.448336262703398,,4.493541511913401,,7.468210574474249,-4.637838034778192,,
Serie_70,,,-12.923833059663588,2.9421043340217854,,4.919855149686122,1.584322309298239,-1.559900210564518,-1.161903993079935,-4.700685456566598,,,-3.0875731450259685,,9.77467733753769,,1.21304269134546,7.65218829318711,,
Serie_71,,,4.430016457245601,-0.17214483038021844,,4.059576177410505,-1.7578030134355678,5.718592835615264,-6.274541719715522,5.068066753394249,,,-2.6594816185334964,,12.461120865792532,,3.438120839458113,4.888152092530717,,
Serie_72,,,-29.54462220569558,-5.053436668535426,,3.2525993792800683,8.836896576713343,0.046301501869886096,-0.8635797091837271,-4.210832752407161,,,4.775003481722181,,,,3.7492442168319617,8.974671413636957,,
Serie_73,,,-9.292051077035543,3.76850296967207,,0.4497059290961019,4.000662547762996,5.947367233313933,3.4711803498632077,-3.3925727855581735,,,-1.8331869219742554,,,,7.795290438845624,2.8599356951734958,,
Serie_74,,,-6.8188738313057025,-11.471425248937495,,-2.703290413643771,5.427148615790619,14.982404793887032,-5.898915659780153,-0.5042981307542426,,,-1.176917188357354,,,,-5.966578598930408,5.460490055502134,,
Serie_75,,,-11.460104064853827,-5.295330224618642,,6.591484206385114,9.48173067358906,3.489509223017727,4.725880880872944,-7.10126325239138,,,9.223997935457717,,,,7.905019763568188,-30.849053942837525,,
Serie_76,,,-0.018160142973118184,-2.509388620103084,,-1.1563276068653938,3.3499632853325565,8.883152991640282,4.484060861687623,3.7243958446410357,,,6.628492341976342,,,,1.688072540257954,4.172299726483566,,
Serie_77,,,0.6505335134611756,-1.360448822017593,,7.042774975556797,11.854732740142442,10.590917078381787,3.5352055907543884,,,,0.44519407084234236,,,,1.2855641486694154,-54.40977496512061,,
Serie_78,,,-1.519975000724172,-1.9530817996605223,,-3.5914507807162077,-9.528412596733327,3.057557924437212,0.8313854184683465,,,,-2.858933403272489,,,,2.9173535105383523,-52.79987159783616,,
Serie_79,,,1.9685849571076368,9.478241629237326,,-5.6695850325347354,-18.12752926859218,2.806472564043785,6.907427861406584,,,,0.06861645335932913,,,,-5.948193691763271,-32.728246940201124,,
Serie_80,,,0.7501325010455557,-2.258489146977257,,3.983022325421543,11.452127850151609,16.2736727376181,5.315844017002814,,,,-4.987804695551751,,,,3.917663715521263,13.802216793562138,,
Serie_81,,,4.705159215171494,-1.0974687491915547,,1.9042428159749825,4.397082723279502,12.399932084505407,7.062047864430759,,,,5.690246188530038,,,,6.410355019840611,5.260297872225074,,
Serie_82,,,1.0347495356822927,-5.67103988320747,,1.891913405321679,9.700548300760515,-4.8025807687158375,0.22298575971328558,,,,16.202352615393643,,,,9.0163529562748,-45.90354266140107,,
Serie_83,,,1.9621092229263992,-4.819560603004574,,0.1916839363627408,0.5947116479423917,3.920056642206152,9.713493533205515,,,,3.4444151956269984,,,,-6.275933998289673,0.4171694123389231,,
Serie_84,,,2.8723639574193136,-0.041582493929858855,,0.7448921803848789,8.69278737486817,20.04119620003355,8.425503143100062,,,,8.162731938752891,,,,4.242015501955684,-23.1858686316446,,
Serie_85,,,3.059325098840771,1.6686406610179534,,2.1942386135245493,11.316248533209654,17.71488522736832,9.176118360420203,,,,0.7250329230016785,,,,4.719864327378929,0.8971751903912056,,
Serie_86,,,-1.0725593350950213,-1.0504237973610613,,-36.21776397437624,0.8926628142162696,6.716477573748998,9.39362853700148,,,,1.004819621296797,,,,5.51352455653909,15.3522737792485,,
Serie_87,,,-4.884820504611237,6.817321578442956,,0.3498910703157645,15.825594764603137,3.2245321471776713,-0.07774707315751446,,,,13.83728687621135,,,,-4.595669887000447,1.0345256687656796,,
Serie_88,,,-1.2027105075066649,7.2372574677753345,,7.943877704341985,9.25109528872866,6.4031078828029795,3.154762046149167,,,,7.236956778716694,,,,0.29194830305751135,2.620762146855593,,
Serie_89,,,-7.170337319307312,-2.2775841447822227,,-6.561165628714953,3.440623549889737,2.1720861981965145,4.743504943838942,,,,3.3493076001645767,,,,4.809516001989169,2.1356763076227394,,
Serie_90,,,-0.8123119275169304,4.134126479338581,,-2.3935045727894333,9.844754972956553,5.31493910337785,6.367159951370576,,,,9.308543019444237,,,,-0.9375229033998022,1.2264968520043362,,
Serie_91,,,-2.227752053283317,1.1311067948673255,,-9.403813067547725,-2.731315241821082,9.213346083520408,2.6077112584211,,,,8.34734432144923,,,,7.273554180476849,1.9934871873786202,,
Serie_92,,,-13.022961394475596,0.10302254260327481,,-3.7308406663196827,9.006252296436317,0.9707059187997522,-3.717825956595109,,,,-8.636226575328964,,,,2.7071373947120483,0.5001478153311512,,
Serie_93,,,-4.763101913053689,4.867604664972858,,1.3729394140068987,13.881196592401407,2.7638433161567173,-2.603778860765557,,,,2.810467447345461,,,,8.300357184335327,-0.9355863426131064,,
Serie_94,,,1.716767833216834,-0.37521813119949315,,-9.298055018165195,6.7781151085329,0.8711299376251078,2.5220513509631655,,,,10.410249810367988,,,,13.238737140624956,,,
Serie_95,,,2.3117277712808955,5.49817919802158,,-6.567531470148011,12.181801747526524,-0.1926947368186152,1.2445168503647956,,,,17.36093338401171,,,,11.820110251957523,,,
Serie_96,,,-5.421310768567279,14.672299439676395,,-2.155223698312527,7.543533974770779,3.019059346944966,3.713296362372112,,,,7.010014515999489,,,,5.136146402371204,,,
Serie_97,,,-1.0369070033849208,3.3766718211803965,,1.5272604824177027,6.8466672070479735,7.924032728455438,0.4646915333396766,,,,-3.0981051953457706,,,,0.6501696617665235,,,
Serie_98,,,-0.25558975644464826,2.981913971726596,,-7.294971127458397,6.95075115192341,5.340687379600955,-6.660451289060051,,,,16.72200690010124,,,,14.40410784264345,,,
Serie_99,,,3.2065993432074746,3.7653688300670076,,-13.331502524270421,4.944452423574709,6.77245945587826,7.760371541854164,,,,2.114495081657883,,,,8.7372461814098,,,
Serie_100,,,-4.1057840247500135,3.595771954259203,,-27.673020628386702,7.8605978667074865,4.114527667910284,6.900412094077799,,,,11.439823981148812,,,,2.6835391179861583,,,
Serie_101,,,4.662597687724859,-7.7236074472851755,,-1.1769815413540088,13.48464523912683,10.66176452789909,6.8064696213386435,,,,5.020709732181863,,,,9.492279571059198,,,
Serie_102,,,4.456020576891001,-0.5672778681265231,,-3.8254329044535003,9.797724214063738,2.3890840072794037,13.231248549577176,,,,-4.132749204193135,,,,8.852331179408367,,,
Serie_103,,,-1.1740262243352018,-0.5310273294816248,,0.5216593707887264,12.339360023942229,8.765560100941823,-2.5884706057299915,,,,3.044329653951058,,,,3.7364362418401034,,,
Serie_104,,,-2.4170924914185252,4.52923572473954,,-1.4050172524745421,11.036104788464739,1.4356393172092388,5.920335204816361,,,,-1.288048947500639,,,,14.767820638309265,,,
Serie_105,,,-14.61383661005032,2.9330909395541673,,-7.2792735739440975,9.400788911403748,5.328639198717469,17.597002666883952,,,,7.965781302577759,,,,12.277545599219772,,,
Serie_106,,,-2.196852244166737,5.96078455211866,,0.6410467738353511,5.355823814412039,-31.411229385604226,11.63370058648286,,,,1.634482521921759,,,,9.578460237554852,,,
Serie_107,,,-2.958790904889149,-6.9297592977142175,,1.6340355934412818,11.126667720466248,1.632527922370753,9.200217411019908,,,,1.206069439927347,,,,5.162407210663648,,,
Serie_108,,,4.447531902599891,-4.590483644400354,,4.4509153981271625,13.906643701230806,5.078967788751199,-2.6638609053513287,,,,7.414076987134734,,,,12.657093316049073,,,
Serie_109,,,-1.5112415538144235,2.339319700876817,,-14.076060798547964,5.578515780697164,-3.748851971391632,3.3972349108035553,,,,-6.012293718981687,,,,14.25588470539774,,,
Serie_110,,,3.068941080047514,2.9247265744326714,,5.603697234529661,13.43364432202478,10.085019204077895,18.908644156481387,,,,-0.47054203513528564,,,,7.216119534059999,,,
Serie_111,,,-0.4007405718264752,-1.0542865886157569,,-5.4440590850559145,5.20140052324515,-2.3629582234644317,3.5187430662918446,,,,-34.98765721849579,,,,,,,
Serie_112,,,3.2210978781102058,-23.35919144169859,,-5.697320215354549,-10.025852348179104,3.702249730396824,-11.21748147695729,,,,-3.7224519886207528,,,,,,,
Serie_113,,,0.8898521851499662,-5.807149450584948,,-3.3311276238789915,4.931700869200713,3.4544674333667036,9.209840677595226,,,,7.757840094018615,,,,,,,
Serie_114,,,2.224682496467631,-6.051912628271968,,-12.037564483702585,4.7769651821987535,7.594653285731329,4.555651857974851,,,,5.599878952882644,,,,,,,
Serie_115,,,-0.8918850493043922,-0.8874883153454783,,-11.807745195720582,-16.552935628659643,-1.5367533635577737,5.1150702490621045,,,,6.855457977051161,,,,,,,
Serie_116,,,-3.37319968031258,-3.6311025862609965,,-9.55354178781267,-0.68759455063549,9.071317191898492,7.26340471023495,,,,13.299838834755718,,,,,,,
Serie_117,,,-1.2132805386979477,0.5367696416168979,,2.229021706036193,0.8499345062436424,0.9731914901647549,5.227973899740567,,,,,,,,,,,
Serie_118,,,-1.2406238804641008,-6.669503031015794,,0.7338179608177361,5.94227653346954,4.901636344567203,8.09779515728929,,,,,,,,,,,
Serie_119,,,0.6992094527838744,-26.296001483526666,,-0.30412029095506815,5.923732530178909,8.000288786754975,4.903090720808288,,,,,,,,,,,
Serie_120,,,-1.8032717486540366,-4.29683065501068,,-5.797433544757946,1.7356747224074942,7.31967426596056,7.045939482111921,,,,,,,,,,,
Serie_121,,,-1.8412169704731411,-2.63217502988011,,-4.224716855832359,4.1657240408310345,2.2058044581454146,9.232007020198767,,,,,,,,,,,
Serie_122,,,-5.24294482656501,-1.8680252224401281,,4.092972417688017,0.9359245897364739,0.21882032942919014,4.929254416069803,,,,,,,,,,,
Serie_123,,,-71.08497348776552,2.7702338485635414,,0.47830429502079047,9.102556899257047,14.844954058516807,5.361277079436273,,,,,,,,,,,
Serie_124,,,2.0579967670967836,4.904247332933149,,7.441214228981108,9.93452346184173,10.039760419830559,6.411161255153916,,,,,,,,,,,
Serie_125,,,-10.988329197848815,6.101324392470152,,2.6032982532254865,3.0254448090026034,3.9900949928892753,11.150396245852312,,,,,,,,,,,
Serie_126,,,-3.965212806665317,2.9896605351494046,,1.9463196336426294,2.566154077282305,2.1811815945217834,11.625607528732578,,,,,,,,,,,
Serie_127,,,6.491152881557665,2.4614762075942838,,6.715133019696026,-2.6483191253394285,0.8938878954472431,8.850645251531928,,,,,,,,,,,
Serie_128,,,1.7182495856624842,4.979229892954369,,3.840835894505587,2.8836377514664,-3.3347965449264136,12.534543480859595,,,,,,,,,,,
Serie_129,,,2.0904863710883848,1.7261761772429203,,-0.18910816273813305,-0.8857592661081336,8.934089405480323,10.769664380794024,,,,,,,,,,,
Serie_130,,,5.521001305625936,1.161065242723376,,6.875765661119448,4.113015343319892,-5.21187295081092,10.328432403700262,,,,,,,,,,,
Serie_131,,,9.259257810602941,1.7024223639523817,,-1.5048606138889764,2.980631478047216,-7.485409067967528,8.810170097143377,,,,,,,,,,,
Serie_132,,,8.411883372652548,6.3082900211978545,,1.5580320708489435,-0.24804897396301842,-4.920115239856544,6.482048752025223,,,,,,,,,,,
Serie_133,,,-5.253267383490519,1.177936904911659,,-0.6842647401642293,3.0717236077950347,1.0463334948807537,-7.777973210711806,,,,,,,,,,,
Serie_134,,,7.304568712735913,2.3249857756514545,,-2.275290225361004,-0.2547999691504754,-0.7332500762752806,10.468390163744157,,,,,,,,,,,
Serie_135,,,0.5400920612451691,4.636617126025205,,-2.7726211847620625,2.009523252654812,-30.08700301779438,9.657501349398492,,,,,,,,,,,
Serie_136,,,-1.0239158387120286,7.610797855832219,,7.929938178257486,7.273165946772012,4.314246733320786,4.020510394433722,,,,,,,,,,,
Serie_137,,,-2.2099738073258757,2.9099268210080105,,10.334814280141469,8.399630669795432,7.247175384611003,1.9875735062127071,,,,,,,,,,,
Serie_138,,,0.21151779325000905,-1.922953167171773,,-0.6830495593782028,3.2928677180356254,-3.459082875079282,12.34851834673374,,,,,,,,,,,
Serie_139,,,-5.271579454771924,-0.0832774830910918,,3.2144725865585775,9.874651461035938,2.0133411978432316,-1.0309728164175274,,,,,,,,,,,
Serie_140,,,-1.5041912311816739,4.965513958506398,,0.8904913214162642,-0.23209615886681434,-0.7827313892902807,-1.3290640061444339,,,,,,,,,,,
Serie_141,,,2.4682636162196574,3.940408143041167,,4.685019458713886,3.3529981333066172,2.0129904571836903,10.654530923705103,,,,,,,,,,,
Serie_142,,,1.3186091922727126,4.587335366110109,,-0.8557857488460866,5.25943692704978,0.26651249953311007,2.671049102560251,,,,,,,,,,,
Serie_143,,,-0.8790507000583944,0.6198031257915284,,-4.513411905669877,0.4888089128441039,0.32066699660373876,2.7190645479664166,,,,,,,,,,,
Serie_144,,,4.4336738101809665,-1.925461488396787,,0.7021293067727352,4.8218312704789215,10.164381089029023,4.467633023207235,,,,,,,,,,,
Serie_145,,,0.8204073967166067,6.0784614448050185,,-8.199018849552228,7.064892745322927,2.5479927217814873,7.030959482732144,,,,,,,,,,,
Serie_146,,,-2.0359457363618354,-1.0491022146282245,,-13.266346753018379,4.7499250473985555,4.797295889841977,10.02600336179525,,,,,,,,,,,
Serie_147,,,4.0904548670494645,-0.1616412233640666,,1.93266279862566,5.588075601743665,4.982651382407289,8.186003264941082,,,,,,,,,,,
Serie_148,,,1.6433356927494558,2.0339545923682385,,1.359873041193573,10.19717945357867,5.398698998469125,11.118075343433443,,,,,,,,,,,
Serie_149,,,6.299867258577032,-3.2432507541022475,,4.809900804733219,6.533411855792141,1.3788937278332756,-0.1470903519211948,,,,,,,,,,,
Serie_150,,,-0.2552587775160746,,,4.293900240152499,0.5506062265077633,0.5368129915516805,0.2516797618245198,,,,,,,,,,,
Serie_151,,,-0.2146080688718391,,,8.481955219696912,1.0515270091162505,6.8653150664185,3.547025521657155,,,,,,,,,,,
Serie_152,,,-1.0736046676336592,,,-0.5733935131278797,9.81831172842056,4.829324368361759,-1.8972057442467318,,,,,,,,,,,
Serie_153,,,-1.3038610036594451,,,1.1426054653403037,-1.2116366051551257,0.5784492521616752,2.745679012636191,,,,,,,,,,,
Serie_154,,,2.8192362964145357,,,6.591256590113415,2.078493390990693,1.018871655156608,0.06511452944875969,,,,,,,,,,,
Serie_155,,,1.6176667278398027,,,-2.7784878898025545,2.947074812519273,8.458764488772463,-1.5524252791285436,,,,,,,,,,,
Serie_156,,,0.12391660937324336,,,-1.338427246140979,1.5188653814235367,4.394789698236379,3.505593233339438,,,,,,,,,,,
Serie_157,,,0.14342560000593346,,,-0.469214025040357,4.664584523691372,-8.32188557346822,-9.449057915443342,,,,,,,,,,,
Serie_158,,,1.2009197541568657,,,0.10521074753278141,4.605268662280483,4.518858770540665,4.706870265745954,,,,,,,,,,,
Serie_159,,,-3.4697099877250777,,,3.851048018179536,4.3094774583242375,2.8834874728092634,-2.7823720910738317,,,,,,,,,,,
Serie_160,,,-1.9234013292015077,,,-5.72608179523368,6.605994326033525,12.459988443133517,5.299518757812283,,,,,,,,,,,
Serie_161,,,2.9012981337171846,,,-4.410864164191584,3.2232490546973165,3.375690696053361,5.513981525271365,,,,,,,,,,,
Serie_162,,,2.463747442639653,,,1.5138149582863571,5.5439606912862684,-5.980850208051814,4.864496479224094,,,,,,,,,,,
Serie_163,,,6.465243608891794,,,-5.501342021501888,3.215767704293663,3.227110497402514,4.694257632072169,,,,,,,,,,,
Serie_164,,,4.363071113019995,,,10.248123118802866,3.54900119386374,6.761334724951506,4.068325862825628,,,,,,,,,,,
Serie_165,,,2.5382736865552697,,,4.80960821207865,3.6459827998788463,6.443594804669824,-10.188775498840286,,,,,,,,,,,
Serie_166,,,-1.2388499703721996,,,1.2110460427206093,5.623944729108295,4.2467425903319915,-65.52761073937985,,,,,,,,,,,
Serie_167,,,2.4467120648967122,,,-3.126000646736567,0.8170070049607181,-4.914820255671506,-22.72762564336566,,,,,,,,,,,
Serie_168,,,4.015641505315854,,,3.343034878778477,6.277935888608006,1.2031230880547827,-0.18837082112497214,,,,,,,,,,,
Serie_169,,,2.130039689467129,,,-2.1117922085995455,2.0508647185678037,5.119089916114357,-13.046980333633698,,,,,,,,,,,
Serie_170,,,-1.4759247180372594,,,-0.947377683991241,5.685064054031668,5.951915628434169,1.8643233612812087,,,,,,,,,,,
Serie_171,,,-4.773987110566166,,,8.163340364652633,10.112906470908651,3.581256859896959,3.7943263187966907,,,,,,,,,,,
Serie_172,,,0.894703175724606,,,1.2090880616222313,4.55793726806926,-2.037571228064239,-8.312193494123008,,,,,,,,,,,
Serie_173,,,2.0639224109967795,,,2.128943236633339,6.857070913216653,0.1768538054553358,1.8237414918216965,,,,,,,,,,,
Serie_174,,,1.5286114176069656,,,2.9265292665218245,7.801634887637218,1.6727118652749935,2.9903017505110023,,,,,,,,,,,
Serie_175,,,-6.274171141660739,,,1.1476566777067974,5.556735783772468,-0.9818675318884804,-0.5491592380851501,,,,,,,,,,,
Serie_176,,,1.3225201432917693,,,2.1427736554975914,1.0295096617889683,7.343077032864978,19.30222853883882,,,,,,,,,,,
Serie_177,,,-4.522821268012509,,,8.419711220941556,9.36014853367131,8.380973025144618,11.636221787358751,,,,,,,,,,,
Serie_178,,,0.2700269568918542,,,-0.9214235900522545,-0.4576321885163545,1.7746338158638235,15.597033967026759,,,,,,,,,,,
Serie_179,,,1.6462193837467711,,,1.2671462513447092,3.8120660370409083,5.515268076662817,13.521303614994183,,,,,,,,,,,
Serie_180,,,-0.8895182456989583,,,9.374350588296828,4.402944489240656,7.204451228564525,13.05247808337638,,,,,,,,,,,
Serie_181,,,1.332820786773731,,,3.5354737237095404,8.506917852381186,4.166830397686124,11.699639892018052,,,,,,,,,,,
Serie_182,,,0.29665336994001124,,,-0.27564058897212995,5.284383846740626,3.011281307015354,12.30430253509809,,,,,,,,,,,
Serie_183,,,-2.3153798440118574,,,0.3469996683657177,1.838784287829209,-2.4758440575610683,11.602083250402593,,,,,,,,,,,
Serie_184,,,-3.804484163555842,,,-2.864513544666711,4.63482767768102,6.713075574593129,9.90192376525604,,,,,,,,,,,
Serie_185,,,-3.035704723363074,,,-1.0015972742471642,12.093112409055935,-0.5880791315693936,3.89869616650011,,,,,,,,,,,
Serie_186,,,4.344488337472354,,,6.651870474751638,4.987393066139414,5.302169168571966,6.211585820939932,,,,,,,,,,,
Serie_187,,,-4.412137625564264,,,-1.110452087919983,4.510681927839361,4.894393686229976,7.856889408285313,,,,,,,,,,,
Serie_188,,,-1.3410581795704253,,,6.166045390882892,2.9796442696651266,3.8585340877106225,-29.611140810830527,,,,,,,,,,,
Serie_189,,,-18.456629522084597,,,-2.8938912221348976,2.8762524689626514,8.115614721349584,3.985614795416935,,,,,,,,,,,
Serie_190,,,0.15024225904825433,,,7.007185487965397,3.494320983116485,2.3466221545392005,5.0500492057009865,,,,,,,,,,,
Serie_191,,,2.7248358249659073,,,0.05510706255924569,5.395402878792738,-21.625821942111163,0.6106504841317123,,,,,,,,,,,
Serie_192,,,3.529824602358572,,,6.2579098018813815,4.222434050279461,0.37664991202506726,-6.84301712853914,,,,,,,,,,,
Serie_193,,,2.7453865326833458,,,3.951721905096702,0.1623187648109322,10.409080571015016,,,,,,,,,,,,
Serie_194,,,3.2425661296937176,,,5.437693592086869,-1.0400442411552833,4.0217932365179765,,,,,,,,,,,,
Serie_195,,,-2.1701140621535444,,,8.548750846924227,2.068241066610681,-2.4679725141086433,,,,,,,,,,,,
Serie_196,,,1.058047852014836,,,0.6881241937330507,6.101689812003592,3.7831379269121723,,,,,,,,,,,,
Serie_197,,,-2.1944896187453105,,,4.753015936669741,4.276075500703614,9.711826943528726,,,,,,,,,,,,
Serie_198,,,-2.6975599205246863,,,5.110940488264543,4.825131155647623,-2.9989163617562045,,,,,,,,,,,,
Serie_199,,,2.55809654009723,,,3.9441147345616034,4.1136471892105915,2.39478694680246,,,,,,,,,,,,
Serie_200,,,-2.656528188156028,,,0.9730437923647485,6.08864176306252,-5.634834903532942,,,,,,,,,,,,
Serie_201,,,3.5185000192139717,,,1.4271743072600815,5.019436560230639,12.729007957306235,,,,,,,,,,,,
Serie_202,,,1.7148376824824936,,,4.3651462705184025,-32.49231581615751,3.5183523872422446,,,,,,,,,,,,
Serie_203,,,3.7220594505220537,,,-0.7076664292156951,2.1552859163668994,5.147885477865064,,,,,,,,,,,,
Serie_204,,,0.16195438955600958,,,8.618853027303075,5.691405116879147,6.357058239461363,,,,,,,,,,,,
Serie_205,,,1.325346515314249,,,5.803116221163724,3.182998751059618,2.429839400658653,,,,,,,,,,,,
Serie_206,,,-7.354268471126472,,,0.99467907405264,4.355426995504949,1.2732871577980642,,,,,,,,,,,,
Serie_207,,,-11.051505064899544,,,-0.932052285957165,5.081919430536557,7.536575132661849,,,,,,,,,,,,
Serie_208,,,1.0013486506404776,,,-5.003683145542154,4.031575716051326,4.773593593947459,,,,,,,,,,,,
Serie_209,,,-1.6300691650489507,,,-0.6719972744830864,4.111652726950005,4.030010789644327,,,,,,,,,,,,
Serie_210,,,0.24933516520053642,,,6.447235656135905,2.0423037436754514,5.4230474042566525,,,,,,,,,,,,
Serie_211,,,6.5699212992486835,,,5.321531151796332,5.422372021172412,0.7902350381388284,,,,,,,,,,,,
Serie_212,,,-0.9628740373125823,,,-6.846396206305952,5.273054384771461,-1.9633249150702332,,,,,,,,,,,,
Serie_213,,,-1.4975229223904833,,,3.765722544480836,5.9660753556035795,8.031549194507798,,,,,,,,,,,,
Serie_214,,,-4.324069919977479,,,2.8868094124225476,4.183434472135708,2.626760497969105,,,,,,,,,,,,
Serie_215,,,-18.953281770169514,,,9.884503654730839,4.631256264581406,0.5578973738519153,,,,,,,,,,,,
Serie_216,,,2.719717673229752,,,-9.264738059312528,6.57191441982334,2.2225978706270517,,,,,,,,,,,,
Serie_217,,,-8.109580842828294,,,-7.435846427367555,3.415688166325959,9.801344178501653,,,,,,,,,,,,
Serie_218,,,4.6579887522528045,,,3.2189763541809597,4.7426433403044195,2.0667525912390374,,,,,,,,,,,,
Serie_219,,,5.566736555249603,,,-6.250197526764536,8.010056492194156,15.130554551660278,,,,,,,,,,,,
Serie_220,,,-3.9269313944441806,,,6.51020152422096,6.001762290839201,15.482137658901861,,,,,,,,,,,,
Serie_221,,,-3.67672408430023,,,-1.359309943825858,2.4824251530972337,12.306821968294997,,,,,,,,,,,,
Serie_222,,,-0.5398561806081985,,,7.972744377047656,3.1850099244763723,15.299194576019252,,,,,,,,,,,,
Serie_223,,,1.4690904267565454,,,-5.281311400459458,6.671566782678533,6.577828782245757,,,,,,,,,,,,
Serie_224,,,2.425651021690993,,,11.21907066764148,4.629527057952663,12.666343363595836,,,,,,,,,,,,
Serie_225,,,-2.2616857542145756,,,13.85817335838837,3.1134767814637945,12.245461295585942,,,,,,,,,,,,
Serie_226,,,-10.75176623507493,,,5.649418331329068,6.3375122273056945,11.096016100671413,,,,,,,,,,,,
Serie_227,,,0.3402698496016983,,,12.232438007388106,5.682707240255303,8.092313524521405,,,,,,,,,,,,
Serie_228,,,0.7755945375683808,,,5.68978455425322,7.804085718434961,4.804933095498594,,,,,,,,,,,,
Serie_229,,,3.8003532093947006,,,9.01240727262137,10.37403931509328,10.99950627805912,,,,,,,,,,,,
Serie_230,,,-6.355788316209918,,,6.073750110622973,3.36903854718181,10.256634780885117,,,,,,,,,,,,
Serie_231,,,0.6314804392585285,,,12.15880903877263,9.233000826000909,14.773169925203918,,,,,,,,,,,,
Serie_232,,,4.3787850622933435,,,11.54947551754391,9.124562780401465,9.701128846557562,,,,,,,,,,,,
Serie_233,,,0.27113278103341887,,,9.762299888094097,4.642453149971295,8.436486787028299,,,,,,,,,,,,
Serie_234,,,-4.004426786307871,,,6.056489765383362,-1.556819855235625,13.185959484264234,,,,,,,,,,,,
Serie_235,,,5.289911654753542,,,10.264139821553481,6.996678418017558,4.160178816638331,,,,,,,,,,,,
Serie_236,,,2.145685366519027,,,4.640666516790997,7.323415143109732,4.695519023981029,,,,,,,,,,,,
Serie_237,,,-1.2743628960859796,,,4.84089195752706,1.2084840212328496,9.58087697359712,,,,,,,,,,,,
Serie_238,,,-0.23307850939408198,,,4.674429297121537,7.796474250710352,13.89642111200236,,,,,,,,,,,,
Serie_239,,,3.210436565740824,,,7.539040894066141,12.152452578893376,7.955067622781278,,,,,,,,,,,,
Serie_240,,,-7.84701612062206,,,7.420123874120691,2.594162718288047,13.367927982653812,,,,,,,,,,,,
Serie_241,,,-1.4107546209767206,,,8.762452742326603,5.062464515800477,10.363856711020812,,,,,,,,,,,,
Serie_242,,,0.46984731469547536,,,4.688954179129027,-0.2850672997653651,9.60804293187171,,,,,,,,,,,,
Serie_243,,,0.7913406377720419,,,4.711636689170966,9.761196480381496,14.40828500379999,,,,,,,,,,,,
Serie_244,,,-1.1167886651155527,,,11.332990619974986,9.66149369893168,7.066802980640235,,,,,,,,,,,,
Serie_245,,,-0.38687686884282496,,,0.3199141166372874,1.1023929632163258,13.426662805225519,,,,,,,,,,,,
Serie_246,,,-7.040126095330416,,,1.6620133267555661,5.090027838812337,-0.3968989101024218,,,,,,,,,,,,
Serie_247,,,-6.990261873733557,,,4.897326209186365,12.9900582369274,6.839410250696712,,,,,,,,,,,,
Serie_248,,,-3.8187646668098756,,,3.468037500178122,7.059063075618204,14.22027585331525,,,,,,,,,,,,
Serie_249,,,-1.0191366546425626,,,6.751417923357241,-3.2317121248859872,5.0110107407019715,,,,,,,,,,,,
Serie_250,,,-1.5393558371070204,,,-4.512041701664258,-0.36439481965886505,20.536347919425616,,,,,,,,,,,,
Serie_251,,,-9.04631743804587,,,0.4882280209836868,8.228391301816735,3.4149524269176292,,,,,,,,,,,,
Serie_252,,,0.4661491718969706,,,0.8535792733080838,-7.064647564558294,6.507025945624318,,,,,,,,,,,,
Serie_253,,,-6.935209863917983,,,1.9516085420299065,6.0612418691168495,10.052856125400286,,,,,,,,,,,,
Serie_254,,,-5.068554589354793,,,-3.7485645665654226,6.468376343047315,1.5344578971219778,,,,,,,,,,,,
Serie_255,,,0.5194825903548491,,,-12.210277510679594,-1.564782531566946,6.533327381107204,,,,,,,,,,,,
Serie_256,,,-3.6025067091358296,,,0.7224695961005217,7.97654748470707,14.122404327088562,,,,,,,,,,,,
Serie_257,,,-1.846019744091281,,,0.06819189645218814,3.825686225380032,9.692407233602678,,,,,,,,,,,,
Serie_258,,,-2.080972778116034,,,2.1994384779692764,-8.454276459446248,8.658672148070101,,,,,,,,,,,,
Serie_259,,,1.1768941877185015,,,6.324419671402034,6.186001504114045,9.069983608639902,,,,,,,,,,,,
Serie_260,,,0.8657674473730348,,,-4.835592456283778,0.27973711530830075,4.538620083455873,,,,,,,,,,,,
Serie_261,,,0.46636174290659055,,,3.175902584222047,-34.73632241502442,4.015719105478481,,,,,,,,,,,,
Serie_262,,,0.2815111044428472,,,7.251091393546843,-9.799493758581074,4.884858352150506,,,,,,,,,,,,
Serie_263,,,6.367925695656127,,,4.868031398704804,-11.155134610585463,4.523216355504158,,,,,,,,,,,,
Serie_264,,,5.369706244372901,,,-0.8092492300081146,-11.319943668121143,3.4867192685071036,,,,,,,,,,,,
Serie_265,,,0.15205528713606611,,,-5.278133110489108,4.535495525645193,11.662406212561987,,,,,,,,,,,,
Serie_266,,,-1.0956832027617505,,,2.209192149990427,1.8465111234182163,3.5541975056169193,,,,,,,,,,,,
Serie_267,,,4.231647793960315,,,3.614599403436619,2.7316669491400063,-1.5177950537229905,,,,,,,,,,,,
Serie_268,,,3.093762661359206,,,-1.563105919864041,-2.3136591894764487,3.3978015333762612,,,,,,,,,,,,
Serie_269,,,2.7405122953322154,,,-6.293047549108103,2.5542798434782394,7.761932569961034,,,,,,,,,,,,
Serie_270,,,2.1074012074055264,,,-3.9298640546402015,-0.8670364705907289,8.451500952392056,,,,,,,,,,,,
Serie_271,,,1.7512570907006213,,,1.3056308285772187,5.643752290781852,3.882425952063359,,,,,,,,,,,,
Serie_272,,,8.53297348637169,,,-0.46565863071452157,4.25983031631899,1.8684149869118285,,,,,,,,,,,,
Serie_273,,,2.162255716359323,,,0.3398434964674587,11.832992224292463,6.4587065056695785,,,,,,,,,,,,
Serie_274,,,-0.052396083295582145,,,-0.41870254648709976,4.909913601210226,7.12605431064956,,,,,,,,,,,,
Serie_275,,,5.0191508455164655,,,1.221139401972661,4.474020208192157,9.198399297856046,,,,,,,,,,,,
Serie_276,,,3.323795055686552,,,-29.222555365172283,6.418193042905529,16.372901473734604,,,,,,,,,,,,
Serie_277,,,4.706957984511392,,,0.37469978485461286,3.506467117915745,12.574716995861493,,,,,,,,,,,,
Serie_278,,,9.31783112384227,,,6.8018576346743025,3.3233097509870504,7.4052414969143765,,,,,,,,,,,,
Serie_279,,,6.2849992964505415,,,15.25994112271768,11.292984351621948,-7.197309101489026,,,,,,,,,,,,
Serie_280,,,2.8490302212222662,,,11.399207623770877,6.1363258401703265,11.15643589510436,,,,,,,,,,,,
Serie_281,,,3.4185061920436977,,,13.83944368440575,3.8397263862167246,8.960429651160494,,,,,,,,,,,,
Serie_282,,,4.397621409285863,,,8.559639510730085,-28.170212702695288,17.04013739871583,,,,,,,,,,,,
Serie_283,,,1.778451072751801,,,9.619064383890974,8.652311070873049,12.183596103281786,,,,,,,,,,,,
Serie_284,,,-4.280392815202897,,,0.9642239904170149,6.989740841665461,14.440325179340341,,,,,,,,,,,,
Serie_285,,,0.9682814311973336,,,-5.714557319003908,3.617517481153017,1.6171841625623533,,,,,,,,,,,,
Serie_286,,,0.4779214200310696,,,1.243899136791743,-4.162428091644462,4.740149086870935,,,,,,,,,,,,
Serie_287,,,5.277678766008932,,,-1.2324567432349276,8.235138613360165,-33.616695954987875,,,,,,,,,,,,
Serie_288,,,-2.7575743533413752,,,5.548539106084286,-0.628277459036059,6.031771667690141,,,,,,,,,,,,
Serie_289,,,-2.2869567909061432,,,11.464095823446424,1.4060127740088522,13.458581877905548,,,,,,,,,,,,
Serie_290,,,-11.53661473077909,,,6.572551606019496,5.5917352499287,15.207352833210676,,,,,,,,,,,,
Serie_291,,,0.6045786836491899,,,-28.487803566709303,5.843679666995091,9.920787718084492,,,,,,,,,,,,
Serie_292,,,0.016429086971162472,,,2.8750326190268813,10.712364501157143,1.7426207546114891,,,,,,,,,,,,
Serie_293,,,-1.2147858018981106,,,2.707330306467577,6.234620639461863,17.296699028097382,,,,,,,,,,,,
Serie_294,,,0.023552604898418695,,,-12.604936465833713,10.141390000001614,12.569470538505879,,,,,,,,,,,,
Serie_295,,,-1.4067811187828008,,,-4.164300615580123,-1.207749356813289,18.56526331648644,,,,,,,,,,,,
Serie_296,,,-0.6837995803712414,,,3.1963026362193325,9.558525109483366,14.483131395098003,,,,,,,,,,,,
Serie_297,,,2.703854480578217,,,11.88861252622402,-10.472398309743067,7.974405142319523,,,,,,,,,,,,
Serie_298,,,-0.4869812478873444,,,10.806736867951455,3.3329260064629818,-1.3497074084209868,,,,,,,,,,,,
Serie_299,,,4.0504193338139745,,,8.005504095312222,4.39877204853324,2.985351511160352,,,,,,,,,,,,
Serie_300,,,-1.928560975989103,,,15.338032822528442,6.783539037381627,3.8479462195870497,,,,,,,,,,,,
Serie_301,,,2.3487895477940848,,,4.517989199587014,4.941332873816273,5.869703852662478,,,,,,,,,,,,
Serie_302,,,2.2809430335204954,,,-2.277234503459391,7.453387277815695,2.6070602226566186,,,,,,,,,,,,
Serie_303,,,6.739004253838003,,,10.644245255339357,9.123333867614667,-3.7733329932403836,,,,,,,,,,,,
Serie_304,,,4.33114557144887,,,12.050889312755334,5.008288006801542,3.1643320768403624,,,,,,,,,,,,
Serie_305,,,-11.39508140484324,,,12.526284464144991,8.435149068956504,-1.1595370652478465,,,,,,,,,,,,
Serie_306,,,4.266552476344852,,,11.977885457699832,12.319703831083505,6.2524090616694,,,,,,,,,,,,
Serie_307,,,1.025018876820945,,,0.12576670767853146,5.877010081460321,3.864537126675681,,,,,,,,,,,,
Serie_308,,,3.6994835464033677,,,-4.238175078765933,10.34736235575577,5.383095680767553,,,,,,,,,,,,
Serie_309,,,7.706918016739804,,,-12.679819661913905,2.02764410975157,7.08635736474755,,,,,,,,,,,,
Serie_310,,,1.9983565953541462,,,-0.5321306421709391,2.077688116968736,7.1075029461851456,,,,,,,,,,,,
Serie_311,,,3.9765739738758508,,,0.2388836584408988,5.955894430720583,-33.167755649320945,,,,,,,,,,,,
Serie_312,,,3.474637671599851,,,19.05677009572323,4.044674485904538,2.403648488860155,,,,,,,,,,,,
Serie_313,,,-2.741842839044608,,,14.941432313107102,-2.34547041663089,7.322862973772435,,,,,,,,,,,,
Serie_314,,,2.9663669059053883,,,11.48063673229391,4.134720755851394,7.696486507144209,,,,,,,,,,,,
Serie_315,,,-57.19121808462903,,,4.277457655657103,4.860598999406218,4.098277464536154,,,,,,,,,,,,
Serie_316,,,-3.1871960221223983,,,5.129330234697632,-9.353053570741695,1.9487707650852086,,,,,,,,,,,,
Serie_317,,,-1.3430170850301477,,,0.6000699055218328,-4.957184485493041,6.0052008742480645,,,,,,,,,,,,
Serie_318,,,-2.4609070370762165,,,6.339775739746663,-7.011718500283169,-42.68207699507058,,,,,,,,,,,,
Serie_319,,,0.4194060147897006,,,4.836043459360502,-3.96093746160272,-10.23077048569068,,,,,,,,,,,,
Serie_320,,,-1.749571464149066,,,5.670302215306971,4.413698201151112,3.0412799564625845,,,,,,,,,,,,
Serie_321,,,-7.389879036531649,,,7.701645787128547,2.4723542310665794,-2.369449299269541,,,,,,,,,,,,
Serie_322,,,1.8416014251118618,,,2.808948964970034,0.5228652183904596,-31.860624288766683,,,,,,,,,,,,
Serie_323,,,3.139043512268257,,,-0.13107187829804784,-11.019115978938473,6.81420742768071,,,,,,,,,,,,
Serie_324,,,0.1073105554183621,,,3.6834700296600107,-1.8835572221404182,2.3849179400513645,,,,,,,,,,,,
Serie_325,,,-1.443876585379662,,,2.1458001511054015,-29.024914688811656,2.1710548497290496,,,,,,,,,,,,
Serie_326,,,-2.404018272345999,,,4.047378135347927,0.904774121393588,8.49836157603601,,,,,,,,,,,,
Serie_327,,,-0.8016566452474767,,,3.0455603176853256,4.078133590115614,9.226229940573475,,,,,,,,,,,,
Serie_328,,,-0.9991947822686422,,,6.144344564163659,1.4033409245821769,7.370853496962332,,,,,,,,,,,,
Serie_329,,,-5.776749384353753,,,-1.418980750273958,-11.981154800501802,7.826035365741124,,,,,,,,,,,,
Serie_330,,,4.312822882486398,,,11.887412513668437,,6.6570688538623575,,,,,,,,,,,,
Serie_331,,,3.3891919775867163,,,12.717335633056756,,2.2560138576751543,,,,,,,,,,,,
Serie_332,,,2.6951408282486264,,,3.7458667707497737,,4.596118313986203,,,,,,,,,,,,
Serie_333,,,-2.169589319599396,,,4.564164414350749,,13.378662093879765,,,,,,,,,,,,
Serie_334,,,10.611117252753482,,,0.09383110960378553,,9.227031397886766,,,,,,,,,,,,
Serie_335,,,3.0767745598348846,,,0.06126277369277527,,16.046364857856002,,,,,,,,,,,,
Serie_336,,,2.9967629230657438,,,-0.5901927881572764,,4.914462454832599,,,,,,,,,,,,
Serie_337,,,6.518859010883353,,,1.8317027102292158,,13.51813844225181,,,,,,,,,,,,
Serie_338,,,3.9284022362341986,,,0.9336025879792791,,4.406958848704805,,,,,,,,,,,,
Serie_339,,,4.080820548467423,,,3.6384348845548335,,6.676854251703901,,,,,,,,,,,,
Serie_340,,,1.8442634248673058,,,-12.864183107082987,,4.021951280607571,,,,,,,,,,,,
Serie_341,,,0.2962958045414951,,,1.5763134935985696,,10.55918254922628,,,,,,,,,,,,
Serie_342,,,1.3049469141703594,,,3.5647907068543514,,8.007868378143868,,,,,,,,,,,,
Serie_343,,,-0.4330840709591295,,,-6.196810155669594,,5.723905919604588,,,,,,,,,,,,
Serie_344,,,1.4139107623055245,,,-2.1352034940974933,,9.985344062773406,,,,,,,,,,,,
Serie_345,,,3.4282419057412974,,,7.688986432078224,,6.9717182621885545,,,,,,,,,,,,
Serie_346,,,-0.47247662588115596,,,0.08475844364619699,,6.477640547946315,,,,,,,,,,,,
Serie_347,,,3.127797112491877,,,3.18293659913829,,7.177719009954637,,,,,,,,,,,,
Serie_348,,,2.0074345824862725,,,7.250877868097735,,8.009454604331397,,,,,,,,,,,,
Serie_349,,,2.098357024404895,,,6.80970226386711,,4.784557609215602,,,,,,,,,,,,
Serie_350,,,4.877751669010146,,,3.4181806883028223,,9.317046837003307,,,,,,,,,,,,
Serie_351,,,-1.4887456214760009,,,5.844639986578444,,8.43403333487493,,,,,,,,,,,,
Serie_352,,,-2.3391863357773706,,,8.445586882821907,,6.095752307658133,,,,,,,,,,,,
Serie_353,,,4.570666294635563,,,-11.682620270659507,,7.142565250186803,,,,,,,,,,,,
Serie_354,,,6.173377074217353,,,2.630823034093356,,8.81079005848795,,,,,,,,,,,,
Serie_355,,,-0.9571816502034036,,,5.00958065645003,,15.122422851300305,,,,,,,,,,,,
Serie_356,,,6.27913786839398,,,7.986990738930547,,11.622895046277783,,,,,,,,,,,,
Serie_357,,,2.593708800057449,,,3.998895759458977,,7.491149950845494,,,,,,,,,,,,
Serie_358,,,0.6345189088370753,,,6.908067327936656,,18.541063237837015,,,,,,,,,,,,
Serie_359,,,5.643949146286314,,,6.559737120178713,,10.53758122106422,,,,,,,,,,,,
Serie_360,,,-4.112689036897196,,,2.1165481632528627,,14.768869890777802,,,,,,,,,,,,
Serie_361,,,0.9152758494968808,,,-3.4896739253429883,,9.831775961840659,,,,,,,,,,,,
Serie_362,,,3.997246952059685,,,4.7458705628776165,,13.239604008150325,,,,,,,,,,,,
Serie_363,,,6.317631019461227,,,8.065450391925767,,8.717253625868928,,,,,,,,,,,,
Serie_364,,,8.534611717276748,,,6.0334887523833824,,16.146198792660556,,,,,,,,,,,,
Serie_365,,,4.913468374948386,,,0.7557153884792479,,9.889840369749923,,,,,,,,,,,,
Serie_366,,,4.931427702471231,,,3.7361345556293974,,-32.113699167364445,,,,,,,,,,,,
Serie_367,,,3.670036807481206,,,5.6768035309332,,4.079353682158275,,,,,,,,,,,,
Serie_368,,,6.724707813210185,,,4.320943879498242,,10.772877533709666,,,,,,,,,,,,
Serie_369,,,-0.24289118199403814,,,-2.242921569259314,,,,,,,,,,,,,,
Serie_370,,,-0.01580374092712344,,,2.0046985835871283,,,,,,,,,,,,,,
Serie_371,,,0.0400217653784255,,,8.708337786370624,,,,,,,,,,,,,,
Serie_372,,,-2.116036165327202,,,3.3398961507770126,,,,,,,,,,,,,,
Serie_373,,,-1.9719901293250457,,,6.426910878137074,,,,,,,,,,,,,,
Serie_374,,,-0.8452252868378856,,,1.5996176093687011,,,,,,,,,,,,,,
Serie_375,,,2.4342294161989,,,7.40278736673951,,,,,,,,,,,,,,
Serie_376,,,1.4151097198847256,,,7.4464440376308385,,,,,,,,,,,,,,
Serie_377,,,-5.493062934390639,,,-2.5327093376558696,,,,,,,,,,,,,,
Serie_378,,,0.10250335805331026,,,-0.7113969993767064,,,,,,,,,,,,,,
Serie_379,,,2.827805647209496,,,8.863965812888697,,,,,,,,,,,,,,
Serie_380,,,-2.954440583353294,,,3.0390876035750383,,,,,,,,,,,,,,
Serie_381,,,4.430123103599372,,,8.895617604879181,,,,,,,,,,,,,,
Serie_382,,,0.03849938167294515,,,2.7592707066375506,,,,,,,,,,,,,,
Serie_383,,,0.15846450647493007,,,1.4817755383015099,,,,,,,,,,,,,,
Serie_384,,,-0.1898438722336908,,,5.078835361766232,,,,,,,,,,,,,,
Serie_385,,,0.251643715480022,,,-0.2123805923032101,,,,,,,,,,,,,,
Serie_386,,,-2.82473711377924,,,3.11804660923995,,,,,,,,,,,,,,
Serie_387,,,4.170035022445917,,,1.5696403265543177,,,,,,,,,,,,,,
Serie_388,,,,,,2.304312972534761,,,,,,,,,,,,,,
Serie_389,,,,,,5.185457786988564,,,,,,,,,,,,,,
Serie_390,,,,,,7.242784524453679,,,,,,,,,,,,,,
Serie_391,,,,,,6.136536372504852,,,,,,,,,,,,,,
Serie_392,,,,,,3.6055949158927993,,,,,,,,,,,,,,
Serie_393,,,,,,2.0199122336812074,,,,,,,,,,,,,,
Serie_394,,,,,,4.495887531585324,,,,,,,,,,,,,,
Serie_395,,,,,,2.7827100753203977,,,,,,,,,,,,,,
Serie_396,,,,,,1.6761021541924805,,,,,,,,,,,,,,
Serie_397,,,,,,0.877911838921424,,,,,,,,,,,,,,
Serie_398,,,,,,7.796122766714058,,,,,,,,,,,,,,
Serie_399,,,,,,-0.37700031663248335,,,,,,,,,,,,,,
Serie_400,,,,,,0.5939196486303423,,,,,,,,,,,,,,
Serie_401,,,,,,6.9219322923813955,,,,,,,,,,,,,,
Serie_402,,,,,,2.1481297912457795,,,,,,,,,,,,,,
Serie_403,,,,,,4.572758469149016,,,,,,,,,,,,,,
Serie_404,,,,,,8.479139877738831,,,,,,,,,,,,,,
Serie_405,,,,,,0.3759545082420136,,,,,,,,,,,,,,
